0 0.196289 0.212891 0.0175781 0.0175781
0 0.0175781 0.679199 0.0195312 0.0205078
0 0.338379 0.932129 0.0146484 0.0146484
0 0.485352 0.730469 0.0136719 0.0136719
0 0.236328 0.984863 0.0195312 0.0185547
0 0.12793 0.0771484 0.0175781 0.0195312
0 0.338379 0.954102 0.0146484 0.015625
0 0.0761719 0.817871 0.015625 0.0166016
0 0.0712891 0.51123 0.0195312 0.0205078
0 0.323242 0.992188 0.0136719 0.0136719
0 0.646484 0.969727 0.0175781 0.015625
0 0.0898438 0.222656 0.015625 0.015625
0 0.0732422 0.290527 0.0175781 0.0166016
0 0.438965 0.783203 0.0185547 0.0175781
0 0.206055 0.598145 0.0195312 0.0185547
0 0.205078 0.491211 0.0175781 0.0195312
0 0.26416 0.467773 0.0205078 0.0195312
0 0.483398 0.709961 0.015625 0.015625
0 0.0820312 0.203125 0.0175781 0.0175781
0 0.0859375 0.724121 0.0234375 0.0224609
0 0.439453 0.289551 0.0195312 0.0146484
0 0.046875 0.00683594 0.0195312 0.0136719
0 0.141113 0.796387 0.0126953 0.0146484
0 0.347168 0.427246 0.0146484 0.0146484
0 0.111328 0.319824 0.0195312 0.0185547
0 0.978516 0.0922852 0.0195312 0.0361328
0 0.0581055 0.927246 0.0146484 0.0166016
0 0.403809 0.494141 0.0146484 0.0136719
0 0.182617 0.663574 0.0175781 0.0166016
0 0.288086 0.617188 0.0175781 0.0175781
0 0.416992 0.24707 0.015625 0.015625
0 0.378906 0.928711 0.0136719 0.0136719
0 0.0419922 0.363281 0.0195312 0.0195312
0 0.270996 0.70752 0.0166016 0.0166016
0 0.10791 0.260254 0.0166016 0.0166016
0 0.545898 0.839844 0.0136719 0.0175781
0 0.583984 0.585938 0.015625 0.015625
0 0.368652 0.207031 0.0400391 0.0371094
0 0.933105 0.393066 0.0146484 0.0166016
0 0.486328 0.805176 0.0175781 0.0185547
0 0.216797 0.69873 0.015625 0.0185547
0 0.0419922 0.847168 0.0195312 0.0205078
0 0.541016 0.694336 0.015625 0.015625
0 0.253418 0.696777 0.0205078 0.0185547
0 0.943359 0.218262 0.0175781 0.0205078
0 0.657227 0.610352 0.015625 0.015625
0 0.61377 0.624512 0.0146484 0.0146484
0 0.412109 0.39502 0.0195312 0.0205078
0 0.747559 0.957031 0.0146484 0.0136719
0 0.473633 0.910156 0.015625 0.015625
0 0.678223 0.821289 0.0185547 0.0175781
0 0.848633 0.272461 0.0214844 0.0214844
0 0.248535 0.441895 0.0146484 0.0146484
0 0.251465 0.639648 0.0166016 0.015625
0 0.597656 0.845215 0.0175781 0.0166016
0 0.213379 0.372559 0.0205078 0.0185547
0 0.669434 0.665527 0.0146484 0.0146484
0 0.197754 0.333984 0.0166016 0.0195312
0 0.0263672 0.912598 0.0175781 0.0166016
0 0.306152 0.363281 0.0205078 0.0195312
0 0.046875 0.15332 0.015625 0.015625
0 0.491699 0.416504 0.0166016 0.0166016
0 0.224609 0.888672 0.0175781 0.0175781
0 0.169434 0.743652 0.0166016 0.0166016
0 0.185059 0.871582 0.0185547 0.0185547
0 0.533691 0.395996 0.0185547 0.0166016
0 0.944336 0.486328 0.015625 0.015625
0 0.294922 0.383789 0.0195312 0.0234375
0 0.428223 0.205078 0.0166016 0.015625
0 0.0205078 0.339355 0.0195312 0.0185547
0 0.0688477 0.799316 0.0185547 0.0205078
0 0.566406 0.349121 0.0234375 0.0205078
0 0.182617 0.816895 0.015625 0.0166016
0 0.0493164 0.793945 0.0185547 0.0195312
0 0.0595703 0.721191 0.0175781 0.0185547
0 0.0151367 0.641113 0.0185547 0.0185547
0 0.588379 0.966797 0.0166016 0.015625
0 0.936035 0.0458984 0.0146484 0.0136719
0 0.0981445 0.828125 0.0166016 0.0175781
0 0.246582 0.046875 0.0146484 0.015625
0 0.0756836 0.964844 0.0166016 0.015625
0 0.697754 0.610352 0.0146484 0.015625
0 0.678711 0.618652 0.0195312 0.0166016
0 0.556152 0.82373 0.0166016 0.0185547
0 0.52832 0.652344 0.015625 0.015625
0 0.39502 0.458496 0.0166016 0.0166016
0 0.0581055 0.605957 0.0224609 0.0224609
0 0.112793 0.864746 0.0185547 0.0205078
0 0.345215 0.913574 0.0146484 0.0146484
0 0.314453 0.491211 0.0214844 0.0195312
0 0.385254 0.427246 0.0244141 0.0244141
0 0.209473 0.771973 0.0146484 0.0166016
0 0.342285 0.833496 0.0185547 0.0166016
0 0.347656 0.854004 0.015625 0.0166016
0 0.0537109 0.0288086 0.0175781 0.0185547
0 0.166992 0.938965 0.0175781 0.0185547
0 0.223145 0.560547 0.0185547 0.0175781
0 0.154785 0.655273 0.0224609 0.0253906
0 0.165039 0.865723 0.015625 0.0166016
0 0.485352 0.473633 0.0214844 0.0214844
0 0.118652 0.718262 0.0224609 0.0224609
0 0.134277 0.541992 0.0185547 0.0195312
0 0.968262 0.20459 0.0166016 0.0166016
0 0.154785 0.681152 0.0185547 0.0205078
0 0.526855 0.619629 0.0224609 0.0185547
0 0.402832 0.510742 0.0185547 0.0175781
0 0.133789 0.0351562 0.0175781 0.0175781
0 0.902344 0.184082 0.015625 0.0146484
0 0.975098 0.303711 0.0146484 0.0136719
0 0.937988 0.72168 0.0166016 0.015625
0 0.0107422 0.739258 0.0195312 0.0234375
0 0.0791016 0.780762 0.0195312 0.0205078
0 0.0942383 0.96582 0.0205078 0.0175781
0 0.462402 0.285645 0.0146484 0.0146484
0 0.65332 0.820801 0.015625 0.0166016
0 0.0288086 0.728027 0.0166016 0.0185547
0 0.264648 0.405273 0.0175781 0.0175781
0 0.1875 0.963867 0.0195312 0.0195312
0 0.655273 0.672363 0.0175781 0.0185547
0 0.226074 0.421387 0.0185547 0.0185547
0 0.0737305 0.891602 0.0185547 0.0195312
0 0.183105 0.233887 0.0166016 0.0146484
0 0.195801 0.623535 0.0166016 0.0166016
0 0.609863 0.980469 0.0205078 0.0175781
0 0.647949 0.841309 0.0146484 0.0146484
0 0.441895 0.80127 0.0185547 0.0166016
0 0.214355 0.521973 0.0185547 0.0166016
0 0.0424805 0.472656 0.0185547 0.0214844
0 0.26416 0.736328 0.0224609 0.0214844
0 0.992676 0.0869141 0.0126953 0.03125
0 0.0341797 0.44873 0.0195312 0.0205078
0 0.00878906 0.90918 0.0136719 0.015625
0 0.273438 0.936523 0.0175781 0.0175781
0 0.717773 0.898926 0.0175781 0.0146484
0 0.55127 0.889648 0.0166016 0.015625
0 0.387695 0.771484 0.0175781 0.0175781
0 0.866211 0.865234 0.015625 0.015625
0 0.109375 0.758301 0.0195312 0.0205078
0 0.0361328 0.75 0.0195312 0.0195312
0 0.0834961 0.839844 0.0185547 0.0175781
0 0.224121 0.352539 0.0166016 0.015625
0 0.901367 0.947266 0.0175781 0.0175781
0 0.172852 0.598145 0.0195312 0.0224609
0 0.382812 0.713379 0.0175781 0.0166016
0 0.508301 0.124023 0.0146484 0.015625
0 0.691406 0.789062 0.015625 0.0136719
0 0.826172 0.725098 0.015625 0.0166016
0 0.296875 0.128906 0.0136719 0.0136719
0 0.0078125 0.390625 0.015625 0.0234375
0 0.562988 0.659668 0.0224609 0.0224609
0 0.226074 0.506836 0.0185547 0.0214844
0 0.896484 0.644043 0.0136719 0.0146484
0 0.206543 0.421875 0.0185547 0.0195312
0 0.950195 0.57666 0.0214844 0.0244141
0 0.318359 0.513184 0.0175781 0.0166016
0 0.00878906 0.0761719 0.0175781 0.0234375
0 0.566895 0.909668 0.0185547 0.0166016
0 0.861816 0.253418 0.0146484 0.0146484
0 0.190918 0.385254 0.0146484 0.0146484
0 0.276855 0.378418 0.0146484 0.0166016
0 0.381348 0.623535 0.0185547 0.0185547
0 0.79248 0.297363 0.0166016 0.0166016
0 0.220703 0.395996 0.0175781 0.0185547
0 0.992188 0.291992 0.0136719 0.015625
0 0.398926 0.695801 0.0263672 0.0244141
0 0.121094 0.131348 0.0175781 0.0185547
0 0.400391 0.967773 0.0175781 0.015625
0 0.570312 0.991211 0.015625 0.015625
0 0.181641 0.185547 0.015625 0.0214844
0 0.230469 0.382324 0.015625 0.0166016
0 0.400879 0.00537109 0.0166016 0.0107422
0 0.503418 0.86084 0.0166016 0.0166016
0 0.416016 0.413574 0.0195312 0.0185547
0 0.429199 0.186035 0.0166016 0.0166016
0 0.197266 0.676758 0.015625 0.0175781
0 0.67334 0.853516 0.0166016 0.0175781
0 0.169434 0.842773 0.0205078 0.0214844
0 0.102539 0.0668945 0.015625 0.0166016
0 0.245605 0.621094 0.0185547 0.0214844
0 0.647949 0.880371 0.0185547 0.0166016
0 0.873535 0.269531 0.0185547 0.0175781
0 0.202637 0.821289 0.0166016 0.0175781
0 0.0244141 0.817871 0.0214844 0.0205078
0 0.400391 0.755371 0.015625 0.0146484
0 0.495117 0.562988 0.015625 0.0146484
0 0.407715 0.931152 0.0146484 0.0126953
0 0.788574 0.0180664 0.0146484 0.0146484
0 0.369629 0.79248 0.0146484 0.0166016
0 0.288574 0.842773 0.0224609 0.0195312
0 0.216797 0.541016 0.0195312 0.0195312
0 0.59668 0.70166 0.0175781 0.0166016
0 0.556641 0.333496 0.0136719 0.0166016
0 0.602051 0.0395508 0.0205078 0.0302734
0 0.116699 0.29541 0.0263672 0.0244141
0 0.805664 0.474609 0.0214844 0.015625
0 0.166504 0.160156 0.0166016 0.0195312
0 0.0869141 0.0869141 0.0234375 0.0234375
0 0.849121 0.614258 0.0185547 0.0195312
0 0.019043 0.151855 0.0205078 0.0224609
0 0.188477 0.709473 0.0214844 0.0205078
0 0.42627 0.374512 0.0244141 0.0263672
0 0.97998 0.796875 0.0166016 0.0175781
0 0.898438 0.203613 0.015625 0.0185547
0 0.173828 0.89209 0.0175781 0.0166016
0 0.142578 0.0610352 0.0195312 0.0205078
0 0.165527 0.0717773 0.0185547 0.0185547
0 0.18457 0.53418 0.0195312 0.0195312
0 0.0717773 0.0673828 0.0166016 0.0195312
0 0.493164 0.786133 0.0175781 0.0175781
0 0.401367 0.782715 0.015625 0.0146484
0 0.23291 0.682129 0.0166016 0.0185547
0 0.138672 0.633789 0.0175781 0.0195312
0 0.509277 0.48291 0.0146484 0.0146484
0 0.47998 0.866211 0.0185547 0.0195312
0 0.234375 0.30957 0.0195312 0.0195312
0 0.207031 0.658691 0.0136719 0.0146484
0 0.0917969 0.0444336 0.0195312 0.0205078
0 0.217285 0.674805 0.0166016 0.0175781
0 0.185059 0.643066 0.0185547 0.0205078
0 0.852051 0.559082 0.0185547 0.0185547
0 0.0439453 0.810547 0.015625 0.015625
0 0.475098 0.366699 0.0166016 0.0185547
0 0.36084 0.277832 0.0166016 0.0185547
0 0.32959 0.766602 0.0166016 0.015625
0 0.493164 0.932617 0.0195312 0.0175781
0 0.402344 0.63623 0.0195312 0.0205078
0 0.445312 0.735352 0.0175781 0.015625
0 0.118164 0.0849609 0.0175781 0.0175781
0 0.254395 0.969727 0.0185547 0.0175781
0 0.158691 0.707031 0.0185547 0.0195312
0 0.244141 0.871582 0.015625 0.0166016
0 0.292969 0.907227 0.0175781 0.0175781
0 0.266602 0.992676 0.03125 0.0146484
0 0.116699 0.645996 0.0224609 0.0244141
0 0.96582 0.80127 0.015625 0.0166016
0 0.146484 0.992188 0.015625 0.0136719
0 0.460938 0.712402 0.0175781 0.0166016
0 0.660645 0.239258 0.0205078 0.0234375
0 0.458984 0.630859 0.0253906 0.0234375
0 0.982422 0.369629 0.0175781 0.0166016
0 0.0102539 0.516602 0.0185547 0.0214844
0 0.765137 0.945801 0.0146484 0.0146484
0 0.105957 0.371094 0.0205078 0.0195312
0 0.670898 0.635742 0.0175781 0.0175781
0 0.80957 0.231934 0.0273438 0.0302734
0 0.374512 0.732422 0.0185547 0.0195312
0 0.625 0.532715 0.015625 0.0185547
0 0.472168 0.122559 0.0185547 0.0166016
0 0.0322266 0.867188 0.0214844 0.0253906
0 0.515137 0.586914 0.0126953 0.0136719
0 0.941406 0.0288086 0.0136719 0.0146484
0 0.307617 0.88916 0.0195312 0.0185547
0 0.0297852 0.541992 0.0224609 0.0253906
0 0.972656 0.258789 0.0195312 0.0195312
0 0.0361328 0.169922 0.0195312 0.0214844
0 0.0595703 0.835449 0.015625 0.0146484
0 0.414062 0.71875 0.0234375 0.0214844
0 0.35498 0.375488 0.0185547 0.0185547
0 0.536133 0.503418 0.015625 0.0126953
0 0.36084 0.122559 0.0224609 0.0224609
0 0.668457 0.549316 0.0185547 0.0185547
0 0.75 0.780762 0.015625 0.0146484
0 0.98291 0.0112305 0.0185547 0.0166016
0 0.567871 0.840332 0.0166016 0.0166016
0 0.53418 0.675781 0.0253906 0.0214844
0 0.0209961 0.181152 0.0185547 0.0224609
0 0.605469 0.815918 0.0195312 0.0185547
0 0.097168 0.554199 0.0166016 0.0185547
0 0.34668 0.528809 0.015625 0.0185547
0 0.533691 0.939453 0.0166016 0.0175781
0 0.441406 0.92041 0.0175781 0.0166016
0 0.232422 0.631836 0.015625 0.0175781
0 0.177246 0.68457 0.0224609 0.0234375
0 0.174316 0.393066 0.0166016 0.0166016
0 0.482422 0.103027 0.0195312 0.0205078
0 0.646484 0.560059 0.0195312 0.0166016
0 0.153809 0.0371094 0.0205078 0.0214844
0 0.509277 0.414062 0.0185547 0.0195312
0 0.243652 0.502441 0.0185547 0.0205078
0 0.0961914 0.476562 0.0185547 0.0175781
0 0.357422 0.749512 0.0175781 0.0185547
0 0.581543 0.286133 0.0146484 0.015625
0 0.976074 0.353027 0.0146484 0.0146484
0 0.26416 0.847168 0.0244141 0.0205078
0 0.520508 0.875488 0.0175781 0.0185547
0 0.371582 0.824219 0.0166016 0.0175781
0 0.167969 0.300781 0.0175781 0.0175781
0 0.254395 0.753418 0.0205078 0.0205078
0 0.439941 0.718262 0.0166016 0.0166016
0 0.552734 0.0634766 0.0175781 0.0195312
0 0.208984 0.231934 0.0175781 0.0166016
0 0.42627 0.734863 0.0146484 0.0146484
0 0.392578 0.402832 0.0175781 0.0185547
0 0.788574 0.548828 0.0185547 0.0175781
0 0.432129 0.95166 0.0166016 0.0166016
0 0.116699 0.355469 0.0185547 0.0195312
0 0.0683594 0.266113 0.0195312 0.0205078
0 0.990723 0.725586 0.0146484 0.015625
0 0.0625 0.745117 0.0214844 0.0214844
0 0.521484 0.541016 0.0214844 0.0214844
0 0.464844 0.609863 0.015625 0.0146484
0 0.431641 0.647949 0.0175781 0.0166016
0 0.444824 0.868164 0.0205078 0.0214844
0 0.95166 0.167969 0.0166016 0.0195312
0 0.550781 0.551758 0.0253906 0.0273438
0 0.200684 0.456055 0.0205078 0.0214844
0 0.508301 0.272949 0.0244141 0.0205078
0 0.164551 0.412598 0.0166016 0.0166016
0 0.097168 0.592285 0.0205078 0.0205078
0 0.59082 0.746094 0.0175781 0.0195312
0 0.734863 0.717773 0.0146484 0.015625
0 0.993164 0.571289 0.0117188 0.0214844
0 0.303223 0.23291 0.0166016 0.0185547
0 0.166016 0.0556641 0.0214844 0.0214844
0 0.244141 0.819824 0.015625 0.0166016
0 0.529297 0.780273 0.0175781 0.0175781
0 0.574707 0.76123 0.0224609 0.0205078
0 0.40625 0.569336 0.0136719 0.015625
0 0.963379 0.783691 0.0166016 0.0166016
0 0.524902 0.432129 0.0205078 0.0205078
0 0.494141 0.585449 0.015625 0.0166016
0 0.0634766 0.217285 0.0195312 0.0166016
0 0.0131836 0.59375 0.0224609 0.0253906
0 0.888672 0.960938 0.0195312 0.0214844
0 0.0649414 0.156738 0.0224609 0.0244141
0 0.293945 0.11377 0.015625 0.0146484
0 0.628418 0.641602 0.0244141 0.0214844
0 0.172363 0.208984 0.0166016 0.0175781
0 0.336914 0.282715 0.0214844 0.0205078
0 0.879883 0.0268555 0.015625 0.0166016
0 0.00634766 0.18457 0.0126953 0.0175781
0 0.366699 0.474121 0.0185547 0.0185547
0 0.955078 0.0180664 0.015625 0.0166016
0 0.277344 0.353027 0.0175781 0.0185547
0 0.637695 0.662109 0.0234375 0.0214844
0 0.0454102 0.556152 0.0185547 0.0205078
0 0.416016 0.663086 0.015625 0.0195312
0 0.299805 0.659668 0.0175781 0.0185547
0 0.132324 0.879395 0.0185547 0.0185547
0 0.745605 0.506836 0.0224609 0.015625
0 0.956055 0.721191 0.0175781 0.0185547
0 0.24707 0.47998 0.0175781 0.0205078
0 0.26416 0.0478516 0.0185547 0.0195312
0 0.868652 0.40918 0.0146484 0.0175781
0 0.333496 0.445801 0.0224609 0.0263672
0 0.0869141 0.0229492 0.0175781 0.0166016
0 0.130371 0.671875 0.0166016 0.0195312
0 0.101562 0.519043 0.0234375 0.0244141
0 0.454102 0.589844 0.0175781 0.0175781
0 0.861328 0.708984 0.0195312 0.0195312
0 0.993652 0.15625 0.0126953 0.0292969
0 0.368164 0.941406 0.0195312 0.0195312
0 0.0839844 0.759277 0.0195312 0.0205078
0 0.350098 0.796387 0.0185547 0.0205078
0 0.00927734 0.851562 0.0185547 0.0214844
0 0.188965 0.0649414 0.0244141 0.0244141
0 0.17041 0.618164 0.0205078 0.0214844
0 0.249512 0.682129 0.0166016 0.0146484
0 0.86377 0.0859375 0.0166016 0.0175781
0 0.990723 0.915039 0.0185547 0.0175781
0 0.134766 0.343262 0.015625 0.0166016
0 0.216797 0.871094 0.015625 0.015625
0 0.356445 0.885254 0.015625 0.0185547
0 0.894043 0.632324 0.0146484 0.0146484
0 0.450684 0.441406 0.0185547 0.0195312
0 0.520508 0.920898 0.0175781 0.0175781
0 0.938965 0.373535 0.0146484 0.0166016
0 0.14502 0.15332 0.0185547 0.0195312
0 0.367676 0.63916 0.0146484 0.0166016
0 0.586914 0.667969 0.0175781 0.0175781
0 0.410156 0.195312 0.0175781 0.0175781
0 0.148438 0.332031 0.0175781 0.0175781
0 0.481934 0.447266 0.0185547 0.0195312
0 0.878418 0.648926 0.0205078 0.0205078
0 0.549316 0.470703 0.0185547 0.0175781
0 0.0625 0.36377 0.0214844 0.0224609
0 0.560059 0.61084 0.0224609 0.0224609
0 0.697754 0.871094 0.0185547 0.015625
0 0.965332 0.337402 0.0166016 0.0185547
0 0.384766 0.0141602 0.0195312 0.0185547
0 0.584473 0.103027 0.0126953 0.0126953
0 0.0390625 0.19043 0.0175781 0.0195312
0 0.951172 0.391113 0.0195312 0.0185547
0 0.958008 0.120605 0.015625 0.0166016
0 0.213379 0.578613 0.0205078 0.0224609
0 0.192871 0.92627 0.0205078 0.0205078
0 0.766113 0.886719 0.0185547 0.0195312
0 0.109863 0.441406 0.0166016 0.0175781
0 0.580566 0.54248 0.0224609 0.0283203
0 0.577148 0.890137 0.015625 0.0166016
0 0.550293 0.370605 0.0205078 0.0205078
0 0.837891 0.702148 0.0214844 0.0195312
0 0.473633 0.745117 0.0175781 0.0175781
0 0.647949 0.580566 0.0185547 0.0166016
0 0.461914 0.191895 0.0234375 0.0224609
0 0.722656 0.927734 0.0136719 0.0136719
0 0.0942383 0.920898 0.0146484 0.015625
0 0.128906 0.157227 0.0175781 0.0175781
0 0.292969 0.439453 0.0175781 0.0195312
0 0.0810547 0.528809 0.0175781 0.0185547
0 0.253418 0.718262 0.0166016 0.0166016
0 0.102539 0.105469 0.0195312 0.0214844
0 0.411133 0.327637 0.0195312 0.0185547
0 0.449219 0.672852 0.0195312 0.0214844
0 0.891113 0.762695 0.0166016 0.0175781
0 0.719727 0.530273 0.015625 0.0175781
0 0.713379 0.280762 0.0166016 0.0166016
0 0.123535 0.937012 0.0205078 0.0205078
0 0.432129 0.257324 0.0146484 0.0166016
0 0.697266 0.699219 0.0214844 0.0175781
0 0.629395 0.594727 0.0146484 0.0136719
0 0.421875 0.55957 0.0175781 0.0195312
0 0.289062 0.765625 0.0175781 0.015625
0 0.199707 0.114746 0.0185547 0.0205078
0 0.294922 0.205078 0.0195312 0.0214844
0 0.915039 0.562988 0.0175781 0.0185547
0 0.432617 0.440918 0.0175781 0.0185547
0 0.56543 0.137695 0.0175781 0.0175781
0 0.180664 0.0844727 0.0214844 0.0224609
0 0.266602 0.869629 0.0195312 0.0205078
0 0.738281 0.274414 0.015625 0.0136719
0 0.785156 0.386719 0.015625 0.0175781
0 0.0693359 0.583496 0.0214844 0.0205078
0 0.294922 0.293457 0.0136719 0.0146484
0 0.11377 0.693359 0.0205078 0.0214844
0 0.124023 0.0566406 0.0195312 0.0195312
0 0.481445 0.823242 0.0195312 0.0175781
0 0.139648 0.46875 0.0195312 0.0195312
0 0.580566 0.721191 0.0166016 0.0166016
0 0.0170898 0.410645 0.0244141 0.0244141
0 0.578613 0.368164 0.0205078 0.0195312
0 0.230957 0.241699 0.0185547 0.0205078
0 0.944824 0.745605 0.0146484 0.0166016
0 0.486816 0.894043 0.0185547 0.0185547
0 0.976562 0.461914 0.015625 0.0175781
0 0.166016 0.349609 0.0175781 0.0175781
0 0.780273 0.871582 0.0195312 0.0224609
0 0.507812 0.896484 0.0195312 0.0214844
0 0.711914 0.852539 0.0175781 0.0175781
0 0.559082 0.929199 0.0146484 0.0146484
0 0.697266 0.537109 0.0175781 0.0175781
0 0.116699 0.902344 0.0146484 0.015625
0 0.702637 0.778809 0.0146484 0.0146484
0 0.758789 0.54541 0.0136719 0.0185547
0 0.181641 0.794434 0.0214844 0.0224609
0 0.356934 0.447754 0.0205078 0.0224609
0 0.608398 0.795898 0.0175781 0.0175781
0 0.958984 0.46582 0.015625 0.0175781
0 0.870605 0.670898 0.0185547 0.0175781
0 0.592285 0.928223 0.0166016 0.0166016
0 0.993652 0.77002 0.0126953 0.0166016
0 0.740723 0.97168 0.0166016 0.0175781
0 0.56543 0.80127 0.0136719 0.0166016
0 0.0131836 0.317871 0.0224609 0.0244141
0 0.923828 0.311523 0.015625 0.015625
0 0.141113 0.097168 0.0205078 0.0224609
0 0.436035 0.614258 0.0166016 0.0175781
0 0.166504 0.492188 0.0185547 0.0195312
0 0.721191 0.250488 0.0185547 0.0205078
0 0.119141 0.623535 0.0234375 0.0244141
0 0.32959 0.903809 0.0166016 0.0166016
0 0.568848 0.523926 0.0166016 0.0166016
0 0.143555 0.50293 0.0175781 0.0195312
0 0.265625 0.618652 0.0214844 0.0244141
0 0.359375 0.155273 0.0195312 0.0214844
0 0.378906 0.752441 0.0195312 0.0185547
0 0.441406 0.818848 0.0175781 0.0185547
0 0.266602 0.774414 0.0214844 0.0214844
0 0.0878906 0.497559 0.0253906 0.0263672
0 0.962891 0.494141 0.0136719 0.0136719
0 0.530273 0.845215 0.015625 0.0166016
0 0.650391 0.439941 0.0195312 0.0244141
0 0.668457 0.528809 0.0166016 0.0166016
0 0.424805 0.871094 0.0175781 0.0195312
0 0.37793 0.55957 0.0195312 0.0195312
0 0.15918 0.019043 0.0195312 0.0205078
0 0.53418 0.80957 0.015625 0.0175781
0 0.258789 0.376953 0.0175781 0.0175781
0 0.0102539 0.556152 0.0185547 0.0244141
0 0.907227 0.756836 0.0136719 0.015625
0 0.666016 0.80127 0.0195312 0.0185547
0 0.760254 0.966797 0.0166016 0.0175781
0 0.480469 0.284668 0.015625 0.0166016
0 0.927734 0.501465 0.0136719 0.0166016
0 0.439453 0.50293 0.0175781 0.0175781
0 0.622559 0.710938 0.0185547 0.0195312
0 0.601074 0.20752 0.0166016 0.0166016
0 0.84668 0.224609 0.0175781 0.0175781
0 0.511719 0.105469 0.0253906 0.0234375
0 0.861328 0.36084 0.0234375 0.0205078
0 0.62793 0.820801 0.0136719 0.0166016
0 0.866211 0.572266 0.0175781 0.0175781
0 0.540527 0.874023 0.0166016 0.0175781
0 0.861328 0.955566 0.0195312 0.0185547
0 0.673828 0.76123 0.0253906 0.0224609
0 0.37793 0.496582 0.0175781 0.0166016
0 0.279297 0.818359 0.0195312 0.0175781
0 0.0732422 0.912109 0.0195312 0.0214844
0 0.972656 0.130859 0.0175781 0.0195312
0 0.147949 0.560547 0.0224609 0.0234375
0 0.480957 0.644531 0.0166016 0.0175781
0 0.647949 0.538086 0.0224609 0.0214844
0 0.87793 0.788086 0.0195312 0.0214844
0 0.37793 0.368164 0.0175781 0.0195312
0 0.796875 0.40332 0.015625 0.0175781
0 0.36084 0.991699 0.0185547 0.0146484
0 0.125 0.561523 0.0214844 0.0195312
0 0.991699 0.745605 0.0146484 0.0166016
0 0.478027 0.580566 0.0185547 0.0185547
0 0.736816 0.294922 0.0166016 0.0175781
0 0.770996 0.328125 0.0185547 0.0175781
0 0.792969 0.0771484 0.015625 0.015625
0 0.459473 0.379395 0.0263672 0.0244141
0 0.279785 0.666016 0.0166016 0.015625
0 0.269531 0.00830078 0.0195312 0.0166016
0 0.522461 0.034668 0.0253906 0.0244141
0 0.199707 0.0908203 0.0185547 0.0195312
0 0.685547 0.678711 0.0273438 0.0214844
0 0.240723 0.928711 0.0224609 0.0214844
0 0.0664062 0.310547 0.0234375 0.0273438
0 0.80957 0.179199 0.0175781 0.0166016
0 0.815918 0.742188 0.0185547 0.0195312
0 0.0527344 0.342773 0.0214844 0.0195312
0 0.10791 0.276855 0.0166016 0.0166016
0 0.330078 0.222168 0.0175781 0.0185547
0 0.384277 0.898926 0.0166016 0.0146484
0 0.24707 0.0273438 0.0175781 0.0175781
0 0.206055 0.942383 0.0175781 0.0175781
0 0.211914 0.265625 0.015625 0.0175781
0 0.383789 0.238281 0.0175781 0.0214844
0 0.679688 0.414551 0.015625 0.0146484
0 0.569336 0.461914 0.0195312 0.0195312
0 0.0859375 0.325195 0.0214844 0.0234375
0 0.479004 0.670898 0.0205078 0.0195312
0 0.653809 0.69873 0.0302734 0.0283203
0 0.203125 0.85498 0.0234375 0.0224609
0 0.103516 0.126465 0.015625 0.0146484
0 0.789062 0.993164 0.0175781 0.0117188
0 0.483398 0.845215 0.0195312 0.0205078
0 0.895996 0.585938 0.0185547 0.0195312
0 0.927734 0.00732422 0.015625 0.0126953
0 0.491699 0.321777 0.0166016 0.0166016
0 0.643066 0.246582 0.0126953 0.0146484
0 0.0327148 0.393555 0.0205078 0.0234375
0 0.86084 0.801758 0.0166016 0.015625
0 0.506836 0.390137 0.0214844 0.0224609
0 0.910645 0.391113 0.0166016 0.0146484
0 0.135742 0.694336 0.0234375 0.0253906
0 0.952637 0.193359 0.0185547 0.0195312
0 0.015625 0.217285 0.0234375 0.0224609
0 0.517578 0.298828 0.0195312 0.0253906
0 0.472656 0.691406 0.0175781 0.0175781
0 0.211426 0.719727 0.0224609 0.0234375
0 0.652832 0.0498047 0.0166016 0.0175781
0 0.0673828 0.39502 0.0253906 0.0263672
0 0.0625 0.693848 0.0234375 0.0244141
0 0.38916 0.125488 0.0166016 0.0166016
0 0.90918 0.72998 0.0136719 0.0146484
0 0.461914 0.105469 0.0175781 0.0195312
0 0.0361328 0.22168 0.0234375 0.0253906
0 0.0952148 0.244141 0.0185547 0.0214844
0 0.601074 0.50293 0.0146484 0.0136719
0 0.549316 0.435547 0.0224609 0.0234375
0 0.560059 0.720703 0.0166016 0.0175781
0 0.583008 0.618164 0.0175781 0.0175781
0 0.123535 0.791992 0.0166016 0.0175781
0 0.80957 0.426758 0.015625 0.0175781
0 0.034668 0.580566 0.0224609 0.0244141
0 0.831543 0.56543 0.0185547 0.0195312
0 0.441895 0.105469 0.0185547 0.0195312
0 0.365234 0.355469 0.0175781 0.015625
0 0.43457 0.350586 0.0214844 0.0175781
0 0.0356445 0.328125 0.0166016 0.0175781
0 0.828613 0.489258 0.0185547 0.0195312
0 0.45166 0.242676 0.0205078 0.0185547
0 0.704102 0.928223 0.0175781 0.0166016
0 0.340332 0.198242 0.0185547 0.0214844
0 0.392578 0.107422 0.0195312 0.0214844
0 0.688477 0.807129 0.0195312 0.0205078
0 0.282227 0.404297 0.0175781 0.0175781
0 0.37793 0.447754 0.0195312 0.0185547
0 0.328125 0.853516 0.0195312 0.0175781
0 0.89209 0.933594 0.0185547 0.0175781
0 0.643066 0.942383 0.0205078 0.0195312
0 0.920898 0.689941 0.015625 0.0166016
0 0.756348 0.110352 0.0146484 0.0175781
0 0.625488 0.496582 0.0146484 0.0146484
0 0.653809 0.915527 0.0224609 0.0205078
0 0.285645 0.741699 0.0185547 0.0185547
0 0.935059 0.702148 0.0185547 0.0195312
0 0.235352 0.530273 0.0234375 0.0214844
0 0.277344 0.686035 0.0292969 0.0283203
0 0.816406 0.396484 0.0195312 0.0214844
0 0.897949 0.0991211 0.0185547 0.0205078
0 0.272949 0.426758 0.0166016 0.0195312
0 0.533691 0.586426 0.0244141 0.0205078
0 0.362793 0.0102539 0.0205078 0.0205078
0 0.185059 0.0170898 0.0263672 0.0263672
0 0.474609 0.303223 0.0195312 0.0185547
0 0.129883 0.212402 0.0214844 0.0205078
0 0.160645 0.0976562 0.0185547 0.0214844
0 0.375 0.581543 0.0195312 0.0185547
0 0.464355 0.321289 0.0146484 0.015625
0 0.15332 0.594238 0.0214844 0.0224609
0 0.296875 0.945312 0.0214844 0.0214844
0 0.191406 0.76123 0.0214844 0.0224609
0 0.793457 0.84082 0.0185547 0.0195312
0 0.338379 0.161621 0.0205078 0.0224609
0 0.232422 0.458496 0.0273438 0.0263672
0 0.92627 0.748047 0.0205078 0.0214844
0 0.658691 0.418457 0.0166016 0.0166016
0 0.989746 0.40332 0.0146484 0.0175781
0 0.0307617 0.0712891 0.0244141 0.0234375
0 0.721191 0.0478516 0.0166016 0.0175781
0 0.406738 0.159668 0.0146484 0.0166016
0 0.849121 0.425781 0.0166016 0.0195312
0 0.248047 0.251465 0.0214844 0.0224609
0 0.862793 0.186523 0.0185547 0.0214844
0 0.0839844 0.379395 0.0273438 0.0283203
0 0.265625 0.081543 0.0175781 0.0185547
0 0.350586 0.102539 0.0195312 0.0175781
0 0.295898 0.50293 0.0195312 0.0195312
0 0.416504 0.305664 0.0185547 0.0195312
0 0.692383 0.0488281 0.015625 0.015625
0 0.706543 0.591797 0.0185547 0.0175781
0 0.689453 0.734863 0.0214844 0.0205078
0 0.927246 0.479004 0.0185547 0.0185547
0 0.347656 0.30957 0.0195312 0.0195312
0 0.395508 0.180176 0.0195312 0.0185547
0 0.276855 0.913574 0.0185547 0.0205078
0 0.462891 0.657227 0.0175781 0.0175781
0 0.464355 0.458496 0.0205078 0.0205078
0 0.932617 0.193359 0.0175781 0.0234375
0 0.35791 0.0673828 0.0146484 0.0175781
0 0.0664062 0.0449219 0.0234375 0.0234375
0 0.127441 0.272461 0.0146484 0.0175781
0 0.158691 0.191406 0.0205078 0.0253906
0 0.904785 0.0332031 0.0166016 0.0195312
0 0.67627 0.713379 0.0224609 0.0224609
0 0.799805 0.532715 0.015625 0.0166016
0 0.963379 0.441895 0.0185547 0.0185547
0 0.599609 0.314941 0.0195312 0.0224609
0 0.246094 0.210938 0.0195312 0.0195312
0 0.422363 0.771484 0.0166016 0.015625
0 0.034668 0.0200195 0.0205078 0.0224609
0 0.233887 0.0727539 0.0205078 0.0224609
0 0.46875 0.0830078 0.0175781 0.0195312
0 0.875488 0.692383 0.0146484 0.0136719
0 0.104492 0.941895 0.015625 0.0185547
0 0.215332 0.793945 0.0205078 0.0214844
0 0.296387 0.174805 0.0205078 0.0195312
0 0.812012 0.372559 0.0146484 0.0166016
0 0.498047 0.293457 0.0175781 0.0185547
0 0.366211 0.84375 0.0175781 0.0175781
0 0.758789 0.391113 0.015625 0.0166016
0 0.796387 0.196289 0.0146484 0.0175781
0 0.302246 0.708984 0.0146484 0.015625
0 0.294434 0.595703 0.0185547 0.0214844
0 0.586426 0.478516 0.0146484 0.015625
0 0.334961 0.700684 0.0234375 0.0224609
0 0.0444336 0.532227 0.0185547 0.0195312
0 0.677246 0.978027 0.0185547 0.0166016
0 0.634766 0.617676 0.0175781 0.0185547
0 0.42041 0.833984 0.0185547 0.0195312
0 0.51123 0.227051 0.0185547 0.0185547
0 0.0712891 0.130859 0.0195312 0.0214844
0 0.235352 0.733887 0.0273438 0.0283203
0 0.530762 0.480957 0.0224609 0.0224609
0 0.386719 0.879395 0.0175781 0.0205078
0 0.37207 0.174805 0.0195312 0.0175781
0 0.600098 0.655762 0.0146484 0.0146484
0 0.690918 0.395508 0.0244141 0.0234375
0 0.629883 0.455078 0.0175781 0.0195312
0 0.275391 0.496582 0.0195312 0.0205078
0 0.815918 0.144043 0.0205078 0.0205078
0 0.234375 0.657715 0.0214844 0.0224609
0 0.363281 0.256836 0.0195312 0.0214844
0 0.508789 0.771484 0.0195312 0.0195312
0 0.188965 0.837402 0.0205078 0.0224609
0 0.452637 0.419922 0.0244141 0.0234375
0 0.328613 0.527344 0.0185547 0.0175781
0 0.977539 0.704102 0.0175781 0.0175781
0 0.943359 0.660645 0.015625 0.0185547
0 0.238281 0.846191 0.0195312 0.0205078
0 0.286621 0.478516 0.0185547 0.0175781
0 0.383789 0.852539 0.0195312 0.0195312
0 0.987793 0.322266 0.0166016 0.015625
0 0.836914 0.0556641 0.015625 0.0195312
0 0.991699 0.216797 0.0166016 0.0234375
0 0.446777 0.566895 0.0185547 0.0185547
0 0.104004 0.395996 0.0224609 0.0244141
0 0.601562 0.766602 0.0214844 0.0214844
0 0.672852 0.0170898 0.015625 0.0166016
0 0.602539 0.535156 0.0214844 0.0234375
0 0.583008 0.237305 0.0332031 0.015625
0 0.090332 0.266113 0.0224609 0.0224609
0 0.643066 0.505859 0.0205078 0.0195312
0 0.424805 0.697266 0.0195312 0.0195312
0 0.413086 0.284668 0.0175781 0.0166016
0 0.424805 0.229004 0.0234375 0.0224609
0 0.862305 0.382324 0.0175781 0.0166016
0 0.299805 0.964844 0.0214844 0.0214844
0 0.308594 0.783691 0.0195312 0.0166016
0 0.443848 0.397461 0.0224609 0.0214844
0 0.96875 0.181641 0.015625 0.0175781
0 0.274414 0.266602 0.0195312 0.0195312
0 0.552734 0.771484 0.0195312 0.0214844
0 0.986328 0.481934 0.0175781 0.0166016
0 0.811035 0.276855 0.0185547 0.0185547
0 0.38916 0.526855 0.0224609 0.0224609
0 0.494629 0.0849609 0.0166016 0.0195312
0 0.313477 0.615723 0.0214844 0.0224609
0 0.546387 0.637207 0.0244141 0.0263672
0 0.516113 0.456543 0.0244141 0.0244141
0 0.96582 0.931152 0.0195312 0.0205078
0 0.318359 0.324707 0.0253906 0.0263672
0 0.186035 0.279785 0.0224609 0.0224609
0 0.37207 0.0322266 0.0214844 0.0214844
0 0.921875 0.458496 0.0175781 0.0166016
0 0.854492 0.131836 0.015625 0.015625
0 0.348145 0.395996 0.0205078 0.0244141
0 0.991699 0.432129 0.0166016 0.0205078
0 0.327637 0.303223 0.0205078 0.0205078
0 0.610352 0.561035 0.0234375 0.0263672
0 0.412598 0.109375 0.0185547 0.0234375
0 0.970215 0.15625 0.0166016 0.0195312
0 0.73877 0.696777 0.0205078 0.0205078
0 0.358887 0.621094 0.0185547 0.0195312
0 0.783203 0.453125 0.015625 0.015625
0 0.881836 0.902344 0.0195312 0.0195312
0 0.130371 0.237305 0.0263672 0.0253906
0 0.391602 0.209961 0.0175781 0.0195312
0 0.847168 0.203125 0.0185547 0.0214844
0 0.464355 0.145996 0.0224609 0.0224609
0 0.783691 0.282227 0.0166016 0.0175781
0 0.597168 0.606934 0.0185547 0.0185547
0 0.0771484 0.470703 0.0214844 0.0234375
0 0.157715 0.283203 0.0185547 0.0175781
0 0.0600586 0.190918 0.0283203 0.0322266
0 0.0996094 0.20166 0.0195312 0.0205078
0 0.255859 0.35498 0.0253906 0.0244141
0 0.253906 0.547363 0.0195312 0.0205078
0 0.348145 0.0336914 0.0205078 0.0244141
0 0.122559 0.10791 0.0205078 0.0224609
0 0.521484 0.246582 0.0214844 0.0205078
0 0.873047 0.0444336 0.0195312 0.0185547
0 0.765137 0.351074 0.0205078 0.0185547
0 0.940918 0.102051 0.0185547 0.0205078
0 0.665527 0.260254 0.0185547 0.0185547
0 0.265625 0.564941 0.0195312 0.0205078
0 0.561523 0.105469 0.0214844 0.0175781
0 0.370605 0.60498 0.0205078 0.0205078
0 0.229004 0.290039 0.0166016 0.0175781
0 0.801758 0.867676 0.0175781 0.0166016
0 0.586426 0.803711 0.0205078 0.0214844
0 0.568848 0.633301 0.0205078 0.0205078
0 0.483398 0.139648 0.0195312 0.0195312
0 0.958984 0.043457 0.0175781 0.0185547
0 0.870117 0.294922 0.0175781 0.0195312
0 0.946289 0.506348 0.0195312 0.0205078
0 0.383789 0.278809 0.0234375 0.0244141
0 0.826172 0.257812 0.0234375 0.0195312
0 0.742188 0.548828 0.0195312 0.0214844
0 0.34375 0.509277 0.0214844 0.0205078
0 0.88623 0.0800781 0.0166016 0.0175781
0 0.209473 0.148926 0.0166016 0.0185547
0 0.930176 0.159668 0.0166016 0.0185547
0 0.409668 0.466309 0.0146484 0.0166016
0 0.484863 0.341309 0.0205078 0.0205078
0 0.326172 0.368164 0.0214844 0.0234375
0 0.911621 0.219238 0.0205078 0.0205078
0 0.243164 0.602539 0.0214844 0.0214844
0 0.224609 0.483398 0.0195312 0.0214844
0 0.297852 0.273926 0.0214844 0.0205078
0 0.886719 0.607422 0.0175781 0.0175781
0 0.54541 0.127441 0.0166016 0.0185547
0 0.615234 0.932617 0.0175781 0.0175781
0 0.321777 0.0180664 0.0166016 0.0185547
0 0.180176 0.433105 0.0283203 0.0263672
0 0.532227 0.015625 0.015625 0.015625
0 0.808105 0.558594 0.0205078 0.0234375
0 0.135254 0.0107422 0.0244141 0.0214844
0 0.830078 0.194824 0.0175781 0.0185547
0 0.527832 0.134277 0.0205078 0.0205078
0 0.942383 0.248047 0.015625 0.0175781
0 0.724609 0.765625 0.0195312 0.0195312
0 0.481445 0.530273 0.015625 0.0175781
0 0.898926 0.328125 0.0166016 0.0195312
0 0.84375 0.676758 0.0214844 0.0214844
0 0.211426 0.0712891 0.0205078 0.0253906
0 0.0991211 0.658691 0.0224609 0.0244141
0 0.963379 0.686035 0.0224609 0.0185547
0 0.015625 0.097168 0.0253906 0.0263672
0 0.626953 0.422363 0.015625 0.0185547
0 0.580566 0.442871 0.0224609 0.0205078
0 0.647461 0.219238 0.0214844 0.0224609
0 0.462891 0.479492 0.0214844 0.0234375
0 0.313965 0.447754 0.0185547 0.0205078
0 0.240723 0.143066 0.0380859 0.0419922
0 0.827148 0.856934 0.0195312 0.0185547
0 0.953613 0.141113 0.0205078 0.0244141
0 0.946777 0.879395 0.0224609 0.0224609
0 0.413086 0.434082 0.0195312 0.0185547
0 0.63916 0.732422 0.0341797 0.0273438
0 0.388184 0.47998 0.0205078 0.0205078
0 0.742676 0.25293 0.0205078 0.0234375
0 0.448242 0.270508 0.0175781 0.0175781
0 0.0458984 0.706543 0.0195312 0.0205078
0 0.852051 0.589355 0.0205078 0.0224609
0 0.239258 0.795898 0.0273438 0.0253906
0 0.22168 0.832031 0.0214844 0.0214844
0 0.688477 0.516113 0.0195312 0.0224609
0 0.917969 0.604492 0.0175781 0.0195312
0 0.854004 0.93457 0.0185547 0.0195312
0 0.522461 0.52002 0.0234375 0.0224609
0 0.320312 0.253906 0.0175781 0.0175781
0 0.375977 0.0737305 0.0195312 0.0185547
0 0.459961 0.794922 0.0214844 0.0214844
0 0.535156 0.153809 0.015625 0.0166016
0 0.596191 0.880859 0.0205078 0.0195312
0 0.144531 0.258789 0.0214844 0.0214844
0 0.0844727 0.108887 0.0185547 0.0205078
0 0.500488 0.0566406 0.0205078 0.0253906
0 0.672852 0.43457 0.0214844 0.0214844
0 0.850098 0.534668 0.0224609 0.0244141
0 0.816406 0.955566 0.0234375 0.0224609
0 0.26416 0.226074 0.0224609 0.0244141
0 0.400391 0.373047 0.0253906 0.0253906
0 0.612305 0.477051 0.0175781 0.0185547
0 0.836426 0.0776367 0.0205078 0.0205078
0 0.915527 0.852051 0.0205078 0.0224609
0 0.509277 0.807129 0.0244141 0.0224609
0 0.756348 0.220703 0.0244141 0.0234375
0 0.979004 0.521973 0.0166016 0.0205078
0 0.202637 0.982422 0.0224609 0.0234375
0 0.57666 0.327637 0.0205078 0.0205078
0 0.408691 0.855469 0.0205078 0.0214844
0 0.195312 0.307617 0.0214844 0.0234375
0 0.396484 0.833984 0.0175781 0.0175781
0 0.563477 0.0522461 0.015625 0.0166016
0 0.0966797 0.165527 0.0195312 0.0205078
0 0.884277 0.721191 0.0185547 0.0185547
0 0.870605 0.00830078 0.0146484 0.0146484
0 0.897949 0.17041 0.0146484 0.0166016
0 0.0654297 0.0947266 0.0253906 0.0253906
0 0.37793 0.693359 0.0175781 0.0175781
0 0.799805 0.123047 0.0195312 0.0195312
0 0.348633 0.331543 0.0214844 0.0205078
0 0.529297 0.0585938 0.0214844 0.0214844
0 0.987793 0.243164 0.0166016 0.0234375
0 0.757812 0.198242 0.0195312 0.0195312
0 0.381836 0.154297 0.0214844 0.0214844
0 0.586426 0.568848 0.0185547 0.0185547
0 0.441406 0.126953 0.0175781 0.0195312
0 0.790039 0.168945 0.015625 0.0175781
0 0.542969 0.276855 0.0253906 0.0263672
0 0.741211 0.104492 0.0195312 0.0195312
0 0.273926 0.195801 0.0185547 0.0205078
0 0.447754 0.543457 0.0185547 0.0185547
0 0.338867 0.882812 0.0195312 0.0195312
0 0.0947266 0.352051 0.0292969 0.0283203
0 0.504883 0.670898 0.0253906 0.0253906
0 0.898438 0.70459 0.015625 0.0166016
0 0.266113 0.147949 0.0185547 0.0185547
0 0.684082 0.943359 0.0205078 0.0195312
0 0.871582 0.84668 0.0224609 0.0195312
0 0.785156 0.219727 0.015625 0.0175781
0 0.351074 0.178711 0.0224609 0.0214844
0 0.388672 0.663086 0.0234375 0.0234375
0 0.335938 0.0546875 0.0234375 0.0234375
0 0.324219 0.395996 0.0234375 0.0244141
0 0.527344 0.566895 0.0214844 0.0185547
0 0.818848 0.0610352 0.0205078 0.0224609
0 0.76416 0.0117188 0.0244141 0.0234375
0 0.438965 0.331543 0.0224609 0.0224609
0 0.172363 0.253418 0.0205078 0.0224609
0 0.553711 0.490234 0.0234375 0.0234375
0 0.653809 0.46875 0.0185547 0.0195312
0 0.316895 0.158691 0.0205078 0.0224609
0 0.756348 0.276855 0.0166016 0.0185547
0 0.607422 0.678223 0.0253906 0.0244141
0 0.431152 0.483398 0.0224609 0.0214844
0 0.345703 0.595215 0.0214844 0.0244141
0 0.777832 0.0908203 0.0185547 0.0195312
0 0.42041 0.798828 0.0205078 0.0214844
0 0.0947266 0.877441 0.0195312 0.0205078
0 0.716797 0.483887 0.0253906 0.0244141
0 0.869629 0.125 0.0185547 0.0195312
0 0.397461 0.344238 0.0253906 0.0263672
0 0.932617 0.131836 0.0175781 0.0214844
0 0.42334 0.908203 0.0205078 0.0195312
0 0.693359 0.285156 0.0195312 0.0195312
0 0.980957 0.0327148 0.0146484 0.0166016
0 0.203125 0.0444336 0.0195312 0.0205078
0 0.177734 0.327148 0.0195312 0.0214844
0 0.859375 0.782227 0.0195312 0.0214844
0 0.290527 0.53418 0.0185547 0.0214844
0 0.246582 0.393555 0.0205078 0.0214844
0 0.963867 0.23584 0.0234375 0.0244141
0 0.70166 0.460938 0.0224609 0.0234375
0 0.343262 0.651855 0.0224609 0.0224609
0 0.846191 0.0166016 0.0166016 0.0195312
0 0.773438 0.303223 0.0195312 0.0224609
0 0.291504 0.0830078 0.0244141 0.0234375
0 0.323242 0.0854492 0.0234375 0.0263672
0 0.851074 0.728027 0.0224609 0.0224609
0 0.512207 0.344727 0.0205078 0.0214844
0 0.453613 0.217285 0.0166016 0.0166016
0 0.753906 0.450684 0.0195312 0.0224609
0 0.400879 0.0805664 0.0185547 0.0205078
0 0.875488 0.438965 0.0224609 0.0224609
0 0.991211 0.120117 0.0175781 0.03125
0 0.822266 0.0102539 0.0175781 0.0185547
0 0.900391 0.40918 0.0195312 0.0195312
0 0.262207 0.172363 0.0283203 0.0263672
0 0.728516 0.182617 0.0195312 0.0214844
0 0.77832 0.0605469 0.015625 0.0175781
0 0.226562 0.0473633 0.0214844 0.0224609
0 0.313477 0.558105 0.0234375 0.0224609
0 0.910156 0.125 0.0234375 0.0253906
0 0.777832 0.415527 0.0166016 0.0205078
0 0.870117 0.220215 0.0195312 0.0263672
0 0.532715 0.356934 0.0185547 0.0185547
0 0.739746 0.0522461 0.0146484 0.0166016
0 0.483887 0.395508 0.0263672 0.0253906
0 0.562988 0.29248 0.0205078 0.0224609
0 0.943359 0.344727 0.0214844 0.0234375
0 0.361328 0.711426 0.0195312 0.0205078
0 0.896484 0.359863 0.0234375 0.0224609
0 0.815918 0.977051 0.0244141 0.0205078
0 0.834961 0.165527 0.0175781 0.0185547
0 0.917969 0.0546875 0.0195312 0.0214844
0 0.558594 0.157715 0.0195312 0.0205078
0 0.729492 0.450684 0.0273438 0.0283203
0 0.708496 0.0820312 0.0166016 0.0175781
0 0.345215 0.240234 0.0263672 0.0234375
0 0.698242 0.240723 0.0195312 0.0205078
0 0.783691 0.670898 0.0224609 0.0214844
0 0.797852 0.0947266 0.0175781 0.0175781
0 0.533691 0.0878906 0.0224609 0.0234375
0 0.783691 0.507812 0.0185547 0.0195312
0 0.467285 0.0317383 0.0185547 0.0224609
0 0.252441 0.27832 0.0166016 0.0195312
0 0.425781 0.157715 0.0214844 0.0244141
0 0.109863 0.0341797 0.0244141 0.0253906
0 0.916016 0.171387 0.015625 0.0166016
0 0.499512 0.0317383 0.0166016 0.0185547
0 0.557129 0.411133 0.0224609 0.0234375
0 0.724121 0.358398 0.0185547 0.0195312
0 0.825195 0.302246 0.0234375 0.0263672
0 0.500488 0.507812 0.0185547 0.0195312
0 0.743652 0.476074 0.0263672 0.0244141
0 0.727051 0.0874023 0.0146484 0.0166016
0 0.233398 0.111816 0.0273438 0.0224609
0 0.371094 0.392578 0.0253906 0.0273438
0 0.985352 0.0527344 0.0175781 0.0214844
0 0.295898 0.335449 0.0234375 0.0263672
0 0.75 0.59668 0.0214844 0.0214844
0 0.221191 0.219727 0.0205078 0.0214844
0 0.857422 0.0566406 0.015625 0.0175781
0 0.709473 0.0317383 0.0185547 0.0185547
0 0.60791 0.0185547 0.0205078 0.0195312
0 0.477051 0.201172 0.0166016 0.0175781
0 0.217773 0.174805 0.0253906 0.0273438
0 0.975586 0.570312 0.0195312 0.0214844
0 0.86084 0.105957 0.0205078 0.0205078
0 0.645508 0.364258 0.0214844 0.0234375
0 0.595215 0.39209 0.0205078 0.0205078
0 0.941895 0.417969 0.0224609 0.0234375
0 0.557617 0.0170898 0.0273438 0.0224609
0 0.77002 0.47998 0.0166016 0.0185547
0 0.275391 0.0649414 0.0195312 0.0205078
0 0.364258 0.534668 0.0214844 0.0224609
0 0.848145 0.335449 0.0244141 0.0244141
0 0.114258 0.541016 0.0175781 0.0195312
0 0.609375 0.0976562 0.0175781 0.0195312
0 0.603027 0.269531 0.0205078 0.0214844
0 0.654297 0.0292969 0.0234375 0.0234375
0 0.581055 0.0454102 0.0175781 0.0185547
0 0.195312 0.251953 0.0214844 0.0234375
0 0.408691 0.541504 0.0224609 0.0244141
0 0.599609 0.348633 0.0234375 0.0273438
0 0.424805 0.0825195 0.0214844 0.0205078
0 0.688477 0.139648 0.0195312 0.0214844
0 0.766113 0.240723 0.0205078 0.0205078
0 0.68457 0.262207 0.0234375 0.0224609
0 0.448242 0.0419922 0.0195312 0.0195312
0 0.938477 0.541504 0.0273438 0.0283203
0 0.85791 0.486816 0.0224609 0.0244141
0 0.552734 0.245605 0.0214844 0.0244141
0 0.448242 0.166016 0.0253906 0.0253906
0 0.76709 0.0385742 0.0263672 0.0263672
0 0.538574 0.318848 0.0205078 0.0205078
0 0.779785 0.13623 0.0205078 0.0224609
0 0.634766 0.299805 0.0273438 0.0332031
0 0.946289 0.074707 0.0253906 0.0263672
0 0.405273 0.0415039 0.0214844 0.0205078
0 0.746582 0.158691 0.0224609 0.0224609
0 0.691406 0.196289 0.0292969 0.0332031
0 0.631348 0.0756836 0.0224609 0.0224609
