0 0.756348 0.219727 0.0224609 0.0214844
0 0.54248 0.276855 0.0263672 0.0263672
0 0.863281 0.186035 0.0214844 0.0205078
0 0.720703 0.25 0.0175781 0.0195312
0 0.711426 0.854004 0.0166016 0.0166016
0 0.291016 0.534668 0.0195312 0.0224609
0 0.438477 0.717773 0.015625 0.015625
0 0.103516 0.52002 0.0253906 0.0205078
0 0.120605 0.352051 0.0224609 0.0205078
0 0.689453 0.807129 0.0175781 0.0205078
0 0.12793 0.271973 0.0175781 0.0166016
0 0.344727 0.23877 0.0253906 0.0263672
0 0.206543 0.943359 0.0166016 0.0175781
0 0.549316 0.551758 0.0244141 0.0273438
0 0.885742 0.605957 0.015625 0.0185547
0 0.53125 0.754883 0.0214844 0.0234375
0 0.985352 0.481934 0.0175781 0.0205078
0 0.355957 0.62207 0.0205078 0.0195312
0 0.254395 0.754883 0.0205078 0.0214844
0 0.213379 0.26709 0.0166016 0.0185547
0 0.235352 0.732422 0.0214844 0.0292969
0 0.0146484 0.64209 0.0195312 0.0205078
0 0.962402 0.494141 0.0166016 0.0175781
0 0.184082 0.643066 0.0205078 0.0205078
0 0.0366211 0.170898 0.0185547 0.0234375
0 0.70166 0.779785 0.0166016 0.0166016
0 0.557129 0.826172 0.0185547 0.0195312
0 0.568359 0.841797 0.0175781 0.0195312
0 0.42334 0.910156 0.0166016 0.0175781
0 0.467773 0.608398 0.0175781 0.0175781
0 0.20752 0.148438 0.0166016 0.0195312
0 0.265625 0.734863 0.0195312 0.0205078
0 0.0947266 0.96582 0.0214844 0.0214844
0 0.962891 0.685059 0.0195312 0.0185547
0 0.780762 0.871094 0.0205078 0.0234375
0 0.739258 0.697266 0.0195312 0.0214844
0 0.510254 0.104004 0.0224609 0.0224609
0 0.460938 0.654785 0.0195312 0.0205078
0 0.531738 0.845703 0.0205078 0.0175781
0 0.55957 0.720215 0.0195312 0.0205078
0 0.978516 0.521973 0.0175781 0.0244141
0 0.814453 0.145996 0.0195312 0.0205078
0 0.256348 0.353516 0.0244141 0.0253906
0 0.759766 0.96875 0.0195312 0.0175781
0 0.352051 0.378418 0.0185547 0.0205078
0 0.443848 0.397461 0.0224609 0.0234375
0 0.899902 0.409668 0.0185547 0.0205078
0 0.466309 0.934082 0.0224609 0.0244141
0 0.379395 0.75293 0.0205078 0.0234375
0 0.974609 0.306152 0.0175781 0.0185547
0 0.22998 0.289551 0.0166016 0.0166016
0 0.694824 0.28418 0.0205078 0.0253906
0 0.0644531 0.217773 0.0234375 0.0214844
0 0.953125 0.392578 0.0195312 0.0214844
0 0.959473 0.46582 0.0185547 0.0214844
0 0.671387 0.635742 0.0185547 0.0214844
0 0.522461 0.541504 0.0234375 0.0263672
0 0.550293 0.772461 0.0205078 0.0234375
0 0.584473 0.478516 0.0166016 0.0195312
0 0.896484 0.100098 0.0214844 0.0244141
0 0.516113 0.370605 0.0263672 0.0244141
0 0.893066 0.933594 0.0185547 0.0175781
0 0.169922 0.842773 0.0214844 0.0234375
0 0.604004 0.534668 0.0244141 0.0263672
0 0.344238 0.507324 0.0244141 0.0205078
0 0.220215 0.396973 0.0205078 0.0224609
0 0.824219 0.258789 0.0253906 0.0234375
0 0.404297 0.638672 0.0214844 0.0195312
0 0.383301 0.850098 0.0205078 0.0205078
0 0.446777 0.673828 0.0205078 0.0214844
0 0.131836 0.959961 0.0195312 0.0195312
0 0.771484 0.328125 0.0195312 0.0195312
0 0.357422 0.15332 0.0175781 0.0234375
0 0.359863 0.710938 0.0185547 0.0195312
0 0.0654297 0.0957031 0.0214844 0.0234375
0 0.852051 0.130859 0.0185547 0.0175781
0 0.882324 0.72168 0.0166016 0.0175781
0 0.0908203 0.0874023 0.0234375 0.0205078
0 0.929688 0.159668 0.0195312 0.0224609
0 0.279785 0.688477 0.0244141 0.0253906
0 0.496582 0.293945 0.0205078 0.0214844
0 0.533203 0.355957 0.0175781 0.0185547
0 0.37207 0.0327148 0.0195312 0.0205078
0 0.52002 0.97998 0.0224609 0.0166016
0 0.135254 0.0112305 0.0263672 0.0224609
0 0.360352 0.124023 0.0234375 0.0234375
0 0.633301 0.618652 0.0185547 0.0205078
0 0.583496 0.570801 0.0205078 0.0244141
0 0.186523 0.0166016 0.0273438 0.0292969
0 0.608398 0.981445 0.0214844 0.0175781
0 0.552246 0.967773 0.0205078 0.0214844
0 0.462402 0.105469 0.0205078 0.0234375
0 0.234375 0.0717773 0.0195312 0.0224609
0 0.221191 0.484863 0.0205078 0.0205078
0 0.703125 0.927734 0.0175781 0.015625
0 0.78418 0.453125 0.0175781 0.0214844
0 0.419434 0.662109 0.0185547 0.0214844
0 0.247559 0.25293 0.0166016 0.0195312
0 0.330078 0.222168 0.0195312 0.0185547
0 0.543945 0.982422 0.0195312 0.0214844
0 0.152344 0.595215 0.0253906 0.0263672
0 0.484375 0.136719 0.0175781 0.0253906
0 0.0830078 0.109863 0.0195312 0.0185547
0 0.203613 0.983398 0.0224609 0.0214844
0 0.942871 0.661133 0.0146484 0.0175781
0 0.899414 0.70459 0.0175781 0.0166016
0 0.856445 0.0585938 0.0175781 0.0175781
0 0.508301 0.831055 0.0185547 0.0175781
0 0.566406 0.137207 0.0195312 0.0205078
0 0.602051 0.765137 0.0205078 0.0205078
0 0.741699 0.548828 0.0224609 0.0234375
0 0.810059 0.280273 0.0205078 0.0253906
0 0.122559 0.793457 0.0205078 0.0205078
0 0.385254 0.529785 0.0205078 0.0224609
0 0.810059 0.178711 0.0185547 0.0175781
0 0.64502 0.505859 0.0205078 0.0234375
0 0.366211 0.533203 0.0234375 0.0234375
0 0.16748 0.299805 0.0205078 0.0214844
0 0.179199 0.433105 0.0283203 0.0283203
0 0.73877 0.295898 0.0185547 0.0214844
0 0.851562 0.588379 0.0214844 0.0244141
0 0.847168 0.224121 0.0185547 0.0224609
0 0.432129 0.950684 0.0185547 0.0166016
0 0.433105 0.616699 0.0224609 0.0244141
0 0.401367 0.372559 0.0253906 0.0263672
0 0.724121 0.766602 0.0205078 0.0195312
0 0.0581055 0.607422 0.0244141 0.0253906
0 0.964355 0.441406 0.0205078 0.0214844
0 0.812012 0.231445 0.0322266 0.0351562
0 0.688965 0.516113 0.0224609 0.0224609
0 0.42627 0.696777 0.0185547 0.0185547
0 0.601074 0.0424805 0.0224609 0.0244141
0 0.313965 0.558594 0.0224609 0.0234375
0 0.371094 0.822754 0.0175781 0.0205078
0 0.580566 0.441895 0.0263672 0.0263672
0 0.42334 0.0825195 0.0224609 0.0205078
0 0.909668 0.124023 0.0244141 0.0292969
0 0.178711 0.0390625 0.0214844 0.0234375
0 0.686035 0.679688 0.0244141 0.0214844
0 0.526855 0.565918 0.0244141 0.0224609
0 0.231934 0.11084 0.0283203 0.0263672
0 0.146484 0.560059 0.0214844 0.0244141
0 0.586914 0.969727 0.015625 0.0175781
0 0.255371 0.546387 0.0224609 0.0205078
0 0.0610352 0.745117 0.0185547 0.0214844
0 0.472656 0.301758 0.0195312 0.0214844
0 0.971191 0.155762 0.0185547 0.0185547
0 0.214355 0.580566 0.0244141 0.0283203
0 0.91748 0.0541992 0.0205078 0.0244141
0 0.679199 0.977539 0.0205078 0.0175781
0 0.288574 0.765137 0.0185547 0.0185547
0 0.0161133 0.0991211 0.0244141 0.0283203
0 0.993652 0.770508 0.0126953 0.0195312
0 0.559082 0.0166016 0.0263672 0.0234375
0 0.835938 0.166992 0.0175781 0.0195312
0 0.0668945 0.311035 0.0224609 0.0322266
0 0.550293 0.370117 0.0205078 0.0234375
0 0.534668 0.15332 0.0185547 0.0195312
0 0.37207 0.174805 0.0175781 0.0195312
0 0.801758 0.123047 0.0214844 0.0234375
0 0.719727 0.0488281 0.0175781 0.0195312
0 0.541016 0.873047 0.0175781 0.0175781
0 0.989746 0.401855 0.0146484 0.0166016
0 0.189941 0.065918 0.0244141 0.0283203
0 0.272461 0.935059 0.0195312 0.0205078
0 0.14209 0.097168 0.0205078 0.0224609
0 0.504883 0.67041 0.0273438 0.0263672
0 0.399902 0.0805664 0.0205078 0.0205078
0 0.0429688 0.473633 0.0214844 0.0234375
0 0.228027 0.0463867 0.0205078 0.0224609
0 0.0693359 0.581055 0.0234375 0.0214844
0 0.211914 0.0722656 0.0214844 0.0214844
0 0.763672 0.351074 0.0214844 0.0185547
0 0.69043 0.733398 0.0214844 0.0234375
0 0.436035 0.78125 0.0166016 0.0195312
0 0.946289 0.879395 0.0234375 0.0224609
0 0.932617 0.394043 0.0175781 0.0185547
0 0.296387 0.175293 0.0185547 0.0205078
0 0.253906 0.969238 0.0214844 0.0224609
0 0.458496 0.630859 0.0302734 0.0234375
0 0.875488 0.438965 0.0244141 0.0244141
0 0.347656 0.30957 0.0214844 0.0195312
0 0.570801 0.463379 0.0185547 0.0205078
0 0.831543 0.56543 0.0185547 0.0195312
0 0.716309 0.483887 0.0244141 0.0283203
0 0.356934 0.748535 0.0205078 0.0224609
0 0.323242 0.0839844 0.0273438 0.0292969
0 0.783203 0.507324 0.0195312 0.0205078
0 0.863281 0.382812 0.015625 0.0175781
0 0.230957 0.459473 0.0244141 0.0283203
0 0.0185547 0.152344 0.0195312 0.0234375
0 0.61084 0.561523 0.0244141 0.0273438
0 0.389648 0.662598 0.0253906 0.0244141
0 0.34375 0.832031 0.0253906 0.0214844
0 0.0585938 0.719727 0.0214844 0.0214844
0 0.508301 0.716797 0.0263672 0.0273438
0 0.904785 0.0317383 0.0205078 0.0205078
0 0.0283203 0.54248 0.0214844 0.0263672
0 0.195801 0.306641 0.0244141 0.0273438
0 0.870605 0.67041 0.0185547 0.0185547
0 0.433105 0.645996 0.0185547 0.0205078
0 0.558105 0.411133 0.0224609 0.0234375
0 0.530273 0.480957 0.0253906 0.0224609
0 0.459961 0.191406 0.0234375 0.0253906
0 0.708008 0.03125 0.0175781 0.0214844
0 0.318848 0.324219 0.0263672 0.0292969
0 0.990234 0.915527 0.0195312 0.0185547
0 0.279297 0.959473 0.0175781 0.0205078
0 0.521484 0.518066 0.0214844 0.0224609
0 0.897461 0.169434 0.015625 0.0185547
0 0.414551 0.415527 0.0224609 0.0283203
0 0.0537109 0.341309 0.0234375 0.0205078
0 0.046875 0.556641 0.0214844 0.0195312
0 0.785645 0.38623 0.0166016 0.0185547
0 0.915527 0.562012 0.0205078 0.0205078
0 0.405762 0.0400391 0.0224609 0.0253906
0 0.816895 0.0610352 0.0205078 0.0244141
0 0.600098 0.313477 0.0224609 0.0253906
0 0.376953 0.0732422 0.0195312 0.0195312
0 0.955078 0.0175781 0.0195312 0.0175781
0 0.217285 0.674805 0.0185547 0.0195312
0 0.269531 0.0078125 0.0195312 0.015625
0 0.75 0.596191 0.0214844 0.0224609
0 0.723633 0.358398 0.0214844 0.0214844
0 0.992188 0.725586 0.0136719 0.015625
0 0.664551 0.741699 0.0185547 0.0185547
0 0.338379 0.281738 0.0244141 0.0224609
0 0.757324 0.390625 0.0166016 0.0195312
0 0.78418 0.671387 0.0234375 0.0244141
0 0.526367 0.133301 0.0195312 0.0185547
0 0.0341797 0.581055 0.0234375 0.0253906
0 0.579102 0.367188 0.0214844 0.0214844
0 0.689453 0.13916 0.0214844 0.0224609
0 0.568848 0.634277 0.0205078 0.0224609
0 0.650391 0.58252 0.0195312 0.0205078
0 0.440918 0.104492 0.0205078 0.0234375
0 0.909668 0.220703 0.0224609 0.0234375
0 0.65332 0.822754 0.0195312 0.0185547
0 0.862305 0.708008 0.0195312 0.0195312
0 0.881836 0.902832 0.0214844 0.0205078
0 0.575684 0.890625 0.0185547 0.0195312
0 0.751953 0.110352 0.0195312 0.0195312
0 0.412109 0.721191 0.0234375 0.0205078
0 0.461914 0.47998 0.0234375 0.0244141
0 0.853027 0.559082 0.0185547 0.0185547
0 0.665527 0.799805 0.0185547 0.0195312
0 0.790527 0.169434 0.0166016 0.0185547
0 0.264648 0.225098 0.0234375 0.0224609
0 0.74707 0.158203 0.0253906 0.0253906
0 0.119141 0.623535 0.0195312 0.0224609
0 0.64502 0.363281 0.0224609 0.0253906
0 0.314453 0.614746 0.0253906 0.0244141
0 0.0595703 0.189941 0.0253906 0.0302734
0 0.0625 0.365723 0.0175781 0.0205078
0 0.446777 0.269043 0.0224609 0.0205078
0 0.775879 0.0927734 0.0185547 0.0195312
0 0.375 0.58252 0.0195312 0.0205078
0 0.531738 0.0576172 0.0224609 0.0214844
0 0.472168 0.69043 0.0205078 0.0214844
0 0.372559 0.393066 0.0224609 0.0244141
0 0.953125 0.140625 0.0195312 0.0253906
0 0.321777 0.0175781 0.0185547 0.0195312
0 0.415039 0.284668 0.0175781 0.0185547
0 0.26709 0.773926 0.0244141 0.0244141
0 0.970215 0.181641 0.0166016 0.0195312
0 0.0668945 0.158691 0.0244141 0.0224609
0 0.276367 0.0639648 0.0195312 0.0205078
0 0.567383 0.350098 0.0273438 0.0224609
0 0.203613 0.854492 0.0224609 0.0195312
0 0.15918 0.70752 0.0214844 0.0205078
0 0.482422 0.448242 0.0214844 0.0234375
0 0.480469 0.285156 0.015625 0.0195312
0 0.561523 0.105469 0.0195312 0.0175781
0 0.707031 0.0805664 0.0175781 0.0185547
0 0.897461 0.359375 0.0253906 0.0253906
0 0.115723 0.541504 0.0224609 0.0224609
0 0.595215 0.390625 0.0205078 0.0253906
0 0.809082 0.425781 0.0205078 0.0214844
0 0.991699 0.21582 0.0166016 0.0253906
0 0.55957 0.609375 0.0253906 0.0234375
0 0.692383 0.0483398 0.0175781 0.0185547
0 0.437012 0.329102 0.0224609 0.0253906
0 0.418945 0.797852 0.0195312 0.0214844
0 0.0458984 0.70752 0.0195312 0.0205078
0 0.213379 0.794434 0.0205078 0.0224609
0 0.52002 0.873535 0.0185547 0.0205078
0 0.728516 0.0869141 0.0175781 0.0175781
0 0.446289 0.54248 0.0195312 0.0205078
0 0.165527 0.163086 0.0166016 0.0195312
0 0.851074 0.727539 0.0244141 0.0234375
0 0.294922 0.335449 0.0214844 0.0263672
0 0.529297 0.782715 0.0195312 0.0205078
0 0.355957 0.449707 0.0205078 0.0224609
0 0.462402 0.457031 0.0166016 0.0195312
0 0.185059 0.27832 0.0224609 0.0253906
0 0.520996 0.247559 0.0185547 0.0224609
0 0.155273 0.654785 0.0292969 0.0244141
0 0.14209 0.0610352 0.0205078 0.0224609
0 0.0947266 0.87793 0.0195312 0.0214844
0 0.914551 0.851562 0.0224609 0.0214844
0 0.799316 0.534668 0.0205078 0.0205078
0 0.533691 0.0883789 0.0244141 0.0263672
0 0.850098 0.53418 0.0244141 0.0253906
0 0.778809 0.0610352 0.0146484 0.0185547
0 0.395996 0.833008 0.0185547 0.0195312
0 0.86084 0.95752 0.0185547 0.0185547
0 0.933105 0.130859 0.0205078 0.0214844
0 0.00976562 0.555176 0.0195312 0.0263672
0 0.878418 0.648438 0.0205078 0.0195312
0 0.274414 0.267578 0.0195312 0.0195312
0 0.939453 0.374512 0.0175781 0.0185547
0 0.0454102 0.531738 0.0224609 0.0224609
0 0.558594 0.931152 0.0175781 0.0146484
0 0.477051 0.200684 0.0185547 0.0185547
0 0.834961 0.70166 0.0214844 0.0224609
0 0.10498 0.396484 0.0244141 0.0234375
0 0.507324 0.897461 0.0185547 0.0214844
0 0.0761719 0.471191 0.0214844 0.0205078
0 0.779785 0.13623 0.0205078 0.0224609
0 0.44873 0.166016 0.0244141 0.0253906
0 0.646973 0.217773 0.0224609 0.0234375
0 0.321777 0.253418 0.0205078 0.0224609
0 0.954102 0.193359 0.0195312 0.0234375
0 0.209961 0.720703 0.0195312 0.0234375
0 0.869141 0.409668 0.0175781 0.0185547
0 0.24707 0.209961 0.0195312 0.0195312
0 0.234375 0.530273 0.0234375 0.0214844
0 0.240723 0.797363 0.0224609 0.0224609
0 0.384277 0.279297 0.0224609 0.0273438
0 0.422363 0.771973 0.0166016 0.0166016
0 0.361816 0.258301 0.0205078 0.0224609
0 0.85791 0.486816 0.0244141 0.0263672
0 0.765137 0.0126953 0.0263672 0.0253906
0 0.483887 0.340332 0.0205078 0.0244141
0 0.827637 0.48877 0.0205078 0.0205078
0 0.67334 0.436523 0.0185547 0.0234375
0 0.871094 0.220215 0.0234375 0.0263672
0 0.380859 0.980469 0.0234375 0.0195312
0 0.872559 0.00830078 0.0166016 0.0146484
0 0.335449 0.0566406 0.0244141 0.0234375
0 0.702637 0.460938 0.0224609 0.0234375
0 0.777832 0.414062 0.0224609 0.0214844
0 0.396973 0.341797 0.0263672 0.0273438
0 0.706543 0.592285 0.0185547 0.0205078
0 0.631348 0.0756836 0.0244141 0.0244141
0 0.13623 0.694824 0.0224609 0.0244141
0 0.430664 0.48291 0.0214844 0.0244141
0 0.538574 0.319824 0.0205078 0.0205078
0 0.0166016 0.410156 0.0195312 0.0234375
0 0.171875 0.252441 0.0214844 0.0244141
0 0.652832 0.050293 0.0166016 0.0166016
0 0.166504 0.489746 0.0205078 0.0224609
0 0.975098 0.571289 0.0185547 0.0234375
0 0.604004 0.269043 0.0224609 0.0244141
0 0.0131836 0.318848 0.0224609 0.0224609
0 0.822266 0.0112305 0.0214844 0.0205078
0 0.446777 0.0405273 0.0205078 0.0224609
0 0.15625 0.682129 0.0214844 0.0185547
0 0.990723 0.121582 0.0185547 0.0302734
0 0.362305 0.00976562 0.0214844 0.0195312
0 0.422852 0.157715 0.0195312 0.0205078
0 0.792969 0.840332 0.0195312 0.0205078
0 0.429688 0.187012 0.0195312 0.0205078
0 0.964844 0.235352 0.0214844 0.0253906
0 0.482422 0.530273 0.0175781 0.0175781
0 0.552246 0.245605 0.0244141 0.0283203
0 0.461426 0.794922 0.0224609 0.0234375
0 0.204102 0.043457 0.0234375 0.0224609
0 0.449707 0.243164 0.0224609 0.0195312
0 0.110352 0.0327148 0.0253906 0.0244141
0 0.158203 0.190918 0.0234375 0.0263672
0 0.287109 0.47998 0.0175781 0.0205078
0 0.921387 0.45752 0.0185547 0.0185547
0 0.508789 0.771484 0.0195312 0.0214844
0 0.785156 0.219238 0.0195312 0.0185547
0 0.498535 0.0307617 0.0185547 0.0185547
0 0.241699 0.928223 0.0263672 0.0244141
0 0.090332 0.266602 0.0224609 0.0234375
0 0.609375 0.0981445 0.0195312 0.0205078
0 0.408691 0.540527 0.0205078 0.0224609
0 0.938477 0.541992 0.03125 0.03125
0 0.145508 0.258301 0.0195312 0.0205078
0 0.599609 0.348145 0.0273438 0.0322266
0 0.480957 0.645996 0.0185547 0.0185547
0 0.942871 0.249023 0.0185547 0.0214844
0 0.0732422 0.130859 0.0214844 0.0195312
0 0.370117 0.606445 0.0214844 0.0195312
0 0.848633 0.334961 0.0273438 0.03125
0 0.861328 0.360352 0.0214844 0.0234375
0 0.273926 0.195312 0.0224609 0.0214844
0 0.682129 0.263184 0.0205078 0.0224609
0 0.84668 0.0166016 0.0195312 0.0195312
0 0.462402 0.146484 0.0205078 0.0214844
0 0.554688 0.489258 0.0234375 0.0234375
0 0.129395 0.210938 0.0205078 0.0234375
0 0.424805 0.229004 0.0214844 0.0205078
0 0.349121 0.33252 0.0185547 0.0205078
0 0.720215 0.530273 0.0185547 0.0195312
0 0.367188 0.474609 0.0214844 0.0214844
0 0.870605 0.29541 0.0205078 0.0185547
0 0.244141 0.50293 0.0214844 0.0253906
0 0.48291 0.844238 0.0185547 0.0185547
0 0.0957031 0.167969 0.0234375 0.0234375
0 0.0610352 0.694336 0.0205078 0.0214844
0 0.347656 0.0322266 0.0253906 0.0234375
0 0.84375 0.676758 0.0214844 0.0214844
0 0.0317383 0.0717773 0.0205078 0.0224609
0 0.391602 0.209961 0.0195312 0.0214844
0 0.0839844 0.757324 0.0214844 0.0185547
0 0.758301 0.197754 0.0205078 0.0185547
0 0.942871 0.344238 0.0224609 0.0263672
0 0.684082 0.943848 0.0185547 0.0205078
0 0.653809 0.915527 0.0224609 0.0224609
0 0.26709 0.146484 0.0185547 0.0214844
0 0.397949 0.180664 0.0224609 0.0214844
0 0.712891 0.279297 0.0175781 0.0195312
0 0.0932617 0.350586 0.0224609 0.0253906
0 0.500488 0.507812 0.0224609 0.0214844
0 0.857422 0.78125 0.0175781 0.0195312
0 0.218262 0.175293 0.0244141 0.0283203
0 0.264648 0.618164 0.0234375 0.0195312
0 0.879883 0.788086 0.0195312 0.0195312
0 0.756836 0.275879 0.015625 0.0205078
0 0.82373 0.30127 0.0263672 0.0263672
0 0.180176 0.794434 0.0263672 0.0224609
0 0.728516 0.449707 0.0253906 0.0283203
0 0.907715 0.729004 0.0146484 0.0166016
0 0.608887 0.79541 0.0185547 0.0166016
0 0.178223 0.327148 0.0224609 0.0214844
0 0.251465 0.277832 0.0205078 0.0205078
0 0.96582 0.933105 0.0214844 0.0224609
0 0.637207 0.733887 0.0341797 0.0263672
0 0.129883 0.23877 0.0234375 0.0205078
0 0.416016 0.305176 0.0234375 0.0244141
0 0.635254 0.299316 0.0302734 0.0361328
0 0.783691 0.28125 0.0185547 0.0195312
0 0.630371 0.453125 0.0185547 0.0195312
0 0.984375 0.0541992 0.0195312 0.0205078
0 0.510254 0.807617 0.0263672 0.0234375
0 0.990723 0.433594 0.0166016 0.0214844
0 0.608398 0.0185547 0.0214844 0.0214844
0 0.484863 0.39502 0.0224609 0.0224609
0 0.802246 0.866211 0.0185547 0.015625
0 0.816406 0.978516 0.0253906 0.0195312
0 0.441406 0.126465 0.0214844 0.0205078
0 0.743652 0.474609 0.0263672 0.0273438
0 0.194824 0.250977 0.0205078 0.0214844
0 0.296875 0.943848 0.0214844 0.0205078
0 0.343262 0.651367 0.0244141 0.0214844
0 0.939941 0.101562 0.0205078 0.0214844
0 0.00927734 0.51709 0.0185547 0.0224609
0 0.754395 0.449707 0.0205078 0.0224609
0 0.327148 0.366211 0.0214844 0.0234375
0 0.544922 0.638184 0.0214844 0.0244141
0 0.81543 0.954102 0.0253906 0.0214844
0 0.770508 0.300781 0.0195312 0.0214844
0 0.766113 0.0390625 0.0224609 0.0253906
0 0.585938 0.804688 0.0195312 0.0214844
0 0.943848 0.0737305 0.0283203 0.0322266
0 0.562988 0.292969 0.0205078 0.0214844
0 0.349609 0.178223 0.0195312 0.0205078
0 0.959961 0.0439453 0.0214844 0.0195312
0 0.941895 0.418457 0.0263672 0.0263672
0 0.614746 0.933105 0.0185547 0.0185547
0 0.859863 0.10498 0.0205078 0.0224609
0 0.91748 0.603516 0.0205078 0.0214844
0 0.569336 0.989746 0.0195312 0.0185547
0 0.739746 0.0512695 0.0166016 0.0166016
0 0.467773 0.0327148 0.0195312 0.0205078
0 0.728027 0.18457 0.0205078 0.0234375
0 0.234863 0.656738 0.0224609 0.0205078
0 0.51123 0.344238 0.0205078 0.0185547
0 0.440918 0.816895 0.0205078 0.0244141
0 0.447754 0.567871 0.0205078 0.0205078
0 0.949707 0.16748 0.0166016 0.0185547
0 0.42041 0.831543 0.0205078 0.0205078
0 0.854492 0.935059 0.0195312 0.0185547
0 0.808105 0.559082 0.0224609 0.0224609
0 0.981934 0.0332031 0.0185547 0.0175781
0 0.388672 0.479492 0.0234375 0.0195312
0 0.653809 0.469727 0.0205078 0.0234375
0 0.324707 0.396484 0.0244141 0.0234375
0 0.978516 0.703613 0.015625 0.0166016
0 0.516113 0.456543 0.0244141 0.0244141
0 0.0131836 0.59375 0.0224609 0.0253906
0 0.82666 0.859375 0.0185547 0.0195312
0 0.597168 0.881836 0.0224609 0.0195312
0 0.577637 0.32666 0.0205078 0.0205078
0 0.606934 0.676758 0.0263672 0.0253906
0 0.743164 0.250977 0.0214844 0.0234375
0 0.77002 0.479004 0.0185547 0.0205078
0 0.98877 0.243164 0.0185547 0.0214844
0 0.408203 0.854004 0.0195312 0.0205078
0 0.64209 0.942383 0.0224609 0.0195312
0 0.816895 0.397949 0.0205078 0.0224609
0 0.766113 0.239746 0.0224609 0.0224609
0 0.221191 0.220703 0.0224609 0.0214844
0 0.895996 0.585449 0.0224609 0.0205078
0 0.69043 0.199707 0.03125 0.0322266
0 0.45459 0.216797 0.0185547 0.0175781
