0 0.605736 0.018041 0.042197 0.036081
0 0.638454 0.007033 0.017123 0.014066
0 0.701443 0.014371 0.041585 0.028742
0 0.756788 0.011008 0.029966 0.022016
0 0.891328 0.008562 0.040974 0.017123
0 0.682485 0.067882 0.041585 0.042808
0 0.661693 0.099070 0.033023 0.046477
0 0.676676 0.127202 0.027520 0.028131
0 0.688907 0.102434 0.026296 0.021404
0 0.925881 0.110078 0.044031 0.029354
0 0.787060 0.045560 0.009785 0.006727
0 0.767796 0.238809 0.012842 0.014066
0 0.963185 0.236363 0.018346 0.020181
0 0.955846 0.238809 0.039139 0.045866
0 0.675758 0.254097 0.009785 0.007950
0 0.671172 0.242172 0.014066 0.013454
0 0.655577 0.227495 0.014677 0.014677
0 0.632950 0.223520 0.018346 0.026296
0 0.616133 0.231164 0.022627 0.023239
0 0.593811 0.242478 0.026908 0.028743
0 0.617050 0.252568 0.019569 0.015900
0 0.555284 0.244618 0.029354 0.024462
0 0.704807 0.315558 0.012842 0.014677
0 0.851272 0.323814 0.023239 0.029966
0 0.909675 0.369985 0.010396 0.011008
0 0.984589 0.326260 0.024462 0.027520
0 0.973275 0.357143 0.050758 0.048924
0 0.693493 0.351945 0.013454 0.016512
0 0.695939 0.370597 0.020793 0.017123
0 0.709088 0.395976 0.017735 0.020181
0 0.714286 0.373043 0.017123 0.022016
0 0.697774 0.381605 0.014677 0.013454
0 0.796844 0.426248 0.024462 0.019569
0 0.577299 0.402397 0.045254 0.050147
0 0.604819 0.384662 0.019569 0.019569
0 0.553755 0.419826 0.012842 0.011619
0 0.598092 0.469667 0.013454 0.008562
0 0.876651 0.490705 0.056874 0.039139
0 0.503914 0.541157 0.024462 0.027520
0 0.576994 0.552776 0.036081 0.061766
0 0.603596 0.565313 0.022016 0.022016
0 0.649462 0.573875 0.013454 0.011008
0 0.690741 0.581213 0.010396 0.009785
0 0.818860 0.576933 0.031800 0.028131
0 0.846380 0.581213 0.008562 0.013454
0 0.849437 0.528620 0.031800 0.017123
0 0.742111 0.617600 0.025073 0.033635
0 0.683097 0.649706 0.004892 0.004892
0 0.617967 0.673251 0.007950 0.006727
0 0.688907 0.676003 0.016512 0.013454
0 0.874511 0.652153 0.046477 0.028131
0 0.954623 0.661326 0.009785 0.011008
0 0.979758 0.719728 0.040484 0.051981
0 0.784308 0.715142 0.012842 0.015900
0 0.793175 0.721869 0.009785 0.012231
0 0.838124 0.760396 0.029966 0.025685
0 0.908757 0.759479 0.011008 0.014066
0 0.564457 0.809014 0.019569 0.015289
0 0.719178 0.823691 0.020793 0.018958
0 0.736913 0.838063 0.009785 0.008562
0 0.922823 0.843567 0.024462 0.022016
0 0.942392 0.853657 0.014677 0.015289
0 0.962573 0.824914 0.017123 0.014066
0 0.984039 0.853657 0.031922 0.023850
0 0.923434 0.884846 0.015900 0.018958
0 0.907228 0.905638 0.012842 0.009173
0 0.598704 0.941414 0.012231 0.011008
0 0.525624 0.978412 0.026296 0.018958
0 0.488319 0.981776 0.014066 0.018346
0 0.856470 0.992417 0.018958 0.015166
0 0.705113 0.986974 0.009785 0.005504
0 0.941169 0.941720 0.041585 0.039750
0 0.909369 0.938662 0.023239 0.040974
0 0.912121 0.969851 0.021404 0.015289
0 0.947591 0.970157 0.023850 0.014677
0 0.945450 0.989053 0.063601 0.021893
0 0.920682 0.976272 0.028743 0.031800
0 0.520731 0.992723 0.026296 0.014554
0 0.499327 0.990582 0.014066 0.018836
0 0.476394 0.975049 0.015900 0.014677
0 0.478535 0.885457 0.018958 0.016512
0 0.463858 0.951810 0.007950 0.007339
0 0.434503 0.946001 0.012842 0.010396
0 0.432363 0.881482 0.022016 0.030577
0 0.502997 0.059014 0.017735 0.020181
0 0.515227 0.075832 0.021404 0.019569
0 0.460494 0.070634 0.011008 0.012842
0 0.602373 0.084393 0.014677 0.015900
0 0.428388 0.091120 0.018958 0.019569
0 0.420744 0.007644 0.044031 0.015288
0 0.338185 0.022627 0.034247 0.039139
0 0.360201 0.037610 0.014677 0.022627
0 0.373043 0.114971 0.015900 0.023239
0 0.389861 0.118640 0.014066 0.024462
0 0.277336 0.123227 0.027520 0.026296
0 0.274584 0.144631 0.013454 0.015289
0 0.266023 0.166341 0.018346 0.019569
0 0.217710 0.006421 0.013454 0.012842
0 0.176431 0.066047 0.012842 0.022016
0 0.119557 0.033023 0.022627 0.022016
0 0.107021 0.045560 0.015900 0.018958
0 0.055039 0.037304 0.025685 0.018346
0 0.007339 0.039139 0.014677 0.024462
0 0.041279 0.088980 0.027520 0.031189
0 0.066964 0.101822 0.020181 0.021404
0 0.040668 0.087451 0.055651 0.066047
0 0.070022 0.116194 0.021404 0.017123
0 0.076443 0.090815 0.013454 0.014066
0 0.053816 0.138515 0.033023 0.032412
0 0.008562 0.132094 0.017123 0.034247
0 0.029660 0.202422 0.025073 0.018346
0 0.038527 0.182546 0.020793 0.017735
0 0.024156 0.167564 0.042197 0.046477
0 0.049841 0.164200 0.011619 0.007950
0 0.029966 0.136681 0.014677 0.020181
0 0.031189 0.258990 0.018346 0.026296
0 0.009173 0.250734 0.018346 0.070939
0 0.116194 0.277948 0.008562 0.006727
0 0.151358 0.251040 0.044643 0.042197
0 0.139127 0.221380 0.026296 0.022016
0 0.173985 0.219239 0.037304 0.036081
0 0.034858 0.959455 0.029354 0.026296
0 0.174596 0.967099 0.031189 0.031800
0 0.177654 0.990949 0.022627 0.014677
0 0.235751 0.912060 0.021404 0.023239
0 0.204868 0.968322 0.007339 0.006115
0 0.269080 0.928877 0.006115 0.007950
0 0.323508 0.964347 0.014677 0.010396
0 0.191720 0.983916 0.015289 0.012842
0 0.291707 0.848765 0.014677 0.015289
0 0.299046 0.865582 0.015900 0.015900
0 0.307608 0.855186 0.015900 0.014677
0 0.194472 0.809932 0.029354 0.029354
0 0.295071 0.132950 0.009173 0.014677
0 0.266023 0.381849 0.017123 0.022016
0 0.295988 0.372065 0.035470 0.031800
0 0.327177 0.305712 0.024462 0.017735
0 0.335127 0.340264 0.050147 0.052593
0 0.367845 0.329868 0.022627 0.035470
0 0.333598 0.372982 0.011619 0.011619
0 0.467221 0.406005 0.037916 0.042197
0 0.289873 0.456152 0.008562 0.006727
0 0.044643 0.555223 0.020793 0.016512
0 0.287732 0.553388 0.012842 0.014066
0 0.224437 0.599254 0.026908 0.027520
0 0.118946 0.598031 0.011619 0.010396
0 0.112524 0.634724 0.020793 0.018958
0 0.114665 0.653376 0.038527 0.034247
0 0.076443 0.643591 0.034247 0.018346
0 0.071551 0.658574 0.024462 0.012842
0 0.044949 0.685176 0.043420 0.031800
0 0.387109 0.524951 0.014677 0.009785
0 0.423190 0.490399 0.025685 0.029966
0 0.363564 0.481837 0.022627 0.022627
0 0.383134 0.496820 0.017735 0.017123
0 0.388637 0.480920 0.025073 0.019569
0 0.448875 0.568065 0.008562 0.007950
0 0.417686 0.508439 0.007339 0.012231
0 0.403620 0.681507 0.031800 0.024462
0 0.346441 0.674780 0.011619 0.011008
0 0.383134 0.724009 0.031189 0.023850
0 0.244313 0.709638 0.025073 0.036693
0 0.222603 0.710861 0.013454 0.014677
0 0.285592 0.727984 0.006115 0.008562
0 0.210066 0.764066 0.014066 0.014677
0 0.062683 0.831336 0.017735 0.018346
0 0.077361 0.824914 0.006727 0.009173
0 0.155944 0.789445 0.007339 0.006727
0 0.130565 0.782412 0.020181 0.015900
0 0.145548 0.726455 0.042808 0.051981
0 0.067270 0.720646 0.015900 0.014677
0 0.058708 0.734100 0.018346 0.026908
0 0.053816 0.754587 0.023239 0.018958
0 0.054428 0.773239 0.014677 0.017123
0 0.067576 0.773545 0.012842 0.015289
0 0.080113 0.785164 0.017123 0.012842
0 0.051676 0.799841 0.036081 0.031189
0 0.006115 0.753058 0.012230 0.020793
0 0.104880 0.750917 0.073997 0.070328
0 0.098153 0.744496 0.053205 0.041585