0 0.507232 0.494582 0.023115 0.021831
0 0.531750 0.499398 0.006183 0.009631
0 0.549931 0.487519 0.018621 0.015410
0 0.574010 0.488161 0.011558 0.006421
0 0.579788 0.497793 0.033389 0.030821
0 0.527589 0.492124 0.007277 0.007705
0 0.549848 0.461945 0.023544 0.021831
0 0.528659 0.451030 0.019691 0.023115
0 0.465305 0.515239 0.015410 0.022259
0 0.449895 0.495120 0.017979 0.023972
0 0.451607 0.459591 0.017123 0.011986
0 0.537220 0.556119 0.012842 0.018407
0 0.564616 0.532576 0.017123 0.030393
0 0.590942 0.521874 0.019263 0.011558
0 0.621977 0.431280 0.022259 0.032961
0 0.589016 0.416297 0.009417 0.011558
0 0.540431 0.412231 0.013270 0.012842
0 0.553059 0.386975 0.017123 0.012842
0 0.474509 0.378414 0.038954 0.029964
0 0.483284 0.335179 0.026540 0.022259
0 0.418432 0.355512 0.011558 0.012414
0 0.447969 0.333253 0.020975 0.020975
0 0.412440 0.318913 0.030393 0.015410
0 0.526090 0.308211 0.021403 0.013698
0 0.537220 0.284882 0.015410 0.018407
0 0.601430 0.283170 0.018835 0.008989
0 0.605924 0.335821 0.030393 0.018407
0 0.559694 0.356154 0.051796 0.032533
0 0.467018 0.420578 0.013698 0.012414
0 0.344377 0.422076 0.020119 0.017979
0 0.333676 0.370877 0.015838 0.015929
0 0.429562 0.288408 0.016694 0.014126
0 0.413082 0.294829 0.022259 0.021831
0 0.539146 0.253837 0.011558 0.013270
0 0.561406 0.246559 0.017551 0.021831
0 0.545567 0.189841 0.020975 0.017979
0 0.428064 0.178069 0.041950 0.045803
0 0.409015 0.190269 0.013270 0.011130
0 0.384401 0.234360 0.011130 0.005137
0 0.349514 0.276952 0.032105 0.023544
0 0.347160 0.299211 0.027396 0.019263
0 0.496554 0.096742 0.032533 0.026540
0 0.558623 0.095458 0.019691 0.017979
0 0.586876 0.096528 0.023972 0.023544
0 0.547494 0.142331 0.014554 0.015838
0 0.571251 0.156671 0.020119 0.011130
0 0.571465 0.172296 0.020547 0.016694
0 0.607851 0.164377 0.027396 0.056504
0 0.588374 0.174222 0.009845 0.031677
0 0.525020 0.007491 0.020975 0.011558
0 0.613844 0.033389 0.013698 0.010274
0 0.450109 0.023758 0.016694 0.020119
0 0.435555 0.048371 0.010702 0.013698
0 0.422285 0.040024 0.017551 0.020119
0 0.441120 0.098883 0.008133 0.012842
0 0.371559 0.022901 0.018835 0.025256
0 0.345876 0.355785 0.009417 0.015410
0 0.408587 0.535256 0.024400 0.029536
0 0.425924 0.547456 0.007705 0.009417
0 0.358718 0.515137 0.021403 0.018407
0 0.362356 0.587694 0.018407 0.021403
0 0.382261 0.475542 0.035957 0.029108
0 0.360430 0.449644 0.021403 0.022687
0 0.383331 0.446433 0.031249 0.022259
0 0.496126 0.443918 0.023972 0.017123
0 0.476221 0.431718 0.032105 0.020975
0 0.527803 0.466285 0.018835 0.008133
0 0.530799 0.481267 0.021403 0.013270
0 0.626043 0.557248 0.025256 0.029964
0 0.621335 0.597700 0.030393 0.019263
0 0.629896 0.626595 0.013270 0.016266
0 0.554557 0.631731 0.013270 0.011130
0 0.548350 0.636868 0.011986 0.012842
0 0.501477 0.642433 0.035529 0.017979
0 0.437267 0.621244 0.031249 0.026112
0 0.466804 0.588283 0.038098 0.039810
0 0.497838 0.589353 0.023972 0.018835
0 0.481358 0.603265 0.026968 0.029536
0 0.501477 0.687016 0.016694 0.016694
0 0.664569 0.741594 0.017551 0.020547
0 0.611703 0.729180 0.035957 0.024828
0 0.578100 0.708633 0.037242 0.029964
0 0.568683 0.733247 0.008133 0.016694
0 0.558623 0.734745 0.007705 0.008561
0 0.534652 0.732391 0.018835 0.020975
0 0.507470 0.710987 0.022687 0.032105
0 0.470870 0.718907 0.023115 0.014554
0 0.482214 0.731534 0.016694 0.009845
0 0.480288 0.739668 0.011986 0.008989
0 0.490133 0.720405 0.022259 0.026968
0 0.491203 0.715054 0.007277 0.007705
0 0.479646 0.668609 0.015838 0.021831
0 0.443046 0.652129 0.017123 0.019691
0 0.430632 0.684019 0.026540 0.040666
0 0.465305 0.654697 0.027396 0.019691
0 0.452035 0.665399 0.016266 0.012842
0 0.624759 0.658550 0.035529 0.032533
0 0.673558 0.668737 0.012414 0.016951
0 0.674415 0.574323 0.017551 0.024828
0 0.671632 0.472973 0.011986 0.017123
0 0.671846 0.456279 0.027824 0.018835
0 0.653654 0.412290 0.013698 0.018835
0 0.637173 0.400732 0.014126 0.014554
0 0.654082 0.391957 0.029108 0.032105
0 0.677625 0.338556 0.018835 0.023544
0 0.664783 0.295369 0.006849 0.009845
0 0.677411 0.291731 0.014982 0.027396
0 0.687899 0.222540 0.044519 0.025577
0 0.684046 0.176469 0.029964 0.034673
0 0.682334 0.056504 0.024828 0.017979
0 0.770943 0.124781 0.034245 0.026112
0 0.803476 0.150893 0.010274 0.015838
0 0.769873 0.212320 0.015838 0.017979
0 0.711442 0.189204 0.011130 0.019691
0 0.699670 0.172938 0.012414 0.022259
0 0.727281 0.071487 0.018835 0.022259
0 0.785711 0.051582 0.017551 0.015838
0 0.719147 0.040880 0.017979 0.010702
0 0.687043 0.038526 0.013698 0.020547
0 0.650657 0.068918 0.012842 0.010274
0 0.710800 0.010916 0.016694 0.021831
0 0.716793 0.296177 0.023544 0.015838
0 0.757031 0.306237 0.010702 0.008561
0 0.696888 0.263859 0.012842 0.012842
0 0.812679 0.291683 0.010702 0.011986
0 0.791704 0.452480 0.027824 0.023972
0 0.787209 0.467890 0.018835 0.019691
0 0.815034 0.457616 0.011986 0.013698
0 0.838149 0.444988 0.010274 0.010702
0 0.870040 0.427010 0.027824 0.016694
0 0.911348 0.480732 0.023972 0.023972
0 0.936818 0.490791 0.016694 0.015838
0 0.750396 0.507058 0.011130 0.009845
0 0.688755 0.548580 0.017123 0.014126
0 0.767519 0.514335 0.013698 0.014126
0 0.863833 0.527177 0.019691 0.020975
0 0.842002 0.533598 0.014554 0.011558
0 0.856342 0.542587 0.019263 0.008133
0 0.948804 0.564632 0.016694 0.015410
0 0.901717 0.604656 0.020975 0.022687
0 0.702453 0.588176 0.017123 0.007705
0 0.739052 0.608509 0.025256 0.022687
0 0.695604 0.663087 0.019691 0.018835
0 0.695176 0.681280 0.017979 0.014126
0 0.780574 0.659769 0.026968 0.020119
0 0.784641 0.689520 0.017123 0.019691
0 0.810967 0.730614 0.009845 0.014554
0 0.752536 0.770638 0.021403 0.021831
0 0.711228 0.752017 0.006421 0.005993
0 0.868542 0.721197 0.018835 0.015410
0 0.815248 0.713491 0.006421 0.010274
0 0.834511 0.635156 0.013270 0.007705
0 0.876461 0.676036 0.035529 0.045803
0 0.902787 0.733825 0.013698 0.009845
0 0.926972 0.745168 0.012414 0.008561
0 0.933179 0.758652 0.011130 0.005565
0 0.852489 0.804139 0.014126 0.010274
0 0.887162 0.814413 0.016694 0.017123
0 0.817816 0.800501 0.012414 0.007277
0 0.797483 0.801785 0.025684 0.020975
0 0.814606 0.821904 0.012842 0.019263
0 0.846710 0.829609 0.017979 0.018407
0 0.862121 0.830037 0.017979 0.023544
0 0.936604 0.877290 0.016266 0.011130
0 0.807328 0.885637 0.011986 0.019263
0 0.786567 0.877504 0.010702 0.011558
0 0.706947 0.850322 0.008989 0.006849
0 0.665425 0.860596 0.015838 0.014554
0 0.615342 0.842403 0.044091 0.027824
0 0.588160 0.840691 0.011130 0.007277
0 0.571465 0.881303 0.013698 0.014982
0 0.552630 0.920899 0.010274 0.016266
0 0.518599 0.867605 0.014126 0.012414
0 0.498266 0.886440 0.017123 0.034673
0 0.472583 0.925817 0.032533 0.013698
0 0.458884 0.910406 0.017123 0.017123
0 0.457172 0.872737 0.018835 0.013698
0 0.434271 0.874877 0.014126 0.014554
0 0.417790 0.857754 0.016266 0.021403
0 0.400240 0.836137 0.019691 0.018407
0 0.375840 0.798254 0.011130 0.017123
0 0.364496 0.804460 0.011558 0.010702
0 0.321690 0.797825 0.021831 0.022259
0 0.340525 0.801464 0.020119 0.020975
0 0.352725 0.818158 0.017123 0.022687
0 0.342879 0.827576 0.017123 0.017551
0 0.310774 0.828860 0.011986 0.011558
0 0.297504 0.813664 0.017123 0.018835
0 0.281238 0.811524 0.011986 0.011130
0 0.272891 0.826934 0.025256 0.017979
0 0.291511 0.855828 0.021403 0.014126
0 0.334960 0.867386 0.030393 0.030393
0 0.351654 0.899919 0.023544 0.020119
0 0.329609 0.901631 0.009417 0.010702
0 0.372844 0.921750 0.013698 0.013270
0 0.406233 0.903343 0.052224 0.041522
0 0.370275 0.954283 0.018835 0.026968
0 0.351012 0.951928 0.015410 0.017123
0 0.464449 0.972904 0.029108 0.017123
0 0.435341 0.988592 0.022259 0.022816
0 0.456958 0.995655 0.019263 0.008690
0 0.460811 0.891785 0.052652 0.036385
0 0.484140 0.891143 0.011986 0.010274
0 0.666495 0.887291 0.015410 0.020547
0 0.672060 0.913831 0.016266 0.013698
0 0.705663 0.931595 0.016694 0.018407
0 0.711228 0.947648 0.015838 0.016266
0 0.639313 0.950216 0.011558 0.011986
0 0.642096 0.959206 0.017123 0.013698
0 0.630538 0.975900 0.011130 0.021403
0 0.649801 0.976756 0.020547 0.018835
0 0.650657 0.992659 0.031677 0.014682
0 0.580027 0.989170 0.027396 0.018835
0 0.534652 0.993879 0.015410 0.011130
0 0.729635 0.991803 0.027824 0.016394
0 0.768803 0.915971 0.018835 0.017123
0 0.775224 0.943153 0.023115 0.017551
0 0.788280 0.924104 0.019263 0.015410
0 0.813963 0.925817 0.024400 0.018835
0 0.845426 0.924960 0.008561 0.012842
0 0.863405 0.927529 0.011986 0.008561
0 0.897650 0.899063 0.035957 0.034673
0 0.972561 0.606326 0.016694 0.021403
0 0.874749 0.623448 0.012842 0.008561
0 0.851419 0.624732 0.012414 0.011986
0 0.851205 0.603971 0.024828 0.021831
0 0.872394 0.606112 0.011558 0.019263
0 0.969565 0.741808 0.011558 0.009845
0 0.816104 0.666196 0.007705 0.007277
0 0.981550 0.351569 0.017551 0.014982
0 0.972347 0.290570 0.016266 0.011986
0 0.953298 0.266812 0.014126 0.016694
0 0.955439 0.252900 0.008989 0.007705
0 0.876889 0.280510 0.008561 0.008133
0 0.884594 0.322889 0.005137 0.010702
0 0.918411 0.313043 0.012842 0.006421
0 0.822525 0.289714 0.012842 0.011130
0 0.881384 0.138179 0.016694 0.019691
0 0.985617 0.089679 0.014554 0.011558
0 0.870682 0.047301 0.015838 0.014126
0 0.304567 0.053722 0.013698 0.009845
0 0.302427 0.065494 0.009417 0.016266
0 0.283378 0.058431 0.014982 0.016694
0 0.252986 0.074055 0.020119 0.014554
0 0.233723 0.047301 0.024400 0.014126
0 0.204186 0.043877 0.014982 0.010702
0 0.199264 0.022901 0.011986 0.018407
0 0.140619 0.009417 0.027396 0.018834
0 0.113865 0.007705 0.028680 0.013698
0 0.006100 0.069346 0.012200 0.011986
0 0.004430 0.129703 0.008860 0.018835
0 0.003360 0.177218 0.006720 0.016266
0 0.086769 0.180001 0.014554 0.012414
0 0.115663 0.168871 0.008133 0.008133
0 0.122298 0.143401 0.017123 0.019691
0 0.138778 0.165233 0.013270 0.016266
0 0.167245 0.139977 0.012842 0.021403
0 0.177518 0.094602 0.025684 0.040238
0 0.220753 0.148966 0.015410 0.017123
0 0.192072 0.229656 0.034245 0.034673
0 0.178374 0.225162 0.005993 0.006849
0 0.113523 0.219383 0.026968 0.016694
0 0.247078 0.227088 0.016694 0.017551
0 0.269980 0.177432 0.011986 0.015838
0 0.308292 0.136338 0.048371 0.045803
0 0.318351 0.195197 0.017123 0.022259
0 0.287316 0.216600 0.017551 0.020547
0 0.285818 0.256624 0.010274 0.012414
0 0.278755 0.284020 0.017551 0.032105
0 0.219896 0.243354 0.008561 0.008989
0 0.182227 0.314841 0.011986 0.011558
0 0.136852 0.334960 0.010274 0.008989
0 0.213047 0.362356 0.029108 0.021831
0 0.327983 0.351226 0.014126 0.019263
0 0.244938 0.405376 0.025256 0.026540
0 0.195069 0.427422 0.014554 0.015838
0 0.116091 0.440692 0.020119 0.018407
0 0.223321 0.450965 0.008561 0.010702
0 0.208125 0.470870 0.008989 0.011986
0 0.229956 0.478361 0.019263 0.017551
0 0.296306 0.477291 0.011558 0.018835
0 0.328197 0.458242 0.015410 0.008989
0 0.201062 0.541073 0.031677 0.057361
0 0.177518 0.520312 0.005993 0.019263
0 0.175806 0.550704 0.014554 0.015838
0 0.116733 0.552630 0.013698 0.014554
0 0.160824 0.618552 0.028252 0.027396
0 0.135140 0.624973 0.012842 0.008561
0 0.217114 0.624973 0.018407 0.012842
0 0.272120 0.587518 0.021403 0.022687
0 0.326484 0.597363 0.024828 0.022687
0 0.306365 0.608493 0.006849 0.009845
0 0.314284 0.648303 0.026112 0.027824
0 0.269766 0.641240 0.012414 0.016266
0 0.245794 0.694962 0.029536 0.039810
0 0.265913 0.681906 0.020119 0.019691
0 0.339326 0.731133 0.017123 0.016266
0 0.351954 0.737768 0.008133 0.009845
0 0.259278 0.756603 0.038526 0.029536
0 0.253071 0.720003 0.012414 0.014554
0 0.230384 0.670776 0.008133 0.016266
0 0.202560 0.737340 0.023544 0.024400
0 0.147554 0.665853 0.013698 0.021831
0 0.131715 0.710372 0.014554 0.018407
0 0.147126 0.736270 0.016266 0.016266
0 0.089551 0.716793 0.007277 0.006421
0 0.046102 0.666067 0.012842 0.005137
0 0.042464 0.645520 0.010702 0.011986
0 0.041394 0.720860 0.018835 0.018835
0 0.056804 0.718291 0.005993 0.012842
0 0.104319 0.725782 0.020547 0.020119
0 0.129147 0.755747 0.016266 0.013270
0 0.130217 0.766662 0.008133 0.011986
0 0.146912 0.756603 0.017551 0.013270
0 0.078849 0.800907 0.017551 0.020547
0 0.139420 0.830230 0.011986 0.008133
0 0.146055 0.801978 0.020975 0.019263
0 0.180086 0.769873 0.021403 0.034673
0 0.205556 0.774368 0.014126 0.014554
0 0.193785 0.777150 0.011986 0.021831
0 0.203630 0.810753 0.023115 0.019691
0 0.188220 0.827876 0.013698 0.017123
0 0.227816 0.832156 0.016694 0.018835
0 0.138136 0.917255 0.020547 0.016266
0 0.186507 0.921322 0.014554 0.015838
0 0.161038 0.902701 0.025256 0.018835
0 0.144129 0.857112 0.028252 0.033817
0 0.089123 0.863319 0.009845 0.010274
0 0.071572 0.860323 0.020975 0.023115
0 0.044390 0.842130 0.013698 0.015838
0 0.014640 0.850263 0.013270 0.015838
0 0.036899 0.875947 0.015838 0.022687
0 0.038825 0.940371 0.010274 0.016266
0 0.017636 0.989384 0.018407 0.014126
0 0.063011 0.956423 0.024400 0.030393
0 0.091691 0.963700 0.038954 0.025256
0 0.148624 0.983177 0.026968 0.030821
0 0.195069 0.993879 0.006849 0.006849
0 0.226103 0.994799 0.020119 0.010402
0 0.238731 0.965198 0.030821 0.034245
0 0.224177 0.915543 0.022259 0.019691
0 0.232952 0.909978 0.013270 0.017979
0 0.263559 0.910192 0.046231 0.026968
0 0.271906 0.930739 0.007277 0.009845
0 0.254570 0.928385 0.011986 0.015410
0 0.235735 0.929027 0.024828 0.016694
0 0.118873 0.981465 0.020547 0.013698
0 0.118017 0.994521 0.016266 0.007277
0 0.092119 0.996725 0.013270 0.006549
0 0.079920 0.997581 0.011986 0.004837
0 0.048671 0.997581 0.020547 0.004837
0 0.316425 0.972047 0.025256 0.023972
0 0.366080 0.997153 0.014982 0.005693
0 0.342965 0.993729 0.019263 0.012542
0 0.296306 0.988314 0.020975 0.016266
0 0.273832 0.988164 0.025684 0.023672
0 0.478447 0.809597 0.010274 0.013270
0 0.373357 0.848123 0.009845 0.014126
0 0.491503 0.780275 0.016694 0.013698
0 0.525320 0.812380 0.014982 0.013698
0 0.526390 0.813878 0.023972 0.029536
0 0.541800 0.794615 0.011130 0.016694
0 0.539874 0.766363 0.026968 0.016694
0 0.585891 0.754163 0.017123 0.035957
0 0.564060 0.778777 0.029964 0.032961
0 0.500706 0.815804 0.017979 0.018835
0 0.509910 0.825436 0.008989 0.017551
0 0.493643 0.835281 0.024400 0.021831
0 0.473524 0.823081 0.009845 0.007705
0 0.267492 0.881218 0.009417 0.007705
0 0.373438 0.663333 0.009845 0.011130
0 0.378360 0.552251 0.011130 0.010702
0 0.135140 0.082402 0.006849 0.008989
0 0.084842 0.280382 0.020119 0.017123
0 0.085912 0.312487 0.011130 0.017979
0 0.054664 0.315269 0.014554 0.019263
0 0.063653 0.320406 0.011130 0.005565
0 0.064295 0.311202 0.021831 0.030821
0 0.053594 0.371131 0.026968 0.017123
0 0.070930 0.397029 0.011986 0.013270
0 0.058944 0.391892 0.013698 0.010702
0 0.062797 0.495270 0.009417 0.010274
0 0.091905 0.522880 0.008561 0.009845
0 0.055948 0.540645 0.009417 0.008561
0 0.070930 0.557981 0.009417 0.012414
0 0.025983 0.549848 0.018835 0.016694
0 0.046959 0.472797 0.011986 0.008989
0 0.718805 0.426266 0.013270 0.008561
0 0.755832 0.528359 0.006849 0.009845
0 0.884466 0.543127 0.007277 0.006849
0 0.875476 0.562176 0.002996 0.008989
0 0.597235 0.597278 0.009845 0.010702
0 0.701725 0.323948 0.008811 0.009738
0 0.792617 0.288241 0.009738 0.007884
0 0.912957 0.253982 0.012057 0.011593
0 0.951447 0.150627 0.014840 0.006956
0 0.953766 0.124194 0.013912 0.005101
0 0.984604 0.466385 0.011593 0.008347
0 0.060610 0.275366 0.009275 0.010202