0 0.122204 0.383973 0.031720 0.040067
0 0.382638 0.282137 0.041736 0.030050
0 0.234172 0.253203 0.035893 0.038397
0 0.203287 0.275323 0.039232 0.040902
0 0.311384 0.552035 0.028381 0.028381
0 0.334756 0.561217 0.021703 0.030050
0 0.339347 0.570399 0.074290 0.068447
0 0.636509 0.531584 0.054257 0.070952
0 0.639013 0.516141 0.029215 0.023372
0 0.637761 0.547861 0.033389 0.021703
0 0.759213 0.501951 0.020868 0.020033
0 0.738345 0.519898 0.027546 0.032554
0 0.455791 0.706876 0.030050 0.034224
0 0.572235 0.720649 0.035893 0.030050
0 0.896108 0.713856 0.020868 0.030050
0 0.716642 0.865359 0.029215 0.024207
0 0.627327 0.945492 0.039232 0.045910
0 0.652369 0.976795 0.050918 0.041736
0 0.745023 0.924624 0.039232 0.044240
0 0.875240 0.961770 0.057596 0.063439
0 0.812218 0.971369 0.051753 0.037563
0 0.767143 0.952588 0.031720 0.046745
0 0.963606 0.600751 0.022538 0.030885
0 0.900167 0.454674 0.032554 0.032554
0 0.827963 0.269366 0.043406 0.040902
0 0.822120 0.203840 0.060100 0.066778
0 0.810851 0.186311 0.045910 0.028381
0 0.560434 0.198414 0.085977 0.136060
0 0.666861 0.260601 0.086811 0.115192
0 0.618865 0.219699 0.029215 0.045075
0 0.559182 0.190484 0.025042 0.031720
0 0.537062 0.235977 0.027546 0.027546
0 0.678130 0.248915 0.029215 0.028381
0 0.683556 0.213856 0.033389 0.035058
0 0.631803 0.290234 0.043406 0.022538
0 0.648080 0.272287 0.044240 0.030050
0 0.025376 0.991653 0.031720 0.016694
0 0.578201 0.245453 0.028117 0.026360
0 0.580836 0.221290 0.021088 0.020209
0 0.532071 0.191855 0.014937 0.026360
0 0.654644 0.227001 0.017573 0.022845