0 0.302786 0.620784 0.055648 0.041094
0 0.553653 0.437495 0.042176 0.046569
0 0.597147 0.423875 0.025481 0.021088
0 0.731581 0.449796 0.028996 0.034268
0 0.389783 0.618059 0.018452 0.024602
0 0.496980 0.542494 0.014937 0.015816
0 0.458758 0.502515 0.012301 0.016694
0 0.399314 0.670011 0.050083 0.056504
0 0.245425 0.676860 0.018835 0.020547
0 0.122785 0.649464 0.029536 0.031677
0 0.096459 0.631271 0.041094 0.039810
0 0.114438 0.705968 0.024828 0.023972
0 0.233867 0.775957 0.033389 0.022687
0 0.062428 0.817265 0.017551 0.021403
0 0.091108 0.769964 0.026968 0.040666
0 0.120430 0.757764 0.043663 0.046231
0 0.374272 0.842521 0.025684 0.018835
0 0.343452 0.872699 0.048799 0.042378
0 0.234723 0.988164 0.029964 0.023672
0 0.700029 0.932880 0.030821 0.027824
0 0.583810 0.883866 0.010702 0.014554
0 0.769803 0.843200 0.033389 0.032533
0 0.863549 0.818373 0.021403 0.020547
0 0.832943 0.842558 0.022687 0.022687
0 0.897152 0.927101 0.013270 0.019691
0 0.936106 0.927743 0.012414 0.015838
0 0.919198 0.942939 0.042806 0.045375
0 0.938246 0.989020 0.020975 0.021960
0 0.960078 0.608407 0.019263 0.020975
0 0.721860 0.620393 0.077051 0.065494
0 0.635391 0.728907 0.011130 0.012842
0 0.745404 0.158170 0.033389 0.034673
0 0.727425 0.241856 0.039382 0.041094
0 0.980395 0.141475 0.039210 0.083472
0 0.900860 0.206113 0.119858 0.074911
0 0.889517 0.193057 0.045803 0.035957
0 0.864047 0.220239 0.029964 0.034673
0 0.947305 0.202046 0.016694 0.022259
0 0.883738 0.024614 0.030821 0.017551
0 0.456958 0.126707 0.026540 0.022259
0 0.339027 0.072985 0.012414 0.014126
0 0.401524 0.181927 0.015838 0.017979
0 0.370275 0.252986 0.024400 0.036813
0 0.345234 0.314413 0.044519 0.044947
0 0.291940 0.192629 0.057789 0.043663
0 0.280382 0.190060 0.026968 0.030821
0 0.213390 0.171654 0.017123 0.022259
0 0.172938 0.251702 0.017551 0.024828
0 0.078550 0.110226 0.019691 0.026968
0 0.036599 0.362142 0.035957 0.035957
0 0.154745 0.402380 0.041950 0.041094
0 0.172510 0.410513 0.104020 0.106160
0 0.026219 0.499979 0.052438 0.054792
0 0.013056 0.486495 0.023972 0.020119
0 0.153033 0.508112 0.127563 0.136980
0 0.179145 0.537220 0.061641 0.057361
0 0.175720 0.494200 0.038526 0.026112
0 0.042185 0.902087 0.022538 0.032554
0 0.980715 0.814634 0.014392 0.016694
0 0.987335 0.809165 0.025330 0.052962
0 0.989062 0.736342 0.021876 0.022451
0 0.982442 0.662368 0.014392 0.013816