0 0.762437 0.499165 0.136895 0.160267
0 0.895159 0.497496 0.028381 0.030050
0 0.853422 0.323873 0.168614 0.150250
0 0.923790 0.066778 0.152420 0.133556
0 0.649750 0.058431 0.145242 0.116861
0 0.479466 0.057596 0.198664 0.115192
0 0.278297 0.103506 0.183639 0.173623
0 0.116361 0.226210 0.176962 0.188648
0 0.304174 0.327212 0.205342 0.207012
0 0.228214 0.404841 0.043406 0.041736
0 0.147245 0.543406 0.161937 0.171953
0 0.304174 0.450751 0.031720 0.030050
0 0.390150 0.511686 0.046745 0.051753
0 0.481970 0.380634 0.030050 0.033389
0 0.554591 0.389816 0.041736 0.038397
0 0.557930 0.459933 0.232053 0.118531
0 0.572955 0.527546 0.028381 0.043406
0 0.618030 0.558431 0.041736 0.038397
0 0.423539 0.580968 0.046745 0.046745
0 0.683973 0.653589 0.060100 0.055092
0 0.689816 0.611853 0.031720 0.028381
0 0.855927 0.686144 0.170284 0.150250
0 0.784975 0.773790 0.041736 0.035058
0 0.795826 0.806344 0.040067 0.016694
0 0.769950 0.851419 0.045075 0.053422
0 0.783305 0.909850 0.041736 0.023372
0 0.698164 0.934057 0.035058 0.031720
0 0.901002 0.828881 0.066778 0.055092
0 0.696494 0.712855 0.041736 0.036728
0 0.478631 0.616027 0.033389 0.036728
0 0.265776 0.675292 0.035058 0.031720
0 0.269950 0.797162 0.033389 0.035058
0 0.146411 0.983306 0.026711 0.023372
0 0.407679 0.740401 0.175292 0.155259
0 0.517028 0.822204 0.126878 0.141903
0 0.300000 0.963272 0.146912 0.073456
0 0.562938 0.945743 0.222037 0.108514
0 0.604674 0.330551 0.028381 0.026711
0 0.621369 0.289649 0.028381 0.028381
0 0.548748 0.215359 0.220367 0.166945