0 0.582137 0.285476 0.020033 0.023372
0 0.459476 0.560279 0.015900 0.015105
0 0.282197 0.522518 0.012720 0.014310
0 0.251987 0.555112 0.015900 0.012720
0 0.263912 0.551932 0.012720 0.012720
0 0.682467 0.404066 0.078703 0.079498
0 0.546526 0.374652 0.007155 0.007950
0 0.781044 0.373857 0.045314 0.044519
0 0.784621 0.467267 0.096987 0.096192
0 0.723011 0.623708 0.100962 0.116066
0 0.471003 0.758854 0.078703 0.079498
0 0.421715 0.690089 0.051673 0.054853
0 0.516714 0.835997 0.052468 0.055648
0 0.350962 0.891645 0.054853 0.054058
0 0.221162 0.957628 0.088242 0.082677
0 0.142062 0.851499 0.015900 0.011925
0 0.316559 0.787106 0.008745 0.011925
0 0.153987 0.928611 0.017489 0.019874
0 0.156372 0.944511 0.014310 0.007155
0 0.131330 0.943716 0.013515 0.010335
0 0.111853 0.869783 0.011130 0.013515
0 0.110661 0.532693 0.018284 0.009540
0 0.010891 0.618153 0.012720 0.018284
0 0.043883 0.536668 0.013515 0.011130
0 0.172669 0.580392 0.007155 0.015900
0 0.214802 0.646772 0.015105 0.016694
0 0.229112 0.604639 0.091422 0.097782
0 0.038437 0.392549 0.076874 0.130376
0 0.089196 0.403281 0.008745 0.010335
0 0.135702 0.292183 0.011130 0.010335
0 0.088004 0.292581 0.012720 0.007950
0 0.276811 0.200761 0.011925 0.011925
0 0.319342 0.198774 0.009540 0.017489
0 0.337626 0.110929 0.020669 0.015105
0 0.279195 0.096987 0.013515 0.012720
0 0.197313 0.076715 0.016694 0.013515
0 0.439781 0.032594 0.016694 0.014310
0 0.245806 0.123221 0.050083 0.055648
0 0.099133 0.013912 0.011130 0.007155
0 0.143255 0.020669 0.073933 0.041338
0 0.030440 0.198943 0.012243 0.009460
0 0.014023 0.179466 0.012799 0.012799
0 0.007624 0.153868 0.006678 0.010573
0 0.010684 0.138843 0.009460 0.008347
0 0.077741 0.223706 0.057874 0.093489
0 0.106400 0.202282 0.013912 0.012799
0 0.099165 0.557770 0.010573 0.008904
0 0.046856 0.548031 0.009460 0.008347
0 0.084697 0.515199 0.010573 0.008347
0 0.092209 0.509078 0.011130 0.009460
0 0.836004 0.545806 0.008904 0.012799
0 0.837952 0.570013 0.007234 0.007791
0 0.826544 0.622322 0.010017 0.007791
0 0.977073 0.693274 0.009460 0.013912
0 0.920590 0.460100 0.011130 0.011130
0 0.939789 0.445910 0.008347 0.009460
0 0.945075 0.395548 0.011130 0.008904
0 0.868837 0.455648 0.008904 0.011130
0 0.877462 0.492654 0.011686 0.008347
0 0.855203 0.156928 0.055092 0.052309
0 0.820979 0.072621 0.057874 0.055092
0 0.760323 0.064552 0.060100 0.060100
0 0.829327 0.009460 0.063439 0.018920
0 0.983751 0.088481 0.012799 0.012243
0 0.901669 0.092933 0.011130 0.007791
0 0.944519 0.149972 0.010017 0.013912
0 0.314524 0.853422 0.007234 0.006678
0 0.300334 0.821981 0.012243 0.008347
0 0.509572 0.994769 0.008904 0.008904
0 0.768058 0.982526 0.009460 0.006678
0 0.951475 0.861770 0.008347 0.008904
0 0.820701 0.693141 0.008347 0.009460
0 0.742263 0.730700 0.008989 0.009417
0 0.735414 0.736050 0.008133 0.007277
0 0.782287 0.745040 0.007705 0.006421
0 0.783999 0.697097 0.054792 0.070631
0 0.815462 0.797906 0.006421 0.008561
0 0.808185 0.738619 0.006421 0.003853
0 0.794273 0.693458 0.020547 0.013698
0 0.571251 0.629891 0.009417 0.011558
0 0.555841 0.399592 0.007705 0.012414
0 0.560122 0.388035 0.009417 0.006421
0 0.516245 0.403017 0.010702 0.005565
0 0.508754 0.503398 0.011130 0.006849
0 0.127448 0.693865 0.008347 0.007063
0 0.126485 0.899335 0.006421 0.007063
0 0.321899 0.807125 0.005565 0.006421
0 0.315478 0.812262 0.001284 0.007277
0 0.454598 0.867268 0.008989 0.008561
0 0.417357 0.930836 0.006421 0.006421
0 0.424206 0.635455 0.006421 0.008989
0 0.512173 0.708654 0.006849 0.006421
0 0.505538 0.604421 0.008133 0.007705
0 0.738619 0.528225 0.005993 0.005137
0 0.727917 0.443041 0.003425 0.009417
0 0.795123 0.426132 0.007705 0.005565
0 0.448392 0.453956 0.009417 0.006421
0 0.297071 0.433409 0.007277 0.008133
0 0.644651 0.152337 0.013216 0.012521