0 0.393489 0.200334 0.040067 0.023372
0 0.634725 0.097663 0.031720 0.038397
0 0.456093 0.099332 0.031720 0.025042
0 0.451085 0.061770 0.068447 0.053422
0 0.067112 0.037563 0.045075 0.051753
0 0.024541 0.050918 0.020033 0.028381
0 0.032888 0.015860 0.026711 0.021703
0 0.500508 0.285149 0.023227 0.019598
0 0.465667 0.297851 0.046454 0.034841
0 0.500145 0.320716 0.041373 0.038470
0 0.433730 0.317449 0.046454 0.027582
0 0.430101 0.341402 0.013065 0.023227
0 0.451876 0.342854 0.018872 0.024679
0 0.470385 0.347572 0.048632 0.048632
0 0.285294 0.408180 0.039922 0.030486
0 0.263882 0.303295 0.043551 0.034115
0 0.283480 0.358823 0.107425 0.097264
0 0.339733 0.378421 0.019598 0.017420
0 0.248276 0.640669 0.022501 0.019598
0 0.217428 0.766604 0.136459 0.120491
0 0.258075 0.658453 0.021775 0.018872
0 0.272229 0.641758 0.026856 0.030486
0 0.305981 0.650105 0.050809 0.047180
0 0.507404 0.650468 0.023953 0.023227
0 0.500145 0.788379 0.016694 0.021775
0 0.524461 0.789831 0.029034 0.034841
0 0.554221 0.763700 0.026131 0.037744
0 0.567286 0.777491 0.034841 0.027582
0 0.564383 0.796001 0.021775 0.018146
0 0.527727 0.758619 0.025405 0.027582
0 0.519743 0.734304 0.025405 0.021050
0 0.561479 0.741199 0.060971 0.050809
0 0.553132 0.705270 0.047180 0.023953
0 0.504863 0.622523 0.017420 0.019598
0 0.544059 0.648654 0.098715 0.095086
0 0.211984 0.976337 0.025405 0.025405
0 0.130689 0.975612 0.019598 0.016694
0 0.138673 0.971656 0.067504 0.056688
0 0.178958 0.988677 0.063875 0.019598
0 0.130326 0.612688 0.027582 0.021050
0 0.085686 0.599051 0.015243 0.014517
0 0.021812 0.620463 0.035567 0.039922
0 0.005643 0.180010 0.011286 0.039196
0 0.770342 0.205778 0.071133 0.073311
0 0.784133 0.078029 0.011614 0.013791
0 0.915874 0.058431 0.013791 0.013791
0 0.758365 0.123757 0.010888 0.012339
0 0.764172 0.135371 0.016694 0.009436
0 0.820425 0.133556 0.014517 0.010162
0 0.802279 0.156420 0.021775 0.021050
0 0.891921 0.262394 0.018146 0.021050
0 0.914423 0.222109 0.016694 0.020324
0 0.888655 0.165493 0.026131 0.023227
0 0.910430 0.178921 0.043551 0.042825
0 0.859621 0.154243 0.024679 0.025405
0 0.829136 0.154243 0.031937 0.039922
0 0.841838 0.180736 0.066052 0.065326
0 0.890107 0.195616 0.029034 0.029760
0 0.978805 0.144807 0.042389 0.050083
0 0.922407 0.113595 0.106700 0.109603
0 0.797561 0.104885 0.122668 0.124120
0 0.909705 0.245699 0.056616 0.054439
0 0.912971 0.211222 0.054439 0.018872
0 0.704653 0.041373 0.044277 0.039196
0 0.612107 0.009073 0.029034 0.018146
0 0.704653 0.013428 0.061697 0.023953
0 0.662191 0.009436 0.071133 0.018872
0 0.849096 0.970168 0.050083 0.045003
0 0.823329 0.983269 0.049358 0.033462
0 0.753284 0.963635 0.038470 0.029034
0 0.754736 0.989766 0.022501 0.015969
0 0.772882 0.979604 0.026856 0.024679
0 0.740945 0.994121 0.016694 0.008710
0 0.705741 0.934964 0.034841 0.035567
0 0.735501 0.834071 0.018872 0.019598
0 0.698120 0.778181 0.060245 0.063149
0 0.687958 0.836249 0.097989 0.067504
0 0.700298 0.882340 0.082021 0.069681
0 0.761632 0.908471 0.046454 0.050809
0 0.730420 0.927343 0.020324 0.030486
0 0.786673 0.879437 0.023953 0.026131
0 0.756188 0.859113 0.032663 0.034841
0 0.775423 0.854758 0.039196 0.046454
0 0.760543 0.819917 0.038470 0.037744
0 0.742034 0.775641 0.046454 0.053713
0 0.775423 0.801771 0.034841 0.030486
0 0.795577 0.776794 0.016307 0.013661
0 0.775756 0.719936 0.058853 0.055536
0 0.844741 0.558594 0.016694 0.019598
0 0.856355 0.586539 0.013791 0.011614
0 0.875953 0.592346 0.016694 0.017420
0 0.878130 0.570571 0.019598 0.021775
0 0.915148 0.576014 0.016694 0.013791
0 0.892647 0.559683 0.038470 0.042099
0 0.847282 0.565853 0.062423 0.054439
0 0.854177 0.627187 0.084924 0.068230
0 0.807723 0.601056 0.041373 0.043551
0 0.795384 0.650051 0.050083 0.047180
0 0.816070 0.672552 0.029034 0.019598
0 0.778576 0.678216 0.038243 0.032378
0 0.811352 0.690335 0.031211 0.018872
0 0.777792 0.775101 0.026968 0.029964
0 0.772655 0.751985 0.039810 0.022259
0 0.955225 0.692479 0.062497 0.058645
0 0.957365 0.640469 0.019691 0.023115
0 0.925902 0.608792 0.025256 0.023972
0 0.908994 0.599803 0.017979 0.024828
0 0.873464 0.696117 0.023972 0.030821
0 0.904713 0.701254 0.024828 0.031677
0 0.895296 0.671504 0.020547 0.014982
0 0.864903 0.672146 0.045375 0.034245
0 0.987886 0.647104 0.024228 0.054364
0 0.910064 0.723728 0.037242 0.029536
0 0.902359 0.616712 0.017551 0.022687
0 0.920123 0.649673 0.051368 0.060357
0 0.993072 0.102671 0.013856 0.041736