0 0.115491 0.073997 0.118949 0.125864
0 0.665975 0.304979 0.110650 0.139696
0 0.733057 0.204011 0.031812 0.034578
0 0.856155 0.021438 0.062241 0.042876
0 0.448133 0.652835 0.048409 0.049793
0 0.602351 0.723375 0.074689 0.085754
0 0.942946 0.746196 0.114108 0.175657
0 0.948824 0.341632 0.029046 0.038728
0 0.888658 0.219225 0.033195 0.031812
0 0.381743 0.478562 0.034578 0.055325
0 0.688797 0.434993 0.065007 0.059474
0 0.625864 0.910097 0.041494 0.047026
0 0.784924 0.962656 0.047026 0.047026
0 0.908022 0.968880 0.069156 0.029046