0 0.830050 0.202003 0.048414 0.050083
0 0.451085 0.130217 0.041736 0.040067
0 0.413523 0.131052 0.016694 0.011686
0 0.348414 0.085977 0.020033 0.011686
0 0.328381 0.106010 0.023372 0.021703
0 0.317529 0.140234 0.018364 0.030050
0 0.274124 0.123539 0.045075 0.040067
0 0.285810 0.081803 0.028381 0.020033
0 0.227379 0.136895 0.021703 0.020033
0 0.193155 0.175292 0.043406 0.050083
0 0.219866 0.207846 0.026711 0.031720
0 0.089649 0.194491 0.083472 0.075125
0 0.251586 0.370618 0.093489 0.053422
0 0.290818 0.423205 0.078464 0.045075
0 0.557095 0.433222 0.056761 0.058431
0 0.618865 0.595159 0.050083 0.051753
0 0.635559 0.419032 0.070117 0.106845
0 0.558765 0.530050 0.113523 0.071786
0 0.500334 0.624374 0.056761 0.046745
0 0.406010 0.588481 0.055092 0.071786
0 0.151419 0.636060 0.040067 0.036728
0 0.125543 0.676962 0.065109 0.065109
0 0.221536 0.771285 0.040067 0.043406
0 0.310017 0.770451 0.033389 0.038397
0 0.231553 0.902337 0.053422 0.048414
0 0.154758 0.844741 0.066778 0.060100
0 0.097162 0.845576 0.028381 0.021703
0 0.051252 0.767947 0.030050 0.026711
0 0.036227 0.800501 0.030050 0.041736
0 0.077963 0.869783 0.023372 0.026711
0 0.048748 0.937396 0.025042 0.031720
0 0.096327 0.894825 0.040067 0.046745
0 0.086310 0.941569 0.046745 0.046745
0 0.012270 0.681970 0.024540 0.035058
0 0.581302 0.939900 0.168614 0.120200
0 0.545409 0.948247 0.066778 0.070117