0 0.391201 0.154822 0.147208 0.133672
0 0.536717 0.064298 0.150592 0.128596
0 0.707614 0.072758 0.157360 0.145516
0 0.946193 0.129442 0.103215 0.255499
0 0.915736 0.502538 0.072758 0.074450
0 0.861590 0.692893 0.194585 0.208122
0 0.916836 0.937394 0.166328 0.125212
0 0.902200 0.845178 0.045685 0.045685
0 0.372589 0.542301 0.032149 0.028765
0 0.543486 0.606599 0.059222 0.018613
0 0.556176 0.544839 0.047377 0.030457
0 0.490186 0.533841 0.023689 0.038917
0 0.458037 0.585448 0.027073 0.016920
0 0.573942 0.264805 0.123519 0.116751
0 0.139932 0.323181 0.074450 0.071066
0 0.020897 0.542301 0.041794 0.120135
0 0.623858 0.697970 0.033841 0.035533
0 0.958037 0.402707 0.049069 0.027073
0 0.329442 0.014382 0.111675 0.028764