0 0.891157 0.992931 0.017123 0.013611
0 0.983579 0.890191 0.014928 0.015367
0 0.988848 0.878117 0.017562 0.017562
0 0.944283 0.854408 0.023270 0.022831
0 0.941869 0.832455 0.023709 0.021075
0 0.940551 0.811161 0.023709 0.021514
0 0.957675 0.819283 0.015806 0.019319
0 0.921013 0.749912 0.011855 0.010537
0 0.867448 0.725764 0.012733 0.014050
0 0.815639 0.741351 0.020636 0.021514
0 0.829689 0.756279 0.025904 0.023270
0 0.858448 0.740472 0.007903 0.009220
0 0.855155 0.786135 0.012733 0.009220
0 0.858667 0.782403 0.034686 0.036003
0 0.838690 0.775597 0.021075 0.025904
0 0.856033 0.749693 0.013611 0.010098
0 0.851862 0.758254 0.013172 0.008781
0 0.722559 0.836626 0.009220 0.008342
0 0.723217 0.899192 0.007903 0.007903
0 0.923867 0.830040 0.005269 0.005708
0 0.785783 0.683834 0.005708 0.006586
0 0.762294 0.637733 0.007903 0.008342
0 0.939673 0.622366 0.017562 0.017123
0 0.950430 0.633562 0.016245 0.014928
0 0.949772 0.557385 0.009659 0.010098
0 0.969310 0.503381 0.018880 0.018880
0 0.991043 0.531700 0.009659 0.007025
0 0.762513 0.583070 0.014489 0.013172
0 0.774587 0.574069 0.017562 0.018001
0 0.779856 0.533676 0.009659 0.007464
0 0.785344 0.533895 0.035564 0.032490
0 0.791272 0.515016 0.014050 0.009659
0 0.687215 0.545091 0.014928 0.011855
0 0.770636 0.482086 0.014928 0.019319
0 0.836714 0.470671 0.018880 0.018440
0 0.990604 0.412276 0.017562 0.012294
0 0.701045 0.440595 0.020636 0.019758
0 0.756805 0.422155 0.024148 0.022392
0 0.730681 0.396470 0.033368 0.028978
0 0.726730 0.415349 0.009659 0.008781
0 0.742975 0.421935 0.017562 0.022831
0 0.710704 0.341588 0.015367 0.013172
0 0.701045 0.317220 0.007464 0.008342
0 0.694898 0.259264 0.008342 0.006586
0 0.799614 0.302511 0.018440 0.020197
0 0.834299 0.297901 0.012294 0.012733
0 0.836275 0.314805 0.022392 0.018440
0 0.867009 0.243238 0.006586 0.007903
0 0.872058 0.198455 0.012294 0.012294
0 0.921233 0.267606 0.018440 0.017123
0 0.932429 0.256410 0.019758 0.014050
0 0.962504 0.300536 0.017562 0.022392
0 0.969529 0.287144 0.017562 0.019319
0 0.708070 0.209651 0.027661 0.029417
0 0.772831 0.201747 0.021953 0.024148
0 0.803785 0.113058 0.011855 0.012733
0 0.871619 0.088690 0.012294 0.014050
0 0.936161 0.057956 0.014050 0.014050
0 0.947357 0.066737 0.018001 0.015806
0 0.986740 0.055760 0.026519 0.025465
0 0.981384 0.084958 0.018440 0.018001
0 0.994995 0.073762 0.008781 0.036003
0 0.910696 0.008781 0.036881 0.017562
0 0.884352 0.003512 0.018440 0.007024
0 0.827274 0.011196 0.024587 0.022392
0 0.752634 0.015806 0.049175 0.031612
0 0.612355 0.061468 0.017123 0.014928
0 0.596549 0.054663 0.016245 0.018001
0 0.603574 0.030734 0.018880 0.026344
0 0.625527 0.043686 0.030295 0.028539
0 0.460441 0.093300 0.023270 0.020636
0 0.440244 0.084519 0.026783 0.025026
0 0.422023 0.100325 0.020197 0.020636
0 0.349798 0.056200 0.024148 0.020197
0 0.375922 0.082104 0.007903 0.011416
0 0.404900 0.157622 0.015806 0.017562
0 0.482833 0.250044 0.025026 0.028539
0 0.405339 0.366175 0.013172 0.009659
0 0.403802 0.377590 0.012733 0.014050
0 0.341236 0.367273 0.052687 0.044345
0 0.430146 0.427863 0.020636 0.018880
0 0.574157 0.406349 0.021514 0.019758
0 0.606647 0.424131 0.022392 0.028100
0 0.667764 0.496224 0.006586 0.007903
0 0.633518 0.475588 0.012733 0.017562
0 0.594002 0.517299 0.012733 0.011416
0 0.474139 0.502590 0.019758 0.021514
0 0.492360 0.511372 0.020197 0.018880
0 0.501361 0.497322 0.014489 0.013611
0 0.487531 0.495566 0.015806 0.015367
0 0.538022 0.504786 0.061468 0.026783
0 0.553609 0.525422 0.019758 0.017123
0 0.525290 0.548472 0.059712 0.057956
0 0.525290 0.568449 0.017562 0.013611
0 0.531437 0.533544 0.007903 0.003512
0 0.563839 0.548472 0.012294 0.012294
0 0.391728 0.557253 0.009659 0.012294
0 0.334211 0.529593 0.013172 0.007903
0 0.354408 0.566693 0.013172 0.008342
0 0.357043 0.580304 0.014928 0.012733
0 0.387557 0.596549 0.010098 0.010976
0 0.377239 0.584475 0.017562 0.017562
0 0.426853 0.559888 0.027222 0.024587
0 0.454294 0.567132 0.018001 0.021514
0 0.450562 0.552643 0.018440 0.019758
0 0.469442 0.558351 0.020197 0.015367
0 0.455172 0.589305 0.010976 0.016684
0 0.492712 0.620039 0.019319 0.011416
0 0.486784 0.590841 0.054882 0.054004
0 0.611697 0.601159 0.031612 0.019319
0 0.528714 0.624649 0.014928 0.019758
0 0.548911 0.661530 0.014928 0.015367
0 0.540569 0.648358 0.014928 0.014489
0 0.564717 0.636942 0.011416 0.012733
0 0.548253 0.629259 0.021514 0.022831
0 0.667457 0.700167 0.009659 0.010976
0 0.402046 0.608404 0.006586 0.009220
0 0.468563 0.658456 0.013172 0.013611
0 0.474930 0.670750 0.011855 0.011855
0 0.505444 0.672726 0.007903 0.008781
0 0.516201 0.682385 0.018001 0.013172
0 0.516421 0.705216 0.029856 0.028978
0 0.527178 0.687215 0.013611 0.010537
0 0.495785 0.739902 0.018440 0.015806
0 0.510054 0.750439 0.023270 0.019319
0 0.370653 0.699289 0.014050 0.014489
0 0.359018 0.775026 0.013611 0.009659
0 0.310283 0.709168 0.018001 0.020197
0 0.359018 0.662408 0.012733 0.018880
0 0.346505 0.659334 0.013172 0.016245
0 0.330479 0.644845 0.016245 0.015367
0 0.327626 0.661530 0.022831 0.020636
0 0.318844 0.677775 0.018440 0.018880
0 0.625307 0.798648 0.017562 0.024587
0 0.527836 0.812917 0.027222 0.028539
0 0.516421 0.791623 0.017562 0.013172
0 0.482613 0.794916 0.018440 0.015367
0 0.503030 0.805014 0.026783 0.028539
0 0.566254 0.853969 0.018001 0.020197
0 0.616087 0.884484 0.023709 0.025026
0 0.591939 0.868238 0.017562 0.018880
0 0.604013 0.870653 0.010976 0.014928
0 0.607525 0.894362 0.014489 0.018440
0 0.451440 0.883166 0.015806 0.019758
0 0.460002 0.879874 0.010098 0.011416
0 0.464831 0.868458 0.010098 0.009659
0 0.486126 0.865824 0.009659 0.010537
0 0.485467 0.844749 0.016245 0.014928
0 0.469661 0.835529 0.026783 0.028978
0 0.472295 0.855725 0.021514 0.017562
0 0.478881 0.783500 0.010976 0.007464
0 0.477784 0.812698 0.021075 0.022831
0 0.464612 0.807209 0.019319 0.020636
0 0.352652 0.868238 0.018440 0.015367
0 0.323235 0.948147 0.008781 0.007464
0 0.322357 0.937829 0.008781 0.007025
0 0.359018 0.948147 0.009220 0.010098
0 0.292940 0.925536 0.014050 0.014050
0 0.294257 0.908851 0.018440 0.009659
0 0.568669 0.951221 0.014928 0.013611
0 0.551985 0.933878 0.007903 0.010537
0 0.504127 0.936732 0.020197 0.015367
0 0.632552 0.982613 0.015367 0.017562
0 0.610599 0.996575 0.012733 0.006849
0 0.630576 0.996356 0.022831 0.007288
0 0.471417 0.969881 0.013611 0.020197
0 0.379215 0.968124 0.018001 0.016684
0 0.520153 0.932122 0.025026 0.031612
0 0.541228 0.939805 0.015367 0.016245
0 0.535081 0.926414 0.010098 0.012294
0 0.514665 0.957587 0.021075 0.017562
0 0.297989 0.995478 0.015367 0.009044
0 0.317966 0.995478 0.028100 0.009044
0 0.513786 0.984062 0.033368 0.031876
0 0.287891 0.892387 0.021514 0.021514
0 0.242668 0.823674 0.017123 0.020197
0 0.137513 0.880752 0.009659 0.011416
0 0.063971 0.989419 0.016245 0.015367
0 0.099535 0.951221 0.004830 0.006586
0 0.096242 0.958246 0.033368 0.032929
0 0.206006 0.952538 0.041272 0.037320
0 0.183395 0.967905 0.017123 0.015367
0 0.156393 0.990648 0.031612 0.018704
0 0.184053 0.988102 0.026344 0.023270
0 0.234326 0.731472 0.010098 0.007903
0 0.240692 0.718959 0.017562 0.018880
0 0.264621 0.734106 0.014489 0.014050
0 0.256498 0.724886 0.014050 0.018440
0 0.162540 0.093080 0.052687 0.035125
0 0.143440 0.046540 0.016245 0.012294
0 0.156612 0.014489 0.010976 0.010537
0 0.004874 0.027002 0.009747 0.044345
0 0.054751 0.003293 0.032051 0.006586
0 0.063971 0.058395 0.026783 0.032490
0 0.088558 0.073103 0.028539 0.043467
0 0.041359 0.068493 0.047418 0.034247
0 0.137294 0.154110 0.025026 0.025465
0 0.225544 0.198894 0.017123 0.018440
0 0.251888 0.091763 0.037320 0.036003
0 0.289208 0.161135 0.044345 0.043028
0 0.317527 0.125571 0.043028 0.027222
0 0.278671 0.128425 0.033808 0.030295
0 0.249693 0.130620 0.025026 0.039954
0 0.210616 0.476159 0.018001 0.018001
0 0.122805 0.457280 0.022392 0.026783
0 0.144758 0.452230 0.011855 0.008781
0 0.184712 0.520285 0.014489 0.014050
0 0.171979 0.531261 0.020636 0.019319
0 0.112926 0.538286 0.027222 0.026344
0 0.092290 0.540701 0.015806 0.017123
0 0.158368 0.583948 0.024148 0.014050
0 0.284598 0.615999 0.017562 0.025465
0 0.297331 0.664735 0.034247 0.036881
0 0.306770 0.635537 0.022392 0.021514
0 0.279768 0.643440 0.029856 0.019758
0 0.252107 0.605242 0.018440 0.017123
0 0.265718 0.579118 0.055321 0.037759
0 0.289647 0.603706 0.055760 0.057078
0 0.323015 0.602828 0.014489 0.016684
0 0.296452 0.557604 0.011416 0.012294
0 0.307429 0.569020 0.028100 0.021953
0 0.144099 0.376712 0.014928 0.012294
0 0.133123 0.396689 0.030734 0.027661
0 0.015191 0.378688 0.030382 0.039076
0 0.065068 0.372761 0.042150 0.040393
0 0.218300 0.355638 0.010537 0.013172
0 0.357482 0.328635 0.017562 0.018880
0 0.269889 0.257069 0.057517 0.056639
0 0.255839 0.289120 0.022392 0.023270
0 0.294696 0.320074 0.014928 0.016684
0 0.322576 0.277485 0.022392 0.018440
0 0.307429 0.273094 0.019319 0.022831
0 0.346505 0.304487 0.018440 0.019758
0 0.323015 0.314805 0.039954 0.050931
0 0.274719 0.310854 0.036442 0.040393
0 0.134220 0.241043 0.016245 0.016684
0 0.153100 0.233579 0.025026 0.021953
0 0.173516 0.253995 0.042150 0.034686
0 0.147612 0.287144 0.024587 0.029856
0 0.107877 0.294169 0.016245 0.017562
0 0.106120 0.313707 0.023270 0.015367
0 0.123463 0.307341 0.015806 0.020197
0 0.140148 0.312610 0.021953 0.022831
0 0.125000 0.326440 0.024148 0.023270
0 0.101071 0.333026 0.022831 0.019758
0 0.096461 0.352564 0.024148 0.014928
0 0.109194 0.372322 0.043467 0.020197
0 0.119073 0.361565 0.016684 0.014489
0 0.121927 0.346198 0.027661 0.017123