0 0.483639 0.292988 0.030050 0.045075
0 0.426878 0.272120 0.046745 0.036728
0 0.411018 0.176962 0.055092 0.040067
0 0.482805 0.106010 0.051753 0.038397
0 0.822538 0.064274 0.060100 0.031720
0 0.517028 0.086811 0.043406 0.033389
0 0.621369 0.268781 0.031720 0.026711
0 0.746578 0.291319 0.035058 0.048414
0 0.875125 0.214524 0.035058 0.035058
0 0.960267 0.202003 0.041736 0.030050
0 0.839232 0.257095 0.093489 0.093489
0 0.234891 0.067613 0.020033 0.021703
0 0.112187 0.026711 0.028381 0.020033
0 0.244073 0.167780 0.031720 0.028381
0 0.287479 0.104341 0.058431 0.065109
0 0.191486 0.096828 0.053422 0.056761
0 0.109683 0.232888 0.016694 0.021703
0 0.123038 0.198664 0.016694 0.036728
0 0.058765 0.318865 0.025042 0.043406
0 0.118030 0.303005 0.053422 0.035058
0 0.019533 0.354758 0.036728 0.051753
0 0.308347 0.308848 0.023372 0.033389
0 0.304174 0.263773 0.018364 0.026711
0 0.209850 0.306344 0.026711 0.035058
0 0.234057 0.257095 0.035058 0.046745
0 0.173122 0.226210 0.083472 0.075125
0 0.761603 0.483306 0.028381 0.025042
0 0.803339 0.481636 0.025042 0.035058
0 0.890150 0.434057 0.025042 0.023372
0 0.865943 0.471619 0.043406 0.058431
0 0.856761 0.530885 0.051753 0.063439
0 0.921870 0.634391 0.055092 0.046745
0 0.959432 0.669449 0.026711 0.046745
0 0.987229 0.716194 0.025542 0.040067
0 0.754090 0.777129 0.050083 0.081803
0 0.778297 0.687813 0.025042 0.033389
0 0.848414 0.698664 0.031720 0.055092
0 0.852588 0.907346 0.050083 0.051753
0 0.986394 0.987479 0.027212 0.018364
0 0.644741 0.798831 0.031720 0.031720
0 0.688982 0.915693 0.023372 0.025042
0 0.582972 0.528381 0.038397 0.031720
0 0.599666 0.553422 0.025042 0.041736
0 0.466945 0.550083 0.040067 0.035058
0 0.338397 0.535058 0.026711 0.028381
0 0.313356 0.472454 0.033389 0.030050
0 0.268280 0.479132 0.026711 0.030050
0 0.250751 0.576795 0.068447 0.051753
0 0.050417 0.678631 0.045075 0.045075
0 0.072120 0.772955 0.031720 0.030050
0 0.237396 0.776294 0.068447 0.026711
0 0.231553 0.816361 0.053422 0.026711
0 0.144741 0.923205 0.026711 0.033389
0 0.083806 0.792988 0.018364 0.023372
0 0.080467 0.926544 0.021703 0.020033
0 0.275793 0.974958 0.025042 0.020033
0 0.385142 0.974958 0.080134 0.046745
0 0.144741 0.990818 0.040067 0.018364
0 0.361770 0.373122 0.040067 0.045075
0 0.330885 0.363940 0.041736 0.046745
0 0.325876 0.013356 0.051753 0.026711
0 0.610517 0.705342 0.076795 0.038397
0 0.615526 0.762938 0.056761 0.043406
0 0.582972 0.729549 0.061770 0.023372
0 0.552087 0.666945 0.023372 0.025042
0 0.532053 0.686144 0.023372 0.030050
0 0.453589 0.668614 0.023372 0.025042
0 0.517863 0.987479 0.065109 0.025042