0 0.182705 0.750000 0.049658 0.047945
0 0.067123 0.513699 0.041096 0.041096
0 0.172431 0.462329 0.080479 0.061644
0 0.165582 0.294521 0.056507 0.068493
0 0.045719 0.193493 0.046233 0.044521
0 0.046575 0.142979 0.037671 0.042808
0 0.055137 0.086473 0.037671 0.035959
0 0.089384 0.045377 0.051370 0.032534
0 0.170719 0.074486 0.025685 0.039384
0 0.205822 0.093322 0.034247 0.035959
0 0.126199 0.231164 0.022260 0.020548
0 0.161301 0.153253 0.020548 0.018836
0 0.234931 0.171233 0.030822 0.037671
0 0.313141 0.102740 0.077651 0.034247
0 0.412158 0.113014 0.053082 0.047945
0 0.374486 0.178082 0.121575 0.082192
0 0.395034 0.248288 0.070205 0.044521
0 0.499486 0.137842 0.025685 0.025685
0 0.486644 0.258562 0.023973 0.030822
0 0.412158 0.347603 0.046233 0.044521
0 0.370205 0.386986 0.041096 0.041096
0 0.220377 0.319349 0.025685 0.035959
0 0.596233 0.205479 0.068493 0.051370
0 0.690411 0.203767 0.058219 0.065068
0 0.655308 0.267123 0.059932 0.054795
0 0.741781 0.274829 0.054795 0.080479
0 0.616781 0.331336 0.095890 0.066781
0 0.673288 0.327911 0.034247 0.039384
0 0.691166 0.277573 0.043906 0.086055
0 0.698850 0.334431 0.021514 0.023270
0 0.992887 0.030954 0.014225 0.023270
0 0.967334 0.225676 0.031612 0.026344
0 0.978750 0.294389 0.022831 0.051370
0 0.871839 0.414910 0.058395 0.051809
0 0.853837 0.503161 0.024148 0.022831
0 0.966675 0.525773 0.034686 0.034686
0 0.903012 0.728618 0.057517 0.094398
0 0.813224 0.758913 0.054443 0.053126
0 0.675799 0.770328 0.064103 0.065420
0 0.572374 0.420205 0.031963 0.039954
0 0.278425 0.272945 0.017123 0.019406
0 0.540411 0.774087 0.041096 0.044521
0 0.402283 0.575457 0.057078 0.071918
0 0.240705 0.792502 0.051370 0.053205
0 0.280761 0.840509 0.062989 0.063601
0 0.203094 0.849682 0.015289 0.025685
0 0.224193 0.907779 0.068493 0.095401
0 0.197581 0.198851 0.032589 0.034247
0 0.206971 0.162119 0.020437 0.021542
0 0.131849 0.005800 0.028171 0.011600
0 0.345614 0.025409 0.028171 0.028723