0 0.262794 0.475795 0.106501 0.069156
0 0.273859 0.545643 0.100968 0.065007
0 0.266252 0.641770 0.055325 0.055325
0 0.669433 0.854772 0.078838 0.088520
0 0.547718 0.910788 0.076072 0.034578
0 0.522130 0.975795 0.030429 0.023513
0 0.816736 0.931535 0.047026 0.056708
0 0.681189 0.528354 0.055325 0.074689
0 0.536653 0.521438 0.037344 0.035961
0 0.484786 0.498617 0.033195 0.020747
0 0.497234 0.318119 0.069156 0.066390
0 0.549101 0.260719 0.037344 0.045643
0 0.615491 0.294606 0.067773 0.071923
0 0.783541 0.242047 0.102351 0.080221
0 0.551867 0.129322 0.076072 0.048409
0 0.814661 0.027663 0.048409 0.027663
0 0.863762 0.094744 0.077455 0.114799
0 0.446750 0.045643 0.056708 0.066390
0 0.407331 0.016598 0.080221 0.033195
0 0.022476 0.071923 0.044952 0.074689
0 0.084371 0.127248 0.034578 0.055325
0 0.720609 0.401798 0.092669 0.109267
0 0.837483 0.526971 0.082988 0.124481
0 0.905256 0.540111 0.024896 0.056708
0 0.969225 0.582296 0.061549 0.132780
0 0.978216 0.470954 0.043568 0.087137
0 0.983057 0.340941 0.033886 0.089903
0 0.885892 0.349931 0.074689 0.088520
0 0.941909 0.274550 0.100968 0.123098
0 0.731674 0.765560 0.034578 0.045643