0 0.018127 0.052115 0.027190 0.019637
0 0.403323 0.024169 0.027190 0.039275
0 0.015106 0.456949 0.030211 0.046828
0 0.182779 0.651813 0.024169 0.034743
0 0.325529 0.611027 0.028701 0.028701
0 0.139728 0.647281 0.019637 0.013595
0 0.008308 0.867069 0.016616 0.027190
0 0.015861 0.989426 0.031722 0.021148
0 0.367825 0.663142 0.028701 0.024169
0 0.536254 0.690332 0.030211 0.030211
0 0.725076 0.629909 0.069486 0.090634
0 0.805136 0.912387 0.030211 0.042296
0 0.919184 0.398792 0.025680 0.027190
0 0.376133 0.231873 0.051360 0.061934
0 0.549094 0.049849 0.019637 0.027190
0 0.576284 0.475076 0.022659 0.016616