0 0.549062 0.515558 0.017270 0.020149
0 0.584753 0.474685 0.011513 0.009786
0 0.428458 0.499727 0.007484 0.010362
0 0.340956 0.638751 0.028208 0.027057
0 0.299220 0.617452 0.018422 0.022451
0 0.337790 0.679624 0.010362 0.010938
0 0.286843 0.691138 0.009786 0.013240
0 0.394206 0.687396 0.006908 0.011513
0 0.436806 0.623496 0.018422 0.017270
0 0.537260 0.622920 0.016694 0.016119
0 0.485162 0.603060 0.014967 0.013240
0 0.457242 0.584638 0.014392 0.014392
0 0.457530 0.605650 0.017270 0.014967
0 0.606629 0.601621 0.019573 0.019573
0 0.583890 0.543478 0.020149 0.018422
0 0.688662 0.623496 0.014392 0.014967
0 0.682955 0.675260 0.013698 0.011986
0 0.683169 0.663060 0.009845 0.010702
0 0.782265 0.637376 0.010274 0.012414
0 0.777557 0.601419 0.015410 0.010702
0 0.725119 0.559683 0.014982 0.011986
0 0.648495 0.548339 0.008989 0.012414
0 0.621527 0.583654 0.010702 0.006849
0 0.654060 0.577876 0.021831 0.026112
0 0.672681 0.552620 0.011130 0.014126
0 0.626664 0.528220 0.014126 0.026112
0 0.593917 0.502108 0.010274 0.008989
0 0.609970 0.513666 0.010702 0.009845
0 0.803669 0.301560 0.017979 0.011130
0 0.788900 0.247196 0.008989 0.012842
0 0.729185 0.298136 0.011986 0.010274
0 0.696653 0.249551 0.005137 0.013270
0 0.667544 0.282725 0.011986 0.014554
0 0.677390 0.334307 0.006849 0.012414
0 0.667544 0.426025 0.012842 0.020547
0 0.725333 0.404622 0.011130 0.011986
0 0.804525 0.368504 0.011986 0.011558
0 0.826570 0.400823 0.007277 0.014554
0 0.791683 0.439135 0.014554 0.015838
0 0.814370 0.425865 0.026540 0.044091
0 0.909186 0.401037 0.015838 0.009845
0 0.879650 0.317238 0.015838 0.017551
0 0.876439 0.286846 0.011986 0.011558
0 0.857391 0.269295 0.013270 0.016694
0 0.831707 0.280853 0.025256 0.016694
0 0.836629 0.306108 0.019691 0.018407
0 0.847545 0.337357 0.015838 0.007277
0 0.876653 0.374599 0.008133 0.004709
0 0.973631 0.122212 0.022259 0.026968
0 0.985831 0.162022 0.012414 0.013270
0 0.946021 0.201832 0.015838 0.013270
0 0.917769 0.197551 0.007277 0.007277
0 0.846496 0.204615 0.014554 0.010274
0 0.820384 0.208895 0.013698 0.012842
0 0.803476 0.217670 0.009845 0.008989
0 0.786567 0.131202 0.011130 0.010702
0 0.758957 0.113865 0.016694 0.011986
0 0.780146 0.082402 0.011986 0.010702
0 0.796199 0.095886 0.016694 0.008561
0 0.719147 0.130345 0.014126 0.012414
0 0.746543 0.168657 0.014982 0.013698
0 0.635247 0.084543 0.011558 0.015838
0 0.546209 0.133556 0.017551 0.016266
0 0.519027 0.117932 0.007705 0.008989
0 0.547494 0.064424 0.011558 0.010702
0 0.589872 0.092890 0.052652 0.055648
0 0.591156 0.082830 0.013270 0.013270
0 0.621121 0.221951 0.021831 0.022687
0 0.598005 0.187278 0.011558 0.014126
0 0.578956 0.226874 0.026540 0.027396
0 0.580241 0.220667 0.014554 0.014126
0 0.551560 0.262831 0.019691 0.020547
0 0.567827 0.286589 0.019691 0.030393
0 0.587518 0.270108 0.030821 0.023115
0 0.643166 0.189418 0.016266 0.013270
0 0.635675 0.147040 0.014126 0.009845
0 0.644022 0.158384 0.014554 0.015410
0 0.675271 0.172510 0.008561 0.009417
0 0.684046 0.166303 0.010702 0.010702
0 0.720217 0.185352 0.042806 0.053936
0 0.727709 0.204615 0.019263 0.009417
0 0.726638 0.192843 0.015410 0.009845
0 0.676769 0.210607 0.013270 0.014554
0 0.690681 0.198836 0.008561 0.011558
0 0.621335 0.399812 0.027396 0.029108
0 0.614486 0.400240 0.011130 0.017123
0 0.661359 0.369205 0.008133 0.006421
0 0.615342 0.346946 0.009417 0.009845
0 0.579813 0.344591 0.009417 0.011130
0 0.547708 0.397885 0.019691 0.020975
0 0.525020 0.399170 0.021403 0.012414
0 0.521596 0.419503 0.014554 0.025684
0 0.514105 0.445400 0.018407 0.018407
0 0.563974 0.432559 0.011130 0.012414
0 0.594367 0.431702 0.023972 0.023544
0 0.625829 0.435341 0.024400 0.015410
0 0.488635 0.445186 0.020547 0.022259
0 0.486923 0.371345 0.017123 0.019263
0 0.465948 0.381833 0.013698 0.012842
0 0.522238 0.330679 0.031249 0.014982
0 0.512178 0.343735 0.023972 0.017979
0 0.459313 0.335388 0.013270 0.016694
0 0.412654 0.340097 0.032961 0.023544
0 0.415864 0.371773 0.011130 0.014126
0 0.439194 0.373272 0.010702 0.010274
0 0.427422 0.377124 0.008561 0.012842
0 0.427208 0.415650 0.009845 0.009417
0 0.399598 0.408587 0.023115 0.024400
0 0.366423 0.409229 0.008133 0.005993
0 0.378622 0.413510 0.007705 0.009417
0 0.403878 0.472368 0.015410 0.015838
0 0.427850 0.526947 0.015410 0.012842
0 0.410085 0.526947 0.010702 0.011130
0 0.416506 0.539789 0.017551 0.015410
0 0.434699 0.541287 0.008561 0.007277
0 0.397885 0.555627 0.006849 0.009417
0 0.234012 0.560924 0.018835 0.020975
0 0.256913 0.513837 0.008133 0.011558
0 0.338031 0.476810 0.018835 0.037670
0 0.182430 0.503778 0.017551 0.013698
0 0.129136 0.499711 0.020547 0.014982
0 0.113512 0.498641 0.013270 0.012842
0 0.150753 0.445347 0.014126 0.011558
0 0.092109 0.472101 0.008133 0.009417
0 0.094891 0.436358 0.006849 0.008989
0 0.063225 0.401042 0.006849 0.008561
0 0.144343 0.355882 0.014126 0.014126
0 0.078849 0.325387 0.026112 0.032308
0 0.082274 0.347962 0.011558 0.012842
0 0.042250 0.336191 0.011986 0.008989
0 0.053380 0.350103 0.020547 0.023115
0 0.072856 0.366369 0.018407 0.011130
0 0.069218 0.349033 0.014554 0.016694
0 0.088695 0.381137 0.018407 0.012414
0 0.055734 0.413456 0.030393 0.019691
0 0.027696 0.387986 0.013698 0.009845
0 0.004002 0.404895 0.008004 0.017979
0 0.005501 0.500139 0.011001 0.016694
0 0.050383 0.529676 0.006849 0.008989
0 0.004430 0.648891 0.008860 0.010274
0 0.008647 0.664730 0.009845 0.007705
0 0.038183 0.679284 0.017551 0.029108
0 0.088481 0.721876 0.011986 0.008989
0 0.069432 0.746490 0.023544 0.030821
0 0.121870 0.671793 0.020547 0.030393
0 0.100467 0.689343 0.015410 0.014126
0 0.067720 0.669866 0.009845 0.011130
0 0.071786 0.659593 0.009417 0.009417
0 0.056376 0.636691 0.009417 0.013270
0 0.091905 0.650390 0.042806 0.056076
0 0.111382 0.605443 0.009845 0.008989
0 0.179658 0.530318 0.012842 0.011130
0 0.174736 0.543374 0.013270 0.013270
0 0.183511 0.553005 0.010274 0.008561
0 0.177304 0.560924 0.012414 0.011558
0 0.165960 0.603731 0.029964 0.034673
0 0.162108 0.596882 0.016266 0.012414
0 0.138778 0.623207 0.026968 0.030821
0 0.223963 0.591531 0.022687 0.030821
0 0.201490 0.610580 0.024828 0.026968
0 0.259920 0.636263 0.011558 0.009845
0 0.225033 0.625562 0.010274 0.007277
0 0.228458 0.647607 0.026540 0.029964
0 0.216044 0.663660 0.009417 0.007277
0 0.185865 0.659593 0.018407 0.020547
0 0.161252 0.675003 0.013698 0.013698
0 0.162964 0.697477 0.017979 0.024400
0 0.178374 0.690842 0.018835 0.015410
0 0.191002 0.678214 0.020119 0.014982
0 0.211335 0.742209 0.019691 0.023115
0 0.264201 0.752911 0.012414 0.010274
0 0.295664 0.800212 0.008561 0.014126
0 0.321562 0.852436 0.017551 0.018407
0 0.130431 0.922424 0.016266 0.012842
0 0.051025 0.899523 0.025256 0.024400
0 0.307221 0.951961 0.016266 0.009417
0 0.215830 0.945326 0.017551 0.016694
0 0.186079 0.943399 0.011986 0.007705
0 0.195283 0.949820 0.013270 0.011986
0 0.165746 0.931199 0.015838 0.015838
0 0.158683 0.908512 0.017123 0.015838
0 0.197851 0.901663 0.010702 0.012414
0 0.213904 0.899951 0.007705 0.013270
0 0.227816 0.905088 0.010702 0.011558
0 0.236591 0.893958 0.017123 0.017551
0 0.254356 0.893316 0.011558 0.015410
0 0.266555 0.919428 0.008561 0.009417
0 0.286246 0.922638 0.017123 0.032961
0 0.282822 0.888393 0.030821 0.039810
0 0.328411 0.893958 0.014126 0.011558
0 0.314927 0.882186 0.019691 0.020547
0 0.349600 0.916003 0.006849 0.013698
0 0.368435 0.900807 0.011130 0.014982
0 0.380206 0.878120 0.007277 0.012414
0 0.394761 0.866134 0.019263 0.018407
0 0.473310 0.899919 0.011986 0.014982
0 0.473952 0.936946 0.006421 0.008561
0 0.449339 0.952357 0.005993 0.005993
0 0.415308 0.924746 0.008133 0.008133
0 0.423227 0.897136 0.007705 0.007705
0 0.397115 0.894782 0.010274 0.009845
0 0.284320 0.993023 0.010702 0.011130
0 0.588887 0.959206 0.020547 0.019691
0 0.516973 0.976756 0.014554 0.014554
0 0.538376 0.835169 0.011986 0.017123
0 0.519755 0.851863 0.010702 0.015410
0 0.521681 0.815264 0.012842 0.009845
0 0.517401 0.803492 0.009417 0.008561
0 0.441633 0.821043 0.016266 0.027396
0 0.465605 0.817404 0.008561 0.013270
0 0.414237 0.798617 0.013698 0.018407
0 0.381919 0.788772 0.016694 0.011558
0 0.334832 0.790698 0.012414 0.011986
0 0.314070 0.804396 0.010274 0.016266
0 0.383417 0.735371 0.011130 0.012414
0 0.431574 0.711827 0.013270 0.009845
0 0.453619 0.709259 0.012842 0.014982
0 0.470100 0.716322 0.011558 0.008561
0 0.467531 0.728308 0.012414 0.009417
0 0.406532 0.764265 0.015410 0.014554
0 0.401824 0.786739 0.005993 0.005565
0 0.383417 0.747143 0.014554 0.010274
0 0.366080 0.153461 0.021831 0.024400
0 0.427721 0.151321 0.010702 0.009845
0 0.476735 0.135054 0.010274 0.011558
0 0.430932 0.068918 0.024828 0.019691
0 0.433286 0.090750 0.005565 0.008561
0 0.456830 0.014554 0.007277 0.009417
0 0.425795 0.036813 0.015410 0.023115
0 0.406318 0.039596 0.009845 0.008133
0 0.414451 0.055434 0.008989 0.009845
0 0.377852 0.021403 0.006849 0.009417
0 0.347245 0.031677 0.012414 0.023115
0 0.325414 0.044947 0.020975 0.016266
0 0.313214 0.029750 0.011130 0.016694
0 0.303797 0.014554 0.008561 0.005137
0 0.290527 0.006421 0.024828 0.012842
0 0.235093 0.003853 0.014982 0.007705
0 0.204486 0.023329 0.012842 0.009845
0 0.203630 0.065494 0.031677 0.027396
0 0.212405 0.092676 0.014982 0.020975
0 0.180943 0.087967 0.010274 0.010702
0 0.285176 0.092462 0.008989 0.011986
0 0.299730 0.077480 0.012414 0.012842
0 0.311288 0.109798 0.014982 0.014126
0 0.338684 0.188348 0.009845 0.015410
0 0.134712 0.079620 0.037670 0.018835
0 0.121228 0.092248 0.012414 0.013270
0 0.094474 0.121142 0.013698 0.010274
0 0.137494 0.157099 0.011558 0.013698
0 0.098326 0.165661 0.017979 0.011130
0 0.094474 0.184496 0.008561 0.005993
0 0.164890 0.213604 0.008133 0.008561
0 0.092547 0.217349 0.025256 0.029108
0 0.056804 0.180536 0.017123 0.015410
0 0.049741 0.201725 0.022687 0.026968
0 0.045246 0.247314 0.009417 0.016266
0 0.020419 0.253521 0.014554 0.020119
0 0.008925 0.242391 0.017850 0.037242
0 0.016202 0.206862 0.032404 0.042378
0 0.020633 0.146826 0.009845 0.009417
0 0.058730 0.067634 0.013270 0.011130
0 0.008711 0.094174 0.017422 0.029108
0 0.037113 0.089037 0.035101 0.056504
0 0.081632 0.004495 0.015410 0.008989
0 0.002718 0.003210 0.005436 0.006420
0 0.149052 0.035315 0.011558 0.008133
0 0.140491 0.020119 0.016694 0.023115
0 0.163820 0.012200 0.023115 0.024400
0 0.169813 0.120286 0.023115 0.033389
0 0.145627 0.114293 0.023544 0.035101
0 0.132571 0.130345 0.007705 0.005565
0 0.006357 0.273538 0.012713 0.012414
0 0.011857 0.290019 0.021403 0.013698
0 0.005287 0.301148 0.010573 0.014554
0 0.009289 0.336250 0.017979 0.040238
0 0.022131 0.348021 0.013698 0.015838
0 0.022345 0.332183 0.006421 0.011558
0 0.171739 0.259198 0.007277 0.010274
0 0.186507 0.252991 0.027396 0.032961
0 0.210265 0.311160 0.008133 0.008989
0 0.180515 0.327426 0.009417 0.009845
0 0.104319 0.346903 0.007705 0.010274
0 0.113308 0.857177 0.007705 0.008989
0 0.123154 0.891208 0.030821 0.019691
0 0.091263 0.865310 0.027824 0.033817
0 0.071358 0.865952 0.008561 0.007705
0 0.077351 0.890566 0.023972 0.026112
0 0.021917 0.942939 0.011558 0.010274
0 0.034759 0.997795 0.007277 0.004409
0 0.129575 0.958563 0.003425 0.009845
0 0.189932 0.990668 0.007705 0.009845
0 0.921193 0.770959 0.014126 0.011986
0 0.921407 0.752980 0.006849 0.009417
0 0.907067 0.749984 0.011558 0.009417
0 0.932537 0.708676 0.011986 0.011558
0 0.952228 0.688129 0.016266 0.020119
0 0.977912 0.666940 0.006849 0.007705
0 0.985617 0.700114 0.008561 0.008133
0 0.987115 0.711672 0.008989 0.010702
0 0.996447 0.743135 0.007106 0.012842
0 0.978768 0.759401 0.009417 0.013698
0 0.993964 0.769889 0.006421 0.013270
0 0.873892 0.816922 0.011130 0.012414
0 0.891443 0.825056 0.008561 0.010702
0 0.883738 0.854806 0.006849 0.009417
0 0.923762 0.902749 0.014126 0.015410
0 0.879671 0.932023 0.022687 0.048371
0 0.868970 0.914259 0.012414 0.011986
0 0.844570 0.871666 0.009845 0.011558
0 0.830658 0.917255 0.010274 0.013698
0 0.825093 0.955139 0.020547 0.020975
0 0.751252 0.941441 0.014982 0.017551
0 0.746757 0.957279 0.013698 0.018407
0 0.727923 0.871073 0.023115 0.023972
0 0.791490 0.775454 0.014982 0.023544
0 0.792346 0.792790 0.012414 0.012842
0 0.808613 0.783373 0.017551 0.017123
0 0.838363 0.804134 0.007705 0.008133
0 0.781859 0.721619 0.008561 0.014126
0 0.859338 0.633112 0.007705 0.010702
0 0.883096 0.589075 0.017551 0.016694
0 0.871324 0.543962 0.029964 0.021403
0 0.864903 0.512125 0.013698 0.020975
0 0.839005 0.538451 0.008133 0.008561
0 0.839219 0.562422 0.009417 0.008561
0 0.915843 0.536311 0.008561 0.012842
0 0.926544 0.545514 0.017123 0.018407
0 0.991182 0.539093 0.010274 0.010702
0 0.946663 0.460169 0.009417 0.013698
0 0.962716 0.434057 0.009845 0.010274
0 0.934677 0.458670 0.007705 0.010702
0 0.941098 0.476221 0.029108 0.020975
0 0.912632 0.483712 0.006421 0.009417
0 0.896366 0.484568 0.011558 0.013698
0 0.871324 0.463807 0.013698 0.009845
0 0.835581 0.465948 0.014126 0.013270
0 0.792988 0.476435 0.010274 0.011986
0 0.790848 0.492033 0.011130 0.011504
0 0.763238 0.508700 0.017551 0.018407
0 0.723000 0.503564 0.012414 0.012414
0 0.690681 0.530104 0.018835 0.019263
0 0.709302 0.452464 0.005565 0.009417
0 0.727923 0.434485 0.008561 0.007705
0 0.852703 0.391464 0.011558 0.008989
0 0.984547 0.334318 0.013270 0.013698
0 0.940884 0.298361 0.011558 0.013698
0 0.906425 0.320620 0.011986 0.010274
0 0.983905 0.248705 0.011986 0.012842
0 0.941741 0.238004 0.034673 0.027396
0 0.922050 0.155173 0.045803 0.029536
0 0.981336 0.078122 0.019691 0.021831
0 0.972347 0.015624 0.015410 0.031248
0 0.991396 0.014126 0.009845 0.018835
0 0.901931 0.013698 0.007277 0.009417
0 0.495270 0.190274 0.009845 0.010702
0 0.531869 0.199478 0.011986 0.011130
0 0.481786 0.215316 0.015410 0.011986
0 0.438765 0.198194 0.011558 0.008561
0 0.624759 0.299217 0.010274 0.017123
0 0.531441 0.311202 0.015410 0.007705
0 0.493772 0.273747 0.023972 0.022687
0 0.446685 0.256838 0.030821 0.023115
0 0.393605 0.259835 0.027396 0.012842
0 0.431488 0.278242 0.008133 0.005993
0 0.304139 0.266363 0.022259 0.019263
0 0.264758 0.270643 0.015410 0.009845
0 0.259193 0.286482 0.012842 0.012414
0 0.276529 0.289478 0.011558 0.013270
0 0.292582 0.294401 0.011130 0.014554
0 0.311845 0.306601 0.010274 0.010702
0 0.288729 0.313236 0.011986 0.011130
0 0.281666 0.335281 0.021831 0.019263
0 0.295792 0.356470 0.008133 0.005993
0 0.276957 0.391143 0.008989 0.007705
0 0.268824 0.419610 0.006421 0.008133
0 0.292368 0.405055 0.008989 0.015838
0 0.326399 0.391357 0.068490 0.094602
0 0.377124 0.334211 0.012414 0.011986
0 0.364710 0.349835 0.014982 0.013270
0 0.347160 0.342986 0.008989 0.011558
0 0.339883 0.358611 0.015838 0.014554
0 0.359360 0.362463 0.011130 0.011986
0 0.323402 0.428171 0.009417 0.014126
0 0.248919 0.470073 0.047087 0.056076
0 0.243354 0.489764 0.014554 0.005565
0 0.239930 0.484413 0.006849 0.009417
0 0.222165 0.493402 0.019263 0.023972
0 0.282950 0.472213 0.010702 0.008989
0 0.381833 0.446744 0.044091 0.025684
0 0.372844 0.464294 0.015838 0.027396
0 0.499979 0.688386 0.049227 0.064638
0 0.563332 0.766935 0.011558 0.015410
0 0.590086 0.764795 0.014554 0.014554
0 0.598647 0.743392 0.014554 0.012842
0 0.600788 0.726697 0.017123 0.013698
0 0.616412 0.775283 0.009845 0.019263
0 0.645306 0.787696 0.012842 0.013270
0 0.683832 0.822370 0.015410 0.015838
0 0.700741 0.818089 0.011558 0.009845
0 0.656864 0.828791 0.010274 0.009845
0 0.643166 0.832429 0.005993 0.010274
0 0.663071 0.845485 0.008133 0.012414
0 0.778220 0.903343 0.037242 0.047515
0 0.694534 0.932452 0.023972 0.016694
0 0.646162 0.968409 0.010274 0.013270
0 0.624117 0.920466 0.014126 0.007277
0 0.788494 0.847909 0.005565 0.011986
0 0.723000 0.889431 0.010702 0.007705
0 0.693677 0.758444 0.011130 0.011130
0 0.333275 0.744418 0.012521 0.015303
0 0.349750 0.757716 0.007705 0.011130
0 0.335838 0.763709 0.011558 0.020547
0 0.320427 0.749797 0.014126 0.014126
0 0.321925 0.772484 0.011130 0.011558
0 0.356813 0.707632 0.011558 0.011986
0 0.345041 0.717264 0.018835 0.026112
0 0.327918 0.717478 0.013698 0.016266
0 0.412461 0.814975 0.007277 0.010274
0 0.245152 0.045589 0.012842 0.011558
0 0.265057 0.043234 0.008989 0.013698
0 0.280681 0.047515 0.021403 0.017123
0 0.280896 0.071915 0.008989 0.011986
0 0.252001 0.059287 0.013698 0.026112
0 0.265913 0.066350 0.014126 0.037670
0 0.358589 0.009417 0.018835 0.018834
0 0.469458 0.107658 0.010274 0.009845
0 0.772255 0.823846 0.014540 0.009694
0 0.958856 0.594701 0.012925 0.014540
0 0.740212 0.611126 0.010771 0.010771
0 0.730249 0.599009 0.013463 0.012386
0 0.907696 0.636976 0.014002 0.014002
0 0.959933 0.650170 0.010771 0.010232
0 0.993430 0.614896 0.013140 0.012925
0 0.566613 0.674057 0.009665 0.010105
0 0.557827 0.564444 0.007029 0.009665
0 0.715985 0.591243 0.006151 0.007908
0 0.583747 0.140931 0.007908 0.008787
0 0.666561 0.132584 0.008347 0.006151
0 0.705002 0.464277 0.012301 0.014937
0 0.108602 0.486903 0.010105 0.009226