0 0.339232 0.557596 0.045075 0.040067
0 0.374290 0.604341 0.038397 0.040067
0 0.598831 0.687813 0.030050 0.036728
0 0.784975 0.791319 0.038397 0.040067
0 0.782471 0.596828 0.050083 0.048414
0 0.919366 0.626043 0.040067 0.063439
0 0.764107 0.272120 0.043406 0.046745
0 0.652254 0.114357 0.033389 0.035058
0 0.193155 0.184474 0.073456 0.051753
0 0.224040 0.350584 0.028381 0.040067
0 0.086310 0.892321 0.026711 0.028381
0 0.196294 0.568701 0.021464 0.019079
0 0.623793 0.868948 0.058431 0.063201
0 0.639891 0.926186 0.028619 0.020272
0 0.486659 0.914858 0.032197 0.040544
0 0.980026 0.808133 0.039948 0.053661
0 0.985989 0.237300 0.028022 0.031004
0 0.926067 0.033985 0.029812 0.032197
0 0.945743 0.062008 0.052468 0.042929
0 0.976726 0.994550 0.020623 0.010900