0 0.086310 0.031720 0.110184 0.063439
0 0.257429 0.126878 0.051753 0.036728
0 0.362604 0.224541 0.028381 0.021703
0 0.761603 0.942404 0.051753 0.038397
0 0.701502 0.631886 0.058431 0.048414
0 0.551252 0.589316 0.078464 0.076795
0 0.600501 0.454925 0.043406 0.045075
0 0.531219 0.284641 0.051753 0.065109
0 0.654758 0.373957 0.045075 0.060100
0 0.642237 0.273790 0.073456 0.066778
0 0.728214 0.233723 0.048414 0.073456
0 0.800835 0.271285 0.056761 0.065109
0 0.867613 0.243740 0.063439 0.053422
0 0.765776 0.491653 0.040067 0.041736
0 0.886811 0.326377 0.081803 0.058431
0 0.973038 0.214524 0.053923 0.101836
0 0.350083 0.398998 0.043406 0.043406
0 0.240735 0.383139 0.048414 0.041736
0 0.251586 0.293823 0.120200 0.126878
0 0.038731 0.186144 0.051753 0.071786
0 0.103840 0.193656 0.061770 0.100167
0 0.170618 0.194491 0.081803 0.088481
0 0.151419 0.351419 0.040067 0.035058
0 0.089649 0.348915 0.046745 0.026711
0 0.020367 0.481636 0.035058 0.041736
0 0.183139 0.424040 0.046745 0.066778
0 0.111352 0.696995 0.066778 0.065109
0 0.053756 0.590150 0.051753 0.065109
0 0.030384 0.718698 0.055092 0.038397
0 0.437730 0.868948 0.038397 0.031720
0 0.094658 0.868114 0.036728 0.046745
0 0.490317 0.949082 0.060100 0.088481
0 0.584641 0.704508 0.051753 0.046745
0 0.446077 0.737896 0.045075 0.026711
0 0.430217 0.766277 0.116861 0.076795
0 0.838397 0.533389 0.041736 0.045075
0 0.922704 0.505843 0.046745 0.043406
0 0.962771 0.567613 0.073456 0.086811
0 0.750751 0.025876 0.036728 0.035058
0 0.975543 0.684474 0.048914 0.070117
0 0.885142 0.974958 0.055092 0.046745
0 0.344240 0.592654 0.031720 0.046745
0 0.264942 0.594324 0.053422 0.033389
0 0.584641 0.337229 0.051753 0.066778
0 0.861770 0.414023 0.055092 0.040067
0 0.431886 0.944073 0.046745 0.051753
0 0.682304 0.711185 0.033389 0.026711
0 0.659766 0.677796 0.041736 0.026711
0 0.432721 0.607679 0.035058 0.030050
0 0.172287 0.505008 0.028381 0.038397
0 0.455259 0.101836 0.033389 0.030050
0 0.968865 0.027546 0.062270 0.055092
0 0.961102 0.904007 0.056761 0.065109
0 0.941068 0.948247 0.043406 0.040067
0 0.497830 0.844741 0.031720 0.040067
0 0.494491 0.384808 0.025042 0.025042
0 0.241569 0.782137 0.033389 0.051753
0 0.222371 0.727880 0.038397 0.033389
0 0.522037 0.110184 0.033389 0.040067
0 0.583806 0.061770 0.036728 0.036728
0 0.654758 0.016694 0.028381 0.026711
0 0.294992 0.950751 0.050083 0.055092