0 0.403715 0.322802 0.048971 0.046745
0 0.598484 0.233208 0.022259 0.023372
0 0.581233 0.483625 0.023372 0.016694
0 0.593475 0.517014 0.050083 0.054535
0 0.747065 0.465262 0.036728 0.035615
0 0.109293 0.325028 0.054535 0.042293
0 0.043072 0.315568 0.044519 0.036728
0 0.186088 0.208125 0.052309 0.077908
0 0.313523 0.282693 0.071230 0.057874
0 0.432610 0.151920 0.084585 0.085698
0 0.417028 0.763717 0.066778 0.069004
0 0.626822 0.856093 0.043406 0.035615
0 0.717529 0.856650 0.026711 0.027824
0 0.564496 0.981302 0.041180 0.032276
0 0.619032 0.902838 0.061213 0.060100
0 0.805454 0.838843 0.060100 0.061213
0 0.899499 0.946800 0.018920 0.025598
0 0.831608 0.918976 0.052309 0.047858
0 0.822593 0.643517 0.040067 0.051196
0 0.891041 0.660768 0.032276 0.045632
0 0.897718 0.597885 0.021146 0.035615
0 0.893267 0.278798 0.038954 0.050083
0 0.938342 0.190317 0.057874 0.033389
0 0.964496 0.073456 0.030050 0.044519
0 0.968058 0.068447 0.063884 0.136894
0 0.991987 0.179188 0.016026 0.055648
0 0.983639 0.278242 0.032721 0.044519
0 0.957819 0.308848 0.023372 0.034502
0 0.854869 0.322760 0.022259 0.017807
0 0.872120 0.347802 0.027824 0.027824
0 0.942237 0.400668 0.012243 0.017807
0 0.977295 0.414580 0.024485 0.025598
0 0.988648 0.371731 0.022704 0.037841
0 0.900501 0.451864 0.066778 0.066778
0 0.926099 0.514190 0.055648 0.055648
0 0.971953 0.559822 0.056093 0.053422
0 0.968948 0.478575 0.058987 0.106845
0 0.972287 0.638592 0.023372 0.032276
0 0.964496 0.741500 0.023372 0.015498
0 0.981413 0.698136 0.037173 0.071230
0 0.940568 0.649165 0.017807 0.031163
0 0.749137 0.949026 0.048971 0.067891
0 0.773623 0.986867 0.031163 0.023372
0 0.891597 0.896717 0.015582 0.018920
0 0.938342 0.785420 0.048971 0.045632
0 0.956928 0.827156 0.086144 0.102393
0 0.663996 0.449638 0.025598 0.022259
0 0.841514 0.510295 0.020033 0.021146
0 0.661770 0.546466 0.012243 0.017807
0 0.594992 0.554814 0.023372 0.018920
0 0.857652 0.293267 0.027824 0.027824
0 0.621146 0.757596 0.020033 0.016694
0 0.584975 0.774290 0.018920 0.014469
0 0.991987 0.945131 0.016026 0.020033
0 0.846522 0.699722 0.018920 0.021146
0 0.869338 0.772621 0.017807 0.011130
0 0.987869 0.752031 0.023372 0.023372
0 0.962270 0.354382 0.014469 0.021146
0 0.892710 0.788759 0.013356 0.023372
0 0.647858 0.818253 0.028937 0.011130
0 0.881024 0.749805 0.018920 0.018920
0 0.913856 0.119087 0.017807 0.022259