0 0.021093 0.479253 0.042185 0.042877
0 0.039419 0.521438 0.022130 0.024896
0 0.059474 0.719225 0.034578 0.030429
0 0.166667 0.741355 0.027663 0.016598
0 0.176349 0.777317 0.035961 0.052559
0 0.206086 0.796680 0.048409 0.044260
0 0.239281 0.764869 0.037344 0.033195
0 0.262102 0.804979 0.069156 0.080221
0 0.475795 0.770401 0.067773 0.069156
0 0.472337 0.688797 0.038728 0.041494
0 0.549101 0.562241 0.070539 0.147994
0 0.656985 0.950207 0.017981 0.019364
0 0.881743 0.980636 0.027663 0.038728
0 0.318119 0.328492 0.045643 0.045643
0 0.334025 0.020055 0.022130 0.029046
0 0.400415 0.008990 0.024896 0.017980
0 0.533195 0.040111 0.030429 0.041494
0 0.641079 0.044952 0.044260 0.073306
0 0.634855 0.142462 0.031812 0.030429
0 0.739281 0.170816 0.049793 0.048409
0 0.705394 0.181189 0.040111 0.038728
0 0.665284 0.177732 0.042877 0.073306
0 0.836100 0.127248 0.030429 0.035961
0 0.929461 0.154219 0.059474 0.065007
0 0.976487 0.034578 0.040111 0.058091
0 0.842324 0.013831 0.062241 0.027662