0 0.033233 0.123112 0.066465 0.164653
0 0.336858 0.047583 0.238671 0.095166
0 0.580060 0.021148 0.126888 0.042296
0 0.648036 0.034743 0.087613 0.069486
0 0.786254 0.061178 0.134441 0.122356
0 0.910876 0.073263 0.054381 0.070997
0 0.982628 0.056647 0.034743 0.061934
0 0.944109 0.234894 0.111782 0.167674
0 0.978852 0.128399 0.042296 0.054381
0 0.816465 0.196375 0.116314 0.111782
0 0.667674 0.222810 0.102719 0.107251
0 0.432024 0.171450 0.205438 0.125378
0 0.303625 0.212991 0.093656 0.081571
0 0.198640 0.219033 0.086103 0.087613
0 0.132175 0.382931 0.209970 0.191843
0 0.027946 0.352719 0.055891 0.176737
0 0.155589 0.552115 0.187311 0.176737
0 0.288520 0.527190 0.114804 0.138973
0 0.429758 0.324018 0.191843 0.152568
0 0.636707 0.354230 0.128399 0.128399
0 0.415408 0.768127 0.105740 0.089124
0 0.448640 0.682779 0.148036 0.117825
0 0.509063 0.569486 0.184290 0.169184
0 0.555136 0.454683 0.107251 0.072508
0 0.282477 0.686556 0.148036 0.158610
0 0.446200 0.966535 0.260284 0.066930
0 0.647223 0.912735 0.088310 0.059261
0 0.765164 0.913316 0.070881 0.069719
0 0.691378 0.593772 0.053451 0.048803
0 0.753544 0.583314 0.066233 0.111550
0 0.980479 0.502556 0.039042 0.082501
0 0.986289 0.594353 0.027422 0.054613
0 0.904601 0.815710 0.098768 0.097606
0 0.812805 0.800023 0.168487 0.207994
0 0.850569 0.665815 0.104578 0.106902
0 0.925517 0.737857 0.101092 0.088310
0 0.942947 0.641994 0.101092 0.089472
0 0.848245 0.566465 0.102254 0.096444
0 0.922031 0.475831 0.056937 0.070881
0 0.852312 0.332907 0.212642 0.138276
0 0.827911 0.418313 0.077853 0.053451
0 0.859284 0.470602 0.068557 0.041831
0 0.891239 0.413665 0.079015 0.027888
0 0.035440 0.964792 0.070880 0.070416
0 0.120265 0.829073 0.240530 0.284685