0 0.585476 0.262104 0.133556 0.096828
0 0.673957 0.505843 0.086811 0.056761
0 0.696494 0.576795 0.135225 0.108514
0 0.813356 0.465776 0.028381 0.023372
0 0.375125 0.197830 0.130217 0.108514
0 0.180634 0.149416 0.141903 0.158598
0 0.239900 0.862270 0.186978 0.175292
0 0.239065 0.845576 0.121870 0.078464
0 0.562938 0.895659 0.191987 0.151920
0 0.537896 0.877295 0.098497 0.085142
0 0.734057 0.864775 0.136895 0.136895
0 0.879299 0.924875 0.066778 0.066778
0 0.910184 0.927379 0.168614 0.145242
0 0.867613 0.738731 0.090150 0.078464
0 0.806678 0.690317 0.091820 0.081803
0 0.810851 0.724541 0.180301 0.180301
0 0.925209 0.654424 0.075125 0.096828
0 0.925209 0.733723 0.041736 0.058431
0 0.921035 0.655259 0.093489 0.218698
0 0.637229 0.748748 0.153589 0.141903
0 0.505342 0.735392 0.056761 0.068447
0 0.545409 0.565109 0.090150 0.075125
0 0.437730 0.601836 0.148581 0.138564
0 0.471119 0.501669 0.075125 0.055092
0 0.403506 0.416528 0.120200 0.115192
0 0.300000 0.398998 0.100167 0.110184
0 0.308347 0.332220 0.110184 0.083472
0 0.163940 0.352254 0.068447 0.070117
0 0.044574 0.320534 0.036728 0.033389
0 0.097162 0.311352 0.031720 0.045075
0 0.096327 0.237896 0.036728 0.045075
0 0.036477 0.253756 0.072954 0.106845
0 0.049833 0.247913 0.099666 0.248748
0 0.052922 0.168614 0.060100 0.063439
0 0.138898 0.500000 0.028381 0.028381
0 0.130551 0.398164 0.141903 0.158598
0 0.033139 0.424040 0.066277 0.160267
0 0.107179 0.521703 0.021703 0.031720
0 0.024541 0.596828 0.023372 0.028381
0 0.366778 0.906511 0.050083 0.040067
0 0.375960 0.876461 0.111853 0.103506
0 0.380968 0.696160 0.081803 0.070117
0 0.327546 0.747913 0.121870 0.173623
0 0.458598 0.799666 0.083472 0.070117
0 0.093823 0.691987 0.125209 0.135225
0 0.032053 0.762938 0.058431 0.160267
0 0.025376 0.971619 0.028381 0.056761
0 0.125543 0.959098 0.175292 0.081803
0 0.920451 0.227045 0.159098 0.163606
0 0.787479 0.039232 0.106845 0.078464
0 0.648915 0.058431 0.070117 0.056761
0 0.448581 0.079299 0.153589 0.158598
0 0.327546 0.111018 0.128548 0.148581
0 0.623038 0.161937 0.141903 0.126878
0 0.693990 0.199499 0.066778 0.041736
0 0.754090 0.365609 0.156928 0.130217
0 0.648915 0.395659 0.210351 0.130217
0 0.263272 0.466611 0.126878 0.145242
0 0.229048 0.599332 0.165275 0.136895
0 0.431886 0.965776 0.390651 0.055092
0 0.608848 0.614357 0.016694 0.036728
0 0.939649 0.510017 0.120701 0.158598
0 0.786644 0.483306 0.145242 0.118531
0 0.870117 0.065943 0.151920 0.118531
0 0.967780 0.066778 0.013356 0.000000
0 0.153923 0.027546 0.155259 0.055092
0 0.047329 0.052588 0.094658 0.105175
0 0.435225 0.425710 0.160267 0.123539
0 0.205676 0.274624 0.138564 0.088481
0 0.784140 0.143573 0.113523 0.096828
0 0.767446 0.252087 0.053422 0.050083
0 0.713189 0.272955 0.041736 0.031720
0 0.825042 0.270451 0.308848 0.283806
0 0.630551 0.060100 0.153589 0.106845
0 0.213189 0.025042 0.287145 0.050083
0 0.122204 0.785476 0.145242 0.131886
0 0.738230 0.919032 0.171953 0.161936
0 0.978047 0.765442 0.043906 0.225376
0 0.500334 0.722871 0.090150 0.116861