0 0.532788 0.418355 0.033389 0.074366
0 0.439704 0.287076 0.025295 0.031365
0 0.386838 0.246604 0.024789 0.017200
0 0.437174 0.208662 0.032377 0.028330
0 0.678739 0.129996 0.020742 0.015683
0 0.710357 0.270634 0.053625 0.066272
0 0.819883 0.323500 0.031871 0.053625
0 0.857825 0.339183 0.027824 0.023271
0 0.838601 0.203603 0.030860 0.036424
0 0.883120 0.166673 0.022765 0.028330
0 0.828736 0.149220 0.044519 0.035918
0 0.892985 0.035918 0.045530 0.040471
0 0.818871 0.003541 0.025801 0.007082
0 0.990590 0.121414 0.018819 0.026306
0 0.994132 0.165174 0.011736 0.025801
0 0.946527 0.401933 0.026812 0.039966
0 0.996155 0.423939 0.007690 0.013153
0 0.935650 0.494764 0.015177 0.016189
0 0.996914 0.474528 0.006172 0.024283
0 0.887843 0.589366 0.021753 0.020236
0 0.810695 0.609855 0.022259 0.027824
0 0.844589 0.622755 0.032377 0.029342
0 0.843325 0.660444 0.046036 0.025801
0 0.706986 0.684980 0.033389 0.028330
0 0.696363 0.816765 0.059695 0.037942
0 0.925532 0.862549 0.045530 0.035413
0 0.903273 0.956139 0.027318 0.021248
0 0.872161 0.963474 0.011636 0.012647
0 0.803106 0.896191 0.041483 0.066272
0 0.749229 0.885567 0.011636 0.013659
0 0.647291 0.935043 0.016189 0.021753
0 0.727475 0.985886 0.011636 0.014165
0 0.787929 0.991450 0.013153 0.011130
0 0.610108 0.860677 0.048060 0.047048
0 0.441500 0.601767 0.046374 0.043591
0 0.535638 0.656024 0.039881 0.033389
0 0.616792 0.535453 0.025969 0.022259
0 0.379823 0.451980 0.036171 0.038954
0 0.345043 0.482587 0.020404 0.016694
0 0.280583 0.447807 0.051011 0.045446
0 0.193401 0.455690 0.043591 0.048229
0 0.270381 0.522932 0.045446 0.047301
0 0.346898 0.375464 0.038954 0.030607
0 0.249513 0.299875 0.024114 0.048229
0 0.211487 0.299875 0.012985 0.011130
0 0.206386 0.220576 0.056576 0.047301
0 0.103900 0.266486 0.070488 0.044519
0 0.035731 0.309613 0.028752 0.021332
0 0.096017 0.380101 0.056576 0.051011
0 0.067265 0.467283 0.051011 0.047301
0 0.033412 0.016694 0.033389 0.031534
0 0.164649 0.777685 0.030607 0.045446
0 0.107610 0.805973 0.037099 0.035244
0 0.224008 0.786496 0.032462 0.046374
0 0.321856 0.613523 0.031534 0.041736
0 0.380750 0.625580 0.025042 0.030607
0 0.410893 0.737340 0.046374 0.044519
0 0.336232 0.805973 0.039881 0.042664
0 0.282438 0.832870 0.041736 0.037099
0 0.224008 0.892228 0.047301 0.055648
0 0.109001 0.927935 0.039881 0.036171
0 0.196647 0.902894 0.027824 0.021332
0 0.379823 0.855129 0.045446 0.027824
0 0.328812 0.895474 0.036171 0.041736
0 0.149810 0.992116 0.019477 0.015767
0 0.512451 0.740308 0.039881 0.035244
0 0.586185 0.729642 0.044519 0.034316
0 0.573201 0.776016 0.038954 0.058431
0 0.509205 0.916991 0.016694 0.021332
0 0.428051 0.036635 0.021332 0.026897
0 0.328348 0.025505 0.018549 0.019477
0 0.134205 0.634112 0.016694 0.021332
0 0.032647 0.683268 0.013912 0.013912