0 0.042676 0.333398 0.027344 0.031250
0 0.038770 0.305078 0.027344 0.029297
0 0.016797 0.290918 0.028320 0.024414
0 0.012891 0.348047 0.024414 0.025391
0 0.008643 0.320703 0.017285 0.027344
0 0.104687 0.301660 0.016602 0.014648
0 0.109570 0.316797 0.020508 0.019531
0 0.107129 0.337305 0.015625 0.023438
0 0.100293 0.413477 0.021484 0.025391
0 0.241406 0.349512 0.026367 0.030273
0 0.263867 0.365625 0.014648 0.017578
0 0.212109 0.419824 0.016602 0.018555
0 0.127798 0.571392 0.021163 0.022059
0 0.018262 0.555078 0.031250 0.027344
0 0.008154 0.574609 0.016308 0.031250
0 0.172070 0.577539 0.020508 0.011719
0 0.262402 0.505273 0.015625 0.023438
0 0.245312 0.414453 0.018555 0.021484
0 0.016797 0.061523 0.012695 0.015625
0 0.051465 0.044434 0.017578 0.018555
0 0.046094 0.062988 0.022461 0.026367
0 0.242871 0.237793 0.025391 0.034180
0 0.297559 0.200684 0.021484 0.022461
0 0.308301 0.215820 0.019531 0.027344
0 0.298047 0.217285 0.018555 0.016602
0 0.380078 0.027832 0.030273 0.028320
0 0.365918 0.010254 0.025391 0.020508
0 0.320020 0.006836 0.023438 0.013672
0 0.335645 0.022461 0.015625 0.015625
0 0.343457 0.012207 0.027344 0.024414
0 0.353711 0.027344 0.018555 0.031250
0 0.337598 0.110840 0.015625 0.016602
0 0.356152 0.067871 0.013672 0.016602
0 0.438672 0.100098 0.024414 0.024414
0 0.452344 0.142578 0.018555 0.017578
0 0.462874 0.088956 0.021785 0.018154
0 0.450772 0.116490 0.029047 0.027231
0 0.543359 0.083812 0.018154 0.018759
0 0.549410 0.103177 0.024206 0.024811
0 0.560303 0.095915 0.015734 0.016339
0 0.530045 0.017852 0.019365 0.022390
0 0.543661 0.004236 0.016339 0.008472
0 0.512194 0.015734 0.016339 0.016944
0 0.510378 0.025719 0.007867 0.013918
0 0.571195 0.231165 0.024206 0.027837
0 0.569682 0.188502 0.018759 0.019970
0 0.552133 0.196369 0.018759 0.026021
0 0.546989 0.219062 0.025416 0.022995
0 0.340817 0.268079 0.021180 0.015734
0 0.338094 0.285628 0.018154 0.019365
0 0.378941 0.314372 0.024811 0.021180
0 0.378638 0.329803 0.019365 0.016944
0 0.429168 0.386384 0.018759 0.018759
0 0.460635 0.409380 0.023601 0.032073
0 0.495734 0.374281 0.011498 0.013918
0 0.510862 0.370348 0.023601 0.021785
0 0.362905 0.429652 0.026626 0.026626
0 0.381664 0.421785 0.020575 0.022995
0 0.402542 0.439334 0.017549 0.018154
0 0.378941 0.474735 0.023601 0.027231
0 0.398608 0.463540 0.022995 0.025416
0 0.384992 0.452345 0.017549 0.015129
0 0.387716 0.439939 0.012103 0.014523
0 0.404962 0.493495 0.033283 0.033283
0 0.427050 0.518003 0.024206 0.025416
0 0.405567 0.530408 0.027231 0.026021
0 0.410106 0.541301 0.016944 0.016339
0 0.428865 0.554614 0.025416 0.028442
0 0.470620 0.512859 0.033888 0.039334
0 0.491800 0.513767 0.015734 0.021785
0 0.515703 0.531921 0.022390 0.024206
0 0.466082 0.545840 0.022390 0.026626
0 0.472738 0.488351 0.015129 0.014523
0 0.451256 0.553404 0.022995 0.029652
0 0.499667 0.544024 0.019365 0.019365
0 0.445507 0.510741 0.018759 0.016944
0 0.509652 0.586687 0.015129 0.022390
0 0.529319 0.606959 0.010893 0.012103
0 0.033101 0.626021 0.010893 0.013918
0 0.091498 0.637821 0.013918 0.015734
0 0.041271 0.729198 0.017549 0.016944
0 0.014039 0.727988 0.017549 0.019365
0 0.021906 0.907110 0.029652 0.033888
0 0.008684 0.956127 0.017368 0.018154
0 0.097852 0.953101 0.030257 0.030257
0 0.033404 0.992284 0.024811 0.015431
0 0.160787 0.990166 0.033888 0.019667
0 0.232496 0.577307 0.016339 0.012103
0 0.250348 0.604539 0.029047 0.031467
0 0.232799 0.614221 0.015734 0.019365
0 0.237640 0.590620 0.020575 0.018154
0 0.238548 0.627837 0.023601 0.023601
0 0.227655 0.646899 0.019970 0.016944
0 0.295734 0.597882 0.016944 0.016944
0 0.307231 0.597579 0.012103 0.015129
0 0.306021 0.564297 0.009682 0.011498
0 0.330227 0.655371 0.014523 0.014523
0 0.251558 0.728290 0.016944 0.018759
0 0.235219 0.721331 0.019365 0.025416
0 0.240666 0.688654 0.026626 0.025416
0 0.256399 0.697428 0.015734 0.016339
0 0.233101 0.668684 0.011498 0.010893
0 0.246415 0.668079 0.018759 0.019365
0 0.260333 0.677156 0.016339 0.021785
0 0.277579 0.688956 0.014523 0.015129
0 0.293918 0.952194 0.029047 0.035703
0 0.298457 0.974584 0.012708 0.017549
0 0.287564 0.932224 0.009077 0.012708
0 0.340817 0.867171 0.019970 0.019365
0 0.359879 0.865658 0.022995 0.021180
0 0.420091 0.876853 0.024811 0.026626
0 0.416157 0.929198 0.022995 0.022390
0 0.468805 0.895915 0.025416 0.024811
0 0.392254 0.813313 0.011498 0.012103
0 0.431589 0.801210 0.012708 0.018154
0 0.365325 0.636309 0.026626 0.022390
0 0.408290 0.604236 0.025416 0.026021
0 0.353222 0.682300 0.026626 0.024811
0 0.394070 0.738880 0.021180 0.021785
0 0.325991 0.728290 0.019365 0.019970
0 0.329924 0.702269 0.015129 0.016339
0 0.337489 0.692890 0.012103 0.013313
0 0.362300 0.703782 0.050832 0.033888
0 0.367443 0.700151 0.009077 0.012103
0 0.357156 0.701059 0.006657 0.013918
0 0.371377 0.715280 0.010893 0.009682
0 0.359576 0.716793 0.009077 0.006657
0 0.376823 0.741301 0.015734 0.016944
0 0.672436 0.033283 0.028442 0.038729
0 0.673646 0.062330 0.028442 0.029047
0 0.660635 0.067171 0.016944 0.019365
0 0.646717 0.077761 0.022995 0.022390
0 0.655492 0.091074 0.022390 0.022390
0 0.637943 0.098033 0.022390 0.026626
0 0.627655 0.125265 0.034493 0.033888
0 0.636127 0.132224 0.019970 0.021180
0 0.656572 0.152290 0.049277 0.052841
0 0.684539 0.147050 0.016339 0.026626
0 0.586808 0.297731 0.024206 0.027837
0 0.615855 0.301362 0.033888 0.030257
0 0.624629 0.282602 0.016339 0.019365
0 0.597700 0.216641 0.021785 0.024206
0 0.608896 0.198185 0.015129 0.017549
0 0.605567 0.224206 0.032678 0.029652
0 0.679092 0.219365 0.011498 0.012708
0 0.764720 0.230560 0.021785 0.020575
0 0.812526 0.211800 0.030257 0.027837
0 0.549592 0.379123 0.013918 0.013918
0 0.550499 0.395764 0.024206 0.022995
0 0.548381 0.410893 0.013918 0.012103
0 0.578638 0.450530 0.021180 0.021180
0 0.580756 0.434493 0.021785 0.018154
0 0.592557 0.446596 0.013918 0.014523
0 0.648533 0.420272 0.027837 0.026021
0 0.614644 0.463540 0.016944 0.018154
0 0.685749 0.401513 0.028442 0.026021
0 0.706021 0.432375 0.016944 0.015129
0 0.717519 0.450530 0.019365 0.017549
0 0.774100 0.398790 0.011498 0.010893
0 0.722965 0.349773 0.014523 0.019365
0 0.704508 0.513767 0.016339 0.020575
0 0.732950 0.506203 0.022390 0.021180
0 0.621680 0.198730 0.024414 0.038086
0 0.510620 0.711165 0.028442 0.026626
0 0.503964 0.723570 0.015129 0.016339
0 0.555401 0.717519 0.022390 0.022390
0 0.575371 0.713585 0.024811 0.021785
0 0.568412 0.696036 0.019365 0.016944
0 0.581725 0.693616 0.016944 0.014523
0 0.542995 0.647625 0.026626 0.024206
0 0.588684 0.666082 0.032073 0.030862
0 0.594130 0.673041 0.013918 0.012103
0 0.592617 0.685446 0.014523 0.017549
0 0.593525 0.660030 0.012708 0.010287
0 0.598971 0.650651 0.012708 0.013313
0 0.603510 0.659728 0.013313 0.009682
0 0.629531 0.695734 0.020575 0.019970
0 0.617731 0.682118 0.016339 0.018154
0 0.637700 0.664266 0.026021 0.028442
0 0.649803 0.671831 0.019970 0.019365
0 0.620151 0.659425 0.022390 0.029652
0 0.602905 0.641876 0.015734 0.017549
0 0.597458 0.628260 0.014523 0.014523
0 0.589894 0.635825 0.016339 0.013918
0 0.591710 0.630076 0.023601 0.022995
0 0.569622 0.582874 0.018154 0.016944
0 0.582330 0.570772 0.020575 0.022995
0 0.587776 0.591649 0.038729 0.029652
0 0.567806 0.615552 0.025416 0.021785
0 0.650711 0.558366 0.029047 0.024811
0 0.670076 0.608290 0.026626 0.029047
0 0.706384 0.602844 0.014523 0.014523
0 0.628321 0.595280 0.018154 0.017549
0 0.633162 0.576520 0.022995 0.026021
0 0.669471 0.582572 0.016944 0.018759
0 0.652829 0.593767 0.018759 0.014523
0 0.657368 0.583782 0.013313 0.012708
0 0.642542 0.625537 0.011498 0.015129
0 0.634977 0.635522 0.015734 0.014523
0 0.641634 0.649440 0.025416 0.020575
0 0.659183 0.654584 0.016944 0.016339
0 0.615613 0.607080 0.025416 0.027837
0 0.596248 0.560787 0.013313 0.015129
0 0.655250 0.692103 0.017549 0.016339
0 0.598669 0.616762 0.016944 0.013313
0 0.739970 0.620998 0.026021 0.029047
0 0.500938 0.745658 0.013918 0.010893
0 0.601089 0.753525 0.026626 0.022995
0 0.601694 0.766233 0.016944 0.014523
0 0.608956 0.772587 0.013313 0.019970
0 0.594130 0.857005 0.021180 0.021785
0 0.603207 0.890287 0.010287 0.012103
0 0.599576 0.870015 0.028442 0.012708
0 0.593828 0.880605 0.012103 0.010893
0 0.598064 0.843389 0.015734 0.011498
0 0.578396 0.911468 0.015129 0.012103
0 0.711528 0.843994 0.015129 0.015129
0 0.728169 0.879697 0.009682 0.010287
0 0.644962 0.608290 0.029652 0.030257
0 0.742390 0.817973 0.011498 0.011498
0 0.743601 0.829773 0.013918 0.013313
0 0.633162 0.963510 0.012103 0.012103
0 0.600787 0.963812 0.011498 0.011498
0 0.608956 0.957156 0.015734 0.018759
0 0.621967 0.955643 0.015129 0.020575
0 0.616823 0.805265 0.024206 0.018759
0 0.642542 0.763207 0.009077 0.013313
0 0.659183 0.764418 0.012103 0.010893
0 0.661906 0.775008 0.012708 0.010287
0 0.651921 0.768048 0.016944 0.014523
0 0.691558 0.820393 0.011498 0.011498
0 0.681271 0.818578 0.024811 0.028442
0 0.637398 0.838548 0.010893 0.009077
0 0.634070 0.828563 0.015129 0.015734
0 0.645265 0.821604 0.020575 0.022390
0 0.653737 0.807685 0.015734 0.017549
0 0.657065 0.820696 0.012708 0.012103
0 0.667050 0.817973 0.015734 0.017549
0 0.639818 0.783782 0.012103 0.016944
0 0.646475 0.798003 0.016944 0.016339
0 0.632254 0.802844 0.012708 0.015129
0 0.606233 0.620454 0.021180 0.017549
0 0.748139 0.697610 0.015734 0.018154
0 0.729985 0.726051 0.018154 0.020575
0 0.746626 0.726657 0.019970 0.021785
0 0.749047 0.712436 0.021180 0.017549
0 0.765386 0.718790 0.016339 0.014523
0 0.763268 0.703056 0.016944 0.016944
0 0.518487 0.988502 0.012708 0.012708
0 0.679758 0.947050 0.009682 0.007262
0 0.688230 0.907110 0.007262 0.009682
0 0.832194 0.076248 0.022390 0.018154
0 0.794372 0.045991 0.016944 0.016944
0 0.862451 0.059607 0.026021 0.028442
0 0.880000 0.037821 0.034493 0.033283
0 0.827050 0.026626 0.027837 0.026626
0 0.805870 0.004841 0.020575 0.009682
0 0.827655 0.007867 0.026626 0.015734
0 0.850651 0.019365 0.024206 0.020575
0 0.852163 0.005749 0.019970 0.011498
0 0.842179 0.114070 0.022995 0.017549
0 0.842784 0.128896 0.015734 0.020575
0 0.833404 0.123752 0.022390 0.022390
0 0.867292 0.117095 0.019970 0.023601
0 0.883328 0.118911 0.016944 0.021180
0 0.866687 0.157943 0.012708 0.016944
0 0.858215 0.154614 0.018759 0.017549
0 0.855189 0.134644 0.015129 0.015129
0 0.902088 0.120726 0.021785 0.024811
0 0.938699 0.131316 0.018759 0.020575
0 0.917519 0.123147 0.015129 0.023601
0 0.939002 0.149168 0.015734 0.018759
0 0.915098 0.154009 0.032073 0.033283
0 0.902088 0.170045 0.013313 0.012103
0 0.890287 0.160968 0.016339 0.013313
0 0.893313 0.150076 0.013918 0.015734
0 0.878790 0.150378 0.016339 0.018759
0 0.877882 0.141301 0.035098 0.027231
0 0.899365 0.203328 0.013918 0.019365
0 0.928109 0.219365 0.013313 0.015129
0 0.819183 0.307413 0.024206 0.024206
0 0.831286 0.344932 0.024206 0.022995
0 0.915098 0.304085 0.016339 0.015129
0 0.935068 0.306505 0.011498 0.013918
0 0.915098 0.322542 0.016339 0.016944
0 0.980454 0.385779 0.026021 0.023601
0 0.985900 0.383359 0.011498 0.012708
0 0.923268 0.438124 0.013313 0.012103
0 0.941120 0.438427 0.013918 0.015129
0 0.959879 0.422995 0.028442 0.029047
0 0.958669 0.405144 0.015129 0.012708
0 0.946263 0.415431 0.015734 0.015129
0 0.884236 0.488351 0.024811 0.024206
0 0.868502 0.498941 0.010287 0.012708
0 0.893313 0.524962 0.011498 0.010287
0 0.880303 0.522239 0.010893 0.009682
0 0.893616 0.513162 0.014523 0.013313
0 0.880908 0.508018 0.016944 0.018759
0 0.837337 0.570529 0.016944 0.016944
0 0.979849 0.633464 0.015129 0.015734
0 0.791346 0.607746 0.016944 0.023601
0 0.801331 0.633767 0.018759 0.018759
0 0.806172 0.624690 0.018759 0.015129
0 0.789228 0.626808 0.015129 0.016944
0 0.792557 0.598669 0.014523 0.016339
0 0.808896 0.641634 0.021785 0.019970
0 0.811619 0.670983 0.019970 0.022995
0 0.851558 0.648290 0.016339 0.011498
0 0.851256 0.658880 0.016944 0.014523
0 0.893313 0.643147 0.009077 0.013313
0 0.805567 0.921634 0.012708 0.016944
0 0.817368 0.923752 0.013313 0.016339
0 0.809501 0.936157 0.014523 0.014523
0 0.819486 0.934342 0.013918 0.013313
0 0.826142 0.958850 0.012708 0.012708
0 0.836127 0.955522 0.013313 0.014523
0 0.829773 0.950681 0.009077 0.012103
0 0.908139 0.947050 0.015734 0.015734
0 0.900575 0.970045 0.013918 0.014523
0 0.912678 0.970045 0.011498 0.013313
0 0.905113 0.962784 0.008472 0.009682
0 0.919637 0.907413 0.007262 0.009077
0 0.994917 0.991831 0.010166 0.014523
0 0.984387 0.996218 0.013313 0.007564
0 0.926596 0.853858 0.011498 0.014523
0 0.936884 0.878064 0.012708 0.015734
0 0.961997 0.881089 0.009682 0.009682
0 0.953525 0.885628 0.015734 0.016339
0 0.964720 0.903480 0.017549 0.016944
0 0.969561 0.926475 0.015129 0.014523
0 0.988018 0.938578 0.018154 0.016944
0 0.991346 0.929198 0.010287 0.011498
0 0.976520 0.914372 0.019365 0.019365
0 0.983782 0.904690 0.009682 0.015734
0 0.992254 0.904992 0.008472 0.013918
0 0.990983 0.893797 0.018033 0.041150
0 0.996732 0.866263 0.006536 0.018759
0 0.978638 0.898336 0.012708 0.016339
0 0.808896 0.824508 0.019365 0.018759
0 0.853979 0.816339 0.023601 0.022995
0 0.888169 0.806657 0.022995 0.025416
0 0.908442 0.819970 0.013918 0.014523
0 0.870015 0.805446 0.019365 0.019365
0 0.877882 0.788200 0.020575 0.021180
0 0.883631 0.789107 0.012708 0.013313
0 0.912375 0.762481 0.030257 0.032678
0 0.933555 0.742209 0.010893 0.011498
0 0.865477 0.772769 0.017549 0.016944
0 0.848230 0.787595 0.014523 0.011498
0 0.845507 0.772769 0.021180 0.019365
0 0.849743 0.754312 0.018759 0.019970
0 0.867292 0.761573 0.015129 0.015129
0 0.875159 0.755219 0.013918 0.014523
0 0.860635 0.730711 0.030862 0.029652
0 0.848230 0.715280 0.019365 0.020575
0 0.892405 0.754614 0.015734 0.015734
0 0.898457 0.739183 0.010893 0.011498
0 0.881513 0.722542 0.018154 0.019365
0 0.897852 0.720424 0.016944 0.017549
0 0.908139 0.704690 0.015734 0.021180
0 0.896944 0.701059 0.010287 0.010287
0 0.885749 0.697428 0.020575 0.022390
0 0.882118 0.701664 0.012103 0.012708
0 0.876369 0.677458 0.012708 0.015129
0 0.864569 0.677761 0.012103 0.015734
0 0.858215 0.686233 0.010287 0.013313
0 0.899365 0.677761 0.009077 0.006051
0 0.871528 0.693495 0.013918 0.018154