0 0.138898 0.474958 0.051753 0.045075
0 0.503434 0.476343 0.018212 0.019730
0 0.447280 0.338614 0.051601 0.041736
0 0.696559 0.429674 0.032630 0.034148
0 0.711356 0.493417 0.044013 0.029595
0 0.788758 0.541224 0.031871 0.035666
0 0.799761 0.311295 0.097890 0.061466
0 0.425273 0.393250 0.075884 0.072090
0 0.430206 0.373900 0.023524 0.019730
0 0.401370 0.401218 0.032630 0.022765
0 0.255293 0.492279 0.112308 0.080437
0 0.243151 0.474067 0.028836 0.018212
0 0.262502 0.493038 0.031112 0.039460
0 0.232528 0.504800 0.036424 0.041736
0 0.507228 0.697830 0.045530 0.053119
0 0.498122 0.703142 0.025801 0.027318
0 0.462456 0.780543 0.069813 0.069813
0 0.449177 0.773714 0.038701 0.048566
0 0.304997 0.886402 0.034148 0.049325
0 0.566797 0.955836 0.041736 0.030354
0 0.663170 0.931173 0.035666 0.044772
0 0.725774 0.926620 0.025801 0.029595
0 0.774719 0.881849 0.026559 0.032630
0 0.884372 0.950903 0.022765 0.015936
0 0.884372 0.887160 0.060707 0.056913
0 0.893098 0.819244 0.064501 0.056154
0 0.385055 0.957733 0.095614 0.081196
0 0.398334 0.981636 0.037183 0.033389
0 0.377846 0.951662 0.047807 0.034148
0 0.457144 0.993019 0.015177 0.010624
0 0.081348 0.869328 0.090302 0.101685
0 0.106010 0.903096 0.024283 0.022006