0 0.391604 0.424907 0.028252 0.029536
0 0.351580 0.460650 0.040666 0.033389
0 0.307489 0.423623 0.027824 0.024400
0 0.289510 0.477131 0.017551 0.037242
0 0.484921 0.567452 0.021403 0.026112
0 0.543994 0.556537 0.014554 0.015410
0 0.499048 0.610045 0.035957 0.035957
0 0.519809 0.635728 0.032105 0.025684
0 0.528798 0.656918 0.039810 0.026112
0 0.459666 0.692875 0.030821 0.034673
0 0.439761 0.701650 0.013270 0.014554
0 0.325040 0.675752 0.067206 0.053508
0 0.373197 0.834923 0.028252 0.023404
0 0.255907 0.757941 0.029108 0.041522
0 0.259118 0.808452 0.020975 0.049227
0 0.198761 0.808880 0.014982 0.037242
0 0.202613 0.709783 0.034673 0.027396
0 0.158309 0.729474 0.048799 0.065066
0 0.159379 0.653065 0.051796 0.060357
0 0.130271 0.620746 0.020119 0.021403
0 0.164730 0.516513 0.011130 0.011558
0 0.222090 0.433682 0.053936 0.035957
0 0.259546 0.311256 0.016694 0.023972
0 0.156382 0.382315 0.038954 0.025684
0 0.130057 0.333943 0.032533 0.027396
0 0.124278 0.293277 0.016694 0.018835
0 0.137762 0.242980 0.013698 0.014982
0 0.095169 0.303551 0.013270 0.011986
0 0.239427 0.193752 0.014982 0.015838
0 0.258904 0.181981 0.037670 0.026540
0 0.311342 0.121838 0.013270 0.013270
0 0.306419 0.086094 0.018835 0.014554
0 0.422424 0.097652 0.015410 0.018835
0 0.306419 0.007491 0.033389 0.014982
0 0.085324 0.006635 0.037242 0.013270
0 0.113335 0.085185 0.029162 0.023115
0 0.013634 0.127135 0.027268 0.027396
0 0.040110 0.324044 0.024828 0.038526
0 0.070288 0.327897 0.023544 0.029964
0 0.058944 0.335602 0.009417 0.009417
0 0.089979 0.346732 0.037242 0.037670
0 0.035401 0.362998 0.052224 0.040238
0 0.070288 0.654938 0.012414 0.011986
0 0.077351 0.708874 0.032533 0.041094
0 0.002932 0.658576 0.005864 0.021831
0 0.003296 0.555199 0.005993 0.007705
0 0.002718 0.704165 0.005436 0.012842
0 0.220110 0.758743 0.008989 0.010702
0 0.217970 0.883524 0.019263 0.017979
0 0.164248 0.972133 0.028252 0.022259
0 0.621420 0.973546 0.017979 0.018407
0 0.784941 0.792261 0.017123 0.020547
0 0.740636 0.762510 0.020975 0.019263
0 0.739780 0.727195 0.020119 0.020547
0 0.671718 0.693378 0.020119 0.017123
0 0.583537 0.768931 0.009845 0.006421
0 0.793930 0.641368 0.021403 0.018407
0 0.874620 0.657849 0.007277 0.005137
0 0.761611 0.659133 0.045803 0.035101
0 0.702967 0.582723 0.020119 0.024400
0 0.688626 0.509738 0.029964 0.039382
0 0.638115 0.521082 0.024828 0.019263
0 0.766534 0.444887 0.010274 0.005565
0 0.738496 0.408715 0.026968 0.025684
0 0.790078 0.376611 0.044519 0.041094
0 0.680921 0.342580 0.023115 0.018407
0 0.658020 0.290784 0.022687 0.020119
0 0.634690 0.315183 0.026540 0.031249
0 0.679209 0.306408 0.063353 0.065066
0 0.737212 0.255469 0.038098 0.022259
0 0.976285 0.405291 0.011986 0.016266
0 0.845940 0.483627 0.021831 0.026540
0 0.854929 0.544840 0.014982 0.022259
0 0.990069 0.816446 0.019862 0.028680
0 0.967082 0.822439 0.023544 0.026968
0 0.943752 0.845983 0.015410 0.024400
0 0.726724 0.992166 0.011130 0.009417
0 0.530275 0.821208 0.010702 0.010702
0 0.390084 0.704133 0.011986 0.007705
0 0.477623 0.257020 0.014982 0.028680
0 0.585923 0.272859 0.043234 0.029536
0 0.481047 0.205439 0.057789 0.056504
0 0.448515 0.237329 0.038954 0.058645
0 0.515935 0.086651 0.026540 0.023544
0 0.729236 0.157896 0.020868 0.017158
0 0.846561 0.128681 0.019941 0.022723
0 0.937222 0.160911 0.031534 0.027824
0 0.869053 0.054721 0.033389 0.031534
0 0.797869 0.013216 0.024578 0.026432
0 0.874154 0.025737 0.012985 0.010666