0 0.365498 0.550210 0.047102 0.033389
0 0.409619 0.554980 0.024446 0.023849
0 0.528567 0.599996 0.038159 0.032793
0 0.471627 0.640837 0.037563 0.029812
0 0.667787 0.622354 0.019676 0.031004
0 0.659738 0.335269 0.034581 0.029215
0 0.595643 0.366273 0.030408 0.029215
0 0.592364 0.319767 0.064393 0.060219
0 0.541386 0.332884 0.032793 0.019676
0 0.631417 0.173094 0.033985 0.042332
0 0.623070 0.112688 0.072144 0.050083
0 0.514556 0.113582 0.031600 0.018483
0 0.629628 0.113582 0.033985 0.033985
0 0.393819 0.067672 0.033389 0.020868
0 0.414389 0.139220 0.018483 0.035178
0 0.377422 0.148164 0.035178 0.051872
0 0.415283 0.178870 0.017887 0.017887
0 0.317203 0.146673 0.041140 0.038159
0 0.354467 0.271285 0.031004 0.038159
0 0.276659 0.349094 0.037563 0.051872
0 0.221806 0.358932 0.026830 0.026234
0 0.142209 0.053363 0.033389 0.044717
0 0.020481 0.732173 0.040961 0.042929
0 0.242487 0.798653 0.048891 0.029215
0 0.323873 0.772418 0.026830 0.028023
0 0.388862 0.812962 0.022061 0.018483
0 0.252922 0.837109 0.032793 0.032197
0 0.220725 0.819819 0.029215 0.025042
0 0.522418 0.782316 0.035178 0.042332
0 0.557596 0.931970 0.050680 0.042332
0 0.518543 0.987897 0.023849 0.024206
0 0.063916 0.948664 0.029215 0.026830
0 0.106547 0.987598 0.029812 0.024803
0 0.719771 0.764429 0.033985 0.024446
0 0.754352 0.715240 0.020868 0.019079
0 0.841402 0.773670 0.045910 0.064393
0 0.960052 0.799308 0.028023 0.029812
0 0.828285 0.962676 0.041140 0.039351
0 0.644348 0.990281 0.031004 0.019437
0 0.992398 0.944193 0.015204 0.035774
0 0.892380 0.634450 0.023849 0.031600
0 0.962437 0.473468 0.017291 0.032793
0 0.976449 0.516396 0.019079 0.028023
0 0.947830 0.436203 0.015502 0.017887
0 0.855414 0.430539 0.023849 0.032793
0 0.795492 0.430837 0.022061 0.036966
0 0.819640 0.440079 0.034581 0.070952
0 0.728715 0.161340 0.025638 0.023849
0 0.762104 0.140174 0.053065 0.036370
0 0.455044 0.185190 0.032793 0.058431
0 0.474422 0.242130 0.048891 0.044717
0 0.458323 0.285655 0.038159 0.033985
0 0.388103 0.474509 0.022259 0.018718
0 0.946862 0.293399 0.025801 0.024789
0 0.934215 0.059948 0.016694 0.020742
0 0.875278 0.960844 0.015177 0.019730
0 0.341326 0.318359 0.014165 0.015683
0 0.321597 0.063237 0.017200 0.014165
0 0.343489 0.208681 0.021464 0.016694
0 0.162270 0.674457 0.011686 0.020033