0 0.454424 0.565943 0.041736 0.036728
0 0.432721 0.666110 0.038397 0.033389
0 0.588815 0.638564 0.036728 0.055092
0 0.683973 0.527546 0.040067 0.033389
0 0.774958 0.438230 0.121870 0.108514
0 0.768280 0.290484 0.051753 0.046745
0 0.606344 0.328047 0.038397 0.035058
0 0.521202 0.230384 0.065109 0.053422
0 0.403506 0.302170 0.046745 0.026711
0 0.388481 0.341402 0.023372 0.028381
0 0.432721 0.377295 0.031720 0.026711
0 0.360935 0.387312 0.045075 0.043406
0 0.347579 0.436561 0.025042 0.041736
0 0.274958 0.456594 0.063439 0.061770
0 0.079633 0.634391 0.036728 0.053422
0 0.063773 0.712855 0.025042 0.023372
0 0.202337 0.703673 0.031720 0.031720
0 0.112187 0.758765 0.075125 0.108514
0 0.320033 0.696995 0.053422 0.065109
0 0.265776 0.559265 0.028381 0.030050
0 0.230718 0.629382 0.081803 0.103506
0 0.095341 0.410408 0.061467 0.057314
0 0.032053 0.474958 0.045075 0.035058
0 0.030384 0.511686 0.018364 0.011686
0 0.013940 0.409850 0.027880 0.038397
0 0.040401 0.422371 0.015025 0.036728
0 0.746578 0.207846 0.051753 0.055092
0 0.759098 0.168614 0.036728 0.013356
0 0.776628 0.127713 0.038397 0.031720
0 0.717362 0.122705 0.043406 0.055092
0 0.875960 0.187813 0.040067 0.048414
0 0.949207 0.207012 0.096411 0.086811
0 0.975543 0.270451 0.048914 0.066778
0 0.921870 0.367279 0.028381 0.016694
0 0.906845 0.329716 0.045075 0.041736
0 0.856761 0.306344 0.021703 0.041736
0 0.839232 0.335559 0.046745 0.050083
0 0.894324 0.412354 0.023372 0.036728
0 0.938564 0.409015 0.051753 0.043406
0 0.973873 0.500835 0.052254 0.070117
0 0.983890 0.777963 0.032220 0.090150
0 0.989733 0.898998 0.020534 0.025042
0 0.989733 0.973289 0.020534 0.053422
0 0.895159 0.834725 0.038397 0.036728
0 0.901002 0.751252 0.050083 0.066778
0 0.848414 0.688648 0.045075 0.048414
0 0.845075 0.649416 0.025042 0.030050
0 0.841736 0.557596 0.041736 0.040067
0 0.668113 0.675292 0.035058 0.025042
0 0.677295 0.711185 0.036728 0.030050
0 0.620534 0.596828 0.016694 0.021703
0 0.513689 0.752922 0.030050 0.040067
0 0.395993 0.843072 0.031720 0.026711
0 0.668113 0.929883 0.038397 0.023372
0 0.767446 0.883139 0.053422 0.036728
0 0.717362 0.842237 0.020033 0.025042
0 0.534558 0.943239 0.045075 0.040067
0 0.486978 0.954090 0.040067 0.031720
0 0.403506 0.954925 0.033389 0.033389
0 0.544574 0.988314 0.058431 0.023372
0 0.467780 0.992487 0.038397 0.015025
0 0.205676 0.985810 0.055092 0.028380
0 0.188982 0.915693 0.028381 0.045075
0 0.048748 0.959098 0.071786 0.058431
0 0.104674 0.842237 0.066778 0.058431
0 0.057095 0.839733 0.031720 0.036728
0 0.082137 0.905676 0.041736 0.055092
0 0.119699 0.887312 0.026711 0.038397
0 0.018114 0.749583 0.036227 0.036728
0 0.250866 0.322068 0.022538 0.039232
0 0.220816 0.326242 0.024207 0.022538
0 0.248779 0.224405 0.020033 0.029215
0 0.192853 0.227744 0.038397 0.039232
0 0.214138 0.264472 0.045910 0.039232
0 0.182001 0.294105 0.031720 0.035058
0 0.161133 0.254873 0.035058 0.028381
0 0.111467 0.267394 0.034224 0.031720
0 0.078495 0.278662 0.045075 0.039232
0 0.112302 0.315808 0.027546 0.023372
0 0.023821 0.298278 0.035893 0.048414
0 0.103537 0.359213 0.063439 0.050083
0 0.057210 0.336676 0.044240 0.065109
0 0.252953 0.147329 0.033389 0.037563
0 0.203704 0.114357 0.026711 0.028381
0 0.218312 0.140651 0.039232 0.035893
0 0.216225 0.165275 0.015025 0.026711
0 0.371343 0.127462 0.059818 0.067613
0 0.350616 0.170701 0.041736 0.034224
0 0.303871 0.159432 0.020033 0.020033
0 0.290933 0.181970 0.009182 0.026711
0 0.260465 0.188648 0.013356 0.016694
0 0.358545 0.265860 0.020868 0.020868
0 0.342268 0.244574 0.026711 0.036728
0 0.307210 0.230384 0.028381 0.036728
0 0.345190 0.209933 0.027546 0.022538
0 0.320983 0.203673 0.017529 0.013356
0 0.329748 0.184891 0.015025 0.032554
0 0.572235 0.082638 0.030885 0.028381
0 0.565975 0.036311 0.033389 0.022538
0 0.518813 0.017112 0.102671 0.034224
0 0.257961 0.045075 0.055092 0.088481
0 0.181167 0.013356 0.038397 0.023372
0 0.116893 0.115192 0.011686 0.031720
0 0.080024 0.137730 0.033107 0.030050
0 0.034391 0.144825 0.042571 0.045910
0 0.047193 0.173623 0.032554 0.030050
0 0.108405 0.027963 0.028662 0.029215
0 0.646661 0.230134 0.033389 0.022538
0 0.049416 0.198664 0.034224 0.025042
0 0.124541 0.065109 0.042571 0.045075
0 0.073205 0.014190 0.065109 0.028380
0 0.045659 0.068865 0.053422 0.097663
0 0.091152 0.089733 0.049249 0.057596