0 0.117090 0.018613 0.028765 0.037225
0 0.168697 0.005922 0.030457 0.011844
0 0.329442 0.016920 0.020305 0.033840
0 0.370897 0.013536 0.028765 0.020305
0 0.471574 0.005076 0.030457 0.010152
0 0.559560 0.005922 0.023689 0.011844
0 0.619628 0.002538 0.015228 0.005076
0 0.805753 0.033841 0.055838 0.047377
0 0.727073 0.038917 0.054146 0.037225
0 0.664467 0.080372 0.060914 0.055838
0 0.737225 0.102369 0.037225 0.025381
0 0.800677 0.068528 0.028765 0.025381
0 0.920812 0.028765 0.059222 0.057530
0 0.982572 0.016920 0.030457 0.033840
0 0.965651 0.079526 0.043993 0.040609
0 0.929272 0.108291 0.042301 0.047377
0 0.988748 0.119289 0.022504 0.042301
0 0.901354 0.161591 0.077834 0.035533
0 0.987056 0.208122 0.025888 0.057530
0 0.773604 0.128596 0.045685 0.047377
0 0.766836 0.175973 0.035533 0.030457
0 0.691540 0.163283 0.043993 0.038917
0 0.612014 0.206430 0.050761 0.037225
0 0.555330 0.060068 0.059222 0.049069
0 0.493570 0.101523 0.060914 0.033841
0 0.459729 0.131134 0.037225 0.049069
0 0.450423 0.171743 0.042301 0.038917
0 0.417428 0.061760 0.037225 0.059222
0 0.379357 0.054146 0.032149 0.020305
0 0.348900 0.057530 0.028765 0.040609
0 0.311675 0.057530 0.065990 0.050761
0 0.243993 0.078680 0.028765 0.021997
0 0.278680 0.102369 0.030457 0.032149
0 0.337902 0.097293 0.050761 0.028765
0 0.374281 0.101523 0.028765 0.030457
0 0.373435 0.164975 0.050761 0.038917
0 0.278680 0.155668 0.043993 0.023689
0 0.126396 0.175973 0.084602 0.060914
0 0.061252 0.089679 0.042301 0.037225
0 0.021743 0.129442 0.043486 0.032149
0 0.009052 0.195431 0.018104 0.055838
0 0.053638 0.236041 0.040609 0.032149
0 0.053638 0.302876 0.043993 0.057530
0 0.098477 0.319797 0.028765 0.010152
0 0.192386 0.286802 0.037225 0.035533
0 0.320981 0.323181 0.033841 0.037225
0 0.383587 0.328257 0.030457 0.040609
0 0.591709 0.253807 0.057530 0.030457
0 0.410660 0.220812 0.023689 0.011844
0 0.695770 0.252115 0.052453 0.057530
0 0.749069 0.247885 0.027073 0.035533
0 0.784602 0.274958 0.040609 0.045685
0 0.837056 0.230964 0.023689 0.045685
0 0.857360 0.248731 0.037225 0.043993
0 0.894585 0.230964 0.027073 0.035533
0 0.935195 0.202200 0.043993 0.045685
0 0.963113 0.283418 0.032149 0.042301
0 0.993570 0.268190 0.011844 0.035533
0 0.899662 0.310491 0.077834 0.076142
0 0.963113 0.324027 0.049069 0.021997
0 0.989340 0.342640 0.010152 0.025381
0 0.981134 0.386633 0.037732 0.042301
0 0.959729 0.422166 0.032149 0.059222
0 0.901354 0.391709 0.047377 0.049069
0 0.784602 0.351100 0.081218 0.045685
0 0.732995 0.307953 0.018613 0.040609
0 0.704230 0.298646 0.032149 0.035533
0 0.596785 0.314721 0.006768 0.013536
0 0.602707 0.351946 0.049069 0.067682
0 0.554484 0.344332 0.040609 0.059222
0 0.518105 0.365482 0.052453 0.064298
0 0.668697 0.356176 0.049069 0.052453
0 0.678849 0.408629 0.052453 0.052453
0 0.706768 0.362098 0.006768 0.027073
0 0.767682 0.413706 0.128596 0.018613
0 0.354822 0.391709 0.054146 0.059222
0 0.315905 0.392555 0.023689 0.030457
0 0.293063 0.446701 0.062606 0.040609
0 0.424196 0.392555 0.037225 0.043993
0 0.004822 0.399323 0.009644 0.047377
0 0.287140 0.122673 0.060914 0.021997
0 0.048562 0.670897 0.060914 0.052453
0 0.243993 0.557530 0.082910 0.055838
0 0.249069 0.652284 0.065990 0.059222
0 0.321827 0.692047 0.038917 0.060914
0 0.229611 0.724196 0.094755 0.074450
0 0.268528 0.886633 0.010152 0.000000
0 0.270220 0.860406 0.081218 0.049069
0 0.222843 0.880711 0.040609 0.038917
0 0.186464 0.843486 0.052453 0.069374
0 0.100169 0.758883 0.096447 0.038917
0 0.020051 0.848562 0.040101 0.025381
0 0.399662 0.571066 0.038917 0.052453
0 0.506261 0.548223 0.069374 0.060914
0 0.541794 0.517766 0.028765 0.040609
0 0.535871 0.425550 0.020305 0.021997
0 0.612014 0.519459 0.108291 0.115059
0 0.779526 0.486464 0.040609 0.028765
0 0.833672 0.480541 0.030457 0.040609
0 0.870051 0.446701 0.042301 0.047377
0 0.927580 0.503384 0.059222 0.038917
0 0.930964 0.469543 0.015228 0.015228
0 0.810829 0.543993 0.069374 0.042301
0 0.800677 0.608291 0.076142 0.059222
0 0.862437 0.626904 0.047377 0.042301
0 0.918274 0.620135 0.043993 0.069374
0 0.962267 0.560068 0.067682 0.050761
0 0.981980 0.631980 0.036040 0.055838
0 0.565482 0.763113 0.032149 0.037225
0 0.711844 0.672589 0.057530 0.028765
0 0.664467 0.688663 0.033841 0.027073
0 0.732149 0.843486 0.057530 0.065990
0 0.846362 0.715736 0.082910 0.043993
0 0.746531 0.742809 0.025381 0.023689
0 0.760914 0.718274 0.020305 0.025381
0 0.781218 0.739425 0.033841 0.030457
0 0.905584 0.698816 0.038917 0.040609
0 0.840440 0.661591 0.043993 0.033841
0 0.931810 0.775804 0.043993 0.052453
0 0.986802 0.758883 0.025381 0.038917
0 0.837056 0.759729 0.037225 0.033841
0 0.837056 0.813029 0.057530 0.062606
0 0.641624 0.818105 0.042301 0.038917
0 0.784602 0.775804 0.033841 0.038917
0 0.890355 0.804569 0.032149 0.042301
0 0.740609 0.384095 0.030457 0.030457
0 0.813367 0.912014 0.050761 0.054146
0 0.900508 0.883249 0.049069 0.040609
0 0.937733 0.881557 0.032149 0.037225
0 0.970728 0.891709 0.037225 0.050761
0 0.936041 0.967005 0.049069 0.049069
0 0.295601 0.942470 0.057530 0.030457
0 0.165313 0.994078 0.060914 0.011844
0 0.764298 0.981387 0.040609 0.037225
0 0.749915 0.928088 0.025381 0.025381
0 0.989594 0.964467 0.020812 0.057530
0 0.777834 0.851946 0.040609 0.021997
0 0.868359 0.399323 0.028765 0.023689
0 0.757530 0.909475 0.054146 0.025381
0 0.755838 0.431472 0.037225 0.037225
0 0.859898 0.504230 0.028765 0.027073