0 0.955919 0.852652 0.006147 0.007025
0 0.986214 0.846505 0.008781 0.007903
0 0.955479 0.928390 0.021953 0.016245
0 0.962065 0.970759 0.006147 0.003512
0 0.799614 0.940244 0.018440 0.010976
0 0.819371 0.926194 0.009659 0.006586
0 0.816517 0.898534 0.006586 0.004830
0 0.780295 0.907095 0.030734 0.023709
0 0.757025 0.948806 0.045662 0.042150
0 0.638918 0.943318 0.016684 0.020636
0 0.626625 0.917633 0.019319 0.017562
0 0.611477 0.854408 0.024148 0.022831
0 0.680190 0.806990 0.026344 0.012294
0 0.693142 0.849798 0.032929 0.024148
0 0.708948 0.813795 0.025026 0.044345
0 0.702582 0.945513 0.036881 0.032929
0 0.595012 0.912583 0.005269 0.004830
0 0.548911 0.954074 0.028100 0.028978
0 0.960309 0.690859 0.037759 0.035564
0 0.900817 0.589656 0.018001 0.028978
0 0.557473 0.785037 0.011855 0.007025
0 0.616746 0.638172 0.028539 0.025904
0 0.644626 0.627195 0.005269 0.006586
0 0.682165 0.682517 0.012733 0.015367
0 0.715095 0.688883 0.011855 0.016684
0 0.686336 0.718739 0.028978 0.022831
0 0.685678 0.756279 0.009220 0.004830
0 0.745609 0.760450 0.012294 0.017562
0 0.768001 0.696347 0.017562 0.031612
0 0.815420 0.673955 0.007903 0.006147
0 0.600061 0.558922 0.019758 0.010537
0 0.804663 0.538066 0.003952 0.008342
0 0.818932 0.482525 0.004391 0.006147
0 0.914427 0.423033 0.009220 0.010098
0 0.953723 0.417764 0.009659 0.003952
0 0.869424 0.272216 0.028100 0.040393
0 0.921891 0.244556 0.010976 0.012294
0 0.886108 0.197576 0.036881 0.018440
0 0.767562 0.195162 0.029856 0.035564
0 0.824201 0.124034 0.007903 0.012733
0 0.872936 0.091324 0.010537 0.014050
0 0.852520 0.028758 0.032929 0.041711
0 0.769099 0.026783 0.018001 0.014928
0 0.654505 0.006147 0.019758 0.012294
0 0.096022 0.137645 0.017123 0.023270
0 0.092729 0.181112 0.030734 0.028539
0 0.141026 0.209431 0.037759 0.014928
0 0.201835 0.023051 0.025026 0.021514
0 0.256718 0.007025 0.068054 0.014050
0 0.325211 0.072006 0.014489 0.014050
0 0.377239 0.070030 0.022831 0.025026
0 0.307429 0.204601 0.035125 0.036881
0 0.444415 0.092422 0.028100 0.028539
0 0.396558 0.125351 0.043028 0.056639
0 0.494468 0.200211 0.008781 0.010537
0 0.511591 0.191869 0.011416 0.028100
0 0.619600 0.174306 0.064103 0.050053
0 0.693361 0.187698 0.004391 0.003073
0 0.690508 0.249166 0.025026 0.025026
0 0.692483 0.276168 0.004391 0.005269
0 0.142782 0.324025 0.011416 0.015806
0 0.243107 0.319415 0.025904 0.039076
0 0.292720 0.362004 0.037320 0.024148
0 0.145197 0.439059 0.013611 0.018440
0 0.288988 0.509528 0.008781 0.013611
0 0.502371 0.269143 0.011416 0.006147
0 0.573937 0.311293 0.053565 0.042150
0 0.601818 0.350149 0.012733 0.013611
0 0.674701 0.318757 0.030295 0.026344
0 0.651870 0.351247 0.036442 0.036003
0 0.632991 0.376493 0.022392 0.022392
0 0.603793 0.376712 0.004391 0.005269
0 0.568230 0.383957 0.019319 0.015367
0 0.535520 0.388567 0.021514 0.022831
0 0.589963 0.408325 0.005708 0.007903
0 0.047726 0.497014 0.013611 0.021075
0 0.469881 0.438400 0.034247 0.016245
0 0.363409 0.441913 0.038198 0.027661
0 0.410608 0.484721 0.043028 0.024587
0 0.352432 0.541359 0.030295 0.032490
0 0.467685 0.596900 0.032490 0.035564
0 0.452318 0.617097 0.042150 0.018880
0 0.450123 0.660344 0.016684 0.017562
0 0.294038 0.643660 0.032929 0.022831
0 0.303916 0.693713 0.021075 0.025465
0 0.342993 0.661442 0.018440 0.016245
0 0.163198 0.627415 0.014489 0.009659
0 0.192835 0.753864 0.042150 0.052687
0 0.031700 0.884484 0.024587 0.054882
0 0.107657 0.987223 0.010537 0.010976
0 0.285256 0.801063 0.026783 0.041711
0 0.320162 0.814893 0.015806 0.017562
0 0.399851 0.866263 0.022392 0.036881
0 0.451001 0.886459 0.013172 0.014928
0 0.392826 0.950342 0.008342 0.007464
0 0.461319 0.929268 0.030295 0.029417