0 0.019178 0.616438 0.037671 0.047945
0 0.017466 0.546233 0.034247 0.030822
0 0.149144 0.495719 0.037329 0.029110
0 0.159565 0.524386 0.034199 0.028224
0 0.073116 0.339041 0.025685 0.020548
0 0.042294 0.249144 0.011986 0.025685
0 0.990753 0.007277 0.018493 0.012842
0 0.707534 0.008562 0.018836 0.010274
0 0.644178 0.085616 0.022260 0.020548
0 0.582962 0.044521 0.024829 0.027397
0 0.525599 0.083476 0.024829 0.031678
0 0.693836 0.190068 0.018836 0.010274
0 0.766182 0.191781 0.011130 0.008562
0 0.786729 0.211045 0.011130 0.009418
0 0.831678 0.248288 0.006849 0.010274
0 0.949829 0.228596 0.022260 0.018836
0 0.990753 0.303510 0.018493 0.016267
0 0.923716 0.366438 0.016267 0.017123
0 0.462243 0.165240 0.009418 0.010274
0 0.416438 0.139555 0.061644 0.066781
0 0.823973 0.460616 0.017123 0.018836
0 0.990325 0.445205 0.019349 0.041096
0 0.618065 0.435788 0.014555 0.015411
0 0.535445 0.399829 0.006849 0.008562
0 0.446404 0.469178 0.017123 0.011986
0 0.414726 0.525685 0.011986 0.017123
0 0.491781 0.479880 0.022260 0.019692
0 0.505908 0.489298 0.021404 0.021404
0 0.577397 0.477312 0.005137 0.009418
0 0.555565 0.526969 0.021404 0.017979
0 0.537158 0.568921 0.027397 0.028253
0 0.808562 0.518836 0.027397 0.023973
0 0.904880 0.505993 0.026541 0.022260
0 0.909589 0.476027 0.025685 0.017123
0 0.969092 0.495291 0.019692 0.012842
0 0.960103 0.479452 0.010274 0.013699
0 0.934418 0.489298 0.044521 0.036815
0 0.811986 0.661387 0.018836 0.019692
0 0.717808 0.645548 0.011986 0.010274
0 0.687414 0.656678 0.021404 0.025685
0 0.811596 0.776446 0.025209 0.021880
0 0.790430 0.788337 0.020928 0.026636
0 0.814212 0.795234 0.028539 0.020453
0 0.977121 0.778111 0.009989 0.008086
0 0.991629 0.815925 0.008562 0.009513
0 0.995101 0.868721 0.009798 0.016172
0 0.994150 0.919854 0.011700 0.031868
0 0.905061 0.926037 0.013318 0.010940
0 0.885559 0.942685 0.015221 0.010940
0 0.839897 0.943160 0.019977 0.015696
0 0.708619 0.974315 0.007610 0.005708
0 0.032003 0.112778 0.018895 0.021256
0 0.010392 0.106282 0.020784 0.018895
0 0.019898 0.124882 0.017123 0.014761
0 0.018127 0.242974 0.012400 0.025390
0 0.005727 0.254192 0.011219 0.015942
0 0.129428 0.210498 0.016533 0.010038
0 0.189950 0.156767 0.013581 0.014761
0 0.263462 0.150862 0.023618 0.024209
0 0.248996 0.159719 0.008857 0.007676
0 0.355279 0.174480 0.027752 0.028932
0 0.264939 0.283715 0.013581 0.012400
0 0.166037 0.278696 0.017714 0.018895
0 0.092230 0.351618 0.014171 0.018304
0 0.062707 0.320914 0.007085 0.008857
0 0.054735 0.402988 0.010038 0.012400
0 0.007440 0.481814 0.014880 0.014171
0 0.164265 0.452291 0.011809 0.007085
0 0.259624 0.501889 0.011219 0.011809
0 0.348488 0.425720 0.008266 0.010628
0 0.214159 0.569202 0.012400 0.014171
0 0.319556 0.602267 0.023618 0.022437
0 0.032593 0.820442 0.020076 0.018304
0 0.119981 0.882440 0.015352 0.017123
0 0.186112 0.937943 0.012990 0.012400
0 0.211207 0.943257 0.007676 0.008857
0 0.323689 0.985770 0.014171 0.013581
0 0.336679 0.924362 0.012990 0.012400
0 0.357050 0.889525 0.018304 0.019485
0 0.377421 0.883325 0.025980 0.028342
0 0.375649 0.845831 0.016533 0.013581
0 0.379783 0.806566 0.018895 0.018895
0 0.358526 0.790919 0.027161 0.023028
0 0.298890 0.690246 0.011809 0.016533
0 0.309813 0.702350 0.033656 0.021847
0 0.139466 0.631790 0.007085 0.009447
0 0.195855 0.712093 0.026571 0.025980
0 0.227149 0.711797 0.020666 0.020666
0 0.219769 0.734530 0.010628 0.011809
0 0.158656 0.752834 0.023028 0.023618
0 0.458018 0.895725 0.023028 0.010628
0 0.467171 0.825165 0.011809 0.011219
0 0.509388 0.784128 0.040742 0.018895
0 0.570501 0.785900 0.007085 0.014171
0 0.575224 0.821032 0.030704 0.034837
0 0.558101 0.942667 0.015352 0.013581
0 0.531826 0.962447 0.021847 0.021256
0 0.547473 0.969237 0.010628 0.015942
0 0.436073 0.663066 0.023709 0.023709
0 0.403583 0.630796 0.027222 0.025904
0 0.388435 0.623332 0.015367 0.020636
0 0.409290 0.609501 0.017562 0.018440
0 0.428609 0.630796 0.015806 0.015367
0 0.420047 0.649895 0.018001 0.020197
0 0.403583 0.650114 0.014928 0.016245
0 0.387557 0.658237 0.016245 0.021075
0 0.417194 0.728706 0.043906 0.040832
0 0.390850 0.702582 0.029856 0.033368
0 0.414779 0.696654 0.021514 0.018880
0 0.387118 0.677116 0.029417 0.016684
0 0.364946 0.678433 0.020197 0.022831
0 0.368238 0.691386 0.015367 0.018880
0 0.359896 0.702143 0.013611 0.014050