0 0.524144 0.519859 0.036728 0.033389
0 0.463210 0.562152 0.021703 0.020033
0 0.393093 0.517634 0.020590 0.024485
0 0.320472 0.524868 0.025598 0.020033
0 0.373338 0.602775 0.047858 0.038954
0 0.388919 0.666771 0.021146 0.022259
0 0.363877 0.655085 0.026711 0.023372
0 0.631267 0.464003 0.020590 0.016138
0 0.623755 0.446752 0.010017 0.015025
0 0.705001 0.328631 0.012243 0.016694
0 0.717801 0.347830 0.017807 0.018364
0 0.572837 0.340039 0.040623 0.030607
0 0.547517 0.288905 0.037841 0.039510
0 0.544178 0.185817 0.022259 0.018920
0 0.541395 0.129104 0.021146 0.015582
0 0.439003 0.101280 0.014469 0.017807
0 0.398101 0.022538 0.037284 0.045075
0 0.536665 0.030050 0.020590 0.037841
0 0.517467 0.037284 0.018920 0.018920
0 0.654824 0.046188 0.021334 0.012243
0 0.615129 0.018920 0.032832 0.028937
0 0.751468 0.363383 0.025042 0.026711
0 0.784300 0.387312 0.018364 0.012243
0 0.777344 0.405676 0.003339 0.011130
0 0.748407 0.419032 0.037841 0.054535
0 0.680516 0.405885 0.077908 0.082916
0 0.686916 0.437326 0.023929 0.014469
0 0.666604 0.436213 0.017807 0.010017
0 0.610399 0.372009 0.024485 0.047301
0 0.644623 0.253332 0.017251 0.018920
0 0.630711 0.219943 0.020590 0.017807
0 0.930377 0.026155 0.032276 0.035615
0 0.840505 0.029772 0.048414 0.057318
0 0.697767 0.103228 0.052309 0.035058
0 0.668830 0.173901 0.036728 0.045075
0 0.738669 0.216472 0.018364 0.013356
0 0.721696 0.270451 0.028937 0.026711
0 0.598157 0.412855 0.022259 0.037284
0 0.545291 0.404508 0.063439 0.068447
0 0.555029 0.430384 0.018364 0.013356
0 0.547795 0.389482 0.022816 0.015025
0 0.281796 0.355815 0.013912 0.020033
0 0.267327 0.354981 0.015025 0.012799
0 0.281518 0.402560 0.017807 0.021146
0 0.105947 0.380022 0.008347 0.010573
0 0.231991 0.437062 0.013356 0.013356
0 0.234773 0.376405 0.012243 0.015582
0 0.245346 0.459043 0.025598 0.033945
0 0.297656 0.485476 0.015582 0.016694
0 0.282909 0.530273 0.023929 0.021703
0 0.250911 0.560601 0.013356 0.022259
0 0.224757 0.652003 0.013356 0.011686
0 0.075063 0.600250 0.028937 0.041736
0 0.061707 0.529855 0.015582 0.015582
0 0.075063 0.520395 0.015582 0.015582
0 0.008316 0.629403 0.016632 0.033389
0 0.215018 0.708911 0.015025 0.013356
0 0.116242 0.688530 0.035615 0.027268
0 0.185803 0.729153 0.018920 0.018364
0 0.109843 0.802330 0.018364 0.018920
0 0.060038 0.823970 0.031163 0.031163
0 0.043343 0.867933 0.023372 0.015582
0 0.053360 0.900974 0.014469 0.019477
0 0.179125 0.836978 0.016694 0.021703
0 0.201106 0.848943 0.039510 0.041180
0 0.422723 0.780154 0.017738 0.019825
0 0.407593 0.695117 0.025042 0.018781
0 0.553670 0.796849 0.033389 0.023998
0 0.172305 0.178944 0.019825 0.015651
0 0.241170 0.146077 0.026085 0.020868
0 0.148829 0.270242 0.014608 0.018781
0 0.076312 0.339107 0.017738 0.016694
0 0.067443 0.249896 0.029215 0.034432
0 0.018403 0.265547 0.018781 0.017738
0 0.007969 0.275981 0.008347 0.023998
0 0.042923 0.174249 0.021912 0.027129
0 0.028315 0.197204 0.009391 0.014608
0 0.101354 0.065213 0.017738 0.017738
0 0.173870 0.057387 0.025042 0.018781
0 0.153002 0.100167 0.033389 0.018781
0 0.184826 0.120513 0.046953 0.057387
0 0.132656 0.150250 0.015651 0.012521
0 0.136830 0.127295 0.030259 0.025042
0 0.374204 0.109558 0.016694 0.018781
0 0.489501 0.192508 0.011477 0.009391
0 0.450083 0.226419 0.060935 0.056344
0 0.472806 0.271807 0.055301 0.063648
0 0.376813 0.473054 0.021912 0.028172
0 0.194217 0.487662 0.019825 0.021912
0 0.139438 0.442795 0.035476 0.026085
0 0.143090 0.468359 0.036519 0.027129
0 0.112310 0.523659 0.022955 0.022955
0 0.115440 0.503313 0.014608 0.009391
0 0.135264 0.522094 0.020868 0.021912
0 0.140482 0.505921 0.041736 0.041736
0 0.171784 0.503313 0.022955 0.026085
0 0.014751 0.580003 0.009391 0.010434
0 0.382753 0.419313 0.077629 0.068447
0 0.606041 0.572485 0.018364 0.017529
0 0.600198 0.600866 0.040067 0.034224
0 0.609380 0.692268 0.021703 0.030050
0 0.642352 0.709798 0.012521 0.016694
0 0.664889 0.718145 0.017529 0.018364
0 0.687010 0.721484 0.010017 0.016694
0 0.654038 0.673487 0.017529 0.032554
0 0.675741 0.642602 0.039232 0.029215
0 0.646943 0.605457 0.045075 0.073456
0 0.694105 0.499864 0.067613 0.049249
0 0.644856 0.537010 0.029215 0.030050
0 0.729581 0.659714 0.016694 0.015025
0 0.745023 0.782638 0.045910 0.037563
0 0.707043 0.912521 0.033389 0.041736
0 0.761300 0.957596 0.033389 0.030050
0 0.440348 0.987646 0.027546 0.015025
0 0.146661 0.849082 0.018364 0.015025
0 0.157513 0.928798 0.053422 0.034224
0 0.144157 0.882053 0.065109 0.052588
0 0.017404 0.988815 0.034808 0.022370
0 0.247245 0.920868 0.020868 0.016694
0 0.164608 0.995910 0.014190 0.008180
0 0.195910 0.991736 0.016694 0.016528
0 0.223038 0.959265 0.015860 0.013356
0 0.244324 0.982220 0.046745 0.034224
0 0.264775 0.945910 0.050918 0.045075
0 0.268114 0.970952 0.040902 0.030050
0 0.184224 0.010017 0.015025 0.016694
0 0.011853 0.034641 0.014190 0.019199
0 0.283973 0.006260 0.020868 0.012520
0 0.315275 0.010434 0.031720 0.020868
0 0.717195 0.155259 0.020868 0.018364
0 0.747245 0.070534 0.019199 0.017529
0 0.947997 0.158180 0.030050 0.017529
0 0.946327 0.174457 0.015025 0.021703
0 0.922120 0.175292 0.021703 0.040067
0 0.965109 0.294658 0.059265 0.108514
0 0.924624 0.356010 0.033389 0.034224
0 0.871619 0.315943 0.020868 0.025876
0 0.839482 0.257930 0.050083 0.036728
0 0.825292 0.161937 0.025042 0.023372
0 0.857429 0.158598 0.034224 0.021703
0 0.870367 0.195326 0.031720 0.033389
0 0.839900 0.197412 0.039232 0.025876
0 0.796494 0.219533 0.005843 0.031720
0 0.778548 0.202838 0.018364 0.035058
0 0.814023 0.136895 0.069282 0.063439
0 0.898331 0.090150 0.045910 0.033389
0 0.933389 0.090985 0.039232 0.025042
0 0.925876 0.126461 0.020868 0.020868
0 0.879967 0.156093 0.037563 0.035058
0 0.846160 0.107262 0.036728 0.025876
0 0.819449 0.068447 0.026711 0.028381
0 0.805676 0.085142 0.037563 0.036728
0 0.761853 0.079299 0.026711 0.031720
0 0.728464 0.129800 0.021703 0.015860
0 0.750584 0.106010 0.035893 0.030050
0 0.760184 0.139399 0.035058 0.031720
0 0.783556 0.093072 0.023372 0.072621
0 0.983890 0.176544 0.018364 0.025876
0 0.989733 0.118114 0.011686 0.019199
0 0.900584 0.234521 0.083472 0.066705
0 0.788314 0.260851 0.052588 0.075960
0 0.930634 0.729142 0.023372 0.040067
0 0.862187 0.774958 0.016694 0.016694
0 0.815442 0.734370 0.023372 0.024207
0 0.784558 0.703902 0.028381 0.030050
0 0.744908 0.692216 0.024207 0.023372
0 0.796244 0.570545 0.036728 0.021703
0 0.808765 0.647339 0.036728 0.043406
0 0.777462 0.620164 0.035893 0.039326
0 0.799165 0.592665 0.015860 0.020868
0 0.774958 0.580144 0.017529 0.024207
0 0.721953 0.531730 0.036728 0.024207
0 0.740317 0.553433 0.038397 0.022538
0 0.696077 0.590578 0.045075 0.056761
0 0.643072 0.564702 0.054257 0.021703
0 0.675209 0.542999 0.036728 0.021703
0 0.733639 0.607596 0.026711 0.024207
0 0.739065 0.578798 0.030885 0.028381
0 0.706511 0.549583 0.030885 0.011686
0 0.983222 0.547496 0.018364 0.022538
0 0.993698 0.666027 0.012604 0.019199
0 0.940234 0.902087 0.034224 0.045910
0 0.971536 0.918364 0.020033 0.036728
0 0.891402 0.932972 0.010017 0.015860
0 0.855927 0.926711 0.022538 0.028381
0 0.873873 0.922538 0.018364 0.033389
0 0.844240 0.469574 0.032554 0.043406
0 0.868447 0.527588 0.019199 0.010851
0 0.856761 0.505467 0.044240 0.033389
0 0.896411 0.443698 0.011686 0.015025
0 0.981553 0.443698 0.033389 0.035058
0 0.946912 0.472078 0.034224 0.026711
0 0.921452 0.454132 0.035058 0.030885
0 0.905593 0.517154 0.023372 0.016694
0 0.918948 0.488356 0.021703 0.034224
0 0.884725 0.475835 0.051753 0.059265
0 0.965275 0.483765 0.017529 0.028381
0 0.987437 0.483347 0.025125 0.035893
0 0.860935 0.294491 0.054257 0.051753
0 0.916444 0.299082 0.065109 0.092654
0 0.845492 0.218207 0.076795 0.037563
0 0.971119 0.037563 0.012521 0.013356
0 0.989524 0.058431 0.020952 0.046745
0 0.874708 0.074290 0.030050 0.025042
0 0.906427 0.071369 0.026711 0.022538
0 0.906010 0.128965 0.030885 0.052588
0 0.810851 0.186978 0.045910 0.036728
0 0.905593 0.170284 0.010017 0.021703