0 0.544428 0.491476 0.019263 0.033817
0 0.589374 0.500894 0.040666 0.025256
0 0.496485 0.535139 0.018407 0.015838
0 0.569897 0.554402 0.033389 0.056076
0 0.616128 0.583082 0.025684 0.020975
0 0.626188 0.626958 0.019263 0.018835
0 0.576318 0.600847 0.017123 0.013698
0 0.499267 0.605668 0.027396 0.026112
0 0.474867 0.623432 0.013698 0.019691
0 0.518958 0.653611 0.018835 0.020975
0 0.555557 0.665168 0.017551 0.015838
0 0.575462 0.627713 0.028252 0.025684
0 0.597722 0.647618 0.029108 0.041522
0 0.596009 0.682505 0.041950 0.037670
0 0.638174 0.703218 0.011558 0.009845
0 0.579743 0.739817 0.020547 0.023115
0 0.524737 0.730400 0.018407 0.017979
0 0.454320 0.743242 0.013698 0.015410
0 0.494772 0.764431 0.021831 0.021831
0 0.413440 0.643971 0.026112 0.031800
0 0.383904 0.641892 0.014982 0.013698
0 0.368921 0.520585 0.020975 0.016694
0 0.417721 0.539633 0.020119 0.021403
0 0.431633 0.532142 0.020547 0.020975
0 0.468232 0.499663 0.016694 0.017551
0 0.490064 0.481898 0.014126 0.017979
0 0.503334 0.469484 0.014126 0.017979
0 0.478078 0.462207 0.017551 0.016266
0 0.476794 0.444443 0.017551 0.018407
0 0.464594 0.421327 0.010274 0.007277
0 0.468018 0.434383 0.012842 0.016266
0 0.511039 0.351066 0.020975 0.023115
0 0.508256 0.333301 0.017979 0.016694
0 0.499267 0.313610 0.026540 0.020975
0 0.552133 0.284122 0.016694 0.024400
0 0.506544 0.279413 0.029108 0.024400
0 0.482572 0.271708 0.015410 0.014126
0 0.472085 0.278129 0.015838 0.009845
0 0.482358 0.291399 0.020975 0.018407
0 0.420075 0.255281 0.023972 0.013698
0 0.413868 0.273688 0.012414 0.017123
0 0.383048 0.285460 0.013270 0.018407
0 0.365711 0.280965 0.014554 0.017123
0 0.323547 0.258064 0.018407 0.014982
0 0.291442 0.261060 0.021831 0.019263
0 0.286305 0.284176 0.016694 0.018407
0 0.329754 0.309217 0.019691 0.018835
0 0.347090 0.296589 0.011558 0.009845
0 0.365711 0.299372 0.024828 0.012842
0 0.366353 0.313712 0.014126 0.014126
0 0.365925 0.325912 0.010702 0.016266
0 0.383476 0.327410 0.019263 0.020975
0 0.383262 0.354806 0.013698 0.010702
0 0.358434 0.340466 0.008561 0.011130
0 0.353297 0.351810 0.017123 0.015838
0 0.335533 0.340252 0.017551 0.019263
0 0.309421 0.350954 0.022687 0.020119
0 0.317768 0.376209 0.011130 0.014126
0 0.333820 0.373213 0.012414 0.016694
0 0.349017 0.372999 0.017979 0.024828
0 0.414510 0.383700 0.017123 0.020547
0 0.414296 0.346887 0.026112 0.025684
0 0.433773 0.324414 0.017123 0.025256
0 0.421359 0.321845 0.006849 0.008989
0 0.412584 0.330406 0.009845 0.012414
0 0.450682 0.367166 0.013270 0.012414
0 0.468660 0.394777 0.027824 0.039382
0 0.436128 0.376370 0.026112 0.031677
0 0.430777 0.396013 0.017123 0.014554
0 0.431419 0.416560 0.022687 0.022259
0 0.401454 0.458194 0.021831 0.015838
0 0.416009 0.475745 0.019263 0.010702
0 0.423500 0.463117 0.011986 0.008561
0 0.435913 0.467184 0.017979 0.026968
0 0.439124 0.441714 0.014126 0.013698
0 0.423286 0.444496 0.011558 0.009845
0 0.419861 0.431012 0.012414 0.007705
0 0.320764 0.462475 0.024828 0.031249
0 0.296579 0.451987 0.013270 0.012842
0 0.294866 0.486018 0.017551 0.023544
0 0.312203 0.501429 0.013698 0.020119
0 0.319266 0.515341 0.017551 0.017123
0 0.266828 0.518979 0.017123 0.016694
0 0.265972 0.532249 0.013698 0.005565
0 0.288445 0.520263 0.027824 0.026112
0 0.308136 0.534390 0.005565 0.006421
0 0.289088 0.537814 0.011986 0.010702
0 0.226162 0.470822 0.013698 0.013698
0 0.185496 0.517267 0.017979 0.016694
0 0.135627 0.503569 0.014126 0.017551
0 0.083831 0.510418 0.014982 0.015838
0 0.038456 0.503569 0.018407 0.013270
0 0.046375 0.460763 0.022259 0.022687
0 0.008419 0.465899 0.016838 0.024400
0 0.035888 0.429300 0.030393 0.034245
0 0.058575 0.389918 0.026112 0.041950
0 0.101810 0.528932 0.014982 0.017979
0 0.118290 0.569812 0.008561 0.013270
0 0.072273 0.574258 0.018407 0.014554
0 0.044877 0.590097 0.013270 0.012842
0 0.090680 0.585602 0.014982 0.014126
0 0.058147 0.578967 0.009845 0.007705
0 0.114652 0.644193 0.019263 0.018407
0 0.202405 0.654039 0.016694 0.020119
0 0.166661 0.683313 0.019691 0.023115
0 0.103308 0.676250 0.026540 0.025256
0 0.089396 0.658271 0.014982 0.014126
0 0.070989 0.654847 0.018407 0.016694
0 0.025828 0.646071 0.020547 0.035957
0 0.014699 0.606476 0.029108 0.035529
0 0.065638 0.591279 0.024828 0.018835
0 0.053866 0.616321 0.008989 0.005565
0 0.097101 0.599841 0.032961 0.021403
0 0.098599 0.616963 0.022259 0.015410
0 0.076340 0.612682 0.015410 0.013698
0 0.063712 0.630875 0.065494 0.030393
0 0.084045 0.703111 0.010274 0.013270
0 0.179931 0.651583 0.010274 0.007705
0 0.219527 0.618033 0.014982 0.019263
0 0.215033 0.567409 0.012842 0.018835
0 0.187636 0.543010 0.019691 0.017979
0 0.147612 0.550929 0.046659 0.052652
0 0.144188 0.330091 0.011558 0.014554
0 0.055793 0.309592 0.025684 0.024828
0 0.140335 0.234306 0.017551 0.017979
0 0.075484 0.143444 0.017123 0.015838
0 0.059431 0.117172 0.026968 0.023115
0 0.125139 0.093842 0.016266 0.015838
0 0.141834 0.116102 0.028252 0.019263
0 0.044877 0.058003 0.028680 0.038954
0 0.036958 0.019049 0.018835 0.020975
0 0.014271 0.014554 0.027396 0.027396
0 0.002213 0.038312 0.004425 0.013270
0 0.006065 0.075125 0.012130 0.015838
0 0.162167 0.169032 0.020119 0.021403
0 0.170514 0.184442 0.015410 0.014554
0 0.144188 0.193859 0.037242 0.030821
0 0.116150 0.216119 0.029964 0.022259
0 0.083403 0.174811 0.017551 0.016694
0 0.007135 0.181446 0.014270 0.022259
0 0.020049 0.188723 0.014982 0.015410
0 0.047874 0.176951 0.044091 0.034673
0 0.085543 0.198943 0.029536 0.040238
0 0.115508 0.779906 0.019263 0.023544
0 0.081691 0.769418 0.019263 0.019691
0 0.092178 0.737741 0.026540 0.039382
0 0.006065 0.731320 0.012130 0.019691
0 0.002641 0.775839 0.005281 0.010274
0 0.058147 0.773699 0.014126 0.021403
0 0.032677 0.762141 0.027396 0.019691
0 0.176507 0.770488 0.035101 0.030393
0 0.202833 0.766636 0.016694 0.016694
0 0.054723 0.706755 0.044947 0.059501
0 0.042737 0.697123 0.018407 0.017123
0 0.049800 0.715530 0.015410 0.012842
0 0.227446 0.695577 0.023115 0.025256
0 0.220383 0.716338 0.014982 0.011986
0 0.316270 0.606588 0.016694 0.016694
0 0.300859 0.634412 0.018407 0.014982
0 0.266400 0.665447 0.015410 0.017123
0 0.305354 0.718853 0.011986 0.012842
0 0.325045 0.726558 0.036813 0.036813
0 0.280098 0.756041 0.018835 0.018835
0 0.393535 0.818752 0.014554 0.016694
0 0.307494 0.831707 0.017979 0.017979
0 0.144616 0.808265 0.017551 0.017123
0 0.195984 0.861243 0.014982 0.013698
0 0.181644 0.900133 0.025684 0.026540
0 0.265972 0.920038 0.023115 0.016694
0 0.269611 0.952571 0.010702 0.013270
0 0.326757 0.942083 0.010274 0.005137
0 0.341739 0.961988 0.017123 0.019263
0 0.344950 0.940157 0.024400 0.029536
0 0.373844 0.962844 0.023115 0.019263
0 0.192987 0.949574 0.026112 0.028680
0 0.142904 0.949788 0.016694 0.013698
0 0.317768 0.870596 0.020547 0.022259
0 0.363785 0.905912 0.013270 0.018407
0 0.383690 0.913617 0.025684 0.027824
0 0.434629 0.920680 0.016266 0.020547
0 0.278172 0.833242 0.024400 0.026968
0 0.247993 0.827892 0.013698 0.018835
0 0.244355 0.871340 0.012414 0.014126
0 0.278172 0.882898 0.014126 0.013270
0 0.289302 0.852291 0.022687 0.011130
0 0.280740 0.868772 0.025256 0.020119
0 0.259337 0.858712 0.027824 0.036813
0 0.280526 0.576661 0.024828 0.020119
0 0.353297 0.577731 0.013698 0.018835
0 0.343452 0.552475 0.016266 0.008561
0 0.348374 0.527696 0.023544 0.038526
0 0.202833 0.430418 0.091178 0.038954
0 0.236436 0.438979 0.020547 0.016694
0 0.199408 0.358653 0.017551 0.016694
0 0.164521 0.353303 0.015410 0.015410
0 0.184640 0.353088 0.055648 0.034673
0 0.182500 0.273308 0.023115 0.021403
0 0.171584 0.291287 0.041522 0.027396
0 0.124283 0.262660 0.028252 0.029964
0 0.107160 0.290698 0.014554 0.016694
0 0.106946 0.274860 0.017551 0.022687
0 0.232583 0.325960 0.014554 0.014554
0 0.256127 0.320395 0.034245 0.020547
0 0.226590 0.378986 0.007705 0.011130
0 0.253344 0.378772 0.056932 0.047515
0 0.258267 0.395467 0.013698 0.009845
0 0.270895 0.383481 0.014982 0.017551
0 0.252060 0.144022 0.024400 0.023544
0 0.273249 0.123261 0.030821 0.025684
0 0.266828 0.079406 0.023972 0.021831
0 0.348160 0.053080 0.007705 0.015410
0 0.335104 0.151107 0.017551 0.017123
0 0.327185 0.206113 0.022259 0.016694
0 0.345806 0.187920 0.039810 0.047087
0 0.250348 0.027824 0.028680 0.012842
0 0.248636 0.006849 0.035529 0.013698
0 0.315414 0.029964 0.026112 0.029108
0 0.302358 0.010702 0.022259 0.021403
0 0.384546 0.059929 0.013698 0.022259
0 0.451966 0.078764 0.014126 0.017123
0 0.502905 0.067634 0.013270 0.015410
0 0.533726 0.087539 0.017551 0.015838
0 0.559838 0.061427 0.014982 0.016694
0 0.594083 0.010060 0.011558 0.014126
0 0.431419 0.170369 0.016694 0.023972
0 0.395890 0.173580 0.021831 0.014982
0 0.467376 0.177218 0.012414 0.013698
0 0.545926 0.193699 0.008561 0.010702
0 0.527519 0.178717 0.025684 0.033817
0 0.441050 0.018407 0.023972 0.021403
0 0.478078 0.008775 0.023544 0.017550
0 0.542073 0.040880 0.027396 0.033817
0 0.598763 0.242022 0.018464 0.020022
0 0.591943 0.349775 0.009845 0.014461
0 0.556842 0.380763 0.027824 0.037242
0 0.595367 0.440692 0.013270 0.019263
0 0.592585 0.397457 0.017123 0.033817
0 0.612704 0.388682 0.014554 0.029108
0 0.447899 0.505329 0.023972 0.030393
0 0.431847 0.492916 0.018407 0.015838
0 0.436984 0.582809 0.011558 0.013270
0 0.428636 0.601858 0.023972 0.023972
0 0.401026 0.577886 0.032961 0.039382
0 0.371490 0.596507 0.008989 0.010702
0 0.363143 0.622619 0.029964 0.021831
0 0.341739 0.637601 0.023972 0.020119
0 0.290158 0.607423 0.020975 0.022259
0 0.254628 0.751894 0.025256 0.020975
0 0.224236 0.737768 0.017551 0.020975
0 0.234938 0.717863 0.013270 0.011130
0 0.261049 0.718077 0.053508 0.048371
0 0.106518 0.930739 0.020975 0.023544
0 0.010132 0.932880 0.020263 0.021831
0 0.047446 0.886007 0.010702 0.023115
0 0.031393 0.848765 0.023972 0.019691
0 0.008920 0.807029 0.017551 0.026112
0 0.078694 0.828004 0.029536 0.020119
0 0.079336 0.853474 0.034245 0.024828
0 0.087255 0.887291 0.008133 0.011986
0 0.088968 0.906126 0.008989 0.016266
0 0.101596 0.912761 0.010274 0.010702
0 0.122357 0.951072 0.016694 0.024828
0 0.211180 0.971833 0.013698 0.014982
0 0.220169 0.980609 0.023972 0.015410
0 0.168160 0.988164 0.030393 0.023672
0 0.106090 0.987094 0.030393 0.025812
0 0.188921 0.995441 0.016266 0.009118
0 0.501407 0.981743 0.027396 0.036514
0 0.488779 0.919182 0.020975 0.024400
0 0.480004 0.896708 0.013698 0.020547
0 0.532228 0.886435 0.017123 0.017123
0 0.512751 0.879800 0.013270 0.027824
0 0.546354 0.793117 0.017123 0.022259
0 0.587876 0.799538 0.020547 0.017123
0 0.594083 0.828218 0.017551 0.017123
0 0.597508 0.868028 0.021831 0.029964
0 0.634107 0.886435 0.015410 0.014554
0 0.588090 0.894782 0.024400 0.019263
0 0.637318 0.946967 0.015838 0.025178
0 0.672633 0.943367 0.032533 0.019691
0 0.522810 0.832285 0.023972 0.021831
0 0.508470 0.798896 0.018407 0.014126
0 0.499481 0.811309 0.022687 0.020119
0 0.484071 0.819015 0.011558 0.008989
0 0.477008 0.832713 0.017979 0.014982
0 0.493060 0.840846 0.025256 0.030393
0 0.475937 0.789264 0.014982 0.013698
0 0.677342 0.825008 0.025684 0.021831
0 0.706878 0.810239 0.022259 0.017123
0 0.730207 0.789264 0.014126 0.016266
0 0.782003 0.843628 0.018407 0.018835
0 0.784143 0.771714 0.025256 0.019691
0 0.701313 0.745816 0.025684 0.035529
0 0.746902 0.738539 0.050083 0.049227
0 0.692110 0.673901 0.021831 0.017551
0 0.765523 0.539275 0.019691 0.013698
0 0.750540 0.491760 0.010274 0.012842
0 0.720576 0.503746 0.018835 0.017123
0 0.794417 0.499679 0.029536 0.038954
0 0.748614 0.430119 0.015838 0.012842
0 0.688257 0.441890 0.019263 0.018407
0 0.710302 0.453448 0.023115 0.027824
0 0.742835 0.467146 0.016266 0.019263
0 0.734916 0.442104 0.017551 0.019691
0 0.754821 0.444887 0.014554 0.016694
0 0.787354 0.389881 0.014554 0.023972
0 0.843430 0.381747 0.007705 0.014554
0 0.861195 0.386028 0.020119 0.017979
0 0.893086 0.334232 0.013698 0.017979
0 0.920054 0.343222 0.011986 0.017123
0 0.940815 0.342365 0.017551 0.016266
0 0.908068 0.372116 0.012842 0.018407
0 0.930755 0.372972 0.017979 0.018407
0 0.893514 0.426908 0.012842 0.024400
0 0.853918 0.450452 0.030393 0.019263
0 0.742623 0.375878 0.023569 0.021605
0 0.716844 0.362620 0.019150 0.021605
0 0.737467 0.356237 0.016203 0.019641
0 0.696467 0.374159 0.026515 0.021114
0 0.694012 0.401410 0.025533 0.030443
0 0.655222 0.380788 0.022587 0.024551
0 0.638036 0.360656 0.026515 0.015712
0 0.629689 0.381524 0.030443 0.034862
0 0.640000 0.409540 0.013748 0.008402
0 0.761036 0.319221 0.017186 0.027006
0 0.776748 0.295407 0.023078 0.019641
0 0.885999 0.232557 0.015712 0.024551
0 0.911040 0.312838 0.016694 0.009329
0 0.666270 0.278467 0.018168 0.015221
0 0.626743 0.300808 0.017677 0.014730
0 0.637545 0.317993 0.052048 0.034371
0 0.615941 0.334933 0.024551 0.020132
0 0.605629 0.343526 0.014730 0.017677
0 0.640491 0.206650 0.017677 0.027497
0 0.663569 0.210578 0.020623 0.018659
0 0.654731 0.177925 0.023569 0.016203
0 0.687874 0.127412 0.016203 0.021114
0 0.717581 0.115873 0.030443 0.033389
0 0.774784 0.139687 0.016203 0.019150
0 0.718072 0.156136 0.022587 0.020623
0 0.713407 0.196154 0.030934 0.040754
0 0.749006 0.018168 0.027497 0.023569
0 0.682473 0.027251 0.030934 0.032898
0 0.718563 0.032898 0.025533 0.032407
0 0.643683 0.039036 0.017186 0.024060
0 0.957233 0.016449 0.012766 0.016203
0 0.976628 0.059658 0.038790 0.038790
0 0.974173 0.096975 0.030934 0.033880
0 0.905676 0.112442 0.031425 0.039281
0 0.889964 0.097466 0.011784 0.023078
0 0.865904 0.103604 0.024551 0.032407
0 0.877688 0.101149 0.010802 0.013748
0 0.834479 0.094275 0.018659 0.023569
0 0.805018 0.077335 0.021605 0.035844
0 0.811892 0.095502 0.012766 0.023078
0 0.910658 0.902741 0.018849 0.018849
0 0.941623 0.870429 0.009694 0.015617
0 0.949970 0.813944 0.016694 0.015617
0 0.925736 0.764399 0.019926 0.021003
0 0.979859 0.734780 0.017233 0.018849
0 0.967742 0.709199 0.015617 0.015079
0 0.954009 0.724278 0.007539 0.007539
0 0.982552 0.857834 0.025850 0.040928
0 0.877269 0.712767 0.018849 0.024234
0 0.881308 0.552951 0.012925 0.013463
0 0.860574 0.538142 0.009155 0.010771
0 0.893425 0.598188 0.049006 0.033928
0 0.859497 0.620537 0.013463 0.022618
0 0.894232 0.567761 0.012925 0.018310
0 0.840918 0.633462 0.021541 0.017233
0 0.840379 0.607612 0.017233 0.016156
0 0.835532 0.587417 0.018310 0.026388
0 0.861651 0.568838 0.037159 0.039851
0 0.865152 0.596842 0.015079 0.014002
0 0.828801 0.542517 0.015617 0.016156
0 0.846034 0.540363 0.007001 0.008617
0 0.905272 0.477415 0.022080 0.018310
0 0.902310 0.457490 0.015079 0.017233
0 0.877269 0.475261 0.013463 0.018310
0 0.786526 0.573274 0.025850 0.026927
0 0.766600 0.590238 0.009694 0.012386
0 0.777371 0.607740 0.016156 0.020464
0 0.760676 0.612318 0.020464 0.014540
0 0.796220 0.206796 0.021541 0.023695
0 0.773332 0.225376 0.011309 0.015617
0 0.759330 0.233992 0.014540 0.016694
0 0.716517 0.260380 0.010771 0.017772
0 0.700630 0.273574 0.015617 0.017233
0 0.739404 0.261996 0.025311 0.022080
0 0.806182 0.229145 0.023157 0.010232
0 0.785449 0.241262 0.019387 0.026927
0 0.836340 0.243686 0.021003 0.018849
0 0.807259 0.243955 0.019926 0.020464
0 0.855458 0.263881 0.034466 0.017233
0 0.850342 0.282729 0.010232 0.018310
0 0.822069 0.289966 0.040928 0.018916
0 0.812914 0.265429 0.025850 0.020464
0 0.979590 0.273776 0.012386 0.014540
0 0.975820 0.290201 0.013463 0.016156
0 0.915774 0.284008 0.012925 0.022080
0 0.939469 0.288586 0.042005 0.036620
0 0.990899 0.239916 0.014540 0.022080
0 0.951855 0.214336 0.022618 0.019387
0 0.934891 0.192256 0.030696 0.026927
0 0.927891 0.233723 0.023157 0.024772
0 0.945931 0.235069 0.019387 0.027465
0 0.948355 0.154828 0.018849 0.019926
0 0.966396 0.143788 0.015079 0.022618
0 0.969627 0.162098 0.014002 0.024772
0 0.985621 0.168291 0.028758 0.052238
0 0.840648 0.179600 0.031773 0.037159
0 0.843880 0.145134 0.013463 0.024234
0 0.898810 0.149173 0.024234 0.015079
0 0.857074 0.129786 0.022618 0.019387
0 0.869998 0.165868 0.021541 0.015079
0 0.870537 0.145134 0.025850 0.029619
0 0.978513 0.350591 0.030696 0.037159
0 0.972858 0.379941 0.006462 0.004308
0 0.956698 0.410099 0.057076 0.056007
0 0.925467 0.428409 0.020464 0.026927
0 0.969627 0.403509 0.016156 0.021541
0 0.817492 0.675144 0.012386 0.020464
0 0.834186 0.691569 0.023157 0.018849
0 0.843880 0.729468 0.033928 0.032312
0 0.874307 0.776052 0.021541 0.029619
0 0.899079 0.834751 0.043083 0.029619
0 0.845495 0.851116 0.011309 0.019387
0 0.864613 0.848962 0.012925 0.028004
0 0.816536 0.893048 0.054636 0.055469
0 0.843341 0.905165 0.015617 0.009694
0 0.840648 0.918359 0.025311 0.032850
0 0.874037 0.933976 0.012386 0.017772
0 0.861920 0.964134 0.028004 0.029619
0 0.898002 0.967096 0.021541 0.026927
0 0.931391 0.934245 0.028004 0.017233
0 0.993699 0.934245 0.012602 0.017233
0 0.973666 0.963595 0.039313 0.028542
0 0.970435 0.951748 0.008078 0.021003
0 0.976089 0.989714 0.030158 0.014002
0 0.772524 0.947709 0.023695 0.025850
0 0.729980 0.966288 0.018310 0.018849
0 0.764715 0.987829 0.014540 0.012386
0 0.614465 0.969519 0.021003 0.016694
0 0.004497 0.297539 0.008993 0.021003
0 0.614573 0.259034 0.013463 0.007539
0 0.588992 0.263611 0.020464 0.014540
0 0.605687 0.271689 0.017233 0.025311
0 0.384410 0.599900 0.011477 0.014608
0 0.354412 0.558685 0.009912 0.008347
0 0.997052 0.403420 0.005895 0.016694