0 0.016455 0.458398 0.032910 0.072266
0 0.147656 0.282129 0.065430 0.065430
0 0.172070 0.190820 0.038086 0.035156
0 0.187207 0.431055 0.144531 0.140625
0 0.313184 0.537012 0.076172 0.073242
0 0.458203 0.457910 0.045898 0.047852
0 0.434277 0.344141 0.029297 0.029297
0 0.226270 0.638574 0.044922 0.045898
0 0.168164 0.746484 0.067383 0.056641
0 0.215527 0.773828 0.056641 0.062500
0 0.284863 0.687402 0.042969 0.049805
0 0.320508 0.666406 0.018555 0.019531
0 0.357617 0.737695 0.045898 0.058594
0 0.411328 0.803125 0.045898 0.044922
0 0.307812 0.874512 0.034180 0.032227
0 0.353223 0.887695 0.031250 0.035156
0 0.220410 0.943848 0.185547 0.112304
0 0.275098 0.889648 0.033203 0.031250
0 0.288281 0.915039 0.032227 0.019531
0 0.128125 0.943359 0.018555 0.021484
0 0.394727 0.945313 0.153320 0.107422
0 0.515332 0.953125 0.042969 0.042969
0 0.549023 0.918457 0.034180 0.038086
0 0.638867 0.954102 0.086914 0.082031
0 0.677441 0.819336 0.054688 0.048828
0 0.514355 0.802734 0.037109 0.029297
0 0.540723 0.587891 0.078125 0.080078
0 0.607617 0.473145 0.041992 0.051758
0 0.718457 0.571777 0.058594 0.059570
0 0.771191 0.651855 0.033203 0.036133
0 0.755566 0.692871 0.037109 0.036133
0 0.735547 0.474609 0.032227 0.033203
0 0.802930 0.422852 0.043945 0.035156
0 0.732617 0.513672 0.047852 0.052734
0 0.725293 0.245117 0.021484 0.031250
0 0.683789 0.070801 0.055664 0.051758
0 0.575879 0.021973 0.039063 0.043945
0 0.425977 0.087402 0.051758 0.049805
0 0.077832 0.119629 0.058594 0.055664
0 0.227246 0.129883 0.048828 0.060547
0 0.345410 0.098633 0.023438 0.021484
0 0.238965 0.004395 0.056641 0.008789
0 0.442090 0.014160 0.123047 0.028320
0 0.786816 0.740234 0.037109 0.033203
0 0.906934 0.524414 0.037109 0.035156
0 0.959668 0.832031 0.033203 0.037109
0 0.949902 0.916992 0.017578 0.015625
0 0.970557 0.963867 0.058886 0.050781
0 0.978369 0.261035 0.043262 0.075195