0 0.107179 0.171953 0.028381 0.060100
0 0.049583 0.060935 0.036728 0.021703
0 0.128047 0.042571 0.040067 0.038397
0 0.193155 0.007513 0.023372 0.015025
0 0.265776 0.106845 0.028381 0.043406
0 0.471119 0.523372 0.028381 0.025042
0 0.399332 0.560100 0.031720 0.025042
0 0.425209 0.694491 0.013356 0.033389
0 0.396828 0.665275 0.036728 0.065109
0 0.583806 0.585977 0.043406 0.030050
0 0.186477 0.275459 0.023372 0.046745
0 0.297496 0.055092 0.021703 0.056761
0 0.259098 0.161937 0.065109 0.030050
0 0.250751 0.198664 0.058431 0.030050
0 0.383472 0.185309 0.050083 0.043406
0 0.418531 0.173623 0.033389 0.033389
0 0.547913 0.144407 0.061770 0.051753
0 0.430217 0.230384 0.036728 0.036728
0 0.386811 0.240401 0.060100 0.033389
0 0.315860 0.267112 0.045075 0.060100
0 0.223205 0.300501 0.036728 0.033389
0 0.261603 0.337229 0.033389 0.040067
0 0.237396 0.351419 0.028381 0.045075
0 0.262437 0.307179 0.028381 0.033389
0 0.405175 0.312187 0.026711 0.036728
0 0.462771 0.263773 0.045075 0.046745
0 0.526210 0.268781 0.045075 0.040067
0 0.613856 0.204508 0.040067 0.035058
0 0.761603 0.151920 0.031720 0.033389
0 0.689816 0.128548 0.021703 0.016694
0 0.633890 0.162771 0.030050 0.041736
0 0.689816 0.168614 0.021703 0.036728
0 0.668948 0.159432 0.030050 0.061770
0 0.773289 0.260434 0.058431 0.046745
0 0.769115 0.060100 0.086811 0.060100
0 0.930217 0.022538 0.101836 0.045075
0 0.952755 0.105175 0.033389 0.030050
0 0.718186 0.567783 0.018212 0.012900
0 0.726912 0.587513 0.044772 0.058431
0 0.751575 0.631147 0.021248 0.027318
0 0.760301 0.650497 0.012900 0.012900
0 0.703388 0.654671 0.032630 0.048566
0 0.653684 0.702857 0.033389 0.038701
0 0.832012 0.700201 0.044013 0.060707
0 0.876783 0.677815 0.024283 0.017453
0 0.888166 0.632285 0.030354 0.025042
0 0.881336 0.645944 0.016694 0.018971
0 0.869195 0.661500 0.031871 0.021248
0 0.954564 0.681610 0.023524 0.035666
0 0.928005 0.730934 0.040219 0.041736
0 0.917002 0.530221 0.018212 0.031871
0 0.918520 0.498729 0.051601 0.037183
0 0.810385 0.450543 0.046289 0.053119
0 0.840359 0.387179 0.016694 0.023524
0 0.747022 0.424742 0.021248 0.015177
0 0.632816 0.496073 0.049325 0.036424
0 0.670379 0.517321 0.039460 0.033389
0 0.670758 0.566645 0.026559 0.024283
0 0.629022 0.578787 0.009865 0.010624
0 0.634713 0.586375 0.009106 0.007588
0 0.626745 0.525668 0.037183 0.031871
0 0.637749 0.548812 0.033389 0.038701
0 0.499640 0.625835 0.018212 0.037942
0 0.473839 0.587134 0.027318 0.051601
0 0.509125 0.689027 0.061466 0.059190
0 0.455627 0.839657 0.051601 0.044772
0 0.824803 0.780847 0.053878 0.028836
0 0.573247 0.777053 0.028836 0.034907
0 0.537202 0.796403 0.047807 0.050842
0 0.509125 0.776673 0.072090 0.076643
0 0.692385 0.855289 0.018212 0.018971
0 0.583491 0.907649 0.017453 0.026559
0 0.581594 0.876916 0.065260 0.034907
0 0.611569 0.932691 0.052360 0.076643
0 0.616122 0.889058 0.015936 0.013659
0 0.552758 0.981636 0.012141 0.016694
0 0.499640 0.985430 0.018212 0.015177
0 0.444244 0.963803 0.045530 0.069054
0 0.467768 0.904993 0.027318 0.031871
0 0.545929 0.934967 0.039460 0.047807
0 0.487119 0.929276 0.029595 0.025801
0 0.514058 0.906890 0.050083 0.043254
0 0.584630 0.968736 0.030354 0.024283
0 0.654443 0.972151 0.056154 0.040219
0 0.600565 0.993398 0.019730 0.009865
0 0.728051 0.990059 0.040977 0.019882
0 0.663170 0.898164 0.047807 0.054637
0 0.642681 0.855289 0.079678 0.052360
0 0.656720 0.818485 0.062225 0.034907
0 0.654064 0.785096 0.052360 0.027318
0 0.920037 0.882987 0.027318 0.024283
0 0.838841 0.840871 0.016694 0.035666
0 0.707562 0.896646 0.045530 0.066778
0 0.729189 0.853013 0.052360 0.053878
0 0.773202 0.827591 0.103961 0.077402
0 0.836185 0.907270 0.078161 0.057672
0 0.928764 0.927379 0.022006 0.029595
0 0.561106 0.482281 0.037942 0.030354
0 0.523543 0.492525 0.035666 0.025042
0 0.497363 0.440545 0.024283 0.018212
0 0.538340 0.437889 0.016694 0.006830
0 0.518990 0.461034 0.052360 0.034907
0 0.758784 0.322156 0.041736 0.043254
0 0.681382 0.301668 0.094855 0.053878
0 0.510643 0.352889 0.061466 0.048566
0 0.625986 0.428394 0.082714 0.049325
0 0.655581 0.390831 0.064501 0.044013
0 0.664308 0.359719 0.051601 0.044013
0 0.693144 0.344542 0.028836 0.022765
0 0.875645 0.406008 0.026559 0.027318
0 0.878301 0.366928 0.063743 0.056913
0 0.918140 0.259552 0.025042 0.031871
0 0.950011 0.295597 0.041736 0.097890
0 0.966706 0.227301 0.011383 0.011383
0 0.891201 0.176838 0.015177 0.015177
0 0.931040 0.177597 0.025042 0.036424
0 0.916243 0.156350 0.025801 0.024283
0 0.986578 0.172285 0.026844 0.027318
0 0.936732 0.137758 0.054637 0.043254
0 0.661652 0.042874 0.014418 0.018971
0 0.639266 0.093717 0.021248 0.031112
0 0.676070 0.053498 0.025042 0.023524
0 0.678347 0.077781 0.028077 0.052360
0 0.136914 0.120656 0.015177 0.022765
0 0.329659 0.067157 0.024283 0.014418
0 0.061789 0.418501 0.050083 0.046289
0 0.258708 0.448854 0.044772 0.034148
0 0.011544 0.338443 0.023088 0.030354
0 0.037885 0.300501 0.041736 0.036424
0 0.076207 0.304295 0.024283 0.024283
0 0.072792 0.277736 0.017453 0.030354
0 0.031274 0.272044 0.062547 0.084231
0 0.008129 0.237517 0.016258 0.044013
0 0.224560 0.523221 0.020489 0.023524
0 0.290958 0.633252 0.037942 0.026559
0 0.099351 0.610108 0.046289 0.066778
0 0.031435 0.568751 0.028836 0.032630
0 0.029538 0.550918 0.031112 0.036424
0 0.014740 0.512976 0.012141 0.015177
0 0.005473 0.507664 0.010946 0.028836
0 0.163853 0.560404 0.026559 0.041736
0 0.291717 0.503870 0.036424 0.039460
0 0.338007 0.495143 0.050083 0.040219
0 0.362289 0.519047 0.044013 0.031871
0 0.334212 0.551298 0.057672 0.047807
0 0.323209 0.587343 0.035666 0.030354
0 0.204830 0.742981 0.023524 0.018971
0 0.338386 0.708074 0.017453 0.015936
0 0.301582 0.768402 0.092579 0.068296
0 0.231769 0.804447 0.050083 0.043254
0 0.194586 0.816588 0.009106 0.014418
0 0.120599 0.784717 0.029595 0.040219
0 0.037885 0.719457 0.053878 0.059948
0 0.027641 0.729701 0.013659 0.013659
0 0.118702 0.891713 0.027318 0.023524
0 0.014361 0.857186 0.022006 0.021248
0 0.005473 0.876916 0.010946 0.016694
0 0.046612 0.911064 0.042495 0.037942
0 0.011544 0.953559 0.023088 0.047048
0 0.036965 0.906890 0.073930 0.075125
0 0.112251 0.972909 0.026559 0.040219
0 0.046232 0.955836 0.025042 0.037942
0 0.076965 0.980574 0.063743 0.038852
0 0.343698 0.982471 0.044772 0.035058
0 0.210901 0.899681 0.046289 0.057672
0 0.979227 0.760055 0.030354 0.019730
0 0.973915 0.911443 0.037942 0.034148
0 0.977709 0.946729 0.039460 0.030354