0 0.248271 0.301521 0.132780 0.138313
0 0.209544 0.089903 0.118949 0.082988
0 0.416321 0.098893 0.065007 0.070539
0 0.562932 0.284924 0.070539 0.066390
0 0.394968 0.511062 0.102180 0.092676
0 0.790363 0.458177 0.201750 0.194362
0 0.802213 0.089212 0.120332 0.117566
0 0.390733 0.702628 0.094053 0.082988
0 0.608575 0.710235 0.109267 0.103734
0 0.092900 0.436556 0.110272 0.072508
0 0.152568 0.473565 0.027190 0.040785
0 0.031989 0.031989 0.058646 0.058646
0 0.083970 0.081749 0.059534 0.051537
0 0.329216 0.052870 0.079083 0.086192
0 0.265239 0.008886 0.027546 0.017771
0 0.495379 0.017327 0.023991 0.015106
0 0.542474 0.046206 0.050649 0.053314
0 0.473609 0.106184 0.010663 0.011551
0 0.558912 0.130176 0.078194 0.079083
0 0.679758 0.184823 0.047983 0.044429
0 0.510041 0.372756 0.056869 0.055980
0 0.573130 0.366536 0.044429 0.045317
0 0.600231 0.454949 0.020437 0.019549
0 0.631775 0.438955 0.010663 0.010663
0 0.656211 0.385641 0.055980 0.069309
0 0.487382 0.456726 0.022214 0.028434
0 0.460281 0.452284 0.023103 0.023103
0 0.394526 0.434512 0.014217 0.015994
0 0.430958 0.436289 0.017771 0.017771
0 0.427848 0.374978 0.029323 0.030211
0 0.395859 0.288786 0.029323 0.028434
0 0.369646 0.292341 0.028434 0.035543
0 0.418962 0.297228 0.027546 0.029323
0 0.475831 0.237249 0.089746 0.142172
0 0.493602 0.325662 0.050649 0.025769
0 0.547805 0.214590 0.048872 0.052426
0 0.599342 0.191043 0.054203 0.053314
0 0.267905 0.568687 0.064866 0.065754
0 0.141283 0.555358 0.062200 0.063977
0 0.086636 0.606895 0.068420 0.072863
0 0.027101 0.602008 0.050649 0.057757
0 0.585125 0.561134 0.082637 0.080860
0 0.682868 0.524258 0.031100 0.037320
0 0.675315 0.449618 0.030211 0.033766
0 0.741514 0.024436 0.061312 0.048872
0 0.669984 0.019104 0.026657 0.022214
0 0.574462 0.006664 0.039986 0.013328
0 0.406078 0.015550 0.079972 0.031100
0 0.210592 0.021770 0.042652 0.043540
0 0.147947 0.021326 0.047094 0.042652
0 0.093300 0.026657 0.058646 0.049760
0 0.028434 0.133286 0.056868 0.065754
0 0.046650 0.179936 0.045317 0.041763
0 0.090634 0.133730 0.026657 0.025769
0 0.141283 0.069753 0.035543 0.039986
0 0.116403 0.183490 0.049760 0.048872
0 0.050204 0.261240 0.038209 0.058646
0 0.007109 0.264350 0.014217 0.036431
0 0.034654 0.297228 0.019549 0.016883
0 0.088413 0.257686 0.020437 0.026657
0 0.133730 0.252355 0.080860 0.079972
0 0.165719 0.191932 0.039986 0.030211
0 0.180380 0.162165 0.055092 0.025769
0 0.148392 0.131953 0.042652 0.043540
0 0.238138 0.199929 0.031989 0.021326
0 0.236805 0.156833 0.047094 0.043540
0 0.270570 0.141727 0.020437 0.029323
0 0.299893 0.148836 0.029323 0.043540
0 0.062644 0.525591 0.054203 0.070197
0 0.014661 0.492269 0.029322 0.049760
0 0.009330 0.545140 0.018660 0.029323
0 0.218145 0.552692 0.034654 0.042652
0 0.211036 0.515372 0.029323 0.010663
0 0.180380 0.501599 0.037320 0.025769
0 0.219478 0.429625 0.030211 0.025769
0 0.199929 0.467389 0.051537 0.046206
0 0.250133 0.480274 0.052426 0.055980
0 0.281233 0.519371 0.059534 0.022214
0 0.353208 0.957615 0.114626 0.084770
0 0.393194 0.912564 0.032877 0.037320
0 0.396304 0.862360 0.033766 0.036431
0 0.649991 0.957882 0.047094 0.056869
0 0.054203 0.984717 0.044429 0.030566
0 0.017327 0.924560 0.034654 0.036431
0 0.375866 0.787720 0.063977 0.059534
0 0.337658 0.782388 0.017771 0.020437
0 0.921450 0.867247 0.053314 0.053314
0 0.870357 0.867691 0.031100 0.050649
0 0.789053 0.834370 0.069309 0.103074
0 0.724187 0.833481 0.058646 0.062200
0 0.711747 0.782833 0.030211 0.030211
0 0.702861 0.757064 0.062200 0.060423
0 0.720633 0.698863 0.044429 0.041763
0 0.753510 0.694420 0.014217 0.022214
0 0.724631 0.629998 0.032877 0.033766
0 0.283455 0.783721 0.044429 0.049760
0 0.227919 0.756620 0.043540 0.047094
0 0.244358 0.728186 0.046206 0.043540
0 0.252799 0.779723 0.036431 0.047094
0 0.252799 0.689977 0.031100 0.031100
0 0.215479 0.658877 0.016883 0.015106
0 0.174160 0.697530 0.028434 0.017771
0 0.154612 0.650880 0.030211 0.025769
0 0.140839 0.669984 0.036431 0.035543
0 0.111516 0.661098 0.032877 0.039097
0 0.104407 0.715746 0.048872 0.045317
0 0.037320 0.703305 0.051537 0.109294
0 0.112849 0.760618 0.051537 0.039097
0 0.182602 0.766394 0.068420 0.073752
0 0.128399 0.828594 0.086192 0.086192
0 0.053759 0.865914 0.073752 0.079083
0 0.063977 0.793496 0.040874 0.053314
0 0.017327 0.784610 0.034654 0.037320
0 0.003554 0.858361 0.007108 0.031989
0 0.007997 0.824596 0.015994 0.026657
0 0.917007 0.798383 0.058646 0.070197
0 0.963213 0.770393 0.021326 0.037320
0 0.978052 0.807269 0.043896 0.061312
0 0.871246 0.741958 0.034654 0.024880
0 0.785943 0.741070 0.036431 0.028434
0 0.816599 0.703305 0.055092 0.059534
0 0.900569 0.589124 0.031100 0.040874
0 0.969877 0.576684 0.055980 0.049760
0 0.903679 0.636218 0.055092 0.037320
0 0.912120 0.688200 0.079083 0.064866
0 0.976986 0.638440 0.038209 0.043540
0 0.978319 0.693087 0.040874 0.055092
0 0.781500 0.682868 0.023991 0.023991
0 0.803270 0.616225 0.126177 0.109294
0 0.948996 0.417629 0.071086 0.055092
0 0.956104 0.345211 0.044429 0.047094
0 0.949440 0.301671 0.027546 0.032877
0 0.987827 0.301226 0.024346 0.047983
0 0.864137 0.312778 0.043540 0.035543
0 0.900569 0.346099 0.055980 0.059534
0 0.818820 0.350098 0.027546 0.030211
0 0.855696 0.356318 0.024880 0.035543
0 0.734406 0.346099 0.027546 0.018660
0 0.779723 0.342545 0.031100 0.018660
0 0.745957 0.274569 0.141283 0.104852
0 0.748623 0.220366 0.025769 0.033766
0 0.768616 0.204372 0.031989 0.035543
0 0.726408 0.107517 0.041763 0.039097
0 0.751288 0.149725 0.054203 0.029323
0 0.873911 0.023103 0.071974 0.046206
0 0.918784 0.024436 0.028434 0.027546
0 0.954772 0.032433 0.025769 0.025769
0 0.954772 0.005776 0.039986 0.011551
0 0.885019 0.086636 0.026657 0.038209
0 0.909454 0.183490 0.045317 0.047094
0 0.894349 0.246579 0.054203 0.052426
0 0.837924 0.198152 0.088857 0.081749
0 0.959215 0.222143 0.073752 0.067532
0 0.952994 0.161276 0.077306 0.032877
0 0.926782 0.109294 0.069309 0.053314
0 0.982051 0.086192 0.035898 0.087080
0 0.221699 0.216812 0.048872 0.053314
0 0.284343 0.207926 0.030211 0.026657
0 0.326995 0.168385 0.030211 0.031100
0 0.370979 0.175049 0.036431 0.044429
0 0.403412 0.163497 0.035543 0.037320
0 0.368313 0.231029 0.055980 0.063977
0 0.275902 0.408744 0.073752 0.063977
0 0.341212 0.436734 0.063977 0.066643
0 0.331438 0.263906 0.047983 0.047983
0 0.374533 0.353208 0.102186 0.093300