0 0.211519 0.398998 0.050083 0.043406
0 0.036227 0.220367 0.040067 0.046745
0 0.016444 0.515860 0.032888 0.046745
0 0.106344 0.914023 0.046745 0.045075
0 0.470284 0.791319 0.033389 0.040067
0 0.681469 0.788815 0.038397 0.048414
0 0.863439 0.429883 0.055092 0.068447
0 0.763272 0.261269 0.035058 0.028381
0 0.776628 0.136895 0.068447 0.066778
0 0.566277 0.138564 0.038397 0.040067
0 0.141402 0.040067 0.053422 0.046745
0 0.956093 0.101836 0.036728 0.036728
0 0.961937 0.137730 0.028381 0.038397
0 0.589649 0.550918 0.035058 0.026711
0 0.810017 0.662771 0.031720 0.063439
0 0.966945 0.841402 0.038397 0.033389
0 0.350918 0.564274 0.045075 0.023372
0 0.284140 0.242070 0.038397 0.023372
0 0.565442 0.784641 0.033389 0.040067
0 0.592988 0.735392 0.035058 0.035058
0 0.405175 0.797162 0.043406 0.038397
0 0.633890 0.930718 0.040067 0.038397
0 0.119699 0.319699 0.036728 0.038397