0 0.501318 0.433046 0.036025 0.032510
0 0.592698 0.482690 0.053598 0.049205
0 0.655083 0.498506 0.058870 0.054477
0 0.696380 0.511686 0.034268 0.028117
0 0.664748 0.549029 0.018452 0.020209
0 0.609393 0.601309 0.016694 0.015816
0 0.627405 0.573631 0.031632 0.050083
0 0.652447 0.654029 0.025481 0.028117
0 0.620815 0.638213 0.020209 0.015816
0 0.648932 0.618004 0.062385 0.061506
0 0.654644 0.621518 0.019330 0.015816
0 0.731966 0.667648 0.057991 0.053598
0 0.649372 0.705430 0.040418 0.037782
0 0.662552 0.726079 0.028117 0.017573
0 0.755689 0.754196 0.056234 0.038661
0 0.650250 0.771560 0.021088 0.031632
0 0.646296 0.754866 0.036025 0.029874
0 0.660794 0.743882 0.028117 0.027238
0 0.683639 0.772878 0.040418 0.041297
0 0.698137 0.806267 0.050083 0.053598
0 0.739873 0.802752 0.014059 0.011423
0 0.610272 0.826476 0.043054 0.036025
0 0.535146 0.813296 0.043933 0.032510
0 0.450356 0.748715 0.046569 0.042176
0 0.497364 0.714008 0.057991 0.051841
0 0.492971 0.569030 0.035146 0.032510
0 0.780731 0.908708 0.021966 0.022845
0 0.718346 0.876637 0.036025 0.030753
0 0.681003 0.852034 0.057991 0.060627
0 0.550083 0.962306 0.043933 0.035146
0 0.660794 0.981197 0.036904 0.034268
0 0.412574 0.987303 0.036025 0.025393
0 0.261005 0.783499 0.042176 0.030753
0 0.315482 0.801951 0.036904 0.043054
0 0.322951 0.774273 0.051841 0.035146
0 0.375231 0.664001 0.026360 0.030753
0 0.351946 0.697830 0.044812 0.056234
0 0.307135 0.636763 0.062385 0.036025
0 0.234645 0.695633 0.022845 0.023724
0 0.206968 0.649504 0.032510 0.033389
0 0.236842 0.534399 0.041297 0.029874
0 0.264080 0.537475 0.011423 0.013180
0 0.433661 0.500571 0.028996 0.034268
0 0.395000 0.510676 0.046569 0.047448
0 0.364247 0.560320 0.036025 0.034268
0 0.332176 0.572182 0.033389 0.035146
0 0.188077 0.603813 0.022845 0.017573
0 0.207846 0.621826 0.020209 0.016694
0 0.242114 0.619190 0.016694 0.023724
0 0.260566 0.696951 0.023724 0.028117
0 0.193788 0.535586 0.027238 0.028117
0 0.174457 0.543494 0.014937 0.019330
0 0.195396 0.571872 0.039241 0.039895
0 0.303258 0.418158 0.042929 0.038513
0 0.347678 0.426030 0.012521 0.018483
0 0.371825 0.429607 0.041736 0.048295
0 0.377191 0.383698 0.033389 0.031600
0 0.347678 0.388169 0.025638 0.023849
0 0.430554 0.343452 0.030408 0.021464
0 0.435920 0.370879 0.029215 0.020272
0 0.457086 0.384592 0.038159 0.041736
0 0.458875 0.426626 0.034581 0.037563
0 0.477954 0.458823 0.028619 0.031600
0 0.342908 0.363575 0.020868 0.022061
0 0.361689 0.331378 0.045314 0.043525
0 0.365267 0.292325 0.034581 0.028619
0 0.322636 0.264898 0.043525 0.047699
0 0.400742 0.233596 0.031600 0.028023
0 0.261820 0.205402 0.029215 0.028023
0 0.265696 0.155020 0.035774 0.032197
0 0.133630 0.245871 0.023253 0.018483
0 0.114849 0.199663 0.042929 0.040544
0 0.156287 0.117085 0.048295 0.039948
0 0.113359 0.128115 0.019676 0.014310
0 0.072517 0.072144 0.023849 0.029812
0 0.087422 0.018483 0.035774 0.032197
0 0.147642 0.018781 0.034581 0.024446
0 0.060294 0.073038 0.011328 0.013713
0 0.197427 0.092714 0.025638 0.022061
0 0.231711 0.100465 0.033389 0.028023
0 0.230816 0.149952 0.023253 0.016098
0 0.228729 0.126103 0.029812 0.024446
0 0.251386 0.125209 0.015502 0.009540
0 0.266292 0.070355 0.031004 0.038159
0 0.228133 0.063201 0.045314 0.038159
0 0.326213 0.043525 0.026830 0.022657
0 0.330685 0.014906 0.046506 0.029812
0 0.167914 0.181105 0.034581 0.032197
0 0.217401 0.176932 0.031004 0.020272
0 0.202197 0.200483 0.031600 0.032793
0 0.202793 0.257721 0.025638 0.026830
0 0.193552 0.229996 0.033389 0.023849
0 0.167019 0.243114 0.043525 0.032197
0 0.164336 0.263684 0.016694 0.010136
0 0.093087 0.406339 0.031600 0.023849
0 0.145853 0.444200 0.033389 0.029215
0 0.135419 0.413196 0.041140 0.038755
0 0.117234 0.569126 0.023849 0.012521
0 0.131544 0.707973 0.027427 0.033985
0 0.099049 0.769243 0.036370 0.035178
0 0.063573 0.718564 0.016694 0.020868
0 0.090702 0.719756 0.035178 0.030408
0 0.090702 0.697994 0.031600 0.015502
0 0.070728 0.643580 0.025042 0.013713
0 0.053139 0.654610 0.033985 0.036966
0 0.178050 0.771285 0.047699 0.034581
0 0.240356 0.740580 0.030408 0.032793
0 0.206371 0.745946 0.032793 0.042332
0 0.110377 0.934951 0.025638 0.028023
0 0.164635 0.934057 0.056642 0.038159
0 0.129457 0.966551 0.031600 0.048295
0 0.107396 0.662235 0.010136 0.012521
0 0.134823 0.651503 0.018483 0.019676
0 0.161057 0.636597 0.016098 0.019676
0 0.905297 0.035413 0.037436 0.028330
0 0.906814 0.060960 0.041483 0.030860
0 0.931856 0.017200 0.028836 0.028330
0 0.971063 0.030607 0.050589 0.056154
0 0.831436 0.056913 0.043507 0.031871
0 0.819801 0.085243 0.015177 0.007588
0 0.802347 0.077149 0.012647 0.010624
0 0.757323 0.082461 0.020742 0.014165
0 0.759093 0.057166 0.017200 0.014165
0 0.758588 0.107502 0.030354 0.024789
0 0.724440 0.019730 0.022765 0.018212
0 0.675874 0.032377 0.043001 0.034401
0 0.702180 0.044772 0.031871 0.041989
0 0.882026 0.297339 0.043507 0.047554
0 0.677898 0.193125 0.021753 0.024283
0 0.694086 0.207796 0.019730 0.017200
0 0.730510 0.171371 0.041989 0.039460
0 0.710781 0.193125 0.034907 0.025295
0 0.737846 0.135074 0.022259 0.022259
0 0.758588 0.140891 0.027318 0.023777
0 0.798047 0.130774 0.052613 0.049072
0 0.765164 0.162898 0.030354 0.024283
0 0.698892 0.006577 0.034401 0.013153
0 0.777306 0.318024 0.022259 0.019224
0 0.886832 0.194080 0.011636 0.010118
0 0.807406 0.261111 0.048060 0.050083
0 0.771994 0.227216 0.059190 0.044013
0 0.759599 0.261111 0.050589 0.025801
0 0.727981 0.285899 0.051095 0.045025
0 0.685739 0.281346 0.046542 0.034907
0 0.674862 0.312206 0.037942 0.026812
0 0.901503 0.252510 0.047048 0.040977
0 0.972328 0.218110 0.037942 0.033895
0 0.976375 0.253775 0.034907 0.040471
0 0.932615 0.227469 0.042495 0.044519
0 0.874184 0.269901 0.011636 0.016189
0 0.874943 0.384112 0.040471 0.047554
0 0.917438 0.410419 0.043507 0.058684
0 0.691304 0.378548 0.038448 0.040471
0 0.935903 0.506981 0.043001 0.043507
0 0.980928 0.577048 0.013659 0.017706
0 0.994385 0.491805 0.011230 0.021248
0 0.983204 0.429074 0.033389 0.041483
0 0.969798 0.384808 0.037942 0.036930
0 0.988314 0.359766 0.023372 0.031365
0 0.996914 0.386844 0.006172 0.024764
0 0.883543 0.844577 0.046542 0.036424
0 0.967825 0.963626 0.064350 0.071837
0 0.899226 0.977260 0.073860 0.045480
0 0.690545 0.550925 0.008600 0.010624
0 0.601761 0.073860 0.034401 0.044519
0 0.444175 0.059443 0.024789 0.023777
0 0.469975 0.048313 0.038954 0.026812
0 0.520059 0.055901 0.063237 0.051095
0 0.462134 0.082208 0.047554 0.036930
0 0.475287 0.113573 0.019224 0.009612
0 0.502605 0.129762 0.049578 0.031871
0 0.518288 0.164415 0.037436 0.027318
0 0.520565 0.202357 0.039966 0.056660
0 0.456316 0.257569 0.026812 0.030860
0 0.431780 0.273252 0.045530 0.033895
0 0.448222 0.303859 0.035918 0.055648
0 0.374867 0.250487 0.067284 0.052107
0 0.326807 0.193574 0.052107 0.050589
0 0.365761 0.152344 0.028836 0.050083
0 0.341478 0.143490 0.014671 0.018212
0 0.320484 0.157150 0.030354 0.026306
0 0.327819 0.449303 0.038954 0.030860
0 0.330349 0.468780 0.018718 0.018212
0 0.360702 0.484969 0.036930 0.032377
0 0.435069 0.529487 0.017706 0.016189
0 0.283806 0.669620 0.039966 0.027318
0 0.316184 0.686314 0.022765 0.058684
0 0.627308 0.280771 0.028836 0.032377
0 0.607325 0.251682 0.050589 0.063237
0 0.088531 0.469621 0.038954 0.058178
0 0.135327 0.535640 0.018212 0.025295
0 0.124956 0.508069 0.034907 0.050083
0 0.036171 0.541205 0.030354 0.036424
0 0.031112 0.567259 0.020236 0.021753
0 0.074619 0.546264 0.050589 0.078919
0 0.021172 0.143674 0.042343 0.038448
0 0.055497 0.216270 0.010118 0.012647
0 0.068397 0.259271 0.008600 0.007588
0 0.045126 0.211716 0.010624 0.009612
0 0.033743 0.189457 0.006071 0.011636
0 0.020843 0.176557 0.010624 0.011130
0 0.015101 0.294304 0.030202 0.028330
0 0.041584 0.271538 0.028836 0.029342
0 0.021172 0.238908 0.042343 0.066272
0 0.029696 0.831335 0.039460 0.028836
0 0.031972 0.876360 0.031871 0.029848
0 0.047149 0.906966 0.051095 0.038448
0 0.042596 0.952750 0.028836 0.024789
0 0.067385 0.996231 0.026812 0.007538
0 0.019148 0.988390 0.038296 0.023220
0 0.028001 0.946426 0.056002 0.061719