0 0.543352 0.329909 0.014221 0.017313
0 0.373624 0.276734 0.018549 0.016076
0 0.272530 0.322490 0.006801 0.008656
0 0.270984 0.331455 0.017313 0.011748
0 0.266965 0.344749 0.017931 0.017313
0 0.552935 0.456664 0.013603 0.012366
0 0.551699 0.467794 0.018549 0.014840
0 0.574576 0.470267 0.012366 0.012366
0 0.565611 0.479232 0.019168 0.019168
0 0.698858 0.501183 0.014840 0.014840
0 0.722972 0.496545 0.008656 0.006801
0 0.720499 0.503347 0.014840 0.017931
0 0.707205 0.497782 0.014221 0.017931
0 0.475028 0.158915 0.023496 0.021641
0 0.470390 0.173136 0.016694 0.014221
0 0.221949 0.138874 0.019926 0.020464
0 0.237028 0.182764 0.013463 0.014540
0 0.052042 0.291548 0.009694 0.011309
0 0.043695 0.295048 0.011309 0.012925
0 0.048273 0.300972 0.012925 0.009694
0 0.184302 0.347712 0.013748 0.011784
0 0.181602 0.357532 0.012275 0.010802
0 0.261392 0.199426 0.011784 0.007856
0 0.258691 0.207773 0.024060 0.014730
0 0.288643 0.273323 0.025042 0.016203
0 0.286679 0.287808 0.019150 0.013748
0 0.267284 0.428502 0.013748 0.014239
0 0.256236 0.439059 0.020132 0.020623
0 0.270475 0.439304 0.014239 0.011293
0 0.221865 0.490615 0.021114 0.015712
0 0.227266 0.582681 0.010311 0.012275
0 0.219164 0.588818 0.017677 0.015712
0 0.315649 0.716992 0.023078 0.018659
0 0.303864 0.709872 0.011293 0.011293
0 0.428827 0.717483 0.015712 0.012766
0 0.365241 0.825401 0.011293 0.011293
0 0.280296 0.784156 0.012275 0.008347
0 0.121943 0.875239 0.018659 0.011784
0 0.135201 0.882114 0.012766 0.012766
0 0.124644 0.889479 0.016203 0.017677
0 0.134955 0.894389 0.014239 0.011784
0 0.003609 0.889233 0.005892 0.008347
0 0.025214 0.810180 0.023569 0.024060
0 0.022022 0.793240 0.020132 0.014730
0 0.025705 0.782683 0.024551 0.026024
0 0.008028 0.780719 0.015712 0.027006
0 0.284224 0.794468 0.019150 0.019150
0 0.305337 0.795941 0.027988 0.035844
0 0.523348 0.774581 0.013257 0.011784
0 0.511809 0.777282 0.014730 0.018168
0 0.618850 0.785629 0.021605 0.021114
0 0.595772 0.698836 0.012766 0.011293
0 0.599700 0.707184 0.012766 0.009329
0 0.584970 0.708411 0.016694 0.023569
0 0.732765 0.071197 0.009820 0.007856
0 0.635054 0.157125 0.007856 0.009820
0 0.655922 0.177256 0.008347 0.008838
0 0.631616 0.181184 0.013748 0.012766
0 0.651994 0.187077 0.010311 0.006874
0 0.644383 0.180202 0.021605 0.024551
0 0.647574 0.154424 0.022096 0.020132
0 0.663287 0.165963 0.020132 0.023569
0 0.521875 0.137239 0.011293 0.008347
0 0.531695 0.141412 0.012275 0.009820
0 0.521629 0.145095 0.016694 0.013257
0 0.537587 0.148532 0.011293 0.007365
0 0.540779 0.173574 0.009820 0.012275
0 0.521875 0.176765 0.008347 0.009820
0 0.528258 0.160807 0.026024 0.024060
0 0.888000 0.843710 0.010802 0.008347
0 0.905676 0.841746 0.010802 0.008347
0 0.912305 0.847147 0.013257 0.012275
0 0.894874 0.849357 0.011784 0.017677
0 0.916233 0.903859 0.012275 0.015712
0 0.927281 0.663852 0.040263 0.039281
0 0.928754 0.664588 0.019641 0.015221
0 0.914760 0.668271 0.009329 0.017677
0 0.933909 0.373521 0.019150 0.017677
0 0.831533 0.307461 0.017677 0.017186
0 0.883580 0.216132 0.014730 0.021114
0 0.990376 0.237982 0.017186 0.014730
0 0.935874 0.280455 0.021114 0.022096
0 0.936365 0.301323 0.025042 0.026515