0 0.331085 0.643299 0.016060 0.015257
0 0.290532 0.668192 0.015257 0.013651
0 0.493696 0.558982 0.010439 0.008833
0 0.509757 0.552959 0.018469 0.022485
0 0.389304 0.436521 0.015257 0.009636
0 0.427046 0.244600 0.010439 0.009636
0 0.515378 0.215289 0.013651 0.012045
0 0.515378 0.249819 0.013651 0.013651
0 0.361600 0.314061 0.009636 0.010439
0 0.308600 0.318477 0.016060 0.012848
0 0.235927 0.500361 0.013651 0.015257
0 0.272866 0.511202 0.012045 0.008030
0 0.239541 0.799165 0.006424 0.008030
0 0.307396 0.887899 0.012045 0.013651
0 0.397334 0.897936 0.018469 0.011242
0 0.604111 0.814422 0.017666 0.016060
0 0.500522 0.904762 0.020879 0.013651
0 0.547499 0.967397 0.018469 0.018469
0 0.691239 0.932065 0.008833 0.013651
0 0.674777 0.756605 0.012848 0.011242
0 0.648679 0.776279 0.015257 0.010439
0 0.671164 0.691560 0.021682 0.017666
0 0.629808 0.629728 0.009636 0.012848
0 0.641050 0.655424 0.011242 0.009636
0 0.637838 0.669076 0.019272 0.024091
0 0.510961 0.836505 0.011242 0.013651
0 0.498916 0.832892 0.009636 0.011242
0 0.441099 0.863808 0.027303 0.023288
0 0.347948 0.576729 0.014454 0.016060
0 0.340721 0.589175 0.016060 0.016863
0 0.339517 0.410102 0.018469 0.016863
0 0.361600 0.131695 0.012848 0.011242
0 0.461576 0.193528 0.015257 0.019272
0 0.434674 0.205171 0.019272 0.018469
0 0.411788 0.175460 0.008833 0.015257
0 0.405766 0.177869 0.027303 0.021682
0 0.543885 0.089938 0.012848 0.012848
0 0.563960 0.060226 0.009636 0.009636
0 0.735405 0.132097 0.010439 0.012045
0 0.667148 0.196740 0.012045 0.008030
0 0.508151 0.433229 0.008833 0.010439
0 0.407773 0.368987 0.007227 0.008833
0 0.722557 0.661286 0.013651 0.010439
0 0.718140 0.658877 0.022485 0.024894
0 0.540673 0.739741 0.009636 0.011242
0 0.541877 0.744158 0.028106 0.028106
0 0.333895 0.968200 0.015257 0.015257
0 0.295752 0.868626 0.004818 0.008833
0 0.290532 0.872240 0.021682 0.022485
0 0.290934 0.811612 0.009636 0.010439
0 0.194572 0.780294 0.019272 0.012045
0 0.182125 0.774271 0.013651 0.016060
0 0.442303 0.989480 0.013651 0.016060
0 0.458765 0.991488 0.020879 0.015257
0 0.576809 0.882277 0.011242 0.007227
0 0.572392 0.883080 0.016863 0.018469
0 0.587248 0.887095 0.011242 0.008833
0 0.581627 0.896732 0.022485 0.020075
0 0.561551 0.530153 0.011242 0.012848
0 0.582430 0.478760 0.020879 0.017666
0 0.583233 0.499237 0.019272 0.020075
0 0.598892 0.522123 0.020075 0.016060
0 0.594074 0.522525 0.023288 0.032924
0 0.571991 0.526138 0.016060 0.020879
0 0.656709 0.561873 0.012045 0.012045
0 0.654300 0.564282 0.018469 0.024894
0 0.716936 0.222436 0.010439 0.008030
0 0.744640 0.217618 0.017666 0.016060
0 0.511764 0.354132 0.014454 0.016060
0 0.430258 0.349313 0.012045 0.008030
0 0.423834 0.350518 0.018469 0.018469
0 0.585642 0.382237 0.011242 0.008030
0 0.578415 0.385048 0.014454 0.012045
0 0.455954 0.814824 0.023288 0.016863
0 0.457962 0.795551 0.019272 0.021682
0 0.451136 0.793544 0.034530 0.032121
0 0.682004 0.971413 0.011242 0.008833
0 0.673171 0.981049 0.009636 0.010439
0 0.580021 0.994339 0.038545 0.011322
0 0.841002 0.677106 0.014454 0.016060
0 0.651891 0.403678 0.016863 0.034530
0 0.734201 0.320565 0.012848 0.011242
0 0.737814 0.306512 0.018469 0.013651
0 0.430659 0.092749 0.009636 0.008833
0 0.417008 0.088332 0.016060 0.012848
0 0.612543 0.062636 0.015257 0.014454
0 0.700875 0.103589 0.010439 0.006424
0 0.684413 0.101180 0.009636 0.008030
0 0.695254 0.104794 0.024894 0.021682
0 0.646671 0.085923 0.028909 0.024091
0 0.368024 0.448085 0.025697 0.024091
0 0.659921 0.478600 0.012045 0.009636
0 0.669558 0.537220 0.008833 0.009636
0 0.663535 0.526781 0.012848 0.006424
0 0.676383 0.524773 0.022485 0.023288
0 0.799245 0.554083 0.014454 0.012848
0 0.843813 0.483418 0.016863 0.017666
0 0.804866 0.517144 0.025697 0.025697
0 0.812093 0.740143 0.011242 0.010439
0 0.849032 0.785514 0.014454 0.014454
0 0.863085 0.752188 0.007227 0.012045
0 0.859472 0.743757 0.019272 0.035333
0 0.345138 0.763029 0.007227 0.009636
0 0.316229 0.011644 0.024894 0.016863
0 0.251586 0.008833 0.024091 0.017666
0 0.137397 0.285875 0.014454 0.017666
0 0.112101 0.234080 0.021682 0.015257
0 0.006063 0.456115 0.012126 0.020879
0 0.077572 0.527584 0.007227 0.006424
0 0.106882 0.573356 0.012848 0.014454
0 0.108488 0.589818 0.014454 0.015257
0 0.078375 0.562917 0.008833 0.011242
0 0.074761 0.572954 0.012848 0.013651
0 0.196419 0.888300 0.015257 0.016060
0 0.119329 0.982253 0.013651 0.006424
0 0.042640 0.960170 0.019272 0.013651
0 0.031398 0.975428 0.017666 0.018469
0 0.009676 0.847346 0.019352 0.033727
0 0.058701 0.909580 0.022485 0.023288
0 0.253433 0.271983 0.012045 0.010439
0 0.228941 0.290854 0.019272 0.016060
0 0.098049 0.060226 0.014454 0.011242
0 0.503975 0.130892 0.018469 0.014454
0 0.124548 0.391472 0.016060 0.016863
0 0.143419 0.392676 0.020075 0.012848
0 0.063519 0.743997 0.011242 0.012045
0 0.194009 0.972216 0.024894 0.023288
0 0.174335 0.965791 0.016060 0.016863
0 0.162692 0.973019 0.032924 0.036136
0 0.219305 0.889505 0.016060 0.024894
0 0.242592 0.983096 0.036939 0.033807
0 0.104874 0.824058 0.026500 0.016060
0 0.091625 0.804786 0.024091 0.027303
0 0.065125 0.817233 0.027303 0.021682
0 0.067132 0.793544 0.015257 0.022485
0 0.075564 0.762627 0.028909 0.028106
0 0.050671 0.757809 0.025697 0.021682
0 0.046655 0.784711 0.027303 0.030515
0 0.167510 0.656227 0.047378 0.051393
0 0.012487 0.708825 0.024974 0.021682
0 0.019353 0.672689 0.017666 0.015257
0 0.028587 0.646591 0.020075 0.040151
0 0.064723 0.640970 0.050590 0.051393
0 0.878824 0.289890 0.015257 0.006424
0 0.898498 0.238898 0.025697 0.021682
0 0.882036 0.544849 0.012045 0.010439
0 0.963543 0.410744 0.012848 0.012045
0 0.961134 0.436843 0.011242 0.011242
0 0.913756 0.753634 0.016060 0.013651
0 0.884044 0.783345 0.014454 0.016863
0 0.728258 0.853208 0.014454 0.021682
0 0.747531 0.858829 0.014454 0.024894
0 0.878824 0.596242 0.012045 0.012045
0 0.867181 0.599855 0.012848 0.009636
0 0.871196 0.647635 0.016060 0.008833
0 0.883241 0.615113 0.022485 0.016060
0 0.873203 0.632779 0.031318 0.014454
0 0.977596 0.556492 0.020075 0.012848
0 0.980406 0.588212 0.017666 0.012045
0 0.979202 0.570144 0.020075 0.011242
0 0.974384 0.670521 0.013651 0.009636
0 0.957922 0.681763 0.014454 0.012848
0 0.970369 0.684976 0.018469 0.012848
0 0.991006 0.740544 0.017988 0.028909
0 0.814583 0.938087 0.010439 0.009636
0 0.770818 0.905163 0.008030 0.011242
0 0.785674 0.934474 0.020075 0.018469
0 0.758773 0.775074 0.014454 0.012848
0 0.804545 0.751787 0.017666 0.016060
0 0.642737 0.760620 0.018469 0.019272
0 0.632538 0.764635 0.008351 0.017666
0 0.421746 0.014454 0.076287 0.028908
0 0.169196 0.075885 0.022485 0.021682
0 0.193287 0.059423 0.032121 0.032121
0 0.181241 0.397896 0.025697 0.023288
0 0.033887 0.345700 0.021682 0.021682
0 0.009797 0.311170 0.018469 0.015257
0 0.016221 0.334056 0.028106 0.024091
0 0.023448 0.185899 0.024894 0.016863
0 0.027985 0.198346 0.055970 0.040151
0 0.054364 0.251345 0.027303 0.019272
0 0.048743 0.229664 0.044969 0.027303
0 0.008311 0.239701 0.016622 0.032924
0 0.167992 0.278246 0.021682 0.023288
0 0.149924 0.264595 0.016060 0.018469
0 0.304103 0.295511 0.012848 0.017666
0 0.284831 0.302738 0.028909 0.025697
0 0.281619 0.279852 0.025697 0.028106
0 0.263149 0.282261 0.012848 0.016863
0 0.231430 0.242110 0.013651 0.015257
0 0.163977 0.255360 0.020075 0.024091
0 0.159158 0.218020 0.028106 0.040954
0 0.219786 0.258974 0.062636 0.040954
0 0.213764 0.200353 0.015257 0.020075
0 0.235044 0.226853 0.077090 0.029712
0 0.186863 0.230065 0.035333 0.053802
0 0.177226 0.579378 0.014454 0.018469
0 0.184052 0.564924 0.020075 0.015257
0 0.175620 0.543644 0.022485 0.019272
0 0.191279 0.534409 0.015257 0.012045
0 0.013009 0.557697 0.020075 0.023288
0 0.005380 0.535212 0.009636 0.007227
0 0.013129 0.513932 0.026258 0.030515
0 0.131856 0.489440 0.039348 0.021682
0 0.148318 0.472978 0.038545 0.019272
0 0.174416 0.495463 0.037742 0.020879
0 0.182044 0.511523 0.027303 0.017666
0 0.125030 0.442865 0.017666 0.016863
0 0.064804 0.460130 0.012848 0.017666
0 0.069220 0.409138 0.023288 0.026500
0 0.124629 0.415161 0.044166 0.036939
0 0.166386 0.431221 0.050590 0.046575
0 0.078053 0.444873 0.050590 0.032121
0 0.102144 0.421585 0.037742 0.044969
0 0.117401 0.905565 0.015257 0.015257
0 0.131053 0.897936 0.028106 0.022485
0 0.121417 0.936883 0.010439 0.016863
0 0.129447 0.931663 0.024894 0.032121
0 0.604593 0.681121 0.032121 0.022485
0 0.986590 0.800369 0.026820 0.039348
0 0.781258 0.825263 0.040151 0.037742
0 0.777242 0.772264 0.024091 0.028106
0 0.805348 0.777082 0.027303 0.018469
0 0.792500 0.804384 0.040151 0.042560
0 0.813780 0.581948 0.021682 0.020075
0 0.960331 0.506464 0.025697 0.016863
0 0.916968 0.503654 0.022485 0.020879
0 0.973179 0.459488 0.019272 0.012848
0 0.944672 0.456276 0.016863 0.012848
0 0.931422 0.481571 0.028909 0.031318
0 0.956717 0.471533 0.024894 0.024091
0 0.982815 0.249097 0.016060 0.016060
0 0.957119 0.240263 0.033727 0.033727
0 0.556814 0.306352 0.020075 0.015257
0 0.561632 0.323617 0.034530 0.027303
0 0.690516 0.288685 0.019272 0.018469
0 0.681282 0.276239 0.015257 0.011242
0 0.688509 0.259375 0.016863 0.028909
0 0.678471 0.465350 0.019272 0.018469
0 0.632699 0.722316 0.012848 0.010439
0 0.647555 0.721914 0.031318 0.028909
0 0.409700 0.477154 0.020075 0.022485
0 0.478359 0.471131 0.027303 0.023288
0 0.479162 0.493616 0.030515 0.010439
0 0.444632 0.511684 0.032121 0.033727
0 0.408897 0.517707 0.032924 0.031318
0 0.449048 0.457079 0.042560 0.028909
0 0.441420 0.491608 0.114029 0.099574
0 0.244600 0.902835 0.042560 0.034530
0 0.435799 0.608448 0.022485 0.023288
0 0.383201 0.598009 0.042560 0.031318
0 0.412913 0.617281 0.034530 0.028106
0 0.560508 0.767446 0.012045 0.016863
0 0.597045 0.734120 0.019272 0.022485
0 0.624348 0.706015 0.022485 0.027303
0 0.599855 0.706818 0.042560 0.033727
0 0.584197 0.758211 0.041757 0.040151
0 0.786959 0.620092 0.010439 0.006424
0 0.621135 0.743355 0.033727 0.040954
0 0.786557 0.584759 0.028909 0.022485
0 0.783747 0.606842 0.031318 0.018469
0 0.888139 0.369148 0.018469 0.012045
0 0.883321 0.390026 0.034530 0.023288
0 0.653658 0.509676 0.026500 0.028106
0 0.664097 0.493214 0.024894 0.016060
0 0.676945 0.410503 0.008833 0.014454
0 0.759656 0.418534 0.020075 0.027303
0 0.778929 0.422950 0.013651 0.020075
0 0.820686 0.408094 0.015257 0.012848
0 0.760459 0.357103 0.010439 0.013651
0 0.766080 0.358307 0.042560 0.036939
0 0.717899 0.253915 0.021682 0.025697
0 0.752028 0.255119 0.049787 0.048984
0 0.991649 0.184293 0.016702 0.050590
0 0.943548 0.087128 0.023288 0.016863
0 0.946358 0.133703 0.035333 0.028106
0 0.925480 0.109211 0.033727 0.022485
0 0.881314 0.107203 0.038545 0.026500
0 0.858428 0.116036 0.020075 0.012045
0 0.829519 0.145347 0.026500 0.035333
0 0.861640 0.155786 0.032924 0.036939
0 0.850799 0.061029 0.028909 0.030515
0 0.886935 0.061029 0.030515 0.030515
0 0.911025 0.079900 0.040151 0.040954
0 0.585401 0.102385 0.020075 0.013651
0 0.591825 0.121256 0.023288 0.016060
0 0.610295 0.097165 0.047378 0.052999
0 0.577772 0.089135 0.022485 0.019272
0 0.655264 0.011644 0.028106 0.023288
0 0.678551 0.005220 0.021682 0.010439
0 0.525576 0.401911 0.024091 0.024894
0 0.529591 0.378624 0.035333 0.023288
0 0.540031 0.346101 0.035333 0.035333
0 0.634385 0.316791 0.026500 0.021682
0 0.701437 0.362965 0.019272 0.028909
0 0.684172 0.379828 0.032924 0.025697
0 0.768891 0.482213 0.012848 0.021682
0 0.780535 0.476592 0.021682 0.023288
0 0.827913 0.464145 0.024894 0.024091
0 0.764876 0.462539 0.011242 0.014454
0 0.881715 0.414759 0.013651 0.032924
0 0.864852 0.423593 0.024894 0.023288
0 0.843973 0.414759 0.023288 0.031318
0 0.824701 0.422790 0.021682 0.012045
0 0.829117 0.446880 0.024091 0.016863
0 0.801012 0.463342 0.041757 0.043363
0 0.781739 0.447282 0.033727 0.025697
0 0.712680 0.443267 0.036939 0.017666
0 0.719104 0.417169 0.035333 0.031318
0 0.692604 0.416366 0.012848 0.020075
0 0.682165 0.330844 0.051393 0.046575
0 0.617120 0.339677 0.024091 0.020879
0 0.644825 0.353730 0.032924 0.048984
0 0.474986 0.350116 0.040151 0.022485
0 0.473781 0.371798 0.023288 0.022485
0 0.443668 0.366578 0.036939 0.031318
0 0.358789 0.812013 0.010439 0.012848
0 0.362001 0.793945 0.039348 0.039348
0 0.361198 0.765037 0.026500 0.020075
0 0.401751 0.824861 0.041757 0.011242
0 0.394122 0.782301 0.018469 0.009636
0 0.388099 0.798362 0.025697 0.022485