0 0.188147 0.321369 0.020033 0.018364
0 0.158097 0.039232 0.023372 0.025042
0 0.514524 0.088481 0.035058 0.030050
0 0.545409 0.100167 0.036728 0.033389
0 0.540401 0.056761 0.023372 0.013356
0 0.736561 0.104341 0.021703 0.035058
0 0.774124 0.090985 0.040067 0.048414
0 0.825876 0.151085 0.053422 0.065109
0 0.869282 0.141903 0.013356 0.016694
0 0.909349 0.234558 0.030050 0.028381
0 0.714858 0.243740 0.035058 0.056761
0 0.575459 0.185309 0.063439 0.033389
0 0.496160 0.224541 0.048414 0.051753
0 0.367613 0.083472 0.025042 0.023372
0 0.266611 0.212020 0.016694 0.016694
0 0.422704 0.378130 0.031720 0.021703
0 0.302504 0.339733 0.025042 0.021703
0 0.167279 0.565109 0.038397 0.051753
0 0.264942 0.593489 0.026711 0.021703
0 0.345075 0.601002 0.036728 0.026711
0 0.350083 0.474124 0.043406 0.030050
0 0.630551 0.489149 0.043406 0.040067
0 0.532888 0.363940 0.025042 0.026711
0 0.284975 0.833890 0.043406 0.045075
0 0.425209 0.663606 0.036728 0.041736
0 0.464441 0.716194 0.035058 0.043406
0 0.192321 0.895659 0.028381 0.028381
0 0.615526 0.763773 0.020033 0.025042
0 0.492821 0.753756 0.018364 0.018364
0 0.436895 0.924875 0.030050 0.026711
0 0.620534 0.852254 0.036728 0.025042
0 0.718197 0.879800 0.031720 0.023372
0 0.832554 0.847245 0.023372 0.018364
0 0.906845 0.818030 0.098497 0.053422
0 0.680634 0.398998 0.050083 0.036728
0 0.747412 0.369783 0.043406 0.035058
0 0.740735 0.313856 0.033389 0.030050
0 0.786644 0.280467 0.035058 0.033389
0 0.635559 0.295492 0.023372 0.036728