0 0.532159 0.295613 0.025061 0.023601
0 0.421484 0.313867 0.024414 0.023438
0 0.367773 0.318750 0.022461 0.013672
0 0.424902 0.417383 0.017578 0.013672
0 0.347754 0.412988 0.023438 0.020508
0 0.319434 0.359766 0.017578 0.011719
0 0.254980 0.390527 0.021484 0.020508
0 0.277223 0.460173 0.022375 0.020883
0 0.334570 0.586328 0.028320 0.025391
0 0.344824 0.602930 0.029297 0.023438
0 0.564063 0.561914 0.014648 0.013672
0 0.541602 0.605859 0.012695 0.017578
0 0.637305 0.640527 0.030273 0.028320
0 0.651953 0.608789 0.024414 0.019531
0 0.604102 0.571191 0.022461 0.020508
0 0.613379 0.576074 0.023438 0.020508
0 0.699805 0.537500 0.020508 0.017578
0 0.467871 0.664941 0.025391 0.022461
0 0.386816 0.640039 0.023438 0.017578
0 0.421973 0.585840 0.015625 0.016602
0 0.489844 0.527734 0.018555 0.015625
0 0.371619 0.750088 0.026626 0.024786
0 0.249601 0.687060 0.018571 0.017287
0 0.238867 0.616602 0.032227 0.023438
0 0.225477 0.631467 0.024811 0.018759
0 0.222148 0.571861 0.020575 0.013313
0 0.201573 0.521634 0.016944 0.015734
0 0.147716 0.597579 0.019365 0.018759
0 0.119879 0.580938 0.016944 0.010893
0 0.169501 0.535855 0.013313 0.015129
0 0.262088 0.509531 0.012103 0.010893
0 0.141967 0.563086 0.021180 0.026021
0 0.135310 0.584266 0.019970 0.019970
0 0.141664 0.709531 0.024206 0.023601
0 0.129259 0.773071 0.027231 0.027231
0 0.108684 0.767625 0.021180 0.012708
0 0.103540 0.815431 0.015734 0.013918
0 0.177670 0.822088 0.017549 0.021180
0 0.245144 0.835703 0.020575 0.021785
0 0.189168 0.854463 0.012708 0.010893
0 0.204297 0.861725 0.016339 0.013313
0 0.205507 0.873828 0.016339 0.013313
0 0.312617 0.882300 0.017549 0.016944
0 0.342572 0.783661 0.022995 0.024206
0 0.396430 0.748260 0.018154 0.016339
0 0.391286 0.766717 0.013918 0.009682
0 0.148018 0.908623 0.019970 0.021180
0 0.137126 0.917398 0.018759 0.018154
0 0.157398 0.937065 0.014523 0.015129
0 0.144992 0.938578 0.011498 0.014523
0 0.146203 0.930106 0.011498 0.012103
0 0.284478 0.989864 0.021785 0.020272
0 0.297186 0.985174 0.013313 0.013313
0 0.363752 0.925870 0.012103 0.010893
0 0.383722 0.931014 0.010893 0.009077
0 0.470862 0.963994 0.014523 0.012103
0 0.632436 0.944629 0.020575 0.018154
0 0.653313 0.929803 0.016339 0.015129
0 0.644539 0.949470 0.013313 0.016944
0 0.572526 0.894705 0.013313 0.013918
0 0.583419 0.895915 0.009682 0.011498
0 0.481755 0.914977 0.014523 0.015734
0 0.497489 0.888654 0.019365 0.018759
0 0.513222 0.884720 0.024206 0.025416
0 0.511104 0.855673 0.016339 0.013313
0 0.614281 0.806051 0.035098 0.020575
0 0.583419 0.839939 0.016944 0.012103
0 0.662693 0.808775 0.013313 0.013918
0 0.722602 0.764297 0.009682 0.009682
0 0.702027 0.744629 0.009682 0.007867
0 0.669349 0.835703 0.027837 0.031467
0 0.495068 0.817549 0.016944 0.014523
0 0.515643 0.823903 0.019365 0.017549
0 0.504750 0.813616 0.016944 0.016339
0 0.467837 0.740696 0.015734 0.016944
0 0.456641 0.746445 0.022390 0.017549
0 0.453313 0.734039 0.013313 0.014523
0 0.669349 0.567625 0.007262 0.008472
0 0.545295 0.763389 0.037519 0.035703
0 0.559818 0.713464 0.020575 0.021785
0 0.522905 0.682300 0.015734 0.021180
0 0.537428 0.674433 0.018154 0.018759
0 0.551952 0.687443 0.018154 0.015734
0 0.534402 0.688956 0.025416 0.028442
0 0.522905 0.710136 0.018154 0.021180
0 0.505658 0.724660 0.024811 0.022390
0 0.525325 0.742511 0.029047 0.029047
0 0.543177 0.738275 0.017549 0.021785
0 0.498699 0.744932 0.010893 0.009682
0 0.506566 0.735552 0.018154 0.019970
0 0.501725 0.326172 0.018154 0.013313
0 0.490227 0.338275 0.016944 0.014523
0 0.578578 0.324357 0.014523 0.013313
0 0.486899 0.180333 0.029652 0.015734
0 0.618517 0.190923 0.014523 0.013918
0 0.674493 0.228139 0.022390 0.026626
0 0.718971 0.262330 0.024206 0.021180
0 0.629410 0.252950 0.015734 0.014523
0 0.630015 0.265658 0.022995 0.019365
0 0.769501 0.201513 0.017549 0.013313
0 0.758306 0.343116 0.018154 0.014523
0 0.813071 0.344629 0.015129 0.012708
0 0.547716 0.289864 0.022995 0.026626
0 0.560424 0.316188 0.016944 0.017549
0 0.545900 0.325567 0.013313 0.010893
0 0.640000 0.023903 0.022390 0.024811
0 0.641513 0.120424 0.014523 0.014523
0 0.652405 0.111649 0.014523 0.017549
0 0.759213 0.074130 0.022390 0.023601
0 0.787655 0.127080 0.015129 0.013313
0 0.695673 0.167625 0.017549 0.020575
0 0.665113 0.019970 0.027837 0.024206
0 0.755885 0.706203 0.020575 0.026626
0 0.778275 0.700151 0.016944 0.016944
0 0.064290 0.020137 0.018646 0.017900
0 0.012567 0.080176 0.025134 0.018646
0 0.077715 0.071599 0.030579 0.026850
0 0.222032 0.052581 0.016408 0.015662
0 0.250746 0.071972 0.021629 0.027595
0 0.266035 0.066751 0.019391 0.012679
0 0.013201 0.166319 0.023866 0.029833
0 0.117989 0.132384 0.027595 0.029087
0 0.082190 0.136859 0.030579 0.018646
0 0.105310 0.101805 0.027595 0.029087
0 0.096733 0.114484 0.023866 0.021629
0 0.162739 0.174150 0.017154 0.020137
0 0.156399 0.261411 0.022375 0.018646
0 0.142601 0.251342 0.014171 0.014916
0 0.009211 0.306906 0.018422 0.023121
0 0.163112 0.313992 0.020883 0.014916
0 0.223150 0.277073 0.015662 0.018646
0 0.235456 0.293109 0.017900 0.014916
0 0.243660 0.282667 0.020883 0.019391
0 0.233219 0.279311 0.010442 0.017154
0 0.187351 0.413559 0.023121 0.023121
0 0.162739 0.435934 0.017154 0.018646
0 0.172807 0.469123 0.020883 0.016408
0 0.185113 0.380743 0.018646 0.018646
0 0.170943 0.382980 0.018646 0.017154
0 0.223523 0.391557 0.014916 0.011933
0 0.234711 0.383726 0.016408 0.020137
0 0.290647 0.469496 0.016408 0.015662
0 0.029236 0.637306 0.020137 0.023121
0 0.015923 0.597032 0.031846 0.032070
0 0.019280 0.691378 0.038559 0.043258
0 0.043407 0.774165 0.024612 0.022375
0 0.050492 0.726432 0.026850 0.023866
0 0.033338 0.831966 0.016408 0.014171
0 0.062798 0.740603 0.027595 0.014916
0 0.054967 0.758502 0.025358 0.020883
0 0.033711 0.720838 0.018646 0.012679
0 0.009957 0.731653 0.019913 0.031325
0 0.006601 0.726059 0.013201 0.017154
0 0.005109 0.761113 0.010218 0.027595
0 0.019168 0.755146 0.023866 0.017154
0 0.023643 0.734636 0.022375 0.026850
0 0.024388 0.773792 0.016408 0.021629
0 0.009211 0.777894 0.018422 0.028341
0 0.038186 0.905803 0.012679 0.012679
0 0.035576 0.982995 0.014916 0.011933
0 0.020286 0.974418 0.018646 0.014171
0 0.192583 0.653938 0.042837 0.029374
0 0.167493 0.673521 0.025702 0.028150
0 0.158007 0.694021 0.014075 0.012851
0 0.192889 0.697693 0.022642 0.023866
0 0.199315 0.707790 0.019583 0.019583
0 0.168411 0.692797 0.041001 0.025090
0 0.213084 0.681782 0.023866 0.041001
0 0.195643 0.673215 0.015911 0.016523
0 0.234502 0.677498 0.027538 0.036106
0 0.427269 0.137079 0.023866 0.024478
0 0.422067 0.160945 0.024478 0.019583
0 0.424821 0.022030 0.039777 0.044060
0 0.374946 0.007649 0.020807 0.015298
0 0.397589 0.012545 0.026926 0.025090
0 0.927201 0.017549 0.022390 0.021785
0 0.934463 0.029955 0.015129 0.013918
0 0.907231 0.132526 0.021180 0.026626
0 0.989531 0.201513 0.016339 0.016944
0 0.958064 0.373071 0.021180 0.017549
0 0.831589 0.359153 0.012708 0.011498
0 0.986808 0.432375 0.010893 0.012708
0 0.995219 0.433283 0.009561 0.015734
0 0.935976 0.479576 0.016944 0.011498
0 0.860333 0.554614 0.018154 0.018759
0 0.845204 0.604236 0.015734 0.013918
0 0.856097 0.596974 0.012103 0.015129
0 0.846415 0.595461 0.015734 0.009682
0 0.851861 0.711649 0.016944 0.018154
0 0.928109 0.567927 0.024206 0.016339
0 0.924175 0.588805 0.024811 0.019365
0 0.941725 0.573676 0.029652 0.024206
0 0.957761 0.576399 0.024206 0.027231
0 0.973495 0.579728 0.014523 0.013313
0 0.989773 0.541604 0.020454 0.038729
0 0.851861 0.801210 0.022995 0.020575
0 0.853071 0.813616 0.022995 0.017549
0 0.834312 0.813616 0.018154 0.016339
0 0.835219 0.802421 0.012708 0.010893
0 0.979849 0.801815 0.009077 0.012103
0 0.873041 0.930106 0.020575 0.016944
0 0.908744 0.929198 0.014523 0.013918
0 0.924478 0.917398 0.010893 0.010893
0 0.994312 0.872315 0.011376 0.016339
0 0.990741 0.831165 0.011498 0.007867
0 0.994614 0.906505 0.010772 0.018154
0 0.990136 0.914675 0.007867 0.010287
0 0.996430 0.919213 0.007140 0.014523
0 0.829471 0.978215 0.010893 0.011498
0 0.836430 0.980333 0.009077 0.012103
0 0.955946 0.986687 0.024206 0.023601
0 0.771394 0.954821 0.007851 0.007137