0 0.618687 0.550657 0.043127 0.038490
0 0.667380 0.464634 0.041272 0.032462
0 0.482227 0.566662 0.032462 0.031534
0 0.561062 0.482262 0.034316 0.033389
0 0.530127 0.463203 0.032276 0.030607
0 0.508702 0.434544 0.037284 0.038954
0 0.487277 0.483792 0.024485 0.032832
0 0.452775 0.422023 0.031163 0.031720
0 0.472809 0.390303 0.028937 0.028381
0 0.385719 0.524137 0.033945 0.028937
0 0.443593 0.645729 0.033945 0.038397
0 0.613599 0.655467 0.034502 0.034502
0 0.722948 0.668823 0.032832 0.026711
0 0.662848 0.696925 0.027268 0.036171
0 0.756059 0.781233 0.040067 0.027824
0 0.579375 0.765929 0.037284 0.039510
0 0.546543 0.789023 0.031720 0.030050
0 0.630294 0.804605 0.041180 0.041180
0 0.446932 0.701377 0.029494 0.036171
0 0.347878 0.668545 0.032832 0.040623
0 0.307598 0.683883 0.026581 0.031233
0 0.303916 0.579647 0.031720 0.035058
0 0.292230 0.512034 0.033945 0.028937
0 0.360121 0.408166 0.023929 0.027824
0 0.325897 0.393141 0.025598 0.035615
0 0.251329 0.437938 0.031163 0.029494
0 0.357339 0.354257 0.032832 0.028937
0 0.391562 0.237465 0.031163 0.031163
0 0.354278 0.238022 0.031163 0.035615
0 0.348713 0.127692 0.032276 0.029494
0 0.276370 0.143830 0.034502 0.023929
0 0.254389 0.160246 0.033945 0.027824
0 0.264962 0.075960 0.033945 0.039510
0 0.226843 0.053979 0.025598 0.034502
0 0.558530 0.125209 0.028619 0.032594
0 0.575225 0.197949 0.039749 0.036569
0 0.631072 0.258044 0.033389 0.025311
0 0.582335 0.325630 0.035005 0.032312
0 0.707005 0.328323 0.031235 0.030158
0 0.795055 0.339632 0.036082 0.036620
0 0.788323 0.207692 0.025850 0.023695
0 0.704043 0.201498 0.029619 0.031773
0 0.802325 0.128527 0.044160 0.038774
0 0.722622 0.115333 0.030158 0.030696
0 0.664730 0.107525 0.032850 0.024772
0 0.667692 0.135528 0.036620 0.030158
0 0.701889 0.070635 0.049006 0.042544
0 0.623533 0.034554 0.040928 0.035005
0 0.909850 0.334247 0.036620 0.032312
0 0.847649 0.408833 0.032850 0.031773
0 0.855458 0.468341 0.035543 0.035543
0 0.756907 0.400486 0.031235 0.032312
0 0.973127 0.412334 0.030696 0.036620
0 0.993699 0.210654 0.012602 0.039313
0 0.948355 0.184535 0.035005 0.034466
0 0.993699 0.035005 0.012602 0.023695
0 0.807529 0.005924 0.032312 0.011848
0 0.418709 0.008347 0.033389 0.016694
0 0.361086 0.008078 0.037697 0.016156
0 0.335505 0.019387 0.038236 0.030158
0 0.322311 0.042275 0.032312 0.029619
0 0.305617 0.062739 0.029081 0.035005
0 0.156982 0.034466 0.032312 0.033389
0 0.082665 0.100436 0.030158 0.033928
0 0.092358 0.219452 0.034466 0.035005
0 0.005251 0.273036 0.010501 0.030158
0 0.082934 0.331466 0.049006 0.047929
0 0.135172 0.363778 0.027465 0.025311
0 0.169638 0.390436 0.033928 0.031235
0 0.060316 0.385050 0.039313 0.037697
0 0.125478 0.507566 0.029619 0.035005
0 0.182562 0.521299 0.029619 0.028004
0 0.181216 0.561958 0.048468 0.046852
0 0.214066 0.634391 0.036620 0.040928
0 0.152674 0.599925 0.028004 0.029081
0 0.133556 0.622812 0.029619 0.035005
0 0.138672 0.658355 0.025850 0.037159
0 0.123862 0.684743 0.037159 0.037159
0 0.221606 0.689590 0.034466 0.038236
0 0.062470 0.686898 0.026388 0.029619
0 0.075125 0.736442 0.030158 0.027465
0 0.036889 0.766331 0.033389 0.032312
0 0.008751 0.751252 0.017502 0.032312
0 0.230761 0.773870 0.030158 0.034466
0 0.337121 0.751252 0.037159 0.039851
0 0.149981 0.810221 0.035543 0.040390
0 0.157521 0.854112 0.026927 0.029081
0 0.204373 0.866498 0.034466 0.031235
0 0.237762 0.885616 0.023695 0.035005
0 0.209220 0.900156 0.026927 0.031773
0 0.134902 0.933814 0.038774 0.037697
0 0.050622 0.841456 0.031773 0.033928
0 0.321504 0.966826 0.032850 0.033928
0 0.316388 0.992972 0.035543 0.014056
0 0.025850 0.987048 0.023157 0.025903
0 0.404707 0.874737 0.034466 0.035005
0 0.456137 0.797458 0.030696 0.036620
0 0.424094 0.809306 0.034466 0.034466
0 0.485756 0.835963 0.036082 0.031773
0 0.524799 0.869621 0.033389 0.038774
0 0.515106 0.905434 0.034466 0.036082
0 0.469061 0.994319 0.028542 0.011362
0 0.645431 0.930476 0.034466 0.034466
0 0.692821 0.964403 0.032312 0.034466
0 0.663741 0.988395 0.038774 0.023210
0 0.740751 0.887124 0.037697 0.033928
0 0.690129 0.838117 0.034466 0.045775
0 0.836071 0.708870 0.034466 0.037159
0 0.798643 0.603048 0.044698 0.045237
0 0.982821 0.654747 0.032850 0.032312
0 0.981582 0.712909 0.036836 0.038774
0 0.970165 0.751144 0.035543 0.033389
0 0.920351 0.860736 0.036082 0.031773
0 0.917928 0.917820 0.026927 0.030696
0 0.881308 0.922936 0.034466 0.031235
0 0.978890 0.978163 0.042220 0.043674
0 0.947547 0.994049 0.026927 0.011902
0 0.997200 0.771878 0.005600 0.017772
0 0.380850 0.029350 0.011309 0.009155
0 0.146050 0.299962 0.008078 0.011848
0 0.223598 0.331466 0.021003 0.014540
0 0.199903 0.449674 0.014540 0.014002
0 0.116161 0.738058 0.018310 0.016694
0 0.372233 0.721902 0.017772 0.012386
0 0.190209 0.820723 0.010232 0.012925
0 0.293877 0.910011 0.012925 0.012925
0 0.580914 0.722333 0.016156 0.012386
0 0.448884 0.333430 0.014982 0.009845