0 0.052870 0.059668 0.048338 0.067976
0 0.548338 0.083082 0.060423 0.063444
0 0.614804 0.058157 0.030211 0.025680
0 0.613293 0.098943 0.039275 0.046828
0 0.423716 0.290030 0.025680 0.024169
0 0.034743 0.232628 0.021148 0.027190
0 0.071752 0.367825 0.074018 0.031722
0 0.046073 0.593656 0.092145 0.105740
0 0.175227 0.787764 0.036254 0.034743
0 0.512840 0.765106 0.055891 0.043807
0 0.571752 0.799094 0.028701 0.042296
0 0.804381 0.745468 0.164653 0.134441
0 0.961480 0.785498 0.031722 0.030211
0 0.983384 0.859517 0.027190 0.039275
0 0.421450 0.353474 0.069486 0.063444
0 0.595921 0.381420 0.058912 0.052870
0 0.579305 0.271903 0.046828 0.033233
0 0.716767 0.191088 0.043807 0.049849
0 0.956949 0.179758 0.086102 0.090634
0 0.812689 0.095921 0.027190 0.025680
0 0.654079 0.343656 0.027190 0.025680
0 0.245468 0.308912 0.034743 0.028701
0 0.378399 0.548338 0.019637 0.030211
0 0.510574 0.546828 0.042296 0.027190
0 0.655589 0.457704 0.036254 0.048338
0 0.646242 0.096771 0.025491 0.021715
0 0.542390 0.024547 0.036820 0.032100
0 0.465918 0.064671 0.023603 0.019826
0 0.350264 0.163803 0.033988 0.029267
0 0.278040 0.387085 0.017938 0.024547
0 0.107156 0.293618 0.021715 0.020770
0 0.353097 0.259630 0.020770 0.015106
0 0.489048 0.225170 0.022659 0.014162
0 0.564577 0.166635 0.022659 0.016050
0 0.688727 0.127455 0.057591 0.071752
0 0.732628 0.248301 0.024547 0.020770
0 0.699113 0.351681 0.025491 0.033044
0 0.525869 0.917674 0.020770 0.033988
0 0.413992 0.926171 0.023603 0.018882
0 0.297866 0.874245 0.023603 0.016994
0 0.704777 0.476303 0.019826 0.025491
0 0.721299 0.536254 0.020770 0.015106
0 0.827511 0.528701 0.033044 0.024547
0 0.903984 0.520204 0.014162 0.018882
0 0.988104 0.409271 0.023792 0.021715
0 0.566937 0.195903 0.033044 0.023603