0 0.402671 0.593489 0.055092 0.045075
0 0.535392 0.571786 0.030050 0.028381
0 0.180634 0.455760 0.035058 0.033389
0 0.066277 0.521703 0.036728 0.021703
0 0.099666 0.190317 0.036728 0.026711
0 0.202337 0.692821 0.071786 0.046745
0 0.274124 0.706177 0.045075 0.036728
0 0.310017 0.743740 0.023372 0.028381
0 0.481970 0.788815 0.030050 0.028381
0 0.560434 0.812187 0.026711 0.025042
0 0.729048 0.835559 0.030050 0.038397
0 0.813356 0.896494 0.055092 0.033389
0 0.539566 0.964107 0.048414 0.048414
0 0.570451 0.929883 0.033389 0.026711
0 0.600501 0.955760 0.043406 0.045075
0 0.035643 0.925710 0.071285 0.105175
0 0.342571 0.938230 0.035058 0.020033
0 0.873456 0.624374 0.041736 0.046745
0 0.969449 0.558431 0.043406 0.038397
0 0.958598 0.616027 0.035058 0.036728
0 0.971953 0.661102 0.048414 0.020033
0 0.932721 0.689482 0.026711 0.036728
0 0.890985 0.291319 0.033389 0.041736
0 0.844240 0.187813 0.050083 0.048414
0 0.973038 0.157763 0.053923 0.055092
0 0.690651 0.098497 0.043406 0.036728
0 0.678130 0.028381 0.081803 0.056761
0 0.567112 0.037563 0.076795 0.075125
0 0.294992 0.075125 0.046745 0.033389
0 0.294992 0.036728 0.060100 0.023372
0 0.204007 0.090150 0.028381 0.026711
0 0.300835 0.005008 0.041736 0.010016
0 0.520367 0.178631 0.020033 0.023372
0 0.548748 0.180301 0.046745 0.046745
0 0.867613 0.048414 0.030050 0.033389
0 0.622204 0.013356 0.060100 0.026711
0 0.911853 0.442404 0.038397 0.026711
0 0.471953 0.722037 0.026711 0.028381
0 0.214023 0.784641 0.031720 0.023372
0 0.174791 0.813856 0.033389 0.031720
0 0.153923 0.838898 0.018364 0.041736
0 0.765776 0.403172 0.030050 0.038397
0 0.827546 0.135225 0.050083 0.050083
0 0.790818 0.055092 0.030050 0.036728
0 0.832554 0.020033 0.033389 0.026711
0 0.451085 0.079299 0.031720 0.021703