0 0.631386 0.123539 0.118531 0.106845
0 0.759933 0.186978 0.121870 0.106845
0 0.874290 0.208681 0.106845 0.090150
0 0.937730 0.292988 0.120200 0.118531
0 0.754925 0.367279 0.131886 0.140234
0 0.633890 0.268781 0.120200 0.110184
0 0.544574 0.227880 0.115192 0.125209
0 0.442738 0.311352 0.111853 0.138564
0 0.572120 0.361436 0.153589 0.138564
0 0.636394 0.505008 0.145242 0.145242
0 0.815860 0.489149 0.156928 0.176962
0 0.724875 0.606010 0.101836 0.103506
0 0.834224 0.663606 0.133556 0.161937
0 0.947162 0.543406 0.105676 0.168614
0 0.975543 0.729549 0.048914 0.120200
0 0.955509 0.880634 0.088982 0.161937
0 0.866778 0.059265 0.171953 0.118530
0 0.422704 0.015025 0.098497 0.030050
0 0.070451 0.036728 0.118531 0.073456
0 0.059599 0.154424 0.106845 0.135225
0 0.021452 0.375626 0.042904 0.093489
0 0.021452 0.707012 0.042904 0.101836
0 0.070451 0.914858 0.095159 0.170284
0 0.247412 0.757930 0.181970 0.163606
0 0.396828 0.671953 0.136895 0.138564
0 0.375125 0.521703 0.103506 0.128548
0 0.322538 0.434891 0.115192 0.128548
0 0.317529 0.315526 0.108514 0.126878
0 0.280801 0.171119 0.128548 0.141903
0 0.426878 0.122705 0.160267 0.135225
0 0.577963 0.661937 0.101836 0.101836
0 0.503673 0.507513 0.110184 0.130217
0 0.181469 0.333890 0.136895 0.143573
0 0.121369 0.462437 0.116861 0.123539
0 0.238230 0.521703 0.156928 0.141903
0 0.077129 0.585977 0.151920 0.156928
0 0.488648 0.801336 0.203673 0.133556
0 0.671452 0.717863 0.141903 0.143573
0 0.807512 0.826377 0.166945 0.156928
0 0.769115 0.955760 0.166945 0.088480
0 0.637229 0.969115 0.100167 0.061770
0 0.423539 0.979967 0.100167 0.040066
0 0.355927 0.887312 0.191987 0.168614
0 0.186477 0.911519 0.146912 0.163606