0 0.050830 0.635546 0.101660 0.136929
0 0.056708 0.531120 0.089903 0.041494
0 0.023859 0.450899 0.047718 0.113416
0 0.062586 0.115491 0.125172 0.230982
0 0.159059 0.040802 0.106501 0.081604
0 0.242047 0.085062 0.065007 0.065007
0 0.218534 0.172199 0.117566 0.100968
0 0.147994 0.203320 0.042877 0.063624
0 0.082988 0.276625 0.067773 0.074689
0 0.023167 0.313278 0.046334 0.109267
0 0.174274 0.374136 0.125864 0.136929
0 0.938797 0.378976 0.122406 0.320885
0 0.928423 0.087828 0.143154 0.175656
0 0.975450 0.196404 0.049100 0.038728
0 0.815353 0.269018 0.105118 0.125864
0 0.853389 0.399723 0.065007 0.063624
0 0.863762 0.550484 0.055325 0.063624
0 0.944675 0.757261 0.062241 0.059474
0 0.984440 0.793914 0.031120 0.102351
0 0.946750 0.901107 0.085754 0.081604
0 0.901107 0.970263 0.127248 0.059474
0 0.732365 0.909405 0.204703 0.181189
0 0.289073 0.905947 0.156293 0.163209
0 0.015560 0.889350 0.031120 0.055325
0 0.026625 0.958506 0.053250 0.082988
0 0.293914 0.520747 0.224066 0.181189
0 0.419779 0.403181 0.047026 0.053942
0 0.477870 0.417012 0.049793 0.065007
0 0.670124 0.623098 0.154910 0.164592
0 0.697095 0.412172 0.045643 0.038728
0 0.647994 0.232365 0.077455 0.082988
0 0.633472 0.072614 0.128631 0.131397
0 0.519364 0.248963 0.110650 0.110650
0 0.357538 0.245505 0.055325 0.067773
0 0.269018 0.253804 0.110650 0.092669
0 0.321577 0.158368 0.074689 0.076072
0 0.319502 0.079530 0.087137 0.089903
0 0.484094 0.156985 0.098202 0.065007
0 0.445367 0.056017 0.197787 0.112033
0 0.627248 0.494467 0.027663 0.020747
0 0.765560 0.378285 0.024896 0.017981
0 0.285615 0.369295 0.041494 0.027663
0 0.560166 0.506224 0.037344 0.030429
0 0.548409 0.450899 0.027663 0.022130
0 0.359613 0.364454 0.040111 0.045643
0 0.275934 0.330567 0.038728 0.035961