0 0.411018 0.298831 0.048414 0.053422
0 0.479636 0.201040 0.018704 0.028124
0 0.456928 0.175292 0.033389 0.033389
0 0.422704 0.149416 0.028381 0.025042
0 0.592738 0.486761 0.017362 0.025376
0 0.671536 0.473740 0.037396 0.040735
0 0.637145 0.500785 0.016694 0.021369
0 0.622454 0.546528 0.035392 0.023372
0 0.566316 0.607963 0.037974 0.044741
0 0.525960 0.659382 0.016027 0.019366
0 0.525292 0.704791 0.010684 0.014023
0 0.523957 0.743189 0.038731 0.032053
0 0.613105 0.704457 0.039399 0.026711
0 0.379048 0.623656 0.029382 0.032053
0 0.362020 0.643356 0.027379 0.026043
0 0.342321 0.689098 0.017362 0.020033
0 0.275209 0.594608 0.022037 0.022037
0 0.290568 0.567563 0.018030 0.021369
0 0.234808 0.557546 0.032053 0.030718
0 0.169699 0.561219 0.012688 0.014023
0 0.126962 0.662721 0.055426 0.044741
0 0.183055 0.698447 0.026043 0.021369
0 0.138982 0.721152 0.015359 0.017362
0 0.148998 0.760217 0.052755 0.051419
0 0.040484 0.687763 0.012020 0.016027
0 0.050835 0.607295 0.054090 0.055426
0 0.102254 0.546861 0.038063 0.025376
0 0.079883 0.521152 0.014691 0.018030
0 0.062187 0.535843 0.014023 0.011352
0 0.035476 0.543189 0.015359 0.016694
0 0.033139 0.461052 0.021369 0.026043
0 0.003881 0.444691 0.007762 0.016027
0 0.057513 0.409633 0.014023 0.018030
0 0.114274 0.401619 0.016694 0.023372
0 0.215109 0.299115 0.018030 0.017362
0 0.193072 0.211970 0.012688 0.023372
0 0.157346 0.216978 0.014691 0.020033
0 0.119616 0.213639 0.014023 0.018698
0 0.119950 0.168564 0.014691 0.024708
0 0.106594 0.151536 0.020033 0.024040
0 0.066861 0.203327 0.052755 0.040659
0 0.054841 0.240351 0.016694 0.010684
0 0.079883 0.264057 0.022705 0.026043
0 0.056511 0.270735 0.026711 0.031386
0 0.024791 0.288097 0.019366 0.026043
0 0.038279 0.343523 0.020438 0.019366
0 0.008222 0.383923 0.016444 0.020033
0 0.240150 0.243022 0.029382 0.040067
0 0.293573 0.204624 0.013356 0.022037
0 0.318614 0.231336 0.026043 0.031386
0 0.306594 0.145576 0.020701 0.026711
0 0.265192 0.139900 0.014023 0.015359
0 0.223122 0.158598 0.007346 0.012688
0 0.194407 0.166945 0.018030 0.022705
0 0.237145 0.065109 0.027379 0.032721
0 0.330301 0.044073 0.016027 0.022705
0 0.347329 0.082137 0.012688 0.021369
0 0.269866 0.007679 0.016694 0.015358
0 0.134975 0.084474 0.019366 0.030050
0 0.095242 0.013689 0.081469 0.027378
0 0.012771 0.045075 0.024708 0.022037
0 0.010768 0.102504 0.015359 0.015359
0 0.154674 0.333890 0.120200 0.112187
0 0.299249 0.412020 0.023372 0.037396
0 0.329967 0.362604 0.015359 0.021369
0 0.480217 0.355927 0.042070 0.026711
0 0.369366 0.424040 0.051419 0.056093
0 0.292905 0.505509 0.066778 0.068114
0 0.392404 0.554925 0.040067 0.032053
0 0.396745 0.486144 0.038063 0.033389
0 0.482888 0.470785 0.022037 0.021369
0 0.499583 0.485142 0.019366 0.020701
0 0.514608 0.450417 0.017362 0.016694
0 0.523623 0.466778 0.024708 0.021369
0 0.511603 0.481135 0.036728 0.051419
0 0.467195 0.490150 0.078798 0.052087
0 0.406093 0.506511 0.067446 0.076795
0 0.612771 0.413356 0.017362 0.016027
0 0.643823 0.366277 0.024708 0.024708
0 0.561352 0.329883 0.014691 0.010684
0 0.566694 0.307513 0.038731 0.018030
0 0.749332 0.328214 0.011352 0.015359
0 0.841152 0.400668 0.013356 0.017362
0 0.665526 0.275200 0.018698 0.028047
0 0.656845 0.306586 0.021369 0.016027
0 0.698915 0.283881 0.050751 0.045409
0 0.537980 0.262179 0.013356 0.016694
0 0.559015 0.251494 0.039399 0.048748
0 0.803072 0.207087 0.022037 0.017362
0 0.756995 0.185384 0.031386 0.038063
0 0.704574 0.165684 0.026711 0.025376
0 0.851820 0.140643 0.022037 0.023372
0 0.945643 0.179374 0.014691 0.022037
0 0.959332 0.046745 0.019366 0.034725
0 0.936628 0.029382 0.022037 0.022705
0 0.712588 0.077129 0.033389 0.040735
0 0.739299 0.079800 0.021369 0.019366
0 0.748982 0.117195 0.042070 0.044741
0 0.609416 0.093489 0.023372 0.021369
0 0.584708 0.124541 0.014023 0.014023
0 0.615760 0.027713 0.021369 0.016694
0 0.109983 0.196327 0.017362 0.029382
0 0.069917 0.781369 0.016027 0.022037
0 0.054224 0.786043 0.024708 0.019366
0 0.031519 0.810751 0.039399 0.047412
0 0.057896 0.822437 0.013356 0.020033
0 0.087613 0.820100 0.012688 0.020701
0 0.104975 0.826110 0.024708 0.030050
0 0.012254 0.848147 0.024508 0.014023
0 0.172755 0.910250 0.013356 0.010017
0 0.178765 0.963339 0.012020 0.010684
0 0.214825 0.958664 0.020033 0.020033
0 0.214157 0.903239 0.021369 0.016027
0 0.231519 0.921269 0.010684 0.016027
0 0.242538 0.791386 0.014023 0.019366
0 0.276260 0.823105 0.078798 0.073456
0 0.246128 0.884276 0.021535 0.060907
0 0.331352 0.883205 0.032721 0.025376
0 0.347142 0.902905 0.025570 0.032721
0 0.376093 0.896895 0.015359 0.022037
0 0.384775 0.873523 0.027379 0.031386
0 0.398798 0.861169 0.023372 0.020033
0 0.360401 0.815760 0.021369 0.026711
0 0.421805 0.730359 0.044136 0.029382
0 0.420501 0.751060 0.014691 0.016027
0 0.397462 0.757070 0.022037 0.018698
0 0.411820 0.781110 0.028047 0.029382
0 0.379432 0.777104 0.015359 0.021369
0 0.388114 0.793464 0.016694 0.024708
0 0.388114 0.832788 0.031386 0.020701
0 0.408147 0.812421 0.031386 0.020033
0 0.444207 0.833790 0.015359 0.022705
0 0.428514 0.830785 0.014691 0.031386
0 0.324674 0.849816 0.020701 0.021369
0 0.470250 0.939633 0.011352 0.020701
0 0.489282 0.983372 0.017362 0.018698
0 0.578431 0.912588 0.035392 0.036060
0 0.625509 0.934624 0.018698 0.012020
0 0.453556 0.948982 0.012688 0.011352
0 0.550050 0.908915 0.013356 0.012688
0 0.581102 0.855234 0.020701 0.028047
0 0.604474 0.790209 0.010017 0.015359
0 0.649549 0.796219 0.012020 0.018030
0 0.675927 0.772513 0.020701 0.014691
0 0.650551 0.745801 0.012688 0.010684
0 0.693957 0.677095 0.022037 0.026711
0 0.684608 0.619750 0.023372 0.026711
0 0.662905 0.624424 0.016027 0.025376
0 0.683272 0.639783 0.015359 0.018698
0 0.648214 0.592371 0.018698 0.017362
0 0.731018 0.487195 0.017362 0.016694
0 0.776093 0.509232 0.015359 0.027379
0 0.827513 0.469499 0.028715 0.030718
0 0.864574 0.478180 0.026711 0.036060
0 0.830518 0.530601 0.026711 0.027379
0 0.766745 0.578681 0.011352 0.012688
0 0.809149 0.610651 0.013356 0.020701
0 0.837195 0.618998 0.010684 0.013356
0 0.862905 0.591619 0.022037 0.017362
0 0.856561 0.554891 0.017362 0.018698
0 0.748381 0.691962 0.020033 0.024708
0 0.815492 0.653898 0.012688 0.008681
0 0.872922 0.665918 0.019366 0.019366
0 0.821836 0.670927 0.040067 0.021369
0 0.696294 0.957329 0.029382 0.029382
0 0.742371 0.942972 0.040067 0.038063
0 0.819165 0.942972 0.018698 0.020701
0 0.973797 0.668578 0.012339 0.015243
0 0.945126 0.732090 0.023227 0.024679
0 0.927343 0.757494 0.031211 0.027582
0 0.743340 0.737171 0.013065 0.018872
0 0.773826 0.740074 0.011614 0.015969
0 0.786165 0.741163 0.015969 0.013791
0 0.776366 0.756043 0.012339 0.017420
0 0.743340 0.793061 0.031937 0.045003
0 0.774189 0.806126 0.028308 0.069681
0 0.810118 0.791246 0.034841 0.048632
0 0.831894 0.740437 0.058068 0.051535
0 0.841330 0.775278 0.024679 0.028308
0 0.870727 0.778544 0.031211 0.018872
0 0.857661 0.848588 0.012339 0.019598
0 0.891413 0.799956 0.014517 0.019598
0 0.877622 0.799231 0.018872 0.016694
0 0.868549 0.835886 0.013791 0.017420
0 0.891050 0.821369 0.021050 0.010162
0 0.871090 0.818829 0.020324 0.016694
0 0.884155 0.839878 0.020324 0.012339
0 0.914640 0.819554 0.008710 0.009436
0 0.932061 0.807578 0.020324 0.024679
0 0.927343 0.828265 0.010888 0.009436
0 0.926617 0.846774 0.057342 0.039196
0 0.945126 0.793061 0.010162 0.015969
0 0.983959 0.788343 0.016694 0.025405
0 0.971982 0.799594 0.015969 0.026131
0 0.960006 0.786891 0.012339 0.016694
0 0.958554 0.805400 0.013791 0.018872
0 0.973071 0.830805 0.013791 0.010162
0 0.967627 0.897583 0.015969 0.015969
0 0.981636 0.858387 0.036728 0.076940
0 0.925891 0.896857 0.032663 0.021775
0 0.929157 0.896494 0.018872 0.010888
0 0.923351 0.915366 0.011614 0.010888
0 0.912463 0.914640 0.013065 0.009436
0 0.917544 0.929520 0.026131 0.021775
0 0.975612 0.953836 0.020324 0.013791
0 0.966901 0.972345 0.021775 0.017420
0 0.993613 0.972708 0.012774 0.025405
0 0.888510 0.982507 0.008710 0.008710
0 0.856520 0.947088 0.012521 0.015303
0 0.888982 0.940827 0.019941 0.024114
0 0.890141 0.939668 0.010202 0.013448
0 0.917270 0.977926 0.008811 0.006492
0 0.846086 0.983027 0.018549 0.019477
0 0.858143 0.993461 0.009275 0.007884
0 0.750325 0.995455 0.099703 0.009089
0 0.777685 0.881469 0.010666 0.011130
0 0.904749 0.347216 0.023651 0.019941
0 0.916342 0.359505 0.020868 0.015767
0 0.908227 0.379910 0.018549 0.026897
0 0.897561 0.366693 0.025042 0.019013
0 0.870896 0.241595 0.031070 0.028288
0 0.839826 0.249246 0.019013 0.019477
0 0.824522 0.268491 0.023651 0.029215
0 0.817334 0.301649 0.034316 0.038954
0 0.858375 0.305358 0.031070 0.029679
0 0.866722 0.272665 0.037563 0.025505
0 0.991699 0.329241 0.012985 0.013448
0 0.968508 0.484064 0.028836 0.045530
0 0.324290 0.990433 0.031463 0.019134
0 0.334564 0.970271 0.014768 0.019905
0 0.260402 0.942661 0.011558 0.010916
0 0.244029 0.989470 0.044305 0.021060
0 0.295717 0.961282 0.073199 0.059715
0 0.319796 0.921472 0.035315 0.026326
0 0.275491 0.870104 0.028894 0.016052
0 0.282554 0.906061 0.023758 0.022473
0 0.301175 0.893541 0.034031 0.064210
0 0.270354 0.893219 0.025042 0.040452
0 0.532008 0.183639 0.012842 0.014126
0 0.248844 0.755370 0.010274 0.012200