0 0.103734 0.075611 0.040572 0.027663
0 0.025357 0.110189 0.025818 0.034117
0 0.130936 0.156754 0.045182 0.033195
0 0.113416 0.006916 0.021208 0.011987
0 0.235592 0.097741 0.025818 0.014753
0 0.359613 0.032734 0.058091 0.065468
0 0.414477 0.061319 0.023974 0.030429
0 0.449516 0.140618 0.023974 0.028585
0 0.495620 0.125864 0.022130 0.024896
0 0.555095 0.183956 0.017520 0.013831
0 0.647764 0.139235 0.014753 0.020286
0 0.726141 0.074689 0.011065 0.011065
0 0.740433 0.032734 0.028585 0.030429
0 0.695251 0.193638 0.024896 0.035039
0 0.744122 0.216690 0.047026 0.047948
0 0.514062 0.268787 0.036883 0.032273
0 0.431074 0.260489 0.088520 0.076533
0 0.419548 0.270632 0.019364 0.024896
0 0.249885 0.273398 0.035961 0.010143
0 0.021208 0.319502 0.019364 0.024896
0 0.066390 0.426003 0.045182 0.025818
0 0.016367 0.444905 0.032734 0.021208
0 0.437529 0.324574 0.022130 0.022130
0 0.516367 0.307515 0.019364 0.019364
0 0.353158 0.350853 0.008299 0.021208
0 0.426003 0.373905 0.032273 0.028585
0 0.510834 0.421392 0.035961 0.025818
0 0.593361 0.370217 0.036883 0.054403
0 0.758414 0.383126 0.014753 0.011987
0 0.873213 0.283080 0.019364 0.012909
0 0.930844 0.355924 0.047948 0.047948
0 0.888889 0.397879 0.010143 0.015675
0 0.864454 0.412633 0.033195 0.037805
0 0.388658 0.434302 0.031351 0.023974
0 0.289995 0.431074 0.014753 0.011987
0 0.346704 0.474412 0.019364 0.019364
0 0.437990 0.527432 0.026740 0.022130
0 0.494698 0.541724 0.027663 0.045182
0 0.552789 0.496081 0.025818 0.020286
0 0.559705 0.450899 0.013831 0.014753
0 0.554172 0.425542 0.011987 0.008299
0 0.770862 0.511296 0.048870 0.041494
0 0.788382 0.539880 0.032273 0.028585
0 0.850622 0.569387 0.040572 0.058091
0 0.936837 0.524205 0.043338 0.041494
0 0.601660 0.603043 0.036883 0.038728
0 0.673582 0.572614 0.101429 0.094053
0 0.680959 0.608575 0.033195 0.012909
0 0.220839 0.521438 0.022130 0.024896
0 0.166897 0.531120 0.056247 0.033195
0 0.011296 0.679576 0.022591 0.023974
0 0.088520 0.717842 0.034117 0.037805
0 0.247118 0.673121 0.045182 0.016598
0 0.252190 0.690180 0.018442 0.024896
0 0.202397 0.717381 0.036883 0.038728
0 0.170124 0.764408 0.022130 0.020286
0 0.109267 0.805440 0.020286 0.023052
0 0.197326 0.848778 0.041494 0.045182
0 0.250346 0.753804 0.033195 0.035961
0 0.324112 0.646842 0.053481 0.054403
0 0.372522 0.640848 0.021208 0.027663
0 0.464730 0.614108 0.023052 0.031351
0 0.482711 0.659751 0.035039 0.032273
0 0.509912 0.651452 0.026740 0.056247
0 0.416321 0.733518 0.051637 0.045182
0 0.360535 0.776395 0.041494 0.036883
0 0.294606 0.790226 0.029507 0.071923
0 0.021899 0.906408 0.043798 0.042416
0 0.037344 0.946058 0.022130 0.018442
0 0.068695 0.934071 0.031351 0.029507
0 0.130936 0.971415 0.021208 0.015675
0 0.146150 0.959889 0.018442 0.014753
0 0.123098 0.994237 0.027663 0.011526
0 0.420009 0.991932 0.033195 0.016136
0 0.560166 0.992854 0.020286 0.014292
0 0.520977 0.934532 0.039650 0.034117
0 0.549101 0.885662 0.035039 0.058091
0 0.437068 0.885201 0.043338 0.057169
0 0.415399 0.823882 0.025818 0.023052
0 0.034117 0.686491 0.008299 0.023052
0 0.120332 0.711849 0.012909 0.012909
0 0.532964 0.802213 0.021208 0.018442
0 0.585523 0.730290 0.019364 0.020286
0 0.603504 0.829876 0.035039 0.025818
0 0.600277 0.912402 0.043338 0.034117
0 0.692024 0.917935 0.036883 0.028585
0 0.698479 0.747810 0.059013 0.040572
0 0.782388 0.634855 0.016598 0.010143
0 0.934532 0.659290 0.012909 0.012909
0 0.988474 0.688797 0.023052 0.027663
0 0.928538 0.683725 0.039650 0.030429
0 0.948824 0.717842 0.034117 0.028585
0 0.940987 0.774089 0.038728 0.028585
0 0.859843 0.801291 0.027663 0.040572
0 0.832642 0.824343 0.015675 0.012909
0 0.793453 0.888428 0.023974 0.069156
0 0.937759 0.865376 0.032273 0.021208
0 0.956662 0.810051 0.042416 0.024896
0 0.990779 0.840479 0.018442 0.028585
0 0.982019 0.887506 0.035961 0.045182