0 0.101208 0.746979 0.196375 0.237160
0 0.193353 0.490181 0.181269 0.200906
0 0.040030 0.537009 0.067976 0.049849
0 0.426737 0.555136 0.052870 0.049849
0 0.232628 0.980363 0.093656 0.039274
0 0.911631 0.754532 0.176737 0.158610
0 0.905589 0.231873 0.110272 0.143505
0 0.756798 0.310423 0.120846 0.083082
0 0.519637 0.247734 0.084592 0.081571
0 0.388218 0.251511 0.154079 0.083082
0 0.432779 0.050604 0.089124 0.080060
0 0.330060 0.042296 0.152568 0.084592
0 0.041541 0.012840 0.083082 0.025680
0 0.438066 0.373867 0.033233 0.040785
0 0.247734 0.937311 0.078550 0.058912