0 0.412269 0.502722 0.060473 0.082227
0 0.595266 0.420632 0.047048 0.052613
0 0.613984 0.586565 0.043001 0.039460
0 0.767270 0.519787 0.020742 0.024283
0 0.731857 0.151768 0.043001 0.038448
0 0.660526 0.092831 0.058178 0.054131
0 0.925280 0.128750 0.022765 0.029848
0 0.619973 0.024789 0.098143 0.049578
0 0.689280 0.006324 0.015177 0.012647
0 0.533971 0.011130 0.034401 0.020236
0 0.453281 0.241058 0.034907 0.046036
0 0.315678 0.018718 0.052107 0.035413
0 0.199828 0.043760 0.052107 0.087520
0 0.211464 0.015936 0.009612 0.015683
0 0.191987 0.042242 0.032377 0.032883
0 0.120656 0.048313 0.058684 0.072343
0 0.008980 0.053625 0.017959 0.039460
0 0.038195 0.028583 0.073860 0.057166
0 0.053878 0.010118 0.028330 0.020236
0 0.108261 0.168210 0.024789 0.039966
0 0.232964 0.282542 0.057672 0.066272
0 0.014797 0.352861 0.029594 0.037942
0 0.017453 0.409774 0.025295 0.022259
0 0.098902 0.401174 0.056660 0.073860
0 0.053119 0.413568 0.038954 0.037942
0 0.032377 0.449234 0.041989 0.035413
0 0.072090 0.495017 0.099155 0.069307
0 0.014165 0.566348 0.020742 0.030860
0 0.316538 0.633885 0.034401 0.032377
0 0.661051 0.661456 0.036424 0.034907
0 0.680528 0.774017 0.031871 0.034401
0 0.771589 0.800071 0.030860 0.030860
0 0.711641 0.886326 0.038448 0.039460
0 0.720747 0.774270 0.045530 0.048060
0 0.933627 0.740881 0.051601 0.054131
0 0.981687 0.734811 0.034401 0.060201
0 0.309030 0.765025 0.063782 0.058217
0 0.297900 0.769306 0.027824 0.029108
0 0.230480 0.814038 0.029108 0.041522
0 0.208221 0.834157 0.089037 0.067206
0 0.200302 0.820673 0.026112 0.025684