0 0.429580 0.430159 0.016987 0.021108
0 0.793353 0.375783 0.023998 0.025042
0 0.723967 0.382043 0.020868 0.020868
0 0.642060 0.317352 0.023998 0.016694
0 0.369209 0.641329 0.035476 0.026085
0 0.497548 0.670023 0.018781 0.014608
0 0.176179 0.556813 0.022955 0.028172
0 0.514681 0.907051 0.019150 0.015221
0 0.505843 0.844201 0.019150 0.026024
0 0.586369 0.808603 0.008347 0.009820
0 0.651674 0.822842 0.016203 0.010802
0 0.651920 0.908033 0.008838 0.009329
0 0.621722 0.885692 0.008347 0.010802
0 0.487185 0.959344 0.009329 0.008838
0 0.432682 0.988805 0.008347 0.006874
0 0.403221 0.970883 0.005401 0.009329
0 0.438083 0.935284 0.009329 0.009820
0 0.424335 0.899931 0.011293 0.011784
0 0.410095 0.925955 0.009329 0.012766
0 0.387263 0.899195 0.008838 0.010311
0 0.366640 0.865806 0.015712 0.012275
0 0.408131 0.829962 0.008347 0.008347
0 0.007954 0.977512 0.009329 0.007856
0 0.083816 0.956398 0.004910 0.003928
0 0.152804 0.991751 0.011293 0.004910
0 0.279485 0.930865 0.009329 0.010802
0 0.052146 0.879800 0.012275 0.007856
0 0.049200 0.872434 0.005401 0.005892
0 0.016302 0.868997 0.007365 0.008838
0 0.022194 0.722663 0.009329 0.008347
0 0.010164 0.743776 0.007856 0.005401
0 0.044535 0.812518 0.007856 0.007365
0 0.038397 0.831668 0.012275 0.010311
0 0.041589 0.791896 0.014730 0.009329
0 0.196139 0.823028 0.006421 0.005993
0 0.182013 0.806761 0.009845 0.005137
0 0.184367 0.798200 0.006849 0.008561
0 0.174308 0.787498 0.004709 0.009417
0 0.054022 0.678337 0.014126 0.025256
0 0.040538 0.666137 0.007705 0.005993
0 0.059801 0.717505 0.007705 0.011986
0 0.080990 0.743616 0.011558 0.006849
0 0.088053 0.751964 0.010274 0.008133
0 0.070716 0.753462 0.008133 0.005993
0 0.076923 0.760739 0.007705 0.011130
0 0.069860 0.783212 0.007277 0.005565
0 0.087197 0.785781 0.009417 0.009845
0 0.101109 0.815216 0.008133 0.008989
0 0.151620 0.846036 0.008989 0.005565
0 0.113951 0.850959 0.004709 0.007705
0 0.163392 0.716750 0.008561 0.011130
0 0.107102 0.614967 0.009845 0.008989
0 0.027482 0.624385 0.018407 0.014982
0 0.024485 0.579010 0.008989 0.010702
0 0.053380 0.611757 0.006849 0.007705
0 0.031334 0.604480 0.007277 0.008561
0 0.122726 0.506983 0.010274 0.010274
0 0.107744 0.442548 0.005993 0.008561
0 0.069218 0.319148 0.006849 0.006849
0 0.045674 0.190933 0.007705 0.005137
0 0.119943 0.049869 0.008989 0.008989
0 0.120800 0.030393 0.010702 0.007705
0 0.117375 0.022259 0.005565 0.007705
0 0.123582 0.023329 0.008561 0.007277
0 0.188648 0.030821 0.008561 0.008561
0 0.207054 0.031677 0.009417 0.009417
0 0.204914 0.041308 0.006849 0.005565
0 0.202346 0.052866 0.005137 0.006421
0 0.196781 0.058217 0.007705 0.008561
0 0.178802 0.074055 0.006849 0.009417
0 0.088909 0.111725 0.006849 0.008561
0 0.124866 0.098027 0.005993 0.005993
0 0.114379 0.090536 0.006421 0.006421
0 0.139420 0.332081 0.008561 0.008133
0 0.127435 0.339572 0.010274 0.006849
0 0.113523 0.264447 0.009845 0.010702
0 0.039682 0.281570 0.007705 0.006421
0 0.036257 0.293341 0.007705 0.006849
0 0.002932 0.338074 0.005864 0.005565
0 0.016994 0.231486 0.006849 0.007277
0 0.011429 0.114828 0.006849 0.008133
0 0.016138 0.047729 0.007705 0.007277
0 0.037327 0.023329 0.007277 0.006421
0 0.049741 0.023972 0.006421 0.005993
0 0.033261 0.033389 0.005993 0.006849
0 0.204914 0.096956 0.006849 0.005565
0 0.205984 0.105304 0.004709 0.005993
0 0.170455 0.151107 0.008133 0.005993
0 0.113737 0.161808 0.005993 0.006849
0 0.102393 0.157099 0.006421 0.006849
0 0.091477 0.157742 0.005993 0.006421
0 0.082488 0.159668 0.008561 0.004281
0 0.244938 0.188562 0.007277 0.004709
0 0.251359 0.220881 0.006421 0.007705
0 0.315997 0.386328 0.010702 0.008133
0 0.328197 0.392749 0.005993 0.005565
0 0.335046 0.405805 0.005137 0.006849
0 0.370789 0.382047 0.006421 0.007277
0 0.372073 0.375840 0.007277 0.008561
0 0.393904 0.375626 0.006421 0.006421
0 0.394118 0.390608 0.007705 0.007277
0 0.385343 0.417790 0.007277 0.007705
0 0.347245 0.426138 0.008989 0.008133
0 0.349386 0.282522 0.007277 0.009417
0 0.409957 0.263473 0.006849 0.008989
0 0.423869 0.332820 0.003853 0.007277
0 0.413167 0.315911 0.006421 0.008561
0 0.385557 0.343307 0.005993 0.006849
0 0.373571 0.342665 0.005993 0.008989
0 0.432002 0.319550 0.006421 0.008989
0 0.336330 0.322118 0.006849 0.006421
0 0.342109 0.342665 0.008133 0.007277
0 0.349172 0.359574 0.008561 0.009417
0 0.341253 0.384615 0.006421 0.008989
0 0.338898 0.241845 0.013698 0.020119
0 0.400111 0.217446 0.007705 0.008133
0 0.461967 0.233284 0.014982 0.024400
0 0.314070 0.156222 0.006849 0.006849
0 0.388768 0.132892 0.007277 0.010702
0 0.394546 0.121121 0.006849 0.006849
0 0.406746 0.119836 0.009845 0.007705
0 0.413167 0.088823 0.007277 0.004709
0 0.404392 0.099739 0.007705 0.006849
0 0.423655 0.062283 0.009417 0.006421
0 0.432644 0.023544 0.015410 0.013698
0 0.421729 0.010274 0.007277 0.003425
0 0.416378 0.019905 0.007705 0.004709
0 0.412953 0.032319 0.005137 0.006421
0 0.403322 0.039810 0.007277 0.005137
0 0.409315 0.044947 0.004709 0.005993
0 0.399041 0.050512 0.007277 0.006849
0 0.403964 0.059073 0.005137 0.005993
0 0.397757 0.083258 0.005565 0.007277
0 0.388768 0.076837 0.007277 0.006421
0 0.370147 0.074269 0.004281 0.009845
0 0.355807 0.072985 0.008133 0.005565
0 0.332263 0.099525 0.007277 0.005565
0 0.355593 0.099953 0.007705 0.005565
0 0.334403 0.116433 0.006421 0.008561
0 0.302727 0.129917 0.008133 0.008133
0 0.302941 0.097170 0.005993 0.005993
0 0.319421 0.075125 0.004709 0.005565
0 0.305723 0.076837 0.006421 0.003853
0 0.436069 0.483520 0.007705 0.008561
0 0.352810 0.441355 0.006421 0.006421
0 0.915415 0.142449 0.008561 0.009845
0 0.964428 0.182045 0.008133 0.007705
0 0.961645 0.152722 0.005993 0.007277
0 0.939172 0.159143 0.006421 0.004709
0 0.910920 0.159572 0.005565 0.004709
0 0.941955 0.178620 0.005993 0.006849
0 0.943025 0.196599 0.006421 0.005137
0 0.919053 0.182259 0.006421 0.006421
0 0.923762 0.178620 0.006421 0.006849
0 0.915629 0.167491 0.006421 0.005137
0 0.873036 0.175410 0.006849 0.006421
0 0.868970 0.152722 0.005565 0.004709
0 0.863405 0.144803 0.006421 0.004281
0 0.789778 0.177764 0.018407 0.018835
0 0.898934 0.290345 0.008989 0.005137
0 0.877745 0.231272 0.005137 0.010274
0 0.836865 0.229346 0.006421 0.005565
0 0.826163 0.238549 0.007277 0.005993
0 0.791276 0.237907 0.009417 0.005565
0 0.768161 0.218002 0.011130 0.008561
0 0.791276 0.209869 0.007705 0.005137
0 0.815676 0.192746 0.005137 0.005137
0 0.751894 0.181831 0.004281 0.006421
0 0.738624 0.171771 0.006849 0.006849
0 0.718077 0.147586 0.010274 0.008133
0 0.914344 0.200880 0.006421 0.003425
0 0.921622 0.192104 0.004709 0.005565
0 0.916485 0.195529 0.008133 0.006421
0 0.803476 0.296664 0.008989 0.007705
0 0.824879 0.292598 0.007277 0.002996
0 0.829802 0.321706 0.005993 0.005565
0 0.804118 0.337758 0.005993 0.005993
0 0.856342 0.360018 0.007705 0.005993
0 0.886948 0.359376 0.008133 0.007277
0 0.970207 0.359162 0.010274 0.007705
0 0.880955 0.368365 0.006421 0.004709
0 0.869612 0.306296 0.005993 0.005565
0 0.881598 0.300303 0.006849 0.006421
0 0.875819 0.272693 0.006421 0.005993
0 0.791276 0.251290 0.005993 0.008561
0 0.770943 0.295808 0.005565 0.006849
0 0.756603 0.307794 0.007705 0.004281
0 0.735842 0.282966 0.007277 0.004281
0 0.773511 0.266486 0.004709 0.006421
0 0.803690 0.266058 0.005993 0.005565
0 0.757245 0.270124 0.005565 0.005993
0 0.884380 0.199911 0.005565 0.004709
0 0.866829 0.215750 0.005565 0.004709
0 0.847138 0.202908 0.004709 0.005565
0 0.855700 0.465011 0.007277 0.009417
0 0.931681 0.492193 0.011986 0.008989
0 0.929327 0.511242 0.007277 0.005993
0 0.945593 0.520017 0.004709 0.005565
0 0.941741 0.541635 0.008989 0.005993
0 0.884594 0.538210 0.006849 0.005137
0 0.925474 0.417282 0.005565 0.007277
0 0.943881 0.420492 0.006421 0.006849
0 0.894868 0.401444 0.007705 0.005565
0 0.879029 0.391598 0.008561 0.009845
0 0.848209 0.421991 0.008561 0.006421
0 0.844356 0.411931 0.005137 0.007705
0 0.753820 0.402728 0.008133 0.007277
0 0.739694 0.351462 0.006421 0.008989
0 0.727495 0.346111 0.010274 0.005993
0 0.724498 0.360023 0.006849 0.005565
0 0.771799 0.339048 0.006421 0.007277
0 0.876247 0.321283 0.007277 0.007705
0 0.782929 0.446920 0.008133 0.009845
0 0.795343 0.430654 0.006421 0.008133
0 0.809255 0.437503 0.004281 0.008989
0 0.818458 0.440927 0.006421 0.004709
0 0.791490 0.458906 0.009845 0.007277
0 0.742691 0.433008 0.006421 0.005993
0 0.753820 0.445850 0.008133 0.006849
0 0.707804 0.455695 0.008561 0.009417
0 0.749326 0.494221 0.009417 0.008561
0 0.729849 0.507919 0.009845 0.008561
0 0.995248 0.665789 0.008133 0.010274
0 0.772227 0.580604 0.007277 0.005137
0 0.773297 0.569047 0.005993 0.005137
0 0.745687 0.540152 0.005565 0.005565
0 0.720217 0.575896 0.005993 0.004281
0 0.730277 0.637537 0.008133 0.008561
0 0.744403 0.712662 0.010702 0.005565
0 0.852917 0.622983 0.008561 0.007705
0 0.906425 0.634755 0.005137 0.007277
0 0.668208 0.695540 0.007277 0.008133
0 0.790634 0.733862 0.008989 0.011558
0 0.792774 0.770461 0.007277 0.005993
0 0.834725 0.802780 0.018407 0.014982
0 0.629254 0.744992 0.010702 0.011558
0 0.668208 0.782019 0.009845 0.008561
0 0.599075 0.718238 0.007705 0.006849
0 0.597149 0.743707 0.006421 0.008989
0 0.607209 0.755265 0.006849 0.005565
0 0.605282 0.549350 0.005565 0.008989
0 0.575960 0.526021 0.008561 0.009417
0 0.592868 0.508470 0.012414 0.009417
0 0.562262 0.479351 0.009417 0.007277
0 0.620693 0.441896 0.008133 0.007705
0 0.632250 0.459660 0.010702 0.006421
0 0.647233 0.452169 0.006421 0.006849
0 0.664783 0.455380 0.008133 0.009845
0 0.673344 0.435689 0.008989 0.007277
0 0.677411 0.411284 0.008561 0.010274
0 0.669492 0.348674 0.008989 0.008133
0 0.667566 0.312289 0.008561 0.008989
0 0.689183 0.315713 0.008989 0.007277
0 0.563546 0.272907 0.013698 0.008989
0 0.575960 0.272907 0.007705 0.008989
0 0.565686 0.281896 0.007705 0.005565
0 0.539575 0.276331 0.006849 0.005565
0 0.545567 0.305012 0.006849 0.006421
0 0.501263 0.298377 0.008133 0.005993
0 0.480074 0.298377 0.005993 0.005137
0 0.479217 0.285749 0.007705 0.005565
0 0.496554 0.257170 0.007277 0.007277
0 0.495056 0.234798 0.010274 0.008561
0 0.617268 0.208472 0.008989 0.008989
0 0.602928 0.216178 0.006849 0.006421
0 0.601644 0.227093 0.005993 0.006849
0 0.595437 0.227521 0.008133 0.006849
0 0.641026 0.150678 0.008561 0.005137
0 0.632036 0.107974 0.023972 0.023115
0 0.640384 0.087641 0.008133 0.005565
0 0.543641 0.130875 0.008133 0.007277
0 0.533796 0.115893 0.004709 0.006421
0 0.480142 0.128504 0.006151 0.005711
0 0.481021 0.113127 0.007029 0.006590
0 0.454222 0.108954 0.005272 0.006151
0 0.438186 0.109173 0.005711 0.005711
0 0.445655 0.114225 0.003954 0.008787
0 0.550435 0.096652 0.007029 0.007029
0 0.617213 0.146077 0.007908 0.007469
0 0.623583 0.133995 0.010105 0.007029
0 0.534399 0.158817 0.009226 0.006590
0 0.543845 0.159476 0.007908 0.011423
0 0.554609 0.161893 0.009226 0.009226
0 0.450767 0.169513 0.007277 0.005993
0 0.498496 0.172082 0.008561 0.006849
0 0.507058 0.185994 0.005137 0.005565
0 0.427224 0.203544 0.006421 0.005565
0 0.413954 0.168229 0.007277 0.005993
0 0.414168 0.155173 0.005993 0.006421
0 0.392551 0.163520 0.006421 0.003425
0 0.393835 0.168871 0.008133 0.002996
0 0.394049 0.173794 0.005137 0.005993
0 0.444560 0.139977 0.005993 0.005137
0 0.466178 0.137194 0.005565 0.004709
0 0.477521 0.138907 0.007705 0.004709
0 0.484370 0.093960 0.008561 0.006421
0 0.500637 0.073841 0.005993 0.004709
0 0.460827 0.087325 0.005137 0.004281
0 0.473669 0.088181 0.003425 0.006849
0 0.474097 0.101237 0.005137 0.005565
0 0.469602 0.107444 0.004709 0.005993
0 0.463609 0.102949 0.005565 0.006421
0 0.581113 0.109477 0.006849 0.008561
0 0.563348 0.139014 0.004709 0.005993
0 0.556927 0.137944 0.008989 0.005565
0 0.606797 0.179894 0.009417 0.008133
0 0.618782 0.271398 0.007705 0.007277
0 0.450339 0.285535 0.005565 0.005137
0 0.463823 0.267128 0.005993 0.005137
0 0.435357 0.277615 0.004709 0.006421
0 0.454406 0.275475 0.005993 0.004709
0 0.469602 0.297092 0.005565 0.007705
0 0.463181 0.355523 0.007277 0.003853
0 0.418020 0.356165 0.005137 0.007705
0 0.478163 0.401759 0.005565 0.007705
0 0.511552 0.386135 0.007277 0.005565
0 0.537878 0.391700 0.005137 0.008133
0 0.534026 0.419738 0.009417 0.007705
0 0.507486 0.433650 0.006849 0.006421
0 0.505345 0.415243 0.005137 0.007277
0 0.479662 0.433222 0.004281 0.004709
0 0.465964 0.434292 0.006849 0.005137
0 0.441564 0.422306 0.005993 0.005137
0 0.438139 0.410107 0.005993 0.007277
0 0.431290 0.413531 0.005137 0.004709
0 0.453978 0.489523 0.007705 0.005565
0 0.452908 0.473043 0.003853 0.005137
0 0.544085 0.359809 0.006421 0.004281
0 0.555857 0.364518 0.006849 0.005993
0 0.589032 0.386563 0.008133 0.004709
0 0.620709 0.354672 0.008133 0.006849
0 0.371575 0.704866 0.006421 0.006849
0 0.361088 0.720062 0.007705 0.006421
0 0.439638 0.724985 0.008989 0.005993
0 0.435143 0.709789 0.005993 0.006421
0 0.442848 0.572584 0.008561 0.007277
0 0.461897 0.601906 0.007277 0.008561
0 0.424869 0.562952 0.005993 0.006849
0 0.383989 0.581359 0.008133 0.005993
0 0.396189 0.586710 0.003425 0.006421
0 0.284036 0.548398 0.004281 0.004281
0 0.285749 0.555675 0.007705 0.004281
0 0.572198 0.565435 0.009417 0.008561
0 0.663376 0.590477 0.005137 0.006421
0 0.708451 0.592360 0.007705 0.004281
0 0.688118 0.634524 0.008989 0.009845
0 0.671424 0.644798 0.006421 0.004709
0 0.677202 0.648222 0.008561 0.008133
0 0.932757 0.757507 0.007705 0.009417
0 0.967858 0.744451 0.006849 0.007277
0 0.995468 0.722192 0.006421 0.007277
0 0.930188 0.727971 0.006849 0.005137
0 0.920129 0.723476 0.006421 0.006421
0 0.919701 0.812941 0.006421 0.007277
0 0.932328 0.811443 0.005137 0.008561
0 0.953732 0.809945 0.005993 0.006421
0 0.958440 0.814868 0.006849 0.005993
0 0.947525 0.652086 0.006421 0.006849
0 0.928048 0.656580 0.006849 0.005565
0 0.905574 0.654654 0.006421 0.005137
0 0.897013 0.651230 0.007277 0.004281
0 0.913708 0.568389 0.008989 0.006849
0 0.933399 0.540992 0.005565 0.008561
0 0.805622 0.481486 0.005137 0.005565
0 0.804765 0.487265 0.003425 0.005137
0 0.769878 0.532426 0.004709 0.003853
0 0.768808 0.539489 0.006849 0.005993
0 0.768166 0.546980 0.006421 0.004709
0 0.795990 0.522152 0.004709 0.005565
0 0.801341 0.531784 0.006849 0.005137
0 0.850140 0.484911 0.008561 0.006421
0 0.780366 0.394691 0.005993 0.005565
0 0.704256 0.392123 0.005565 0.008133
0 0.597882 0.333050 0.005137 0.007277
0 0.357481 0.519472 0.006849 0.005137
0 0.325591 0.146184 0.005565 0.006421
0 0.334152 0.144043 0.005565 0.006421
0 0.344426 0.144472 0.004709 0.005565
0 0.279574 0.172296 0.006849 0.008989
0 0.312321 0.181071 0.007277 0.005137
0 0.302903 0.195625 0.006421 0.004281
0 0.304830 0.202902 0.004281 0.005993
0 0.305900 0.213176 0.008133 0.005137
0 0.359194 0.207825 0.005993 0.004709
0 0.274865 0.102735 0.006849 0.006849
0 0.288563 0.093746 0.006849 0.005137
0 0.283426 0.086897 0.005993 0.005993
0 0.289205 0.080262 0.006421 0.005565
0 0.274865 0.069988 0.008561 0.004709
0 0.285995 0.065494 0.006849 0.007705
0 0.295198 0.058645 0.007277 0.004281
0 0.307612 0.049441 0.006421 0.005565
0 0.333510 0.054792 0.005137 0.004281
0 0.342713 0.058645 0.008133 0.005993
0 0.332440 0.064638 0.005565 0.005993
0 0.323236 0.060143 0.005993 0.004709
0 0.326875 0.077694 0.006421 0.006421
0 0.315531 0.083901 0.005137 0.005137
0 0.344854 0.082830 0.004709 0.006421
0 0.243831 0.087967 0.008989 0.007277
0 0.255816 0.089037 0.006421 0.005993
0 0.266732 0.084971 0.006849 0.007277
0 0.255174 0.101879 0.004281 0.005137
0 0.260739 0.066778 0.005993 0.005137
0 0.251750 0.060571 0.005993 0.003853
0 0.262451 0.056504 0.007705 0.005137
0 0.257529 0.031035 0.006421 0.007277
0 0.239336 0.023329 0.006849 0.004709
0 0.247897 0.011558 0.006849 0.004281
0 0.265662 0.011130 0.008133 0.007705
0 0.287065 0.015838 0.007277 0.004281
0 0.276149 0.025470 0.008561 0.005565
0 0.271227 0.040024 0.006421 0.007277
0 0.270156 0.041522 0.011986 0.007705
0 0.269942 0.048585 0.006421 0.003853
0 0.359622 0.050298 0.006849 0.006421
0 0.332868 0.045803 0.005565 0.004281
0 0.338005 0.050726 0.008989 0.006421
0 0.346352 0.113437 0.004281 0.005993
0 0.357267 0.119216 0.006421 0.003853
0 0.374176 0.123068 0.004281 0.004709
0 0.366471 0.122426 0.003425 0.006849
0 0.357481 0.130131 0.010274 0.006849
0 0.260739 0.197551 0.005993 0.004709
0 0.388944 0.047515 0.005565 0.005137
0 0.379741 0.041950 0.006849 0.005137
0 0.379099 0.046017 0.002996 0.008133
0 0.363046 0.034673 0.005137 0.005137
0 0.382523 0.066350 0.003853 0.005137
0 0.370323 0.083258 0.005137 0.003853
0 0.482690 0.193485 0.005565 0.005137
0 0.508374 0.202046 0.005565 0.006849
0 0.301619 0.251391 0.005565 0.006849
0 0.283855 0.249893 0.005137 0.005565
0 0.244901 0.102307 0.004281 0.004281
0 0.233343 0.108300 0.005137 0.005993
0 0.242118 0.131844 0.005565 0.005137
0 0.278290 0.119430 0.005993 0.005137
0 0.265234 0.139977 0.006421 0.004281
0 0.309110 0.021831 0.006849 0.005137
0 0.299265 0.026968 0.005993 0.005993
0 0.292202 0.025042 0.007277 0.006421
0 0.292202 0.032319 0.003853 0.004709
0 0.298837 0.037242 0.004281 0.004281
0 0.332440 0.021189 0.003853 0.004709
0 0.294240 0.005993 0.010274 0.009417
0 0.338545 0.012414 0.004709 0.004281
0 0.378783 0.024828 0.004709 0.005993
0 0.390555 0.026968 0.007705 0.005137
0 0.390983 0.015838 0.005137 0.005137
0 0.378141 0.004923 0.010274 0.005565
0 0.364443 0.022901 0.006849 0.007277
0 0.368938 0.026540 0.005565 0.006849
0 0.355025 0.027182 0.004281 0.005565
0 0.343468 0.021403 0.006849 0.005137
0 0.348176 0.016480 0.008561 0.006421
0 0.351387 0.008561 0.012414 0.007705
0 0.339187 0.007491 0.004281 0.003853
0 0.318640 0.012628 0.004281 0.002996
0 0.316714 0.007491 0.005565 0.002996
0 0.284181 0.008989 0.006421 0.005137
0 0.282469 0.002996 0.012414 0.005992
0 0.271125 0.001284 0.007705 0.002568
0 0.313503 0.037670 0.005993 0.005137
0 0.245869 0.041094 0.005137 0.005137
0 0.253360 0.043234 0.006421 0.004281
0 0.239448 0.054150 0.006849 0.004709
0 0.229175 0.033603 0.006849 0.006421
0 0.340685 0.117289 0.006421 0.008561
0 0.384990 0.096956 0.006849 0.006421
0 0.350959 0.083044 0.005565 0.006849
0 0.450056 0.061641 0.004281 0.005137
0 0.402112 0.020333 0.008561 0.004709
0 0.446631 0.008561 0.006849 0.002568
0 0.474669 0.022259 0.005565 0.004281
0 0.459901 0.027182 0.005137 0.005565
0 0.373646 0.250738 0.005565 0.003425
0 0.369580 0.255875 0.005137 0.005137
0 0.359306 0.241749 0.005993 0.004281
0 0.419877 0.243889 0.004709 0.006849
0 0.401470 0.141689 0.003853 0.009417
0 0.381779 0.148538 0.006421 0.005993
0 0.380067 0.156029 0.005565 0.005565
0 0.255715 0.075767 0.005137 0.005137
0 0.207557 0.072557 0.002140 0.007277
0 0.513409 0.051154 0.005993 0.002996
0 0.527963 0.047943 0.005137 0.005137
0 0.541233 0.049655 0.006849 0.005137
0 0.557500 0.039596 0.006849 0.004709
0 0.559640 0.061855 0.006849 0.005565
0 0.599878 0.066778 0.005137 0.001712
0 0.598166 0.033175 0.005993 0.008133
0 0.581043 0.015624 0.009417 0.004709
0 0.563707 0.013056 0.007277 0.007277
0 0.627274 0.006207 0.009417 0.006421
0 0.639474 0.036599 0.005565 0.013270
0 0.619141 0.080476 0.008561 0.003425
0 0.541019 0.241861 0.006421 0.003853
0 0.538879 0.226665 0.006421 0.006849
0 0.570770 0.244430 0.006849 0.007277
0 0.570342 0.237367 0.005137 0.004281
0 0.546584 0.233514 0.006421 0.006849
0 0.462255 0.200981 0.005565 0.003425
0 0.454978 0.207402 0.008989 0.007705
0 0.484301 0.154750 0.005993 0.007705
0 0.394835 0.187069 0.008561 0.005565
0 0.374716 0.194774 0.007705 0.005565
0 0.382636 0.206974 0.007277 0.006849
0 0.370864 0.166736 0.005993 0.003425
0 0.376643 0.171017 0.005565 0.008561
0 0.374502 0.138270 0.003853 0.004709
0 0.353099 0.148544 0.005565 0.002140
0 0.368295 0.148972 0.008561 0.004709
0 0.428438 0.117509 0.004709 0.003425
0 0.424158 0.125428 0.007277 0.003853
0 0.439782 0.078555 0.003425 0.005137
0 0.453694 0.079839 0.004709 0.004281
0 0.296809 0.150470 0.005993 0.003425
0 0.318854 0.340541 0.004709 0.005565
0 0.260423 0.383347 0.006849 0.008989
0 0.297451 0.324274 0.007277 0.010702
0 0.173740 0.168448 0.005565 0.003425
0 0.160256 0.178508 0.007705 0.003853
0 0.090910 0.055862 0.006849 0.006421
0 0.082991 0.102093 0.008989 0.006421
0 0.112741 0.075981 0.007705 0.010702
0 0.270483 0.144043 0.009845 0.008133
0 0.276048 0.148110 0.007277 0.006849
0 0.517476 0.029108 0.007277 0.004281
0 0.508914 0.022259 0.005565 0.005137
0 0.495644 0.029964 0.005565 0.003425
0 0.487083 0.031463 0.008133 0.007277
0 0.541816 0.074483 0.005137 0.006849
0 0.474396 0.039596 0.007277 0.004709
0 0.487024 0.037670 0.005137 0.003425
0 0.522126 0.013270 0.005993 0.004281
0 0.527690 0.007491 0.007705 0.002996
0 0.518701 0.005779 0.005137 0.002140
0 0.504361 0.002568 0.005565 0.005136
0 0.463481 0.069346 0.007705 0.011986
0 0.454063 0.066778 0.002568 0.005993
0 0.482958 0.052866 0.005565 0.002140
0 0.488951 0.053936 0.007277 0.006849
0 0.491519 0.062283 0.006421 0.005565
0 0.447642 0.046659 0.010274 0.004281
0 0.510782 0.083044 0.005565 0.006849
0 0.841269 0.871853 0.011352 0.012020
0 0.829583 0.900902 0.009349 0.012688
0 0.832254 0.937296 0.009349 0.010684
0 0.850618 0.976027 0.011352 0.010684
0 0.899366 0.923272 0.010017 0.006678
0 0.921736 0.895225 0.010684 0.009349
0 0.944441 0.922938 0.012020 0.010017
0 0.947816 0.993753 0.008078 0.007001
0 0.989014 0.924013 0.008617 0.007539
0 0.921428 0.958479 0.005924 0.005385
0 0.826108 0.977328 0.005924 0.005385
0 0.740751 0.937207 0.006462 0.010232
0 0.773063 0.891971 0.005385 0.007001
0 0.876461 0.939092 0.007539 0.011848
0 0.800258 0.990791 0.010232 0.007539
0 0.940008 0.955787 0.010771 0.010771
0 0.944585 0.006193 0.010232 0.008078
0 0.883731 0.110668 0.007001 0.003770
0 0.806182 0.035812 0.009155 0.009155
0 0.733211 0.124939 0.010771 0.009694
0 0.766062 0.088589 0.008617 0.014540
0 0.668049 0.196295 0.005385 0.008078
0 0.643815 0.234261 0.008617 0.009694
0 0.641661 0.265496 0.004308 0.007539
0 0.712747 0.286768 0.007539 0.008078
0 0.847649 0.103398 0.007001 0.011848
0 0.804297 0.864236 0.010771 0.010771
0 0.799451 0.784533 0.004308 0.010771
0 0.748021 0.672223 0.008078 0.008078
0 0.083912 0.909111 0.006768 0.008122
0 0.198743 0.897154 0.009926 0.008573
0 0.103991 0.836693 0.005414 0.004963
0 0.078047 0.826541 0.006768 0.005414
0 0.062255 0.796762 0.005866 0.006317
0 0.145050 0.809621 0.007219 0.005866
0 0.119783 0.794731 0.007219 0.007670
0 0.110985 0.794280 0.004061 0.005866
0 0.071956 0.812328 0.005414 0.004963
0 0.092936 0.809621 0.004963 0.004061
0 0.112564 0.868052 0.005414 0.004512
0 0.108503 0.888356 0.006317 0.004512
0 0.099479 0.875496 0.004512 0.004963
0 0.070376 0.926482 0.006768 0.004061
0 0.242736 0.988297 0.005866 0.005866
0 0.326208 0.747806 0.005866 0.007670
0 0.229425 0.598007 0.005414 0.008573
0 0.200774 0.625981 0.008573 0.005866
0 0.146630 0.558752 0.009475 0.006768
0 0.096772 0.657791 0.008122 0.007219
0 0.084364 0.668620 0.005866 0.010829