0 0.165975 0.014696 0.028527 0.029391
0 0.082123 0.066563 0.018154 0.019018
0 0.170730 0.079530 0.019018 0.012102
0 0.372580 0.114108 0.016425 0.017289
0 0.513053 0.124914 0.017289 0.018154
0 0.389004 0.214817 0.028527 0.026798
0 0.371283 0.296940 0.031120 0.014696
0 0.408454 0.357452 0.039765 0.025069
0 0.522994 0.344485 0.026798 0.023340
0 0.845003 0.033714 0.039765 0.029391
0 0.735650 0.005187 0.019882 0.010373
0 0.730463 0.200121 0.023340 0.019882
0 0.504841 0.299101 0.021611 0.017289
0 0.602956 0.331086 0.027663 0.017289
0 0.618517 0.286999 0.008645 0.006916
0 0.378631 0.318119 0.009509 0.006916
0 0.499222 0.387707 0.017289 0.012967
0 0.232970 0.315526 0.012102 0.013831
0 0.323306 0.415802 0.045816 0.034578
0 0.670384 0.365232 0.025934 0.019882
0 0.725277 0.325035 0.035443 0.024205
0 0.775415 0.303423 0.049274 0.027663
0 0.958679 0.153008 0.026798 0.012102
0 0.423582 0.078665 0.012967 0.005187
0 0.287863 0.020315 0.009509 0.011238
0 0.557140 0.137448 0.010373 0.013831
0 0.878717 0.409319 0.053596 0.031985
0 0.934042 0.399378 0.020747 0.027663
0 0.390301 0.491010 0.010373 0.008645
0 0.303423 0.539419 0.019882 0.029391
0 0.127939 0.562759 0.028527 0.024205
0 0.064402 0.613330 0.024205 0.031985
0 0.098115 0.698046 0.010373 0.007780
0 0.060944 0.774983 0.022476 0.025069
0 0.014480 0.771093 0.028959 0.069156
0 0.012535 0.911134 0.010373 0.005187
0 0.154737 0.843707 0.019882 0.006916
0 0.414938 0.758558 0.007780 0.018154
0 0.449516 0.611169 0.011238 0.017289
0 0.490145 0.765041 0.014696 0.012102
0 0.712310 0.553683 0.033714 0.028527
0 0.745591 0.566649 0.006916 0.019882
0 0.799620 0.598202 0.028527 0.041494
0 0.829011 0.593015 0.012967 0.012102
0 0.872234 0.506138 0.007780 0.009509
0 0.944848 0.551954 0.018154 0.016425
0 0.959544 0.570539 0.018154 0.020747
0 0.963866 0.552818 0.025069 0.018154
0 0.912431 0.597770 0.036307 0.038900
0 0.879149 0.647044 0.016425 0.016425
0 0.958247 0.633645 0.024205 0.032849
0 0.993387 0.672113 0.013226 0.068292
0 0.906812 0.727870 0.038900 0.041494
0 0.817773 0.685512 0.019882 0.019018
0 0.678164 0.618084 0.046680 0.034578
0 0.673842 0.717064 0.019018 0.018154
0 0.729599 0.784492 0.040629 0.042358
0 0.749914 0.825121 0.019018 0.018154
0 0.776712 0.812586 0.027663 0.027663
0 0.841978 0.851487 0.016425 0.015560
0 0.859699 0.840249 0.010373 0.017289
0 0.940093 0.894710 0.029391 0.027663
0 0.829876 0.885633 0.030256 0.031985
0 0.701072 0.925398 0.026798 0.016425
0 0.735218 0.947873 0.038036 0.028527
0 0.737379 0.968620 0.025069 0.028527
0 0.749914 0.990145 0.043223 0.019710
0 0.290889 0.932746 0.005187 0.008645
0 0.209198 0.937068 0.009509 0.006916
0 0.184561 0.963001 0.008645 0.008645
0 0.273600 0.391598 0.008645 0.012102
0 0.162517 0.316390 0.011238 0.010373
0 0.997277 0.312068 0.005446 0.010373