0 0.227379 0.429048 0.041736 0.076795
0 0.556260 0.201169 0.055092 0.081803
0 0.537062 0.736227 0.046745 0.040067
0 0.528714 0.614357 0.036728 0.020033
0 0.878464 0.469115 0.035058 0.036728
0 0.702337 0.111018 0.040067 0.028381
0 0.870952 0.040067 0.046745 0.053422
0 0.988063 0.062604 0.023873 0.038397
0 0.158932 0.132721 0.028381 0.038397
0 0.230718 0.179466 0.031720 0.045075
0 0.047078 0.382304 0.065109 0.090150
0 0.024541 0.631886 0.033389 0.041736
0 0.097997 0.643573 0.033389 0.031720
0 0.123038 0.687813 0.040067 0.023372
0 0.212354 0.647746 0.038397 0.033389
0 0.109683 0.871452 0.036728 0.026711
0 0.102170 0.913189 0.031720 0.036728
0 0.345075 0.782972 0.043406 0.050083
0 0.561269 0.900668 0.045075 0.035058
0 0.858431 0.958264 0.025042 0.030050
0 0.930217 0.469115 0.028381 0.036728
0 0.911853 0.506678 0.015025 0.031720
0 0.957763 0.496661 0.013356 0.041736
0 0.703172 0.207846 0.021703 0.035058
0 0.950250 0.239566 0.041736 0.038397
0 0.432721 0.345576 0.038397 0.020033
0 0.482805 0.314691 0.028381 0.025042
0 0.401836 0.347245 0.023372 0.020033
0 0.333389 0.415693 0.026711 0.026711
0 0.259098 0.457429 0.025042 0.023372
0 0.263272 0.405676 0.026711 0.030050
0 0.192321 0.154424 0.021703 0.025042
0 0.501169 0.129382 0.035058 0.025042
0 0.587145 0.048414 0.026711 0.033389
0 0.509516 0.185309 0.025042 0.016694
0 0.491987 0.247078 0.020033 0.023372