0 0.476589 0.069526 0.026371 0.014603
0 0.312881 0.030759 0.006238 0.018919
0 0.289820 0.070193 0.012900 0.014418
0 0.400231 0.124070 0.012141 0.015936
0 0.320025 0.156230 0.010163 0.010807
0 0.274264 0.129382 0.015177 0.009865
0 0.712445 0.062460 0.017846 0.021300
0 0.784964 0.177948 0.022765 0.025042
0 0.753851 0.154045 0.019730 0.013659
0 0.734522 0.170399 0.011341 0.016119
0 0.679864 0.169221 0.017453 0.010624
0 0.675476 0.180238 0.009535 0.011409
0 0.643060 0.117241 0.018212 0.017453
0 0.619536 0.086128 0.009106 0.012900
0 0.655961 0.033768 0.013659 0.014418
0 0.604360 0.086128 0.012141 0.011383
0 0.585894 0.118281 0.011131 0.012338
0 0.552112 0.166801 0.014952 0.010362
0 0.564201 0.168430 0.009226 0.010558
0 0.461164 0.194145 0.012665 0.009786
0 0.391795 0.182553 0.007484 0.012796
0 0.518731 0.873683 0.013816 0.019573
0 0.394444 0.864333 0.011293 0.009329
0 0.401073 0.842728 0.010802 0.009329
0 0.395181 0.804674 0.012766 0.011784
0 0.489455 0.745262 0.017677 0.012766
0 0.559180 0.765393 0.014730 0.011784
0 0.523581 0.773986 0.010311 0.009329
0 0.514006 0.773495 0.008838 0.007365
0 0.495839 0.773250 0.009820 0.006874
0 0.486755 0.787489 0.008347 0.009820
0 0.675304 0.806393 0.012275 0.019150
0 0.644125 0.836590 0.012766 0.010802
0 0.635778 0.812040 0.010802 0.012766
0 0.581275 0.836345 0.011784 0.012275
0 0.582503 0.817441 0.010311 0.013748
0 0.593305 0.803692 0.015221 0.009820
0 0.806737 0.834381 0.019150 0.017186
0 0.771629 0.764657 0.010802 0.009329
0 0.861239 0.988314 0.014239 0.012766
0 0.793970 0.993666 0.016203 0.012668
0 0.844299 0.815649 0.016694 0.009820
0 0.841353 0.779314 0.009820 0.011784
0 0.867377 0.695841 0.009820 0.009820
0 0.904940 0.673991 0.008347 0.005401
0 0.923353 0.660243 0.022587 0.013257
0 0.977855 0.649195 0.008838 0.010802
0 0.933664 0.690931 0.008838 0.008838
0 0.947167 0.770475 0.015221 0.017677
0 0.863694 0.848184 0.016203 0.008347
0 0.901748 0.629861 0.011784 0.009329
0 0.963125 0.513362 0.010802 0.014730
0 0.865167 0.436144 0.009329 0.013257
0 0.851174 0.432215 0.007856 0.009329
0 0.838162 0.464622 0.009329 0.013257
0 0.784641 0.464131 0.012275 0.013257
0 0.716145 0.443816 0.019641 0.015712
0 0.805755 0.302766 0.017186 0.012275
0 0.864185 0.310867 0.015221 0.012766
0 0.901257 0.218919 0.014730 0.013257
0 0.929490 0.141400 0.026024 0.020132
0 0.770893 0.071934 0.011293 0.012275
0 0.790533 0.038790 0.015221 0.015712
0 0.518511 0.118825 0.009329 0.007856
0 0.530787 0.137239 0.009329 0.009329
0 0.641265 0.136257 0.014239 0.011293
0 0.625798 0.148286 0.008838 0.011784
0 0.608367 0.149268 0.010311 0.013748
0 0.617451 0.176765 0.010802 0.011784
0 0.574978 0.214082 0.012275 0.013748
0 0.575714 0.193951 0.009820 0.008838
0 0.558186 0.223979 0.014435 0.014883
0 0.498625 0.221202 0.013748 0.012275
0 0.488559 0.212609 0.006383 0.004910
0 0.488559 0.229795 0.013257 0.013748
0 0.420308 0.252381 0.009329 0.012766
0 0.403859 0.202298 0.008838 0.010802
0 0.406314 0.191250 0.009820 0.012275
0 0.264902 0.252136 0.008838 0.011293
0 0.380498 0.089432 0.011370 0.009956
0 0.211627 0.162526 0.014239 0.013748
0 0.269321 0.306215 0.009820 0.012766
0 0.289944 0.305478 0.015712 0.012275
0 0.166208 0.297868 0.015712 0.013748
0 0.154670 0.330766 0.008347 0.011784
0 0.195669 0.330520 0.009820 0.011293
0 0.229058 0.357956 0.012766 0.016203
0 0.198124 0.378087 0.011784 0.012275
0 0.195915 0.400183 0.011293 0.009329
0 0.222184 0.418105 0.009820 0.011784
0 0.225130 0.441919 0.007856 0.009329
0 0.380782 0.363173 0.010802 0.013748
0 0.374399 0.347706 0.011784 0.009329
0 0.364087 0.317017 0.014730 0.015712
0 0.568836 0.452345 0.011130 0.011593
0 0.553764 0.461156 0.012521 0.014376
0 0.539389 0.446085 0.007884 0.011130
0 0.532664 0.454200 0.007420 0.007884
0 0.610572 0.465330 0.009275 0.008811
0 0.608717 0.479010 0.016694 0.012057
0 0.590863 0.510776 0.012521 0.014376
0 0.406296 0.488053 0.014376 0.010666
0 0.391921 0.479706 0.007884 0.011593
0 0.355981 0.501269 0.012985 0.018549
0 0.364792 0.507994 0.007420 0.012521
0 0.420672 0.536050 0.014376 0.012057
0 0.426469 0.523993 0.011130 0.015767
0 0.444786 0.502310 0.010666 0.009050
0 0.447569 0.513095 0.009738 0.007884
0 0.422759 0.454432 0.015767 0.015767
0 0.456148 0.364867 0.010202 0.009738
0 0.419281 0.345854 0.011593 0.010666
0 0.412789 0.351883 0.012521 0.008811
0 0.413252 0.323415 0.010666 0.011130
0 0.400036 0.316691 0.008347 0.009738
0 0.447337 0.304170 0.012985 0.009738
0 0.446873 0.324343 0.008347 0.010202
0 0.442468 0.331762 0.012521 0.009275
0 0.473306 0.342196 0.016694 0.025505
0 0.456844 0.344747 0.008811 0.012985
0 0.617296 0.301504 0.010666 0.011593
0 0.647671 0.259304 0.005565 0.009738
0 0.656946 0.270897 0.009275 0.006956
0 0.654859 0.263014 0.006029 0.008811
0 0.596428 0.258376 0.007884 0.008811
0 0.584371 0.273911 0.008811 0.006492
0 0.567445 0.271593 0.012985 0.021332
0 0.546808 0.257449 0.010666 0.009738
0 0.549591 0.266723 0.009738 0.008811
0 0.536838 0.271825 0.007420 0.010666
0 0.521535 0.273680 0.009275 0.010666
0 0.492668 0.270201 0.011828 0.011130
0 0.483972 0.279476 0.010202 0.009275
0 0.464727 0.283186 0.007884 0.007420
0 0.472147 0.296866 0.014376 0.013448
0 0.490928 0.291070 0.008347 0.007420
0 0.497420 0.301504 0.007420 0.004174
0 0.499044 0.310315 0.006029 0.006956
0 0.516202 0.315879 0.012521 0.007884
0 0.529882 0.305909 0.009275 0.009275
0 0.509941 0.286127 0.019477 0.025653
0 0.505768 0.280172 0.007420 0.006956
0 0.509014 0.286200 0.008347 0.010666
0 0.665548 0.330321 0.014982 0.011558
0 0.591661 0.348713 0.010362 0.009786
0 0.571513 0.330580 0.018422 0.010362
0 0.653546 0.355909 0.009786 0.005757
0 0.686647 0.372892 0.019573 0.013240
0 0.666211 0.376921 0.010938 0.015543
0 0.627641 0.384693 0.015543 0.020724
0 0.529489 0.699168 0.014967 0.011513
0 0.554243 0.682762 0.013816 0.020149
0 0.633398 0.707228 0.007484 0.009211
0 0.465014 0.724965 0.017270 0.014392
0 0.444865 0.728995 0.002303 0.017846
0 0.533519 0.536066 0.023027 0.019573
0 0.541290 0.522538 0.012089 0.013240
0 0.600584 0.554775 0.009786 0.020149
0 0.625338 0.601117 0.012089 0.013816
0 0.650380 0.599102 0.019573 0.020149
0 0.643472 0.619826 0.010362 0.017846
0 0.619006 0.610903 0.013240 0.014967
0 0.585617 0.603707 0.010938 0.010938
0 0.582451 0.587013 0.013816 0.018997
0 0.555394 0.606874 0.014967 0.011513
0 0.520278 0.647293 0.018422 0.014392
0 0.567771 0.652762 0.013240 0.017270
0 0.184362 0.670674 0.008561 0.009417
0 0.158678 0.734242 0.011130 0.012414
0 0.232947 0.616840 0.014126 0.010274
0 0.111163 0.648517 0.009417 0.011130
0 0.180937 0.513998 0.009417 0.008133
0 0.152257 0.528766 0.010274 0.007705
0 0.188642 0.534759 0.007705 0.006849
0 0.180723 0.557660 0.005565 0.007277
0 0.188642 0.545460 0.006849 0.007705
0 0.223958 0.472791 0.012414 0.011986
0 0.199558 0.478998 0.011558 0.010702
0 0.188856 0.490342 0.008133 0.009417
0 0.211972 0.428321 0.007277 0.008561
0 0.211972 0.437524 0.006421 0.006421
0 0.207263 0.451222 0.005565 0.005565
0 0.257989 0.420455 0.005137 0.006421
0 0.273399 0.387066 0.010274 0.008989
0 0.250712 0.384070 0.008561 0.008989
0 0.066644 0.358814 0.010274 0.009845
0 0.525357 0.378633 0.012842 0.021403
0 0.547617 0.380988 0.010274 0.013270
0 0.563027 0.355946 0.012842 0.023115
0 0.570518 0.367290 0.014126 0.010702
0 0.575869 0.376279 0.013698 0.008133
0 0.573729 0.388265 0.012842 0.013270
0 0.566666 0.385054 0.010702 0.010274
0 0.568592 0.400678 0.014554 0.008133
0 0.545048 0.401321 0.011986 0.005993
0 0.526642 0.397040 0.005993 0.005993
0 0.514228 0.382914 0.012842 0.009417
0 0.508877 0.392331 0.011558 0.007705
0 0.502670 0.395328 0.009417 0.012842
0 0.496677 0.397896 0.010274 0.005993
0 0.496891 0.404317 0.015838 0.011130
0 0.502670 0.434608 0.015410 0.009417
0 0.478913 0.430541 0.010702 0.007277
0 0.451944 0.397580 0.009845 0.008989
0 0.447236 0.414703 0.005565 0.007277
0 0.438032 0.429257 0.007705 0.007277
0 0.441029 0.436534 0.005993 0.005565
0 0.466499 0.437818 0.011558 0.007277
0 0.474204 0.445095 0.008133 0.008133
0 0.485333 0.446104 0.012414 0.011863
0 0.482765 0.454513 0.007277 0.009845
0 0.512302 0.454513 0.007277 0.009845
0 0.524929 0.467997 0.004281 0.006849
0 0.574157 0.486404 0.008561 0.005137
0 0.574371 0.541522 0.007277 0.014554
0 0.565381 0.517123 0.015838 0.008561
0 0.557248 0.567634 0.013270 0.019691
0 0.544406 0.580904 0.009845 0.010274
0 0.526642 0.565708 0.006849 0.008133
0 0.505881 0.561641 0.006421 0.011986
0 0.515298 0.558217 0.007277 0.006849
0 0.506095 0.581974 0.008561 0.008989
0 0.498817 0.573600 0.006849 0.003478
0 0.525357 0.590750 0.013698 0.008561
0 0.519151 0.572985 0.010702 0.017551
0 0.535631 0.612313 0.009417 0.010702
0 0.507807 0.600542 0.006849 0.009417
0 0.478913 0.600113 0.008133 0.006849
0 0.488544 0.603110 0.011986 0.010274
0 0.489186 0.564370 0.007277 0.008133
0 0.475702 0.563086 0.009417 0.011558
0 0.453015 0.555381 0.011130 0.007277
0 0.445738 0.538258 0.007705 0.006421
0 0.471849 0.677705 0.007705 0.008133
0 0.491326 0.713449 0.007277 0.006849
0 0.454513 0.698038 0.010702 0.010274
0 0.503740 0.689477 0.008133 0.009417
0 0.600697 0.752831 0.005137 0.009417
0 0.615679 0.774988 0.009417 0.011130
0 0.607546 0.771136 0.006849 0.005993
0 0.632801 0.770494 0.009417 0.005565
0 0.631303 0.759792 0.019263 0.014982
0 0.646928 0.767925 0.005993 0.009845
0 0.452587 0.764212 0.008561 0.006849
0 0.450660 0.771917 0.005565 0.010274
0 0.419840 0.756935 0.008133 0.005993
0 0.393300 0.749658 0.009845 0.006849
0 0.429471 0.732321 0.006849 0.011558
0 0.419198 0.708777 0.010274 0.013270
0 0.401647 0.705353 0.003425 0.004709
0 0.383240 0.689301 0.011130 0.007705
0 0.441671 0.679509 0.013270 0.017123
0 0.426261 0.669877 0.009845 0.007277
0 0.411921 0.676512 0.009417 0.011130
0 0.389019 0.669877 0.008989 0.017551
0 0.390945 0.640175 0.005137 0.010274
0 0.401647 0.637607 0.005993 0.008561
0 0.416201 0.622196 0.011986 0.018835
0 0.423906 0.594372 0.009417 0.008561
0 0.433324 0.597583 0.008561 0.009845
0 0.432254 0.608498 0.009845 0.009417
0 0.445738 0.608498 0.012842 0.011130
0 0.443811 0.592018 0.008989 0.007277
0 0.455797 0.596512 0.006421 0.011986
0 0.469709 0.583884 0.008561 0.010702
0 0.620816 0.527862 0.009417 0.008133
0 0.634942 0.514378 0.012842 0.013698
0 0.619103 0.505602 0.016266 0.012414
0 0.645001 0.477398 0.010702 0.014126
0 0.674966 0.466750 0.012414 0.012414
0 0.632801 0.442993 0.015410 0.007705
0 0.635370 0.432933 0.014554 0.011558
0 0.658485 0.436786 0.008561 0.009845
0 0.667047 0.441708 0.013698 0.013698
0 0.672825 0.401310 0.010702 0.008989
0 0.645429 0.408801 0.009845 0.007705
0 0.643717 0.417362 0.009845 0.006849
0 0.642861 0.423783 0.010702 0.008561
0 0.631517 0.407089 0.008561 0.009417
0 0.609258 0.401524 0.011986 0.009417
0 0.616535 0.413510 0.005993 0.007705
0 0.599841 0.420145 0.032533 0.028680
0 0.570732 0.421857 0.008561 0.009845
0 0.565381 0.428278 0.008133 0.010702
0 0.551041 0.430846 0.005993 0.009845
0 0.544192 0.421643 0.006849 0.009417
0 0.533491 0.423355 0.009417 0.011130
0 0.523431 0.429134 0.008133 0.008133
0 0.520649 0.439194 0.010274 0.008561
0 0.500744 0.463593 0.005565 0.003425
0 0.511231 0.334896 0.008561 0.006849
0 0.525357 0.333184 0.008561 0.010274
0 0.537557 0.323980 0.006421 0.008133
0 0.575013 0.314135 0.010274 0.010702
0 0.578437 0.298938 0.006849 0.005993
0 0.570518 0.294872 0.004709 0.006421
0 0.553396 0.292089 0.004709 0.006849
0 0.551897 0.301079 0.007705 0.003425
0 0.537129 0.293374 0.008133 0.007705
0 0.549543 0.323718 0.007277 0.005993
0 0.543764 0.315799 0.007705 0.008133
0 0.507165 0.345977 0.008133 0.008561
0 0.518080 0.353254 0.004281 0.008561
0 0.503954 0.358391 0.005993 0.007705
0 0.488330 0.357963 0.005565 0.006849
0 0.492182 0.363528 0.008133 0.008561
0 0.435464 0.387714 0.008561 0.008989
0 0.463288 0.635634 0.005993 0.019463
0 0.451516 0.648790 0.005565 0.009417
0 0.506523 0.620109 0.012842 0.012842
0 0.496035 0.617327 0.010702 0.010702
0 0.480197 0.612618 0.007277 0.005565
0 0.478056 0.620966 0.012414 0.007705
0 0.465214 0.614331 0.012414 0.009845
0 0.466285 0.606839 0.006849 0.007705
0 0.463074 0.593997 0.005565 0.006849
0 0.450232 0.571952 0.007277 0.006421
0 0.456439 0.564675 0.006849 0.006421
0 0.464786 0.515710 0.008133 0.011130
0 0.475916 0.499069 0.011558 0.009417
0 0.475274 0.487297 0.008561 0.005565
0 0.494537 0.469961 0.010274 0.008561
0 0.448306 0.456530 0.010274 0.008133
0 0.442313 0.464021 0.005137 0.008561
0 0.456011 0.465305 0.018835 0.013698
0 0.453657 0.476863 0.006421 0.007705
0 0.438460 0.475579 0.005993 0.006849
0 0.426047 0.476596 0.013698 0.008133
0 0.435678 0.487725 0.012414 0.010702
0 0.410636 0.499069 0.010274 0.007705
0 0.419840 0.423189 0.007277 0.011558
0 0.427545 0.422975 0.004709 0.005137
0 0.432896 0.412916 0.003425 0.007277
0 0.404429 0.411418 0.008989 0.009417
0 0.421980 0.372517 0.008133 0.006849
0 0.415773 0.378938 0.006849 0.007705
0 0.405928 0.381293 0.009417 0.012414
0 0.397152 0.382363 0.006421 0.005993
0 0.384351 0.413209 0.010335 0.010335
0 0.532626 0.486745 0.010938 0.014392
0 0.563713 0.476095 0.014392 0.010362
0 0.551623 0.479261 0.008635 0.010938
0 0.559683 0.490199 0.013240 0.012089
0 0.539246 0.498546 0.014967 0.013816
0 0.511614 0.496244 0.012665 0.009211
0 0.480528 0.480988 0.018422 0.006332
0 0.480240 0.468899 0.008635 0.007484
0 0.669061 0.536253 0.010938 0.012089
0 0.659850 0.506606 0.007484 0.010362
0 0.691800 0.526179 0.009211 0.008059
0 0.717705 0.482140 0.013816 0.017846
0 0.680574 0.439036 0.008635 0.014392
0 0.694966 0.407662 0.015543 0.014967
0 0.501252 0.503224 0.023027 0.021876
0 0.481104 0.515025 0.013816 0.012089
0 0.493768 0.522797 0.016119 0.014967
0 0.495495 0.532583 0.011513 0.005757
0 0.497798 0.546399 0.016119 0.010362
0 0.517659 0.534310 0.013240 0.013816
0 0.523415 0.503512 0.008635 0.015543
0 0.708494 0.540355 0.013816 0.015543
0 0.471029 0.531144 0.008635 0.007484
0 0.478801 0.540355 0.008059 0.006332
0 0.453759 0.530280 0.024754 0.017270
0 0.214705 0.572661 0.005866 0.005414
0 0.195529 0.563185 0.010829 0.008122
0 0.232302 0.583489 0.007670 0.010829
0 0.241551 0.583264 0.011731 0.005866
0 0.263660 0.526068 0.007219 0.012182
0 0.273361 0.524715 0.018499 0.018499
0 0.289830 0.464987 0.013536 0.011731
0 0.378040 0.430075 0.006768 0.006768
0 0.365406 0.421051 0.007670 0.012182
0 0.346230 0.414960 0.007219 0.007219
0 0.335627 0.435038 0.011280 0.010378
0 0.326603 0.460757 0.008573 0.008573
0 0.315097 0.472488 0.007219 0.010378
0 0.320963 0.482640 0.006317 0.006317
0 0.315097 0.497755 0.006317 0.010378
0 0.314646 0.514675 0.007219 0.009024
0 0.381198 0.540507 0.015792 0.010378
0 0.355705 0.569609 0.009024 0.007219
0 0.369693 0.574347 0.009024 0.016694
0 0.344877 0.589688 0.015341 0.006768
0 0.325475 0.575024 0.006317 0.009926
0 0.312164 0.586078 0.011280 0.013987
0 0.311713 0.573219 0.004963 0.006317
0 0.304945 0.549531 0.004963 0.009475
0 0.271331 0.595328 0.015341 0.012634
0 0.294116 0.594651 0.006768 0.010378
0 0.299982 0.607961 0.011280 0.008122
0 0.332017 0.598937 0.009475 0.010829
0 0.348937 0.540732 0.005414 0.010829
0 0.341041 0.528099 0.008573 0.007219
0 0.345779 0.515916 0.008122 0.006317
0 0.331115 0.529678 0.007670 0.011280
0 0.390674 0.563292 0.007670 0.008122
0 0.401728 0.553592 0.010829 0.017597
0 0.403984 0.575475 0.007219 0.007219
0 0.307201 0.681175 0.014890 0.009475
0 0.304945 0.698997 0.009475 0.009024
0 0.306976 0.736221 0.007219 0.007670
0 0.336304 0.649591 0.009024 0.008573
0 0.315548 0.624098 0.009926 0.009024
0 0.341041 0.624098 0.006768 0.006317
0 0.358864 0.619134 0.003610 0.005414
0 0.373979 0.609434 0.004061 0.003158
0 0.383003 0.601763 0.008573 0.004061
0 0.405789 0.599507 0.005414 0.010378
0 0.443690 0.632670 0.020755 0.017146
0 0.599580 0.621842 0.009475 0.010829
0 0.584916 0.623646 0.015341 0.014438
0 0.606574 0.642597 0.013536 0.017146
0 0.659590 0.655231 0.010378 0.013536
0 0.647859 0.671248 0.007670 0.021207
0 0.729076 0.336907 0.011280 0.014890
0 0.561003 0.407520 0.012634 0.018951
0 0.376461 0.453317 0.006317 0.008573
0 0.370370 0.440684 0.011280 0.007670
0 0.293891 0.339163 0.011731 0.009475
0 0.536863 0.397143 0.007670 0.013536