0 0.307512 0.626043 0.108514 0.123539
0 0.437730 0.471619 0.041736 0.055092
0 0.539566 0.366444 0.058431 0.058431
0 0.705676 0.516694 0.043406 0.045075
0 0.635559 0.787145 0.043406 0.041736
0 0.633890 0.883139 0.093489 0.096828
0 0.660601 0.898998 0.026711 0.041736
0 0.850083 0.823038 0.078464 0.090150
0 0.811686 0.933222 0.061770 0.050083
0 0.845075 0.208681 0.055092 0.063439
0 0.448581 0.152755 0.083472 0.048414
0 0.279967 0.376461 0.056761 0.065109
0 0.357596 0.372287 0.028381 0.030050
0 0.022287 0.384808 0.044574 0.055092
0 0.245743 0.941569 0.055092 0.043406
0 0.470284 0.932387 0.046745 0.038397
0 0.496995 0.981636 0.030050 0.036728
0 0.396828 0.990818 0.046745 0.018364
0 0.304174 0.632721 0.078464 0.070117
0 0.865943 0.323873 0.023372 0.033389
0 0.638063 0.862270 0.021703 0.021703