0 0.368849 0.651311 0.019163 0.025295
0 0.590756 0.340488 0.021463 0.021463
0 0.577342 0.322091 0.016097 0.012264
0 0.665875 0.308294 0.013797 0.015330
0 0.686571 0.313276 0.013797 0.019163
0 0.638663 0.320558 0.013031 0.018396
0 0.686187 0.353135 0.008432 0.011498
0 0.674690 0.404109 0.013031 0.010731
0 0.663575 0.388395 0.021463 0.020696
0 0.637513 0.374214 0.026062 0.024529
0 0.544765 0.385712 0.009198 0.007665
0 0.532500 0.396827 0.022996 0.013031
0 0.500690 0.414840 0.009965 0.010731
0 0.515637 0.450100 0.012264 0.016863
0 0.496091 0.441668 0.009965 0.012264
0 0.477311 0.317339 0.015330 0.013797
0 0.454315 0.323471 0.012264 0.010731
0 0.445501 0.285528 0.011498 0.011498
0 0.491108 0.259850 0.012264 0.012264
0 0.420589 0.298942 0.012264 0.010731
0 0.424421 0.314656 0.015330 0.011498
0 0.404109 0.359114 0.011498 0.009965
0 0.439368 0.350299 0.011498 0.012264
0 0.420589 0.374828 0.015330 0.012264
0 0.473478 0.362180 0.015330 0.011498
0 0.518703 0.304308 0.009198 0.018396
0 0.515254 0.281312 0.005366 0.009198
0 0.469646 0.246436 0.007665 0.008432
0 0.453549 0.231489 0.010731 0.013797
0 0.447034 0.208493 0.013031 0.010731
0 0.436302 0.179365 0.016097 0.013797
0 0.496091 0.164801 0.019163 0.015330
0 0.518320 0.218841 0.016097 0.016097
0 0.622030 0.071286 0.015637 0.016863
0 0.713015 0.047141 0.009965 0.011498
0 0.265752 0.253718 0.015330 0.010731
0 0.217461 0.247202 0.010731 0.009965
0 0.249655 0.314656 0.015330 0.016097
0 0.281082 0.304691 0.012264 0.017630
0 0.195232 0.391308 0.009198 0.013031
0 0.225893 0.426568 0.021463 0.014564
0 0.948835 0.167484 0.102330 0.236854
0 0.856086 0.428484 0.287828 0.260616
0 0.890388 0.652920 0.013031 0.013797
0 0.920665 0.664418 0.012264 0.016863
0 0.928714 0.706193 0.013031 0.017630
0 0.891154 0.690863 0.011498 0.006899
0 0.949410 0.627242 0.009965 0.011498
0 0.648935 0.693163 0.013031 0.014564
0 0.622873 0.714242 0.014564 0.015330
0 0.613675 0.689330 0.020696 0.026828
0 0.595278 0.634141 0.020696 0.014564
0 0.545071 0.716158 0.012264 0.019163
0 0.885789 0.937299 0.017630 0.019929
0 0.864326 0.885942 0.011498 0.009198
0 0.890005 0.871761 0.021463 0.019163
0 0.871608 0.826154 0.013797 0.016863
0 0.898053 0.829986 0.013031 0.010731
0 0.890771 0.805841 0.010731 0.008432
0 0.798789 0.809290 0.039859 0.044458
0 0.911467 0.982140 0.021463 0.013031
0 0.816036 0.989422 0.028361 0.016863
0 0.787291 0.995554 0.012264 0.006132
0 0.755481 0.994788 0.008432 0.007665
0 0.704124 0.848383 0.011498 0.019929
0 0.684961 0.859880 0.005366 0.006132
0 0.374138 0.851832 0.019929 0.019163
0 0.440058 0.823471 0.013797 0.006899
0 0.284455 0.846466 0.012264 0.016097
0 0.475701 0.761766 0.008432 0.007665
0 0.512111 0.728806 0.012264 0.009198
0 0.399433 0.732255 0.015330 0.011498
0 0.329296 0.753334 0.020696 0.016863
0 0.358041 0.757550 0.012264 0.011498
0 0.468803 0.648321 0.022229 0.016863
0 0.853978 0.590449 0.016863 0.011498
0 0.831366 0.561705 0.020696 0.024529
0 0.841331 0.612295 0.017630 0.012264
0 0.820635 0.608079 0.016097 0.013031
0 0.756247 0.547524 0.043692 0.026828
0 0.722904 0.576652 0.016863 0.016097
0 0.436992 0.250115 0.007665 0.009965
0 0.366089 0.229036 0.011498 0.012264
0 0.396750 0.200291 0.009965 0.013031
0 0.425494 0.233252 0.024529 0.016097
0 0.391001 0.250115 0.039859 0.048291
0 0.323547 0.253718 0.016863 0.038326
0 0.302085 0.257933 0.012264 0.016097
0 0.456922 0.127625 0.029128 0.031427
0 0.695692 0.122260 0.036026 0.017630
0 0.710333 0.095432 0.013184 0.013031
0 0.707190 0.071669 0.017630 0.011498
0 0.731335 0.053656 0.018396 0.012264
0 0.764679 0.116128 0.014564 0.014564
0 0.809137 0.163268 0.017630 0.015330
0 0.837115 0.210026 0.009198 0.007665
0 0.780009 0.207727 0.016097 0.016863
0 0.760846 0.184348 0.009965 0.014564
0 0.734018 0.154837 0.022229 0.013797
0 0.741300 0.169017 0.009198 0.011498
0 0.763912 0.159053 0.022229 0.011498
0 0.782309 0.154070 0.013031 0.012264
0 0.801472 0.251801 0.003833 0.009965
0 0.689943 0.257167 0.019929 0.023762
0 0.707956 0.244136 0.025295 0.023762
0 0.642419 0.265982 0.010731 0.009198
0 0.629388 0.283612 0.013797 0.009198
0 0.614058 0.261000 0.015330 0.011498
0 0.612142 0.244519 0.017630 0.009198
0 0.439292 0.767285 0.015330 0.022996
0 0.386785 0.908631 0.009965 0.013797
0 0.462671 0.879503 0.009965 0.012264
0 0.428177 0.881420 0.011498 0.008432
0 0.343094 0.990648 0.013031 0.016863
0 0.453856 0.543385 0.013797 0.019163
0 0.337345 0.568680 0.019929 0.014564
0 0.533574 0.533037 0.010731 0.012264
0 0.592212 0.068220 0.011498 0.013797
0 0.305534 0.110762 0.009965 0.016097
0 0.294803 0.061705 0.009965 0.011498
0 0.268741 0.039092 0.023762 0.024529
0 0.379120 0.016863 0.023762 0.013797
0 0.735551 0.342250 0.040625 0.045225
0 0.753181 0.434999 0.063621 0.100414
0 0.810670 0.521616 0.039092 0.037559
0 0.707573 0.647708 0.012264 0.013797
0 0.740534 0.640043 0.012264 0.015330
0 0.745899 0.659206 0.018396 0.016863
0 0.568067 0.942358 0.016863 0.013797
0 0.503296 0.906331 0.016097 0.013797
0 0.533574 0.886019 0.013797 0.013031
0 0.525142 0.864556 0.013797 0.013031
0 0.540855 0.833895 0.022229 0.016097
0 0.607159 0.823931 0.013797 0.009965
0 0.288671 0.631535 0.017630 0.011498
0 0.298636 0.574046 0.014564 0.016097
0 0.423578 0.620037 0.019163 0.016097
0 0.378354 0.593592 0.032960 0.016863
0 0.404798 0.570596 0.021463 0.019929
0 0.405182 0.520773 0.022229 0.018396
0 0.383719 0.498927 0.014564 0.022229
0 0.394067 0.481297 0.010731 0.009965
0 0.522076 0.352905 0.027595 0.029128
0 0.688794 0.176606 0.020696 0.026062
0 0.667714 0.184271 0.022996 0.021463
0 0.645102 0.191170 0.022229 0.022996
0 0.582247 0.461751 0.011498 0.015330
0 0.606393 0.463667 0.030661 0.049824
0 0.620573 0.502376 0.014564 0.012264
0 0.672697 0.488962 0.016097 0.019163
0 0.689943 0.528055 0.042925 0.075885
0 0.722137 0.525372 0.013797 0.012264
0 0.597961 0.577495 0.041392 0.039859
0 0.584164 0.551433 0.056722 0.036793
0 0.626322 0.531504 0.032194 0.036793
0 0.598728 0.521922 0.027595 0.040625
0 0.615974 0.492795 0.011498 0.011498
0 0.479151 0.894450 0.019929 0.017630
0 0.624406 0.964587 0.008432 0.013797
0 0.652767 0.969569 0.011498 0.013031
0 0.658516 0.949256 0.030661 0.032194
0 0.730186 0.927027 0.014564 0.015330
0 0.734401 0.898283 0.012264 0.013031
0 0.646635 0.893684 0.005366 0.008432
0 0.670780 0.881036 0.015330 0.012264
0 0.697992 0.879120 0.011498 0.008432
0 0.663882 0.856125 0.013797 0.009965
0 0.606776 0.846543 0.008432 0.010731
0 0.493715 0.966120 0.010731 0.012264
0 0.509045 0.975318 0.010731 0.010731
0 0.546988 0.967270 0.008432 0.009965
0 0.567684 0.966503 0.009965 0.009965
0 0.442741 0.903265 0.009965 0.012264
0 0.425878 0.921279 0.031427 0.026828
0 0.699142 0.673693 0.022996 0.028361
0 0.678829 0.792503 0.009965 0.013031
0 0.686494 0.752645 0.011498 0.009965
0 0.615591 0.761459 0.013797 0.015330
0 0.658133 0.750728 0.013031 0.007665
0 0.730186 0.746129 0.011498 0.015330
0 0.694542 0.734248 0.036793 0.022229
0 0.812586 0.738847 0.052123 0.066687
0 0.751648 0.756860 0.009965 0.009198
0 0.736318 0.760310 0.014564 0.013031
0 0.743216 0.778706 0.008432 0.019163
0 0.729036 0.781006 0.019929 0.011498
0 0.732102 0.796336 0.016863 0.019163
0 0.709106 0.798636 0.007665 0.011498
0 0.599877 0.982983 0.017630 0.016863
0 0.620957 0.990648 0.016863 0.015330
0 0.770811 0.943891 0.014564 0.018396
0 0.819102 0.917829 0.020696 0.012264
0 0.816419 0.885252 0.016863 0.016097
0 0.791124 0.874138 0.027595 0.015330
0 0.781159 0.891001 0.007665 0.009198
0 0.753564 0.883719 0.030661 0.026828
0 0.916066 0.864939 0.012264 0.010731
0 0.902652 0.843860 0.017630 0.008432
0 0.923731 0.787904 0.016863 0.017630
0 0.938679 0.803235 0.016097 0.019163
0 0.935612 0.860724 0.017630 0.026828
0 0.640886 0.769891 0.032194 0.035260
0 0.466120 0.032194 0.128775 0.064388
0 0.475701 0.052123 0.026828 0.022996
0 0.628622 0.047907 0.016863 0.014564
0 0.654683 0.044458 0.029128 0.035260
0 0.146175 0.980300 0.021463 0.026828
0 0.168787 0.990342 0.011498 0.019316
0 0.143492 0.920129 0.016097 0.019929
0 0.118580 0.941591 0.009198 0.010731
0 0.215545 0.911697 0.036026 0.015330
0 0.211329 0.931243 0.012264 0.017630
0 0.220911 0.891768 0.009965 0.012264
0 0.149241 0.795953 0.015330 0.016863
0 0.229726 0.799019 0.012264 0.007665
0 0.324007 0.782539 0.009198 0.014564
0 0.034263 0.875671 0.015330 0.013797
0 0.101334 0.842710 0.019163 0.024529
0 0.010885 0.876054 0.008432 0.017630
0 0.018550 0.967653 0.011498 0.012264
0 0.018933 0.927411 0.024529 0.037559
0 0.076039 0.927794 0.016097 0.006132
0 0.217078 0.730415 0.020696 0.016097
0 0.107849 0.673693 0.012264 0.013031
0 0.017783 0.687107 0.008432 0.015330
0 0.005902 0.791354 0.009198 0.013797
0 0.021233 0.721601 0.021463 0.021463
0 0.043845 0.751495 0.008432 0.006132
0 0.064924 0.741147 0.036793 0.020696
0 0.106699 0.703587 0.009965 0.008432
0 0.069906 0.634984 0.009965 0.010731
0 0.058409 0.586310 0.013031 0.016097
0 0.030048 0.565997 0.022229 0.029128
0 0.237391 0.614671 0.009198 0.013031
0 0.181435 0.593209 0.012264 0.014564
0 0.119347 0.571746 0.012264 0.009965
0 0.074122 0.517323 0.018396 0.023762
0 0.253488 0.465583 0.015330 0.012264
0 0.251188 0.518856 0.007665 0.014564
0 0.208646 0.501993 0.016097 0.028361
0 0.152690 0.652614 0.016097 0.013797
0 0.111682 0.631918 0.019929 0.032194
0 0.011651 0.602790 0.022229 0.026062
0 0.171087 0.447570 0.009965 0.011498
0 0.154607 0.499310 0.012264 0.018396
0 0.131228 0.494328 0.023762 0.023762
0 0.115898 0.374368 0.016097 0.021463
0 0.059175 0.357121 0.013031 0.014564
0 0.008968 0.358271 0.015330 0.030661
0 0.010233 0.267438 0.020466 0.026828
0 0.062625 0.232178 0.013797 0.016097
0 0.133911 0.155220 0.015330 0.014564
0 0.158823 0.147938 0.017630 0.012264
0 0.207880 0.157136 0.009965 0.012264
0 0.242373 0.119577 0.014564 0.013797
0 0.175303 0.114211 0.022996 0.018396
0 0.187184 0.086617 0.016097 0.022996
0 0.161122 0.077418 0.009965 0.012264
0 0.138510 0.059788 0.012264 0.013797
0 0.111298 0.324621 0.032960 0.025295
0 0.079105 0.313889 0.011498 0.011498
0 0.153840 0.256400 0.018396 0.022229
0 0.128545 0.247969 0.006132 0.009965
0 0.235858 0.215008 0.004599 0.006899
0 0.270351 0.165951 0.012264 0.008432
0 0.189100 0.225356 0.006132 0.007665
0 0.165721 0.190863 0.011498 0.010731
0 0.214012 0.186647 0.016097 0.019163
0 0.194466 0.207727 0.022996 0.021463
0 0.278016 0.210793 0.015330 0.016863
0 0.147708 0.091216 0.018396 0.009198
0 0.174153 0.036410 0.016097 0.016097
0 0.214395 0.006899 0.035260 0.013797
0 0.311743 0.014947 0.036793 0.025295
0 0.403725 0.111528 0.015330 0.009965
0 0.414073 0.083551 0.025295 0.018396
0 0.353518 0.109995 0.025295 0.020696
0 0.069140 0.410087 0.042159 0.039859
0 0.078338 0.444197 0.037559 0.034493
0 0.005251 0.402422 0.010501 0.016863
0 0.006400 0.503603 0.012800 0.012264
0 0.005136 0.443814 0.009198 0.009198
0 0.164572 0.572589 0.009198 0.009198
0 0.143492 0.569140 0.020696 0.011498
0 0.133528 0.767285 0.014564 0.019929
0 0.104017 0.753104 0.047524 0.065154
0 0.081788 0.704814 0.039859 0.037559
0 0.220527 0.675686 0.052123 0.025295
0 0.185651 0.673770 0.009965 0.019929
0 0.185651 0.652307 0.013031 0.015330
0 0.178369 0.643492 0.012264 0.009965
0 0.264219 0.631611 0.018396 0.026062
0 0.281466 0.660739 0.029894 0.024529
0 0.236624 0.640043 0.012264 0.021463
0 0.247739 0.576805 0.032960 0.013031
0 0.382646 0.440365 0.209260 0.132608
0 0.467346 0.086617 0.035260 0.024529
0 0.483826 0.109612 0.028361 0.033727
0 0.522152 0.125326 0.028361 0.029894
0 0.518703 0.085467 0.052123 0.039092
0 0.536333 0.169784 0.026062 0.043692
0 0.550207 0.281772 0.014564 0.030661
0 0.565921 0.251111 0.036793 0.038326
0 0.750268 0.221217 0.023762 0.015330
0 0.736854 0.222750 0.016863 0.036793
0 0.680898 0.233482 0.030661 0.027595
0 0.641039 0.236548 0.022996 0.024529
0 0.609995 0.192779 0.026828 0.023762
0 0.587383 0.188947 0.035260 0.034493
0 0.641806 0.131075 0.041392 0.052123
0 0.580868 0.131841 0.022229 0.013797
0 0.574352 0.158286 0.035260 0.029894
0 0.606163 0.135291 0.023762 0.048291
0 0.577035 0.087383 0.060555 0.030661
0 0.575119 0.024529 0.024529 0.044458
0 0.544458 0.032577 0.030661 0.065154
0 0.719991 0.109612 0.012264 0.009198
0 0.753718 0.077418 0.021463 0.010731
0 0.818872 0.098881 0.027595 0.073586
0 0.566687 0.758010 0.027595 0.016097
0 0.614978 0.889468 0.024529 0.055189
0 0.582401 0.846543 0.026828 0.053656
0 0.593132 0.785605 0.016097 0.048291
0 0.564771 0.790204 0.045225 0.042159
0 0.371991 0.984210 0.024529 0.031580
0 0.983903 0.836195 0.029894 0.031427
0 0.964357 0.807067 0.033727 0.026828
0 0.916449 0.911314 0.013031 0.014564
0 0.934846 0.917446 0.013031 0.014564
0 0.990227 0.738464 0.019546 0.027595
0 0.982945 0.714702 0.034110 0.007665
0 0.971639 0.732715 0.013031 0.020696
0 0.915300 0.754178 0.013797 0.013031
0 0.995976 0.639200 0.008048 0.008432
0 0.936379 0.588226 0.040625 0.049057
0 0.852828 0.571746 0.034493 0.026828
0 0.971639 0.667178 0.017630 0.016863
0 0.931013 0.731182 0.017630 0.009965
0 0.789591 0.070903 0.053656 0.118810
0 0.873908 0.107696 0.042925 0.043692
0 0.862410 0.072436 0.021463 0.020696
0 0.944619 0.021463 0.110762 0.042925
0 0.822168 0.009581 0.057489 0.019162
0 0.691093 0.187797 0.036026 0.067454
0 0.715238 0.205044 0.021463 0.028361
0 0.843247 0.292427 0.024529 0.023762
0 0.887705 0.210793 0.026062 0.015330
0 0.886555 0.147938 0.025295 0.036793
0 0.870458 0.027595 0.049824 0.055189
0 0.299709 0.201978 0.017630 0.026828
0 0.276330 0.178982 0.015330 0.013031
0 0.258317 0.180898 0.016097 0.010731
0 0.232255 0.228423 0.011498 0.009198
0 0.354132 0.192013 0.031427 0.026828
0 0.321938 0.191630 0.032960 0.033727
0 0.389775 0.148321 0.026062 0.037559
0 0.370612 0.160586 0.021463 0.048291
0 0.310823 0.136057 0.016863 0.045225
0 0.340334 0.137973 0.037559 0.019929
0 0.342634 0.160969 0.059022 0.024529
0 0.149854 0.229572 0.013797 0.011498
0 0.159436 0.322704 0.020696 0.018396
0 0.090832 0.495554 0.018396 0.016097
0 0.040625 0.468726 0.016097 0.006899
0 0.044075 0.483673 0.012264 0.009198
0 0.028361 0.486739 0.008432 0.009198
0 0.118427 0.185497 0.026062 0.032194
0 0.105780 0.211559 0.016097 0.021463
0 0.068987 0.204277 0.014564 0.016097
0 0.039859 0.183581 0.026828 0.034493
0 0.069370 0.170550 0.026062 0.034493
0 0.114595 0.034877 0.010731 0.011498
0 0.084700 0.015330 0.016863 0.016863
0 0.050399 0.081251 0.100797 0.145639
0 0.216925 0.041775 0.020696 0.016097
0 0.230722 0.051357 0.023762 0.027595
0 0.223440 0.077035 0.018396 0.019163
0 0.237621 0.089299 0.032960 0.017630
0 0.252185 0.066304 0.022229 0.020696
0 0.250268 0.031811 0.022996 0.022229
0 0.327303 0.064388 0.019163 0.022996
0 0.339184 0.056339 0.024529 0.028361
0 0.352215 0.088150 0.039859 0.016863
0 0.316189 0.092749 0.012264 0.012264
0 0.365629 0.067070 0.039092 0.028361
0 0.373678 0.041009 0.036793 0.026828
0 0.995209 0.993715 0.009581 0.012264
0 0.832516 0.035260 0.027595 0.038326
0 0.702208 0.004982 0.013797 0.009964
0 0.708416 0.815116 0.013031 0.012264
0 0.770121 0.830063 0.012264 0.008432
0 0.251878 0.775257 0.008432 0.012264
0 0.310133 0.713935 0.008432 0.009198
0 0.338111 0.643032 0.009198 0.009965
0 0.199371 0.781006 0.010731 0.006899
0 0.228116 0.771807 0.009965 0.011498
0 0.160662 0.901349 0.008432 0.013031
0 0.141499 0.839261 0.005366 0.013031
0 0.303618 0.882186 0.010731 0.011498
0 0.459988 0.703204 0.009198 0.009198
0 0.459221 0.684041 0.009198 0.009198
0 0.592595 0.886402 0.012264 0.015330
0 0.581864 0.954622 0.006132 0.009198
0 0.831749 0.593592 0.027595 0.016863