0 0.213189 0.292154 0.083472 0.080134
0 0.018948 0.372287 0.037896 0.123539
0 0.672287 0.676962 0.090150 0.101836
0 0.141402 0.735392 0.100167 0.101836
0 0.239065 0.888147 0.081803 0.060100
0 0.605509 0.971619 0.080134 0.056761
0 0.885142 0.979967 0.095159 0.040066
0 0.851753 0.895659 0.128548 0.131886
0 0.888481 0.807179 0.105175 0.118531
0 0.884307 0.805509 0.043406 0.045075
0 0.960518 0.710351 0.078964 0.108514
0 0.931886 0.525876 0.115192 0.110184
0 0.806678 0.630217 0.131886 0.135225
0 0.807512 0.640234 0.043406 0.031720
0 0.780801 0.698664 0.070117 0.045075
0 0.838397 0.253756 0.085142 0.146912
0 0.949416 0.220367 0.100167 0.130217
0 0.946911 0.319699 0.055092 0.035058
0 0.362604 0.611018 0.168614 0.227045
0 0.381803 0.541736 0.066778 0.075125