0 0.429313 0.436881 0.022259 0.018920
0 0.550070 0.285476 0.018920 0.021146
0 0.502212 0.204786 0.018920 0.020033
0 0.304104 0.261547 0.018920 0.020033
0 0.268489 0.245409 0.021146 0.016694
0 0.295200 0.191987 0.025598 0.018920
0 0.374777 0.152476 0.017807 0.017807
0 0.338606 0.084029 0.016694 0.016694
0 0.704772 0.056205 0.016694 0.018920
0 0.813286 0.084585 0.022259 0.022259
0 0.773776 0.063439 0.023372 0.015582
0 0.851127 0.279911 0.020033 0.016694
0 0.885476 0.229827 0.025598 0.027824
0 0.855982 0.178631 0.013356 0.014469
0 0.938342 0.136338 0.013356 0.010017
0 0.962827 0.137451 0.017807 0.014469
0 0.942237 0.439622 0.018920 0.020033
0 0.927769 0.395103 0.016694 0.015582
0 0.842070 0.493600 0.014469 0.018920
0 0.789204 0.568169 0.022259 0.016694
0 0.810907 0.674457 0.014469 0.020033
0 0.850974 0.693378 0.014469 0.020033
0 0.941124 0.738453 0.018920 0.012243
0 0.936116 0.577629 0.017807 0.017807
0 0.937785 0.554257 0.014469 0.020033
0 0.695715 0.731441 0.017807 0.017807
0 0.318420 0.616806 0.017807 0.020033
0 0.259432 0.630161 0.017807 0.015582
0 0.082471 0.818253 0.017807 0.017807
0 0.019588 0.867780 0.023372 0.016694
0 0.034613 0.905064 0.022259 0.020033
0 0.268893 0.871119 0.025598 0.027824
0 0.208792 0.918976 0.014469 0.016694
0 0.178186 0.882805 0.017807 0.022259
0 0.113634 0.934001 0.022259 0.022259
0 0.456984 0.906733 0.021146 0.016694
0 0.334558 0.915637 0.016694 0.016694
0 0.375737 0.984641 0.016694 0.016694
0 0.320646 0.984085 0.015582 0.020033
0 0.339566 0.757304 0.011130 0.022259
0 0.327323 0.758417 0.017807 0.022259
0 0.120312 0.362173 0.017807 0.014469
0 0.046856 0.279257 0.013356 0.015582
0 0.179286 0.095691 0.017270 0.015543
0 0.238868 0.082738 0.018997 0.012665
0 0.203176 0.196722 0.012089 0.016119
0 0.364652 0.191828 0.012665 0.015543
0 0.128051 0.077557 0.011513 0.010362
0 0.210948 0.054818 0.018422 0.015543
0 0.329536 0.042729 0.016119 0.015543
0 0.411857 0.057985 0.014967 0.016119
0 0.383649 0.218021 0.018422 0.013816
0 0.056380 0.050501 0.013240 0.017270
0 0.041125 0.095691 0.014967 0.012089
0 0.115962 0.086480 0.010362 0.012089
0 0.675515 0.429293 0.013816 0.016119
0 0.666304 0.457501 0.009211 0.011513
0 0.772804 0.350138 0.013816 0.012089
0 0.647883 0.291995 0.012665 0.013240
0 0.556639 0.372302 0.010938 0.014967
0 0.544838 0.379497 0.014967 0.007484
0 0.467698 0.435625 0.009211 0.020724
0 0.533036 0.338625 0.016694 0.015543
0 0.596648 0.502979 0.017270 0.014967
0 0.745459 0.525430 0.021300 0.011513
0 0.653561 0.892522 0.021876 0.014967
0 0.680905 0.845029 0.014392 0.017846
0 0.734730 0.868919 0.013816 0.019573
0 0.829141 0.815382 0.018422 0.017270
0 0.910598 0.900294 0.016694 0.023603
0 0.952910 0.881872 0.017270 0.013240
0 0.916067 0.973404 0.014967 0.018997
0 0.542168 0.824881 0.015543 0.015543
0 0.369179 0.723850 0.016119 0.018422
0 0.387024 0.649876 0.012665 0.010938
0 0.048184 0.485810 0.014967 0.021300
0 0.110932 0.554603 0.018422 0.018422
0 0.019400 0.710610 0.016119 0.016119
0 0.240170 0.659663 0.014392 0.016694
0 0.571742 0.076443 0.012301 0.011423
0 0.626878 0.105219 0.010983 0.010983
0 0.625464 0.293390 0.011130 0.014221
0 0.247151 0.347053 0.020547 0.020547
0 0.694691 0.610312 0.012842 0.014126
0 0.908116 0.740658 0.012842 0.010274
0 0.952742 0.762168 0.012200 0.013484
0 0.786439 0.627328 0.013484 0.016052
0 0.630410 0.630217 0.012200 0.015410
0 0.868627 0.562155 0.014768 0.015410