0 0.118832 0.599194 0.042296 0.032226
0 0.240181 0.480363 0.033233 0.042296
0 0.267875 0.464250 0.030211 0.042296
0 0.305136 0.614804 0.032226 0.037261
0 0.790534 0.721047 0.014099 0.014099
0 0.804632 0.734139 0.014099 0.022155
0 0.819738 0.716516 0.016113 0.021148
0 0.836354 0.727593 0.025176 0.025176
0 0.843404 0.829809 0.023162 0.028197
0 0.859013 0.396777 0.062437 0.054381
0 0.455690 0.094663 0.035247 0.030211
0 0.483887 0.111279 0.027190 0.029204
0 0.186304 0.026687 0.026183 0.017120
0 0.184794 0.044310 0.017120 0.022155
0 0.211984 0.059416 0.043303 0.034240