0 0.640014 0.516706 0.203027 0.207637
0 0.284487 0.768496 0.159905 0.157518
0 0.246301 0.842482 0.073986 0.062053
0 0.402104 0.714672 0.094423 0.088054
0 0.107876 0.624105 0.093079 0.088305
0 0.331026 0.435561 0.071599 0.050119
0 0.644869 0.774463 0.064439 0.050119
0 0.722434 0.848449 0.042959 0.026253
0 0.785680 0.812649 0.040573 0.035800
0 0.648449 0.958234 0.047733 0.031026
0 0.921718 0.131265 0.097852 0.076372
0 0.288425 0.151551 0.576850 0.303102
0 0.091527 0.332936 0.183054 0.102625
0 0.493317 0.212411 0.114558 0.100239
0 0.521957 0.298329 0.100239 0.062053
0 0.576850 0.075179 0.095465 0.097852
0 0.811933 0.089499 0.136038 0.097852
0 0.931623 0.571599 0.136754 0.193317
0 0.760620 0.647971 0.109785 0.174224
0 0.835799 0.614558 0.088305 0.126492
0 0.954296 0.236277 0.091408 0.071599
0 0.943198 0.181384 0.059666 0.052506
0 0.980549 0.146778 0.038902 0.050119
0 0.815513 0.017900 0.062053 0.035800
0 0.906205 0.953461 0.095465 0.093078
0 0.456325 0.968974 0.116945 0.062052
0 0.672315 0.687351 0.085919 0.052506
0 0.611456 0.400955 0.069212 0.042959
0 0.981742 0.739857 0.036516 0.057279
0 0.534104 0.536993 0.031403 0.041452
0 0.827409 0.512498 0.032659 0.030147
0 0.981912 0.307122 0.025122 0.026379
0 0.984047 0.685215 0.031906 0.041452
0 0.646527 0.068459 0.035171 0.036428
0 0.750785 0.011305 0.070343 0.022610
0 0.917850 0.014445 0.037684 0.028890
0 0.456224 0.736088 0.031403 0.037684
0 0.714357 0.430222 0.052757 0.061550
0 0.550433 0.585354 0.041452 0.052757
0 0.495164 0.828414 0.051501 0.033915
0 0.564251 0.808316 0.021354 0.041452
0 0.012549 0.418848 0.025098 0.030273
0 0.044629 0.431543 0.031250 0.036133
0 0.049512 0.505762 0.027344 0.032227
0 0.157910 0.479395 0.031250 0.038086
0 0.155469 0.991211 0.100586 0.017578
0 0.047559 0.636230 0.027344 0.030273
0 0.084180 0.571777 0.032227 0.028320