0 0.709015 0.473289 0.030050 0.021703
0 0.305008 0.466611 0.026711 0.035058
0 0.129716 0.434057 0.033389 0.033389
0 0.093823 0.393155 0.031720 0.025042
0 0.562938 0.309683 0.028381 0.025042
0 0.512020 0.266277 0.026711 0.021703
0 0.335058 0.267112 0.020033 0.020033
0 0.312809 0.184246 0.028957 0.025497
0 0.205676 0.053422 0.051753 0.033389
0 0.605509 0.024207 0.040067 0.028381
0 0.677295 0.010017 0.023372 0.020033
0 0.678130 0.050083 0.025042 0.026711
0 0.709015 0.107679 0.020033 0.028381
0 0.518698 0.111018 0.053422 0.038397
0 0.448581 0.160267 0.053422 0.046745
0 0.393489 0.212020 0.040067 0.040067
0 0.369282 0.241235 0.028381 0.031720
0 0.422704 0.247913 0.025042 0.025042
0 0.526199 0.491141 0.034907 0.075125
0 0.730327 0.517321 0.016694 0.018212
0 0.729189 0.541224 0.026559 0.023524
0 0.795587 0.531739 0.039460 0.053119
0 0.618398 0.611796 0.037183 0.047807
0 0.578938 0.573854 0.011383 0.008347
0 0.561106 0.508594 0.013659 0.011383
0 0.491672 0.658465 0.015936 0.015177
0 0.543652 0.673642 0.009106 0.016694
0 0.449556 0.552227 0.009106 0.007588
0 0.398714 0.485449 0.015177 0.009106
0 0.282991 0.567025 0.018971 0.028077
0 0.267434 0.420948 0.010624 0.010624
0 0.470804 0.472170 0.013659 0.011383
0 0.837608 0.328151 0.044772 0.039460
0 0.974958 0.353572 0.038701 0.047807
0 0.849750 0.267823 0.050842 0.050842
0 0.864168 0.209772 0.078161 0.086508
0 0.788663 0.234814 0.013659 0.015177
0 0.767036 0.385444 0.008347 0.015936
0 0.786386 0.382788 0.010624 0.012141
0 0.870238 0.671375 0.022006 0.023524
0 0.856579 0.644815 0.009865 0.009865
0 0.691911 0.747154 0.031112 0.025801
0 0.660039 0.645090 0.014418 0.014418
0 0.646380 0.789649 0.018971 0.024283
0 0.587191 0.819624 0.032630 0.025042
0 0.537107 0.802170 0.028077 0.026559
0 0.704811 0.870845 0.041736 0.045530
0 0.800046 0.897405 0.033389 0.030354
0 0.902868 0.852254 0.026559 0.025042
0 0.875171 0.768402 0.047048 0.031871
0 0.850508 0.728563 0.050842 0.040219
0 0.971164 0.702383 0.029595 0.045530
0 0.452117 0.769920 0.053878 0.050083
0 0.394445 0.714904 0.038701 0.029595
0 0.365230 0.744119 0.012141 0.013659
0 0.364471 0.820382 0.031871 0.046289
0 0.436182 0.925482 0.067537 0.072849
0 0.467294 0.861739 0.006830 0.010624
0 0.235468 0.748672 0.042495 0.078919
0 0.267719 0.702003 0.006830 0.008347
0 0.217635 0.654955 0.017453 0.022006
0 0.159964 0.631811 0.009865 0.007588
0 0.166034 0.615496 0.009865 0.008347
0 0.186902 0.592730 0.010624 0.009865
0 0.101153 0.821900 0.039460 0.032630
0 0.098877 0.843148 0.025801 0.035666
0 0.013507 0.776749 0.009865 0.015177
0 0.033996 0.644692 0.008347 0.011383
0 0.076491 0.608647 0.012900 0.009106
0 0.106086 0.537117 0.012900 0.012900
0 0.120124 0.491966 0.015177 0.012141
0 0.005805 0.226163 0.011610 0.010624
0 0.342844 0.126726 0.008347 0.007588
0 0.375095 0.028836 0.013659 0.018212
0 0.459706 0.069813 0.011383 0.010624
0 0.544696 0.075125 0.011383 0.006071
0 0.500304 0.191607 0.009106 0.009865
0 0.495750 0.145697 0.010624 0.010624
0 0.994498 0.025421 0.011003 0.014418
0 0.605024 0.029215 0.021248 0.014418
0 0.859235 0.454925 0.009106 0.009865
0 0.963955 0.559265 0.009106 0.010624
0 0.984064 0.518288 0.011383 0.013659
0 0.645242 0.680301 0.015177 0.014418
0 0.582258 0.667780 0.006071 0.004553
0 0.368265 0.706101 0.010624 0.008347
0 0.300728 0.920777 0.010624 0.009106
0 0.225983 0.969722 0.012900 0.008347
0 0.392169 0.953787 0.011383 0.008347
0 0.266960 0.477614 0.011383 0.012141
0 0.176279 0.495447 0.010624 0.011383
0 0.150478 0.464334 0.015177 0.009865
0 0.191076 0.083852 0.011383 0.014418
0 0.103051 0.095993 0.011383 0.011383
0 0.598194 0.376764 0.010624 0.008347
0 0.797390 0.856807 0.009865 0.009865
0 0.921839 0.887160 0.012900 0.011383
0 0.779557 0.583245 0.010624 0.010624
0 0.600091 0.451207 0.011383 0.010624
0 0.751100 0.988466 0.012900 0.007588
0 0.580741 0.936106 0.009106 0.012141
0 0.477918 0.974427 0.008347 0.011383
0 0.768933 0.812035 0.012141 0.005312
0 0.451358 0.219760 0.011383 0.010624
0 0.325011 0.152223 0.009106 0.007588
0 0.384580 0.278570 0.006830 0.008347
0 0.663834 0.165427 0.011383 0.012141
0 0.773486 0.291395 0.007588 0.015177
0 0.005198 0.171119 0.010396 0.014418
0 0.017226 0.398391 0.012141 0.009106
0 0.018743 0.428745 0.009106 0.007588
0 0.038094 0.568372 0.011383 0.018212
0 0.554655 0.352652 0.011383 0.009106
0 0.380881 0.547674 0.017453 0.012141
0 0.147917 0.705134 0.009865 0.012900
0 0.820155 0.166945 0.015936 0.009106
0 0.617544 0.303536 0.009865 0.009106
0 0.021020 0.015177 0.013659 0.010624
0 0.054788 0.020868 0.015936 0.009865