0 0.511312 0.414270 0.032961 0.036385
0 0.438755 0.362260 0.027396 0.019691
0 0.469147 0.325660 0.023115 0.020119
0 0.433404 0.298264 0.014126 0.013270
0 0.426555 0.309608 0.015838 0.016266
0 0.431050 0.305969 0.028252 0.030393
0 0.516662 0.274935 0.029108 0.032533
0 0.554118 0.278573 0.026968 0.026112
0 0.633096 0.324162 0.044519 0.048799
0 0.685748 0.408063 0.024828 0.024828
0 0.666485 0.446588 0.021403 0.037670
0 0.627317 0.461357 0.021831 0.017551
0 0.745463 0.470132 0.030393 0.025684
0 0.745677 0.332295 0.022259 0.028252
0 0.743536 0.335934 0.013698 0.012414
0 0.703512 0.304685 0.028680 0.026112
0 0.767508 0.268300 0.048799 0.068062
0 0.807532 0.291843 0.052652 0.085185
0 0.816093 0.289917 0.014982 0.019691
0 0.824012 0.316243 0.017123 0.019263
0 0.748887 0.257170 0.024400 0.017551
0 0.802609 0.272152 0.013698 0.012414
0 0.800041 0.259738 0.014554 0.013270
0 0.896569 0.348990 0.019263 0.018835
0 0.907913 0.435887 0.086469 0.068490
0 0.941730 0.442094 0.019691 0.026112
0 0.891646 0.424115 0.044519 0.038954
0 0.800897 0.475483 0.030821 0.045803
0 0.983252 0.468848 0.029108 0.038526
0 0.907913 0.522570 0.029108 0.032961
0 0.959494 0.538836 0.051796 0.049227
0 0.850766 0.547611 0.052652 0.036813
0 0.834714 0.550822 0.020547 0.024400
0 0.862966 0.543331 0.015410 0.012842
0 0.807960 0.543759 0.050940 0.047087
0 0.801325 0.530489 0.017123 0.011986
0 0.812669 0.536482 0.014126 0.015410
0 0.919256 0.041736 0.044947 0.026112
0 0.919899 0.041308 0.016266 0.012414
0 0.675688 0.071701 0.037242 0.037242
0 0.671193 0.065280 0.016266 0.010702
0 0.602275 0.024400 0.029108 0.024828
0 0.602489 0.022259 0.015838 0.008561
0 0.402369 0.058217 0.025684 0.019691
0 0.227933 0.122212 0.058645 0.064638
0 0.211025 0.175506 0.052224 0.047087
0 0.108503 0.055648 0.021831 0.017979
0 0.052855 0.376482 0.021831 0.025256
0 0.084318 0.450537 0.037670 0.042378
0 0.170145 0.412011 0.027824 0.025256
0 0.240561 0.375412 0.024828 0.017979
0 0.273736 0.480288 0.043234 0.057361
0 0.133331 0.577244 0.028680 0.035529
0 0.277803 0.605068 0.041094 0.047515
0 0.270526 0.597577 0.018835 0.023115
0 0.194544 0.637387 0.031249 0.034245
0 0.061416 0.672702 0.015838 0.020975
0 0.162440 0.755105 0.093746 0.054792
0 0.185341 0.761312 0.026540 0.020975
0 0.127124 0.759171 0.017123 0.021831
0 0.154734 0.747614 0.026968 0.025256
0 0.265603 0.817816 0.038954 0.046659
0 0.084104 0.940884 0.076623 0.053936
0 0.101440 0.945593 0.030821 0.029964
0 0.062487 0.930611 0.025684 0.024828
0 0.201179 0.901931 0.071915 0.073627
0 0.195829 0.907923 0.027824 0.028252
0 0.216804 0.918197 0.027824 0.022259
0 0.400015 0.930183 0.062925 0.047943
0 0.411787 0.919053 0.019691 0.016266
0 0.385889 0.926116 0.022687 0.019263
0 0.401727 0.938316 0.025256 0.017979
0 0.475996 0.848851 0.025684 0.028252
0 0.455449 0.714011 0.030821 0.033389
0 0.467649 0.740122 0.017551 0.017123
0 0.617900 0.638671 0.038954 0.038526
0 0.751669 0.757887 0.053936 0.096314
0 0.705011 0.828090 0.034245 0.030393
0 0.704796 0.875391 0.045803 0.050512
0 0.569528 0.890501 0.104876 0.076623
0 0.544058 0.873807 0.023115 0.020975
0 0.582370 0.873165 0.020119 0.017979
0 0.590075 0.903985 0.034673 0.040238
0 0.557971 0.891571 0.027824 0.027396
0 0.811384 0.973760 0.020119 0.016266
0 0.935106 0.989448 0.028252 0.021104
0 0.326698 0.297290 0.017551 0.014982
0 0.284962 0.275459 0.015410 0.011558
0 0.288601 0.291083 0.026968 0.016266
0 0.304439 0.329823 0.073199 0.051796
0 0.320705 0.330251 0.020119 0.013270
0 0.288173 0.333890 0.026112 0.026540
0 0.285176 0.313985 0.026968 0.013270
0 0.012845 0.593321 0.024114 0.019941
0 0.007814 0.626710 0.015628 0.050547
0 0.938286 0.510121 0.010017 0.011686