0 0.069712 0.020305 0.072758 0.040609
0 0.207808 0.067924 0.074063 0.115543
0 0.144162 0.096447 0.032149 0.047377
0 0.025719 0.076142 0.025381 0.037225
0 0.030203 0.199662 0.060406 0.108291
0 0.085787 0.329103 0.077834 0.042301
0 0.106937 0.379019 0.001692 0.020305
0 0.419120 0.369712 0.057530 0.042301
0 0.469882 0.267343 0.057530 0.135364
0 0.352067 0.212715 0.048344 0.045927
0 0.373217 0.467126 0.059222 0.064056
0 0.411893 0.728185 0.095480 0.056804
0 0.458037 0.884941 0.047377 0.040609
0 0.085787 0.633672 0.040609 0.079526
0 0.225381 0.533841 0.042301 0.049069
0 0.246531 0.544839 0.037225 0.047377
0 0.180541 0.423012 0.006768 0.037225
0 0.040355 0.811337 0.080710 0.069374
0 0.020051 0.671743 0.040101 0.111675
0 0.440271 0.754653 0.001692 0.000000
0 0.347232 0.067078 0.033841 0.030215
0 0.266860 0.065265 0.015712 0.019338
0 0.371404 0.177061 0.043510 0.039884
0 0.732777 0.090041 0.033841 0.030215
0 0.741238 0.052574 0.033841 0.032632
0 0.921320 0.143220 0.038675 0.064056
0 0.947305 0.192773 0.054387 0.051970
0 0.984167 0.192773 0.021755 0.037467
0 0.846991 0.120256 0.020546 0.042301
0 0.717670 0.265893 0.066473 0.074934
0 0.847595 0.305173 0.050761 0.061639
0 0.905608 0.266497 0.060430 0.068891
0 0.968455 0.293087 0.048344 0.042301
0 0.897752 0.319072 0.025381 0.033841
0 0.775079 0.507614 0.029007 0.024172
0 0.880832 0.467730 0.035050 0.038675
0 0.313996 0.486464 0.056804 0.051970
0 0.308557 0.568044 0.053179 0.096688
0 0.361131 0.584361 0.061639 0.148658
0 0.420957 0.540851 0.026589 0.022964
0 0.427000 0.506406 0.041093 0.048344
0 0.456007 0.561397 0.033841 0.030215
0 0.433648 0.665942 0.047136 0.050761
0 0.479575 0.664129 0.013295 0.015712
0 0.286802 0.667150 0.036258 0.031424
0 0.266256 0.375876 0.026589 0.031424
0 0.490452 0.418177 0.022964 0.026589
0 0.560551 0.617597 0.049553 0.053179
0 0.724317 0.582548 0.053179 0.048344
0 0.886270 0.668359 0.055596 0.070099
0 0.976372 0.653855 0.047256 0.041093
0 0.970268 0.528161 0.032632 0.038675
0 0.026166 0.970147 0.052332 0.059705
0 0.112159 0.982234 0.037467 0.035532
0 0.178632 0.987068 0.037467 0.025864
0 0.177423 0.893159 0.049553 0.053179
0 0.182258 0.846024 0.015712 0.014503
0 0.207034 0.786802 0.014503 0.019338
0 0.272903 0.843002 0.044718 0.039884
0 0.338168 0.846024 0.061639 0.113609
0 0.397994 0.768069 0.038675 0.030215
0 0.379260 0.790428 0.022964 0.029007
0 0.703771 0.624849 0.029007 0.031424
0 0.759971 0.803723 0.015712 0.016920
0 0.889896 0.815204 0.048344 0.027798
0 0.857868 0.876843 0.068891 0.066473
0 0.828861 0.979816 0.066473 0.040367
0 0.465676 0.916727 0.038675 0.030215
0 0.991419 0.010273 0.009669 0.020546