0 0.054633 0.055325 0.074689 0.063624
0 0.152835 0.085754 0.047026 0.047026
0 0.192254 0.080221 0.026279 0.024896
0 0.297372 0.058091 0.045643 0.047026
0 0.120332 0.205394 0.042877 0.045643
0 0.423928 0.117566 0.091286 0.055325
0 0.493776 0.082988 0.017981 0.044260
0 0.451591 0.248963 0.038728 0.041494
0 0.575380 0.228907 0.023513 0.023513
0 0.764177 0.220609 0.055325 0.062241
0 0.570539 0.386584 0.105118 0.136929
0 0.414246 0.524896 0.066390 0.070539
0 0.449516 0.592669 0.070539 0.087137
0 0.298755 0.463347 0.056708 0.047026
0 0.240664 0.475104 0.031812 0.031812
0 0.190871 0.497925 0.065007 0.055325
0 0.053942 0.443292 0.067773 0.067773
0 0.087828 0.517289 0.080221 0.077455
0 0.033195 0.665284 0.045643 0.030429
0 0.139696 0.695021 0.087137 0.087137
0 0.079530 0.922545 0.044260 0.047026
0 0.190180 0.977178 0.035961 0.034578
0 0.262794 0.865837 0.034578 0.030429
0 0.349931 0.950207 0.128631 0.052559
0 0.522130 0.813278 0.113416 0.105118
0 0.545643 0.883817 0.066390 0.033195
0 0.830567 0.591978 0.044260 0.052559
0 0.790456 0.502075 0.019364 0.027663
0 0.867220 0.612725 0.015214 0.038728
0 0.899723 0.598893 0.024896 0.038728
0 0.872752 0.683264 0.040111 0.038728
0 0.975450 0.715076 0.049100 0.096819