0 0.149750 0.465776 0.020033 0.030050
0 0.151419 0.365609 0.026711 0.023372
0 0.007262 0.314691 0.014524 0.028381
0 0.062103 0.144407 0.025042 0.035058
0 0.214023 0.045910 0.031720 0.025042
0 0.469449 0.229549 0.021703 0.038397
0 0.247412 0.120200 0.035058 0.033389
0 0.502003 0.035893 0.046745 0.055092
0 0.825042 0.010017 0.028381 0.020033
0 0.946077 0.020033 0.053422 0.040066
0 0.765776 0.257930 0.023372 0.021703
0 0.932721 0.301336 0.046745 0.038397
0 0.940234 0.335559 0.051753 0.056761
0 0.789149 0.403172 0.053422 0.045075
0 0.638898 0.324708 0.036728 0.035058
0 0.628881 0.410684 0.023372 0.026711
0 0.567947 0.455760 0.035058 0.020033
0 0.576294 0.429048 0.031720 0.030050
0 0.840828 0.714368 0.037563 0.053214
0 0.653015 0.723758 0.045910 0.036519
0 0.694230 0.785319 0.021912 0.019825
0 0.416967 0.614489 0.018452 0.014059
0 0.415649 0.632941 0.021088 0.021088
0 0.529435 0.341227 0.023724 0.022845
0 0.826861 0.473465 0.021088 0.025481
0 0.837844 0.519594 0.014937 0.014059
0 0.828618 0.503339 0.031632 0.036025
0 0.812802 0.485326 0.014059 0.021088
0 0.498682 0.396143 0.036025 0.036025
0 0.500000 0.359239 0.035146 0.036025
0 0.485502 0.322335 0.014937 0.014937
0 0.509226 0.328925 0.048326 0.038661
0 0.362490 0.286882 0.021966 0.021966
0 0.384017 0.187154 0.024602 0.028117
0 0.297030 0.210438 0.042176 0.044812
0 0.323390 0.236359 0.049205 0.040418
0 0.373473 0.214832 0.021088 0.018452
0 0.368083 0.232240 0.031395 0.032181
0 0.369080 0.280731 0.057991 0.060627
0 0.339645 0.269308 0.039540 0.046569
0 0.623012 0.766892 0.021088 0.014059
0 0.663870 0.826202 0.018452 0.021966
0 0.644539 0.798085 0.027238 0.023724
0 0.617740 0.791495 0.033389 0.036904
0 0.434979 0.887180 0.033389 0.028996
0 0.495607 0.952201 0.014059 0.014937
0 0.620815 0.912661 0.018452 0.016694
0 0.733284 0.961866 0.014937 0.013180
0 0.722740 0.971971 0.018452 0.017573
0 0.122769 0.777321 0.019905 0.015410
0 0.115064 0.797547 0.034031 0.031463
0 0.163542 0.825478 0.082188 0.043663
0 0.018107 0.913124 0.026326 0.025042
0 0.018428 0.914088 0.011558 0.012842
0 0.046680 0.912482 0.017979 0.010916
0 0.032875 0.932066 0.044305 0.041094
0 0.021960 0.955503 0.025042 0.018621
0 0.027514 0.982728 0.055028 0.034544
0 0.006870 0.981187 0.011558 0.014768
0 0.083280 0.645017 0.012842 0.016694
0 0.037691 0.663317 0.046231 0.052010
0 0.010402 0.596539 0.016052 0.014768
0 0.010177 0.608418 0.020354 0.019263
0 0.020354 0.629607 0.019263 0.015410
0 0.058559 0.632818 0.026326 0.016694
0 0.072364 0.669096 0.023115 0.021189
0 0.067548 0.648870 0.012200 0.016694
0 0.004077 0.642770 0.008154 0.055862
0 0.442211 0.958392 0.025684 0.025684
0 0.416528 0.949403 0.041094 0.042378
0 0.453127 0.973481 0.011558 0.010916
0 0.364839 0.996533 0.028894 0.006934
0 0.679145 0.968345 0.017979 0.017337
0 0.649929 0.947798 0.014768 0.012200
0 0.569346 0.989791 0.016694 0.020418
0 0.596635 0.987864 0.031463 0.024271
0 0.648003 0.969950 0.021189 0.019263
0 0.632914 0.967382 0.015410 0.014126
0 0.615898 0.958713 0.053294 0.060999
0 0.659561 0.962245 0.032747 0.030821
0 0.656671 0.985296 0.041094 0.029408
0 0.682676 0.995570 0.018621 0.008860
0 0.934442 0.924361 0.029536 0.025684
0 0.935726 0.939129 0.019263 0.012842
0 0.919674 0.911519 0.020547 0.035957
0 0.844228 0.907025 0.017337 0.023115
0 0.862848 0.907346 0.030179 0.036599
0 0.899448 0.896109 0.016052 0.015410
0 0.888532 0.893862 0.019905 0.027610
0 0.898164 0.916014 0.023758 0.025684
0 0.892064 0.930140 0.017979 0.014126
0 0.880827 0.921151 0.026326 0.030821
0 0.945037 0.331972 0.013484 0.016052
0 0.775202 0.386887 0.017979 0.017337
0 0.629768 0.319146 0.014768 0.010274
0 0.632978 0.411286 0.013484 0.014768
0 0.881148 0.525427 0.016694 0.014768
0 0.883716 0.510338 0.016694 0.015410
0 0.880185 0.601836 0.021189 0.028894
0 0.881790 0.580005 0.014126 0.013484
0 0.886606 0.566842 0.031463 0.028252
0 0.898485 0.537627 0.025684 0.025042
0 0.893027 0.522217 0.018621 0.030179
0 0.907474 0.548221 0.014126 0.016694
0 0.899448 0.554321 0.035315 0.018621
0 0.264107 0.781302 0.025042 0.020033
0 0.429709 0.623644 0.013216 0.015303