0 0.488024 0.499129 0.022501 0.021050
0 0.510888 0.495863 0.013065 0.017420
0 0.502903 0.370654 0.058068 0.047180
0 0.623394 0.327829 0.053713 0.028308
0 0.604522 0.410576 0.042099 0.045728
0 0.624120 0.452312 0.040647 0.024679
0 0.776185 0.363396 0.023953 0.019598
0 0.865827 0.290811 0.030486 0.031211
0 0.910830 0.254881 0.014517 0.017420
0 0.944226 0.306054 0.027598 0.021050
0 0.929520 0.512194 0.021050 0.028308
0 0.879800 0.514735 0.031937 0.034841
0 0.793061 0.511105 0.042825 0.020324
0 0.786891 0.451223 0.020324 0.018146
0 0.693257 0.528526 0.026131 0.024679
0 0.635552 0.527074 0.016694 0.014517
0 0.580025 0.573891 0.027582 0.019598
0 0.638455 0.601111 0.015243 0.015969
0 0.712492 0.613813 0.015243 0.021050
0 0.734267 0.635225 0.015243 0.015969
0 0.692894 0.647565 0.047180 0.039196
0 0.942223 0.605466 0.030486 0.030486
0 0.939319 0.622886 0.024679 0.023227
0 0.948755 0.661719 0.027582 0.025405
0 0.782899 0.760797 0.041373 0.045003
0 0.633012 0.749183 0.029034 0.021775
0 0.571315 0.686398 0.008710 0.019598
0 0.534659 0.623975 0.022501 0.026856
0 0.438847 0.573528 0.026856 0.024679
0 0.431589 0.545220 0.054439 0.040647
0 0.340495 0.587682 0.015969 0.019598
0 0.386586 0.615265 0.026856 0.026856
0 0.293315 0.590586 0.034841 0.026856
0 0.278798 0.523808 0.023227 0.022501
0 0.300210 0.654097 0.035567 0.031937
0 0.288960 0.765515 0.014517 0.013791
0 0.355375 0.752813 0.010888 0.014517
0 0.437759 0.836648 0.024679 0.016694
0 0.547362 0.892901 0.050809 0.024679
0 0.599260 0.848987 0.060245 0.050083
0 0.640270 0.811243 0.020324 0.021050
0 0.720476 0.878747 0.034115 0.044277
0 0.771648 0.864956 0.015969 0.013791
0 0.514335 0.731763 0.028308 0.021775
0 0.482761 0.786202 0.027582 0.023227
0 0.456631 0.729586 0.020324 0.020324
0 0.454090 0.676599 0.029760 0.029034
0 0.466067 0.702729 0.043551 0.030486
0 0.326014 0.852516 0.030050 0.034820
0 0.292863 0.873742 0.014310 0.019079
0 0.341277 0.934319 0.032912 0.032435
0 0.232286 0.991724 0.034343 0.016551
0 0.185541 0.915717 0.024803 0.025757
0 0.113040 0.986311 0.017171 0.012402
0 0.101115 0.955306 0.006678 0.011448
0 0.068680 0.994348 0.018125 0.011304
0 0.193412 0.772383 0.021464 0.012879
0 0.229663 0.767851 0.010017 0.007632
0 0.160023 0.648128 0.035774 0.038159
0 0.203190 0.624279 0.014310 0.011448
0 0.170755 0.583019 0.036251 0.018602
0 0.074404 0.581827 0.033389 0.039113
0 0.123056 0.522204 0.020033 0.014310
0 0.161454 0.495015 0.018602 0.016218
0 0.145475 0.438493 0.033389 0.041498
0 0.074404 0.438493 0.020033 0.017648
0 0.245642 0.386024 0.016218 0.016694
0 0.232047 0.375531 0.007155 0.010017
0 0.327922 0.383401 0.038636 0.034343
0 0.321244 0.341903 0.020510 0.014310
0 0.380628 0.332602 0.025757 0.017648
0 0.401854 0.298021 0.010971 0.009540
0 0.324344 0.271071 0.038159 0.041498
0 0.322198 0.230289 0.019556 0.023849
0 0.306219 0.210732 0.021941 0.018125
0 0.349863 0.187360 0.027188 0.022895
0 0.381582 0.212879 0.033389 0.032912
0 0.468871 0.178774 0.034343 0.022895
0 0.499398 0.192845 0.026711 0.020510
0 0.545904 0.207393 0.025280 0.021941
0 0.473641 0.225042 0.018125 0.027665
0 0.470779 0.118769 0.034343 0.027665
0 0.423796 0.058192 0.015741 0.019079
0 0.380151 0.014787 0.024803 0.029573
0 0.273784 0.034581 0.023849 0.021464
0 0.161215 0.097305 0.018125 0.017171
0 0.085374 0.130456 0.020033 0.014787
0 0.099684 0.191033 0.020987 0.025280
0 0.190550 0.174338 0.014787 0.016694
0 0.277838 0.168376 0.026234 0.039113
0 0.213207 0.203196 0.014310 0.017171
0 0.106123 0.282375 0.011925 0.011448
0 0.097776 0.283329 0.010494 0.008586
0 0.169324 0.294777 0.026711 0.020033
0 0.085136 0.314810 0.024326 0.020987
0 0.048408 0.288576 0.009063 0.012402
0 0.062241 0.245886 0.020510 0.024326
0 0.526824 0.071786 0.020510 0.013833
0 0.558544 0.065109 0.020033 0.014787
0 0.583586 0.080372 0.014787 0.013833
0 0.531833 0.094920 0.015264 0.017171
0 0.687330 0.131886 0.036251 0.052945
0 0.631046 0.205819 0.032435 0.029096
0 0.639393 0.236346 0.027188 0.029096
0 0.570469 0.020272 0.019079 0.026234
0 0.926544 0.145242 0.020987 0.022418
0 0.988791 0.161460 0.022418 0.050083
0 0.901264 0.043644 0.018125 0.020510
0 0.870737 0.085619 0.024803 0.028142
0 0.841402 0.201526 0.024326 0.028142
0 0.902456 0.199380 0.033866 0.030527
0 0.782495 0.225614 0.015264 0.020033
0 0.752922 0.240878 0.014310 0.012402
0 0.914381 0.765323 0.041498 0.049130
0 0.971619 0.793704 0.021464 0.027665
0 0.935845 0.869067 0.033866 0.038159
0 0.854042 0.983616 0.036251 0.032768
0 0.755545 0.916194 0.014787 0.016218
0 0.676842 0.124493 0.013833 0.027665
0 0.038970 0.039590 0.013356 0.007632
0 0.037062 0.008109 0.012402 0.012402
0 0.029668 0.024565 0.021464 0.024326
0 0.013761 0.039113 0.027522 0.027665
0 0.040878 0.150250 0.010494 0.013356
0 0.033484 0.187217 0.012879 0.016694
0 0.213785 0.315287 0.040544 0.045791
0 0.223325 0.276175 0.008109 0.010494
0 0.011138 0.625805 0.022275 0.032435
0 0.004698 0.686621 0.009396 0.030050
0 0.027522 0.993155 0.014310 0.013689
0 0.002790 0.990126 0.005580 0.015264
0 0.424374 0.882089 0.013356 0.024326
0 0.412449 0.879227 0.014310 0.010971
0 0.428190 0.864679 0.062962 0.036251
0 0.103691 0.869103 0.014840 0.017313