0 0.460978 0.503541 0.012816 0.008769
0 0.434334 0.501855 0.012142 0.014840
0 0.542934 0.495447 0.009444 0.008769
0 0.553120 0.475229 0.006837 0.009571
0 0.560412 0.462240 0.005925 0.005469
0 0.507999 0.462468 0.013217 0.007748
0 0.483615 0.446060 0.005469 0.005925
0 0.474956 0.452441 0.006381 0.004102
0 0.465157 0.442642 0.005013 0.006381
0 0.422998 0.430792 0.008204 0.006381
0 0.507315 0.387494 0.007292 0.009115
0 0.518937 0.405724 0.006837 0.005469
0 0.510278 0.407092 0.003190 0.006381
0 0.591860 0.397065 0.009571 0.007292
0 0.572490 0.405952 0.004558 0.005925
0 0.598924 0.454264 0.004558 0.006837
0 0.625359 0.482749 0.006381 0.004558
0 0.577959 0.533339 0.010027 0.008204
0 0.490452 0.529693 0.009115 0.009115
0 0.473133 0.547696 0.008204 0.008660
0 0.507315 0.557951 0.006381 0.007292
0 0.499795 0.598742 0.009571 0.005925
0 0.491363 0.616061 0.006381 0.005925
0 0.433253 0.382936 0.007748 0.007292
0 0.397931 0.394330 0.008204 0.008204
0 0.388588 0.500524 0.007748 0.006381
0 0.373319 0.470443 0.007292 0.004558
0 0.432569 0.482066 0.006381 0.005013
0 0.485210 0.481610 0.005013 0.006837
0 0.515291 0.499840 0.006837 0.004102
0 0.612597 0.529010 0.006381 0.004102
0 0.383574 0.576865 0.005925 0.005925
0 0.415022 0.541315 0.006837 0.005925
0 0.402261 0.549519 0.006837 0.005013
0 0.349164 0.547924 0.008204 0.009115
0 0.446242 0.594412 0.007292 0.006381
0 0.435987 0.595552 0.007748 0.005925
0 0.446242 0.609681 0.007292 0.005925
0 0.424137 0.618340 0.008660 0.005013
0 0.536256 0.410738 0.007748 0.006381
0 0.527825 0.416891 0.006381 0.005925
0 0.605761 0.420537 0.009115 0.009571
0 0.621257 0.395014 0.005469 0.005925
0 0.595962 0.411422 0.005925 0.007748
0 0.688939 0.377695 0.006837 0.008660
0 0.685748 0.415979 0.005013 0.007748
0 0.702156 0.413700 0.005013 0.006837
0 0.678684 0.428285 0.008204 0.005013
0 0.704890 0.444920 0.005925 0.008204
0 0.676405 0.457910 0.006381 0.004102
0 0.529857 0.434298 0.009080 0.005189
0 0.489428 0.381762 0.006918 0.006486
0 0.488779 0.392788 0.005621 0.008648
0 0.479267 0.402949 0.004756 0.004756
0 0.441216 0.405760 0.005621 0.009513
0 0.373546 0.431271 0.007783 0.008648
0 0.358412 0.425650 0.006918 0.009513
0 0.346521 0.472997 0.011675 0.014269
0 0.428028 0.573961 0.008648 0.010377
0 0.390193 0.475375 0.008216 0.008648
0 0.464349 0.389329 0.015566 0.011242
0 0.472781 0.400355 0.003027 0.004756
0 0.578501 0.424569 0.005189 0.005621
0 0.518831 0.439486 0.010377 0.006918
0 0.518398 0.428460 0.010377 0.010810
0 0.597743 0.488131 0.008216 0.008216
0 0.592987 0.493752 0.009945 0.009080
0 0.562287 0.524236 0.011675 0.012972
0 0.576339 0.439486 0.007783 0.005189
0 0.580015 0.431919 0.009080 0.006486
0 0.561422 0.359926 0.005621 0.004324
0 0.527695 0.361871 0.005621 0.005621
0 0.561854 0.316686 0.009945 0.005189
0 0.536991 0.322956 0.010377 0.009080
0 0.427595 0.356899 0.006054 0.004324
0 0.467808 0.359493 0.005189 0.004324
0 0.426082 0.068318 0.009080 0.009513
0 0.394301 0.060968 0.010377 0.010377
0 0.383275 0.060752 0.008216 0.010810
0 0.351710 0.095559 0.005621 0.006918
0 0.360142 0.059671 0.010377 0.012107
0 0.371168 0.045834 0.009080 0.007783
0 0.365547 0.039564 0.005621 0.005621
0 0.341765 0.033727 0.009945 0.006054
0 0.501967 0.055995 0.006054 0.008216
0 0.566178 0.112207 0.007351 0.007351
0 0.508237 0.134691 0.009945 0.008216
0 0.501535 0.101829 0.025944 0.023782
0 0.421758 0.124962 0.006486 0.006918
0 0.424785 0.131016 0.009080 0.006054
0 0.515155 0.173174 0.007351 0.006486
0 0.459593 0.168418 0.009513 0.009080
0 0.465862 0.132529 0.009945 0.006486
0 0.487482 0.124530 0.009080 0.007783
0 0.472781 0.098154 0.005621 0.005189
0 0.560989 0.163013 0.007351 0.007783
0 0.562287 0.187659 0.007351 0.007783
0 0.594284 0.174904 0.011675 0.010810
0 0.599689 0.147231 0.006054 0.007351
0 0.578934 0.162581 0.006918 0.006918
0 0.562287 0.213819 0.006486 0.005621
0 0.613309 0.206469 0.005621 0.007351
0 0.599689 0.210576 0.006054 0.008648
0 0.571583 0.226143 0.008648 0.006918
0 0.582825 0.184633 0.006054 0.005189
0 0.581528 0.191983 0.012972 0.009513
0 0.679249 0.123016 0.009513 0.008216
0 0.634064 0.104640 0.009080 0.005189
0 0.631470 0.110693 0.007351 0.008648
0 0.619363 0.062049 0.003892 0.007351
0 0.673412 0.091884 0.003892 0.007351
0 0.668223 0.081939 0.005621 0.003892
0 0.657413 0.051239 0.008216 0.003892
0 0.626930 0.089073 0.005189 0.004324
0 0.642928 0.067237 0.008648 0.004756
0 0.646820 0.075453 0.010377 0.012539
0 0.510832 0.200199 0.005621 0.005189
0 0.480780 0.187443 0.010377 0.008216
0 0.373330 0.128638 0.007351 0.009945
0 0.347386 0.146150 0.006486 0.004324
0 0.609201 0.103126 0.005189 0.005621
0 0.572448 0.149609 0.013837 0.010377
0 0.564448 0.130799 0.004756 0.005621
0 0.572448 0.135988 0.010377 0.009945
0 0.581744 0.125827 0.010810 0.007783
0 0.584555 0.134907 0.012107 0.010377
0 0.623038 0.244519 0.007783 0.005621
0 0.620660 0.254681 0.007351 0.006918
0 0.663467 0.243438 0.009945 0.006918
0 0.627362 0.273922 0.004324 0.005621
0 0.644442 0.274138 0.005621 0.004324
0 0.613742 0.284084 0.004756 0.006918
0 0.631902 0.290353 0.009080 0.009945
0 0.623470 0.298569 0.005189 0.008216
0 0.604445 0.297488 0.008648 0.009513
0 0.666710 0.299217 0.005189 0.004324
0 0.664116 0.281489 0.008648 0.006054
0 0.666494 0.286029 0.004756 0.007351
0 0.708652 0.276733 0.010377 0.009513
0 0.660008 0.323215 0.009945 0.008216
0 0.693518 0.315432 0.006054 0.007351
0 0.694599 0.340079 0.007351 0.008216
0 0.684438 0.336836 0.006054 0.005189
0 0.687681 0.327755 0.009080 0.008648
0 0.683573 0.321486 0.009513 0.008216
0 0.621525 0.350672 0.011675 0.012107
0 0.438622 0.330134 0.009080 0.009080
0 0.449648 0.306136 0.010377 0.006054
0 0.463917 0.286029 0.006918 0.003892
0 0.538721 0.277814 0.005189 0.005621
0 0.511696 0.346997 0.004756 0.007351
0 0.514939 0.335971 0.017296 0.025079
0 0.525317 0.336836 0.007783 0.015566
0 0.363817 0.361050 0.013404 0.008648
0 0.387599 0.352402 0.006486 0.004324
0 0.357331 0.293596 0.012539 0.010377
0 0.373114 0.290137 0.009513 0.007783
0 0.347602 0.315432 0.006054 0.005621
0 0.397328 0.267220 0.006054 0.006054
0 0.456566 0.220738 0.010377 0.011675
0 0.447486 0.220954 0.006918 0.006918
0 0.491374 0.217495 0.005621 0.005189
0 0.497427 0.229169 0.016863 0.011242
0 0.482726 0.254032 0.004756 0.003027
0 0.442729 0.249708 0.006918 0.005621
0 0.420461 0.229169 0.006486 0.006918
0 0.433865 0.145933 0.009945 0.007351
0 0.401003 0.131016 0.016863 0.008648
0 0.405327 0.137718 0.028970 0.015999
0 0.412894 0.164526 0.049293 0.045401
0 0.434730 0.679293 0.011675 0.007783
0 0.451810 0.650106 0.008648 0.008216
0 0.369222 0.717343 0.009513 0.009513
0 0.372681 0.759718 0.006054 0.006918
0 0.351278 0.766853 0.006486 0.004756
0 0.400138 0.848575 0.011675 0.009080
0 0.399274 0.812470 0.012539 0.009513
0 0.381762 0.812470 0.008648 0.008648
0 0.435162 0.803822 0.008216 0.010377
0 0.453323 0.789337 0.006486 0.003027
0 0.470403 0.793229 0.006054 0.005621
0 0.385437 0.778960 0.007351 0.010810
0 0.350413 0.826523 0.005621 0.008216
0 0.339819 0.779176 0.006918 0.006054
0 0.453107 0.823713 0.006918 0.006918
0 0.517750 0.824361 0.005621 0.004756
0 0.531154 0.815281 0.006486 0.005621
0 0.500670 0.804903 0.006054 0.005621
0 0.484672 0.812038 0.006918 0.006054
0 0.491374 0.796688 0.010810 0.008216
0 0.487266 0.781986 0.010377 0.012539
0 0.525749 0.734639 0.009513 0.010377
0 0.485320 0.754529 0.008216 0.005189
0 0.494833 0.741557 0.006486 0.005189
0 0.453323 0.761102 0.008216 0.006226
0 0.425001 0.758853 0.006054 0.005189
0 0.376789 0.660916 0.003892 0.006486
0 0.362520 0.661564 0.012539 0.009513
0 0.367709 0.617460 0.009945 0.007783
0 0.364898 0.610542 0.009513 0.006918
0 0.397328 0.655511 0.006054 0.007783
0 0.473213 0.649025 0.009080 0.006918
0 0.476024 0.657457 0.009513 0.006486
0 0.466727 0.667186 0.007351 0.005189
0 0.485104 0.680590 0.008648 0.006054
0 0.479915 0.693345 0.007783 0.008216
0 0.449648 0.733558 0.012972 0.009080
0 0.467376 0.725775 0.008648 0.008216
0 0.470186 0.746746 0.010810 0.012107
0 0.483591 0.710425 0.009080 0.008648
0 0.479050 0.718424 0.013837 0.008216
0 0.485320 0.729018 0.004756 0.004324
0 0.490077 0.719505 0.011675 0.010377
0 0.494400 0.704155 0.017728 0.026376
0 0.412029 0.802525 0.007783 0.007783
0 0.442297 0.853548 0.005189 0.009513
0 0.380464 0.895663 0.006918 0.006918
0 0.381113 0.952955 0.018593 0.010810
0 0.440784 0.975656 0.015134 0.007783
0 0.399057 0.993384 0.012107 0.008648
0 0.380464 0.991655 0.006918 0.007783
0 0.348900 0.984304 0.011242 0.006054
0 0.366628 0.980629 0.019890 0.020323
0 0.354737 0.958360 0.010810 0.006918
0 0.341333 0.968522 0.010810 0.006486
0 0.346521 0.955766 0.026376 0.023349
0 0.364898 0.887664 0.020755 0.018593
0 0.336793 0.886367 0.007783 0.010810
0 0.359709 0.796428 0.006918 0.005621
0 0.369871 0.788213 0.014269 0.013404
0 0.418083 0.767674 0.010377 0.006918
0 0.411164 0.784538 0.012972 0.012972
0 0.434298 0.778268 0.025511 0.020323
0 0.557746 0.798374 0.006054 0.006054
0 0.495914 0.866909 0.010377 0.005621
0 0.517750 0.859126 0.008216 0.004756
0 0.507589 0.862585 0.006054 0.007351
0 0.459809 0.896312 0.007351 0.012539
0 0.454836 0.923336 0.010377 0.007783
0 0.427595 0.904527 0.008648 0.010810
0 0.398193 0.931552 0.005189 0.007783
0 0.397328 0.896312 0.007783 0.005621
0 0.415921 0.885934 0.012107 0.011675
0 0.412678 0.898906 0.008216 0.009080
0 0.748203 0.713544 0.005769 0.006657
0 0.767729 0.698899 0.007544 0.010207
0 0.779711 0.687583 0.008432 0.008875
0 0.736665 0.699121 0.008432 0.007988
0 0.727567 0.699121 0.005325 0.004438
0 0.734446 0.687139 0.005769 0.004438
0 0.756634 0.654744 0.011094 0.010651
0 0.702050 0.686696 0.010207 0.010651
0 0.695837 0.726192 0.005769 0.007988
0 0.683856 0.731739 0.006657 0.005769
0 0.723129 0.732626 0.007100 0.010207
0 0.724461 0.765909 0.013313 0.006657
0 0.703382 0.779444 0.011094 0.009763
0 0.682302 0.771456 0.005325 0.007100
0 0.664995 0.792092 0.007100 0.007544
0 0.728455 0.821381 0.010651 0.007544
0 0.746206 0.790095 0.007100 0.007100
0 0.761960 0.797639 0.009319 0.005325
0 0.733558 0.795198 0.006657 0.004882
0 0.696947 0.792758 0.006213 0.008875
0 0.686740 0.786323 0.012426 0.020857
0 0.667880 0.829591 0.010207 0.011538
0 0.669877 0.837801 0.007100 0.005769
0 0.653457 0.822047 0.006213 0.006213
0 0.661889 0.810730 0.023076 0.026183
0 0.727567 0.881424 0.005325 0.005325
0 0.717139 0.871661 0.011982 0.007100
0 0.748425 0.869664 0.007988 0.007544
0 0.788364 0.840153 0.007100 0.008875
0 0.756191 0.932680 0.008432 0.008432
0 0.810109 0.947546 0.011538 0.013313
0 0.842061 0.928020 0.010651 0.009763
0 0.694284 0.942886 0.009763 0.009319
0 0.670986 0.960637 0.008432 0.006657
0 0.651238 0.973285 0.007988 0.005325
0 0.630825 0.949099 0.007988 0.009319
0 0.617955 0.924692 0.007988 0.010207
0 0.661223 0.890743 0.006657 0.004438
0 0.673649 0.896734 0.005769 0.007544
0 0.677643 0.882755 0.006657 0.007100
0 0.681637 0.891852 0.008432 0.004882
0 0.696281 0.877208 0.014645 0.020857
0 0.666548 0.930017 0.016420 0.014645
0 0.700941 0.982382 0.013313 0.007544
0 0.720689 0.988595 0.010207 0.005769
0 0.771501 0.957975 0.006213 0.004882
0 0.786824 0.964218 0.003968 0.003933
0 0.797905 0.971732 0.010207 0.005769
0 0.833407 0.974616 0.007544 0.007100
0 0.852933 0.961747 0.008432 0.008875
0 0.777936 0.921807 0.013757 0.013313
0 0.761738 0.908938 0.011538 0.009763
0 0.755525 0.916704 0.013313 0.012869
0 0.732671 0.903390 0.011982 0.021745
0 0.719136 0.900062 0.009763 0.017751
0 0.743543 0.859457 0.016863 0.011094
0 0.828526 0.847919 0.019970 0.015532
0 0.833185 0.880536 0.004438 0.007100
0 0.842948 0.887193 0.017751 0.016863
0 0.843392 0.899175 0.006213 0.007988
0 0.828082 0.900062 0.013757 0.010651
0 0.834517 0.905166 0.011538 0.016420
0 0.844058 0.772033 0.008432 0.012869
0 0.882666 0.745407 0.008432 0.007544
0 0.901970 0.738085 0.006213 0.005325
0 0.905077 0.716562 0.008875 0.006657
0 0.866690 0.729653 0.014645 0.009763
0 0.847386 0.748735 0.009763 0.008875
0 0.816544 0.756501 0.007544 0.006657
0 0.819872 0.763380 0.009763 0.007988
0 0.847608 0.710349 0.013757 0.010207
0 0.849827 0.678841 0.008432 0.006657
0 0.897976 0.635351 0.012426 0.007544
0 0.871128 0.607393 0.009319 0.009319
0 0.817431 0.570560 0.005769 0.004882
0 0.815434 0.603177 0.010651 0.005325
0 0.729786 0.580101 0.011538 0.007100
0 0.718026 0.564347 0.006657 0.005769
0 0.736221 0.556359 0.005769 0.005769
0 0.741324 0.545043 0.007100 0.007100
0 0.761516 0.520192 0.013757 0.010651
0 0.815656 0.524629 0.013757 0.008875
0 0.841395 0.514645 0.004882 0.003994
0 0.863584 0.507100 0.017307 0.011982
0 0.918612 0.498003 0.007544 0.005325
0 0.932147 0.456288 0.006213 0.007100
0 0.857149 0.531508 0.008875 0.011094
0 0.874900 0.522632 0.012426 0.011982
0 0.838733 0.552587 0.007544 0.007988
0 0.787920 0.561906 0.022189 0.019526
0 0.756191 0.568119 0.005769 0.003550
0 0.767285 0.567676 0.011094 0.015088
0 0.759075 0.584095 0.007988 0.015088
0 0.739771 0.588533 0.007544 0.005325
0 0.803009 0.614050 0.006213 0.003994
0 0.732893 0.630691 0.008875 0.007100
0 0.705600 0.630913 0.007544 0.005769
0 0.663442 0.606506 0.010207 0.007544
0 0.637481 0.587202 0.010651 0.010651
0 0.641697 0.549925 0.011094 0.007100
0 0.620174 0.541049 0.010651 0.007100
0 0.604198 0.584095 0.006213 0.010651
0 0.602423 0.598296 0.004438 0.007100
0 0.630603 0.626697 0.010207 0.010651
0 0.635706 0.666859 0.016863 0.016420
0 0.602423 0.661977 0.007100 0.006657
0 0.608636 0.683722 0.005325 0.007544
0 0.620174 0.684388 0.015088 0.015976
0 0.605529 0.726768 0.008875 0.004882
0 0.581122 0.725659 0.010651 0.009763
0 0.595766 0.708130 0.007988 0.007544
0 0.580456 0.702361 0.018195 0.012869
0 0.640588 0.756501 0.005325 0.005769
0 0.627052 0.762492 0.007544 0.013313
0 0.626609 0.777359 0.009319 0.007544
0 0.605308 0.772255 0.015532 0.007100
0 0.613074 0.756279 0.014201 0.014201
0 0.601092 0.750067 0.015088 0.019526
0 0.674314 0.655321 0.008875 0.006657
0 0.675868 0.640898 0.008432 0.010651
0 0.684077 0.649108 0.017751 0.013757
0 0.714920 0.648442 0.012869 0.010651
0 0.702938 0.660646 0.026183 0.024408
0 0.749756 0.996184 0.014201 0.007632
0 0.654788 0.982826 0.007100 0.004882
0 0.635484 0.978166 0.005769 0.007988
0 0.591107 0.887415 0.011982 0.009319
0 0.582453 0.904944 0.007988 0.007988
0 0.570693 0.886971 0.006657 0.008432
0 0.603089 0.841706 0.005769 0.011094
0 0.612408 0.832830 0.007544 0.008432
0 0.624834 0.829502 0.009319 0.008875
0 0.634818 0.809532 0.011538 0.008875
0 0.633709 0.821070 0.011982 0.010651
0 0.611520 0.821292 0.013757 0.011094
0 0.611520 0.804651 0.010207 0.012426
0 0.591107 0.826618 0.009319 0.014645
0 0.584672 0.803541 0.007100 0.005769
0 0.595766 0.805538 0.009763 0.013313
0 0.587778 0.853466 0.010651 0.007988
0 0.597763 0.868776 0.011982 0.005769
0 0.589554 0.866335 0.015088 0.015976
0 0.715585 0.467383 0.011538 0.007988
0 0.742877 0.462279 0.006657 0.005769
0 0.720245 0.494231 0.006657 0.004882
0 0.780598 0.460726 0.009319 0.005325
0 0.778601 0.468270 0.009763 0.009763
0 0.743543 0.504660 0.007988 0.004438
0 0.749312 0.497559 0.010651 0.009763
0 0.771057 0.445194 0.007100 0.006213
0 0.781486 0.442753 0.010207 0.009319
0 0.770391 0.424337 0.008432 0.007100
0 0.733780 0.407917 0.010651 0.008875
0 0.746650 0.365315 0.006213 0.007100
0 0.735111 0.279223 0.007988 0.007100
0 0.718026 0.281441 0.008432 0.005325
0 0.711369 0.292314 0.012869 0.012869
0 0.731339 0.257921 0.009319 0.009763
0 0.819428 0.210216 0.007100 0.008432
0 0.834739 0.202006 0.008432 0.007988
0 0.854043 0.218425 0.007100 0.004438
0 0.852711 0.164951 0.010651 0.006657
0 0.863140 0.143871 0.010207 0.005325
0 0.826973 0.111920 0.008875 0.007988
0 0.803231 0.101935 0.014645 0.009319
0 0.820760 0.088844 0.007988 0.006213
0 0.837623 0.063903 0.008875 0.007100
0 0.853155 0.054806 0.007988 0.008432
0 0.874678 0.073445 0.010207 0.011094
0 0.873347 0.096521 0.008432 0.008432
0 0.919056 0.124257 0.011094 0.005325
0 0.935475 0.122260 0.008432 0.007544
0 0.933256 0.034836 0.005769 0.011982
0 0.928153 0.065457 0.009763 0.008432
0 0.914174 0.054362 0.011982 0.009319
0 0.759741 0.096077 0.010207 0.006657
0 0.749978 0.093193 0.008432 0.004438
0 0.633931 0.187051 0.009763 0.006657
0 0.698722 0.181725 0.006213 0.006657
0 0.681415 0.178619 0.006213 0.007544
0 0.692287 0.176400 0.009319 0.009319
0 0.750643 0.219224 0.007100 0.007988
0 0.737552 0.210571 0.006657 0.004882
0 0.733780 0.199698 0.006213 0.004438
0 0.726458 0.220112 0.005769 0.004438
0 0.756413 0.257833 0.007988 0.008875
0 0.744874 0.234091 0.007988 0.003994
0 0.783705 0.254726 0.005769 0.006213
0 0.790139 0.239860 0.005325 0.006657
0 0.800124 0.229875 0.007544 0.007100
0 0.803009 0.366113 0.007988 0.007100
0 0.769282 0.352135 0.003550 0.003994
0 0.799459 0.404278 0.007988 0.003550
0 0.789696 0.403612 0.007988 0.006657
0 0.796352 0.395403 0.015088 0.012426
0 0.834073 0.409159 0.012426 0.010651
0 0.778601 0.388524 0.011538 0.013757
0 0.853821 0.459750 0.008432 0.007100
0 0.874013 0.401393 0.011538 0.012869
0 0.875122 0.384086 0.005769 0.006657
0 0.852933 0.426689 0.020857 0.016420
0 0.905964 0.594435 0.031952 0.027958
0 0.933922 0.584228 0.004438 0.005769
0 0.939247 0.580900 0.009763 0.011538
0 0.915727 0.572912 0.009763 0.004438
0 0.866025 0.589110 0.010651 0.009319
0 0.855596 0.576906 0.008432 0.008875
0 0.866912 0.571803 0.014201 0.020857
0 0.887326 0.550280 0.005325 0.006213
0 0.883776 0.575575 0.005325 0.007100
0 0.881557 0.568474 0.016863 0.010651
0 0.917059 0.803098 0.007988 0.006657
0 0.897755 0.818186 0.005769 0.004882
0 0.927487 0.867223 0.007544 0.008875
0 0.931259 0.827283 0.006213 0.007100
0 0.921053 0.829280 0.007988 0.008432
0 0.911955 0.822180 0.013757 0.011982
0 0.910624 0.831277 0.009319 0.009763
0 0.915284 0.771368 0.007100 0.006213
0 0.911068 0.781353 0.010207 0.012869
0 0.937472 0.744298 0.004438 0.007100
0 0.927044 0.732316 0.007544 0.006213
0 0.920165 0.727656 0.007100 0.007544
0 0.934366 0.685941 0.011538 0.015532
0 0.664329 0.449188 0.016420 0.010651
0 0.816988 0.393494 0.011094 0.015532
0 0.810997 0.343126 0.008875 0.008875
0 0.795908 0.302521 0.007100 0.009319
0 0.804562 0.285879 0.009319 0.007100
0 0.814547 0.267906 0.005325 0.006657
0 0.824310 0.268794 0.010651 0.009319
0 0.820094 0.257478 0.008432 0.007100
0 0.804562 0.248158 0.009319 0.006213
0 0.804562 0.253484 0.010207 0.011538
0 0.862031 0.234845 0.004438 0.006213
0 0.872238 0.232626 0.009763 0.008875
0 0.887548 0.231961 0.011094 0.007544
0 0.900639 0.207997 0.010651 0.008432
0 0.888879 0.201118 0.006657 0.005325
0 0.902636 0.164063 0.010207 0.007544
0 0.890876 0.156519 0.005325 0.007544
0 0.881557 0.181814 0.010651 0.010207
0 0.929789 0.200174 0.016585 0.007214
0 0.735555 0.133665 0.008875 0.010651
0 0.747759 0.104509 0.009319 0.005769
0 0.813216 0.050590 0.007100 0.006213
0 0.723351 0.080101 0.010207 0.007544
0 0.704713 0.096299 0.014645 0.013313
0 0.827416 0.807225 0.017751 0.015976
0 0.831188 0.794799 0.013757 0.010651
0 0.889767 0.760185 0.017307 0.015976
0 0.877785 0.769504 0.014645 0.015088
0 0.792358 0.893539 0.021301 0.019082
0 0.816544 0.886216 0.016420 0.017751
0 0.810553 0.858924 0.025739 0.029733
0 0.181015 0.936230 0.008875 0.012869
0 0.232937 0.939558 0.011538 0.007100
0 0.218292 0.971510 0.007100 0.007100
0 0.309710 0.977944 0.012426 0.007544
0 0.307269 0.953093 0.011094 0.010207
0 0.298172 0.919810 0.010651 0.011982
0 0.306825 0.884308 0.007544 0.005769
0 0.311707 0.869220 0.008432 0.009319
0 0.321248 0.858126 0.008875 0.009319
0 0.332564 0.849472 0.015532 0.017751
0 0.332564 0.823955 0.006657 0.008432
0 0.218292 0.980829 0.012426 0.008875
0 0.277536 0.954868 0.014645 0.009319
0 0.246028 0.902059 0.011982 0.011094
0 0.251132 0.866557 0.008875 0.011982
0 0.247581 0.848806 0.007100 0.008432
0 0.193219 0.842150 0.008432 0.005769
0 0.210748 0.853910 0.007988 0.006213
0 0.155942 0.894071 0.007544 0.008432
0 0.136416 0.885640 0.009319 0.005769
0 0.172584 0.861010 0.015088 0.009763
0 0.127762 0.920476 0.010651 0.010651
0 0.094923 0.903612 0.006213 0.006213
0 0.095811 0.878095 0.010651 0.005769
0 0.086935 0.831721 0.011538 0.008875
0 0.254238 0.722109 0.027514 0.023964
0 0.226280 0.535502 0.015976 0.011094
0 0.214077 0.499556 0.012869 0.008432
0 0.181459 0.501775 0.011538 0.010207
0 0.192997 0.463832 0.007100 0.007100
0 0.205645 0.448522 0.005769 0.006657
0 0.267773 0.438094 0.010207 0.007988
0 0.295287 0.441644 0.011982 0.006213
0 0.333008 0.450075 0.005769 0.005325
0 0.309266 0.420343 0.006213 0.007988
0 0.279533 0.422118 0.007988 0.004438
0 0.263114 0.425890 0.004438 0.003994
0 0.132866 0.449854 0.010207 0.009319
0 0.144848 0.407473 0.009319 0.007100
0 0.199876 0.549037 0.009319 0.009763
0 0.239150 0.588533 0.008875 0.007988
0 0.254682 0.581654 0.009763 0.005769
0 0.284415 0.567676 0.007988 0.009763
0 0.280421 0.527070 0.005325 0.006657
0 0.296175 0.527292 0.007544 0.007100
0 0.307491 0.588533 0.008875 0.008875
0 0.327683 0.603177 0.009319 0.007988
0 0.286634 0.661977 0.008875 0.008432
0 0.333230 0.651993 0.004438 0.007988
0 0.202982 0.748292 0.007544 0.008875
0 0.191888 0.781131 0.007544 0.007100
0 0.253129 0.787787 0.009319 0.005325
0 0.119996 0.794222 0.011982 0.008432
0 0.100692 0.780909 0.006213 0.007544
0 0.062972 0.899397 0.008875 0.011094
0 0.323023 0.970622 0.007100 0.007988
0 0.172362 0.962191 0.007544 0.007988
0 0.150395 0.956865 0.007988 0.007100
0 0.139301 0.955090 0.004438 0.005325
0 0.140632 0.935786 0.006213 0.006657
0 0.088489 0.922695 0.016420 0.013313
0 0.084051 0.928907 0.008432 0.013313
0 0.066965 0.931348 0.011538 0.019082
0 0.054762 0.940889 0.019082 0.017751
0 0.072735 0.944661 0.010651 0.007544
0 0.063193 0.972397 0.008432 0.009763
0 0.074510 0.955756 0.007100 0.004882
0 0.082719 0.961303 0.008432 0.005325
0 0.065190 0.983714 0.004438 0.005769
0 0.122437 0.973285 0.008875 0.007988
0 0.121550 0.946437 0.023076 0.017307
0 0.173471 0.913819 0.006213 0.006213
0 0.179906 0.878317 0.008432 0.007100
0 0.171918 0.886305 0.007544 0.011538
0 0.144626 0.824621 0.007100 0.005325
0 0.117334 0.826174 0.005769 0.005769
0 0.131756 0.814414 0.007988 0.009763
0 0.142629 0.814858 0.008432 0.007100
0 0.152614 0.783350 0.007100 0.007988
0 0.139523 0.803541 0.008432 0.008432
0 0.146845 0.804207 0.007988 0.008875
0 0.116002 0.837934 0.007544 0.007100
0 0.078947 0.796219 0.007100 0.005325
0 0.066965 0.788897 0.005325 0.005769
0 0.076507 0.765377 0.007544 0.006657
0 0.123547 0.678619 0.009319 0.006213
0 0.142851 0.690601 0.012426 0.015976
0 0.170809 0.662421 0.007988 0.007544
0 0.160602 0.626919 0.008875 0.010207
0 0.170143 0.636682 0.023520 0.015532
0 0.173915 0.648442 0.017751 0.012426
0 0.082776 0.543929 0.052696 0.048380
0 0.052099 0.576995 0.009319 0.010651
0 0.055871 0.446525 0.015976 0.018639
0 0.254904 0.353998 0.013757 0.017307
0 0.352978 0.376187 0.018195 0.017307
0 0.349871 0.350892 0.006657 0.007544
0 0.333895 0.346898 0.009319 0.008432
0 0.342993 0.352889 0.003550 0.011538
0 0.339886 0.356439 0.008875 0.007988
0 0.298837 0.379072 0.011094 0.007988
0 0.253129 0.194018 0.009319 0.009763
0 0.210748 0.217982 0.011538 0.011538
0 0.175024 0.240836 0.011982 0.012869
0 0.211636 0.281219 0.011538 0.016420
0 0.223396 0.251487 0.010207 0.008432
0 0.131756 0.181148 0.007988 0.010651
0 0.116446 0.215319 0.006657 0.007988
0 0.098252 0.204225 0.015532 0.018639
0 0.087823 0.179595 0.012426 0.010207
0 0.104242 0.147644 0.007988 0.007544
0 0.121993 0.122127 0.007988 0.009763
0 0.152836 0.112142 0.015532 0.012869
0 0.202317 0.120351 0.009763 0.007988
0 0.190556 0.112364 0.009319 0.010651
0 0.188781 0.093725 0.009319 0.009763
0 0.289074 0.074643 0.010207 0.007988
0 0.314148 0.093947 0.010651 0.011982
0 0.298172 0.055250 0.007100 0.005769
0 0.302609 0.031952 0.007988 0.004438
0 0.217627 0.153324 0.008432 0.008432
0 0.327905 0.155321 0.011538 0.013313
0 0.301944 0.200808 0.013757 0.011094
0 0.303719 0.315967 0.010207 0.007100
0 0.309266 0.326396 0.007988 0.008432
0 0.289518 0.343703 0.008432 0.008432
0 0.275539 0.329502 0.011538 0.009319
0 0.192997 0.321070 0.011538 0.005769
0 0.149951 0.317076 0.008875 0.007544
0 0.162155 0.307757 0.005769 0.006657
0 0.120884 0.260939 0.007544 0.007100
0 0.100027 0.293113 0.011982 0.013757
0 0.112009 0.327283 0.006657 0.005769
0 0.095811 0.348806 0.007100 0.007988
0 0.083163 0.312417 0.007544 0.008875
0 0.060531 0.309532 0.011094 0.006657
0 0.061640 0.298216 0.009763 0.008875
0 0.207198 0.378761 0.007100 0.006657
0 0.205201 0.399618 0.012869 0.010207
0 0.183456 0.402503 0.018195 0.015976
0 0.153723 0.418257 0.009319 0.011982
0 0.566221 0.669261 0.006918 0.007783
0 0.557357 0.658235 0.007351 0.011675
0 0.548709 0.667748 0.017728 0.009080
0 0.527306 0.610239 0.017296 0.013404
0 0.571194 0.608942 0.009080 0.007351
0 0.573356 0.595105 0.011675 0.016863
0 0.557573 0.588836 0.019025 0.024214
0 0.574004 0.570459 0.008648 0.007351
0 0.636918 0.427120 0.007351 0.008648
0 0.652052 0.419985 0.015999 0.021187
0 0.641026 0.421715 0.006918 0.009080
0 0.327020 0.626757 0.005189 0.004756
0 0.349289 0.596921 0.011675 0.009945
0 0.385610 0.606650 0.005621 0.010377
0 0.373719 0.599948 0.017296 0.005621
0 0.448956 0.624811 0.009513 0.011242
0 0.289834 0.465473 0.010377 0.008216
0 0.297834 0.503956 0.005621 0.003892
0 0.304320 0.499632 0.008216 0.008216
0 0.241839 0.680374 0.007783 0.007351
0 0.212652 0.680157 0.006486 0.006918
0 0.228650 0.678644 0.005621 0.017728
0 0.329615 0.736153 0.006918 0.009080
0 0.295239 0.713236 0.011675 0.014269
0 0.290699 0.701561 0.008648 0.017728
0 0.291132 0.681887 0.009513 0.010377
0 0.278592 0.694859 0.025944 0.022485
0 0.420201 0.557141 0.025511 0.017728
0 0.323345 0.576383 0.015999 0.017296
0 0.347992 0.533359 0.022917 0.015134
0 0.329182 0.490985 0.018161 0.020323
0 0.411986 0.466554 0.007351 0.005189
0 0.425606 0.456177 0.025944 0.019025
0 0.247027 0.473256 0.007783 0.011675
0 0.231677 0.362347 0.015999 0.006054
0 0.223678 0.338349 0.025079 0.020323
0 0.313832 0.290353 0.015134 0.017728
0 0.275349 0.345700 0.008216 0.009080
0 0.299996 0.278030 0.007351 0.008648
0 0.305184 0.267220 0.006486 0.006054
0 0.334371 0.231548 0.013837 0.015999
0 0.427552 0.289921 0.011675 0.008216
0 0.448091 0.238898 0.012107 0.014269
0 0.427336 0.252735 0.017296 0.021187
0 0.499114 0.262896 0.031132 0.047563
0 0.431011 0.309162 0.015999 0.019025
0 0.414580 0.295326 0.015134 0.019025
0 0.390582 0.305703 0.020755 0.023349
0 0.412851 0.313054 0.026376 0.027673
0 0.339127 0.401263 0.022485 0.027673
0 0.242271 0.409478 0.039780 0.019025
0 0.214165 0.467203 0.014701 0.016863
0 0.240974 0.484282 0.008648 0.006054
0 0.251135 0.495092 0.005621 0.006918
0 0.268647 0.501362 0.006054 0.005621
0 0.292645 0.498984 0.005621 0.003459
0 0.292645 0.492930 0.005621 0.006054
0 0.426471 0.604921 0.019025 0.019025
0 0.388853 0.633675 0.008648 0.007351
0 0.394042 0.640809 0.020755 0.017296
0 0.207896 0.661348 0.010810 0.007351
0 0.210706 0.638431 0.005189 0.007351
0 0.188654 0.663510 0.006918 0.006486
0 0.193194 0.650971 0.005621 0.006486
0 0.201410 0.646863 0.005621 0.006054
0 0.256540 0.644917 0.009513 0.014269
0 0.235136 0.644485 0.015134 0.021187
0 0.245946 0.641242 0.008216 0.015566
0 0.306049 0.797769 0.012539 0.012107
0 0.201626 0.817227 0.013837 0.012972
0 0.229083 0.828685 0.014269 0.009945
0 0.288105 0.826696 0.013837 0.013404
0 0.278592 0.799671 0.010377 0.012107
0 0.289402 0.805076 0.012972 0.011675
0 0.516842 0.844208 0.013837 0.009513
0 0.530678 0.830588 0.007783 0.006486
0 0.519652 0.809184 0.013404 0.008648
0 0.519436 0.781078 0.009513 0.009513
0 0.529381 0.776971 0.012107 0.011675
0 0.291564 0.604877 0.034592 0.044537
0 0.207679 0.572232 0.025944 0.029403
0 0.187357 0.563151 0.011242 0.016431
0 0.169412 0.572664 0.008216 0.012972
0 0.316427 0.124270 0.022052 0.017296
0 0.295023 0.009729 0.007783 0.008216
0 0.186924 0.044537 0.015566 0.015566
0 0.197734 0.021620 0.008648 0.009513
0 0.195788 0.071129 0.009945 0.009080
0 0.174817 0.178579 0.018161 0.016431
0 0.216543 0.185497 0.014269 0.021620
0 0.238379 0.165823 0.017296 0.019458
0 0.180438 0.141393 0.025079 0.019890
0 0.247892 0.133394 0.012107 0.009080
0 0.264107 0.136853 0.010810 0.006486
0 0.261729 0.147879 0.007783 0.018161
0 0.244217 0.046050 0.009080 0.005621
0 0.257405 0.049509 0.006054 0.005621
0 0.283348 0.028970 0.006918 0.008648
0 0.294807 0.845505 0.021187 0.015566
0 0.274052 0.870152 0.016863 0.014701
0 0.250919 0.890907 0.009513 0.006054
0 0.247243 0.830588 0.011675 0.009080
0 0.201626 0.804860 0.007783 0.008648
0 0.216111 0.845938 0.005621 0.004324
0 0.211138 0.840317 0.008648 0.010377
0 0.469495 0.882691 0.013404 0.014701
0 0.405500 0.957279 0.010810 0.011675
0 0.282916 0.905176 0.013837 0.012107
0 0.277079 0.897609 0.022052 0.023782
0 0.209193 0.900419 0.018593 0.016431
0 0.189735 0.900203 0.015134 0.022052
0 0.164483 0.847797 0.018074 0.015307
0 0.467635 0.928958 0.010377 0.006054
0 0.472392 0.942362 0.011242 0.009513
0 0.442124 0.943875 0.014701 0.014269
0 0.481039 0.910797 0.013837 0.017296
0 0.491849 0.894798 0.012972 0.019025
0 0.572491 0.958577 0.005621 0.008216
0 0.517793 0.951010 0.010377 0.010377
0 0.503092 0.960522 0.014701 0.012107
0 0.499416 0.987979 0.008216 0.012539
0 0.590652 0.961387 0.015134 0.014701
0 0.559735 0.925931 0.013837 0.015566
0 0.534008 0.930255 0.022917 0.020755
0 0.534656 0.912743 0.014701 0.012539
0 0.537251 0.892420 0.025944 0.029835
0 0.553249 0.865179 0.011242 0.019458
0 0.563411 0.844424 0.023782 0.018593
0 0.514766 0.876422 0.018161 0.014269
0 0.461149 0.864747 0.012972 0.011675
0 0.466770 0.846154 0.032862 0.032430
0 0.412072 0.920742 0.006486 0.005189
0 0.419207 0.926579 0.011242 0.008216
0 0.410343 0.950361 0.033294 0.026376
0 0.425909 0.934795 0.009945 0.008216
0 0.478661 0.971332 0.006486 0.007783
0 0.597354 0.231288 0.019025 0.019458
0 0.585895 0.245773 0.012539 0.012972
0 0.559952 0.268906 0.025511 0.025511
0 0.584598 0.283392 0.018593 0.012972
0 0.583085 0.297228 0.011242 0.010377
0 0.366671 0.159554 0.013404 0.009513
0 0.359536 0.173823 0.022485 0.029403
0 0.347646 0.183335 0.026376 0.013837
0 0.281489 0.161716 0.013404 0.028538
0 0.243655 0.064211 0.012107 0.014269
0 0.286029 0.044104 0.015566 0.014701
0 0.462446 0.007999 0.010377 0.008216
0 0.414234 0.023782 0.009080 0.008648
0 0.220305 0.017944 0.010377 0.013404
0 0.164310 0.052104 0.015134 0.018593
0 0.143555 0.057725 0.015134 0.015134
0 0.156743 0.163013 0.009513 0.010377
0 0.171877 0.279976 0.010377 0.009080
0 0.163662 0.287327 0.009513 0.007351
0 0.142258 0.376832 0.035024 0.037618
0 0.140745 0.345916 0.024214 0.025079
0 0.139880 0.269598 0.008648 0.004756
0 0.128854 0.268301 0.014269 0.013404
0 0.164959 0.495741 0.006918 0.009080
0 0.137718 0.490552 0.018161 0.012539
0 0.125395 0.504389 0.012539 0.006486
0 0.113071 0.479526 0.006918 0.006054
0 0.133826 0.569897 0.006918 0.006054
0 0.125611 0.567735 0.007783 0.006918
0 0.131880 0.607299 0.008216 0.007351
0 0.151338 0.603840 0.016863 0.009945
0 0.143339 0.590652 0.008648 0.007783
0 0.153068 0.591949 0.015999 0.013837
0 0.146150 0.646431 0.006486 0.008648
0 0.132961 0.630432 0.008648 0.012107
0 0.128205 0.648376 0.012972 0.022917
0 0.157176 0.835171 0.014701 0.015999
0 0.140528 0.761231 0.007351 0.008216
0 0.150473 0.764042 0.012539 0.008648
0 0.150257 0.771609 0.012107 0.013404
0 0.706750 0.220565 0.015566 0.010810
0 0.689454 0.197215 0.006918 0.005621
0 0.682536 0.202188 0.007783 0.011242
0 0.694210 0.138410 0.006918 0.007351
0 0.794093 0.216457 0.007783 0.005189
0 0.787824 0.210620 0.009080 0.014269
0 0.775500 0.196351 0.011242 0.012539
0 0.811822 0.162408 0.008648 0.004324
0 0.786094 0.182514 0.009945 0.017728
0 0.775933 0.280235 0.007783 0.008216
0 0.771177 0.292126 0.015566 0.018161
0 0.865222 0.269858 0.009945 0.008216
0 0.844468 0.246076 0.015134 0.015999
0 0.833658 0.249319 0.005621 0.005189
0 0.865006 0.289532 0.007783 0.006054
0 0.887491 0.282613 0.015566 0.007783
0 0.929001 0.307909 0.008648 0.006486
0 0.948459 0.303152 0.006918 0.008216
0 0.964890 0.290397 0.008648 0.012972
0 0.946945 0.241752 0.006486 0.007351
0 0.953647 0.173866 0.010377 0.009945
0 0.942189 0.184460 0.012539 0.025944
0 0.949539 0.158948 0.004756 0.006054
0 0.969430 0.154192 0.007351 0.005189
0 0.774636 0.149868 0.007783 0.008648
0 0.198902 0.257232 0.006486 0.007351
0 0.074372 0.387383 0.004756 0.007351
0 0.006810 0.349548 0.013620 0.015566
0 0.014485 0.279284 0.009513 0.009080
0 0.006270 0.371168 0.006054 0.006054
0 0.015782 0.218316 0.010377 0.010810
0 0.042375 0.171185 0.006486 0.003892
0 0.047131 0.146755 0.013404 0.017296
0 0.073291 0.423055 0.006918 0.007783
0 0.102045 0.463700 0.009080 0.004324
0 0.167121 0.482510 0.007783 0.009080
0 0.132313 0.539370 0.011675 0.011242
0 0.118909 0.547153 0.015999 0.018161
0 0.038051 0.508886 0.011675 0.007351
0 0.038699 0.518831 0.013837 0.010810
0 0.047347 0.495049 0.013837 0.015134
0 0.002919 0.488131 0.005837 0.005621
0 0.020539 0.452026 0.012107 0.009513
0 0.071994 0.230640 0.019890 0.023349
0 0.082804 0.263502 0.039780 0.032862
0 0.088425 0.094695 0.012972 0.008648
0 0.094695 0.081723 0.007351 0.006054
0 0.106153 0.066373 0.006918 0.009080
0 0.043023 0.113504 0.008648 0.008216
0 0.025511 0.101180 0.005621 0.007783
0 0.054698 0.059887 0.016431 0.014269
0 0.057941 0.098586 0.018593 0.016431
0 0.121071 0.142690 0.011675 0.014701
0 0.041942 0.042375 0.007351 0.011242
0 0.067237 0.004756 0.008648 0.005189
0 0.036105 0.004108 0.012107 0.008216
0 0.036537 0.018809 0.003459 0.006486
0 0.025295 0.038267 0.021620 0.015134
0 0.013404 0.016863 0.008216 0.007783
0 0.002702 0.035456 0.005404 0.013837
0 0.044320 0.445367 0.010377 0.016431
0 0.054049 0.523847 0.022917 0.017728
0 0.042159 0.540710 0.036321 0.022052
0 0.010377 0.621135 0.018593 0.016863
0 0.082371 0.602759 0.009513 0.009513
0 0.098586 0.618325 0.008216 0.009513
0 0.079344 0.625027 0.009513 0.007351
0 0.111558 0.741557 0.007351 0.008648
0 0.049942 0.759718 0.005189 0.005189
0 0.018593 0.774203 0.015134 0.012539
0 0.012323 0.797120 0.007783 0.009080
0 0.003567 0.798417 0.007134 0.015134
0 0.011242 0.828685 0.006486 0.007351
0 0.050374 0.838414 0.013837 0.007783
0 0.030051 0.869330 0.006918 0.008216
0 0.007999 0.910840 0.014701 0.011675
0 0.045834 0.863709 0.006486 0.006486
0 0.035024 0.978942 0.007351 0.010377
0 0.040213 0.964457 0.009945 0.006486
0 0.005837 0.994465 0.006918 0.008216
0 0.044104 0.913607 0.008216 0.011675
0 0.009405 0.939551 0.018809 0.054049
0 0.024214 0.930471 0.008216 0.007351
0 0.024863 0.939551 0.006918 0.009945
0 0.171661 0.979115 0.007351 0.006054
0 0.160202 0.989060 0.004324 0.007783
0 0.241276 0.984736 0.006486 0.005189
0 0.168634 0.993601 0.009080 0.008216
0 0.180957 0.996044 0.038916 0.007912
0 0.085182 0.974359 0.006486 0.006054
0 0.097505 0.972846 0.017296 0.019458
0 0.076750 0.983439 0.006918 0.006918
0 0.086479 0.992368 0.019458 0.015264
0 0.019674 0.679249 0.006918 0.006486
0 0.004000 0.658711 0.007999 0.006918
0 0.098586 0.653522 0.010810 0.010377
0 0.093397 0.664332 0.015134 0.009513
0 0.090154 0.640334 0.019890 0.019458
0 0.021836 0.691789 0.012107 0.011675
0 0.035240 0.688330 0.017296 0.010810
0 0.039780 0.701085 0.008216 0.008648
0 0.052320 0.690059 0.005621 0.008216
0 0.048212 0.713841 0.005189 0.006486
0 0.077399 0.733299 0.009945 0.007351
0 0.078912 0.718597 0.036321 0.020323
0 0.081723 0.695248 0.017728 0.028106
0 0.062913 0.696545 0.015566 0.038483
0 0.018377 0.643144 0.022485 0.017296
0 0.965365 0.140528 0.008216 0.006918
0 0.963636 0.128205 0.005621 0.003892
0 0.967743 0.118476 0.005189 0.006918
0 0.936178 0.142258 0.005189 0.006054
0 0.874995 0.170796 0.010810 0.008648
0 0.815756 0.182038 0.009945 0.003459
0 0.790245 0.150473 0.004756 0.006054
0 0.788948 0.161067 0.012539 0.012539
0 0.841916 0.128205 0.009513 0.013404
0 0.756302 0.021620 0.008648 0.009513
0 0.831971 0.172093 0.011242 0.014701
0 0.829377 0.181822 0.014701 0.014269
0 0.814027 0.198902 0.009945 0.006054
0 0.818999 0.193064 0.012107 0.010810
0 0.964068 0.235007 0.008216 0.007351
0 0.959095 0.224413 0.006054 0.008648
0 0.970770 0.194362 0.011242 0.009945
0 0.982445 0.191551 0.016431 0.015566
0 0.989579 0.166472 0.010810 0.008648
0 0.953474 0.460068 0.008648 0.006054
0 0.961474 0.450123 0.009945 0.010377
0 0.982229 0.487093 0.018593 0.015999
0 0.951529 0.552168 0.008216 0.008648
0 0.874778 0.661132 0.014701 0.007783
0 0.930125 0.645133 0.010377 0.006054
0 0.938557 0.655078 0.004756 0.006054
0 0.959528 0.613569 0.008648 0.006054
0 0.957798 0.582436 0.010377 0.010377
0 0.809919 0.711938 0.005189 0.005621
0 0.969473 0.704588 0.007783 0.007351
0 0.980931 0.699615 0.009080 0.004324
0 0.958879 0.779824 0.008216 0.008216
0 0.949150 0.846629 0.010377 0.006918
0 0.914126 0.910148 0.007783 0.004756
0 0.932503 0.911662 0.009080 0.007783
0 0.917369 0.928309 0.009080 0.007351
0 0.872616 0.949496 0.011242 0.007351
0 0.966230 0.893717 0.010810 0.007351
0 0.950015 0.884205 0.006054 0.006486
0 0.990660 0.866476 0.007783 0.006486
0 0.987850 0.885286 0.005621 0.005189
0 0.983742 0.875341 0.010377 0.008648
0 0.970770 0.908635 0.007783 0.004324
0 0.938989 0.978683 0.015134 0.013837
0 0.958231 0.989493 0.011242 0.009513
0 0.878021 0.924417 0.010810 0.014269
0 0.889696 0.919012 0.015134 0.015566
0 0.871535 0.988844 0.024647 0.019458
0 0.832404 0.991287 0.026808 0.017426
0 0.756951 0.973710 0.010810 0.022052
0 0.773382 0.989493 0.012539 0.007783
0 0.772949 0.975008 0.024647 0.022052
0 0.993601 0.534829 0.012798 0.009080
0 0.993255 0.549963 0.010377 0.026376
0 0.977472 0.550612 0.005621 0.005189
0 0.966230 0.570502 0.017728 0.017296
0 0.970121 0.558395 0.012539 0.011242
0 0.859428 0.651576 0.014269 0.013404
0 0.906776 0.667359 0.043240 0.036321
0 0.898344 0.678168 0.009945 0.009513
0 0.929044 0.718381 0.009080 0.005189
0 0.994768 0.799888 0.008216 0.015134
0 0.994898 0.764647 0.010204 0.035456
0 0.997060 0.736974 0.005880 0.012972
0 0.989925 0.678817 0.020150 0.025511
0 0.974445 0.603148 0.013404 0.014269
0 0.985385 0.611147 0.029230 0.024214
0 0.987331 0.643577 0.025338 0.044104
0 0.980283 0.517534 0.016431 0.016863
0 0.968608 0.526614 0.014701 0.013404
0 0.841484 0.460241 0.014701 0.021620
0 0.757167 0.470186 0.017296 0.013837
0 0.746789 0.477969 0.009513 0.006918
0 0.747438 0.484888 0.009080 0.005189
0 0.972067 0.408570 0.012107 0.010810
0 0.995546 0.403598 0.008907 0.008648
0 0.975310 0.389977 0.010810 0.010810
0 0.965149 0.393004 0.007783 0.005621
0 0.977688 0.362304 0.005189 0.007351
0 0.990012 0.359277 0.010810 0.014269
0 0.949799 0.319929 0.007351 0.006486
0 0.891209 0.331388 0.008648 0.008648
0 0.893588 0.317983 0.020323 0.017296
0 0.900506 0.328577 0.010810 0.013404
0 0.903965 0.238206 0.016863 0.015999
0 0.919747 0.230640 0.005189 0.005189
0 0.920612 0.252908 0.018161 0.030700
0 0.837376 0.308038 0.020323 0.023349
0 0.846240 0.275392 0.020755 0.011675
0 0.837809 0.291391 0.018593 0.019458
0 0.909802 0.425433 0.013837 0.011675
0 0.916288 0.411164 0.041510 0.042807
0 0.930774 0.376357 0.047131 0.035456
0 0.933800 0.333117 0.038483 0.014701
0 0.989277 0.314092 0.021446 0.032862
0 0.951745 0.338522 0.046699 0.048861
0 0.891642 0.693951 0.007783 0.004756
0 0.679120 0.498724 0.011675 0.010377
0 0.685822 0.491374 0.011242 0.012107
0 0.695551 0.500454 0.018593 0.029403
0 0.012410 0.143123 0.008648 0.010377
0 0.017598 0.158905 0.010377 0.004756
0 0.022571 0.133826 0.006486 0.006486
0 0.029489 0.139664 0.013404 0.008648
0 0.023868 0.153284 0.008216 0.010810
0 0.039651 0.409046 0.006054 0.005189
0 0.026463 0.410991 0.012539 0.005621
0 0.044191 0.394128 0.015999 0.011675
0 0.031868 0.398668 0.011242 0.012972
0 0.036624 0.423099 0.012107 0.007351
0 0.036191 0.414883 0.010377 0.005621
0 0.023436 0.437584 0.009080 0.004324
0 0.025165 0.490768 0.006486 0.006918
0 0.096294 0.328188 0.013837 0.008648
0 0.098673 0.316513 0.011675 0.009513
0 0.065378 0.150041 0.005621 0.005189
0 0.118347 0.073291 0.013837 0.015134
0 0.219527 0.106369 0.012972 0.011242
0 0.270333 0.115233 0.007351 0.011675
0 0.245038 0.113936 0.035456 0.028106
0 0.265274 0.089938 0.027673 0.021620
0 0.253383 0.073723 0.010810 0.011675
0 0.401738 0.044320 0.005189 0.004756
0 0.406278 0.062481 0.006486 0.006486
0 0.212349 0.051239 0.006918 0.005621
0 0.194621 0.055130 0.012972 0.006486
0 0.529122 0.099451 0.006054 0.005189
0 0.444589 0.029187 0.012539 0.011675
0 0.458209 0.027241 0.015566 0.015566
0 0.518744 0.012539 0.021620 0.012107
0 0.548796 0.074588 0.014269 0.013404
0 0.719116 0.141393 0.010377 0.014701
0 0.754962 0.204090 0.016863 0.009513
0 0.752151 0.194362 0.023349 0.014269
0 0.755178 0.177498 0.014701 0.022052
0 0.739828 0.174688 0.015134 0.030268
0 0.763610 0.147879 0.014269 0.020755
0 0.957150 0.098802 0.009945 0.008216
0 0.958447 0.089506 0.012539 0.010377
0 0.981364 0.068751 0.005621 0.008648
0 0.981364 0.043456 0.008216 0.006486
0 0.994898 0.108964 0.010204 0.009513
0 0.949150 0.062913 0.006918 0.003892
0 0.953258 0.035240 0.008216 0.009080
0 0.949150 0.075453 0.017296 0.015999
0 0.930125 0.091019 0.014701 0.015999
0 0.946124 0.091235 0.014701 0.017296
0 0.955852 0.005837 0.010810 0.010810
0 0.976391 0.011675 0.005189 0.011242
0 0.984607 0.009513 0.008648 0.008648
0 0.990228 0.017512 0.011242 0.014269
0 0.967960 0.099883 0.007351 0.006054
0 0.868292 0.111126 0.013837 0.009513
0 0.878670 0.126908 0.018161 0.017728
0 0.860293 0.121503 0.015999 0.013837
0 0.860077 0.130583 0.005189 0.008648
0 0.886669 0.014053 0.009080 0.006486
0 0.895101 0.045834 0.009513 0.019890
0 0.884723 0.044320 0.011242 0.015999
0 0.885588 0.028754 0.018161 0.021187
0 0.916505 0.009296 0.028970 0.017728
0 0.717819 0.128421 0.009513 0.005189
0 0.696632 0.069183 0.006918 0.009513
0 0.789597 0.016431 0.006054 0.004324
0 0.790245 0.023566 0.007351 0.012539
0 0.622044 0.166040 0.006486 0.007783
0 0.645825 0.150041 0.051455 0.046699
0 0.811865 0.675877 0.018593 0.023782
0 0.798461 0.664202 0.010810 0.009080
0 0.801271 0.650798 0.012107 0.019458
0 0.816621 0.652744 0.020323 0.019025
0 0.817054 0.636529 0.020323 0.019458
0 0.601245 0.941281 0.007783 0.010810
0 0.547628 0.996260 0.012972 0.007480
0 0.559952 0.973494 0.013404 0.010377
0 0.537035 0.958577 0.009945 0.005621
0 0.605137 0.961171 0.011242 0.026376
0 0.622000 0.981277 0.004324 0.008648
0 0.591084 0.982142 0.035024 0.017296
0 0.593030 0.995827 0.019025 0.008345
0 0.519739 0.983007 0.017728 0.015566
0 0.520604 0.965062 0.024647 0.014269
0 0.552168 0.984520 0.016863 0.013404
0 0.918666 0.889610 0.004756 0.005189
0 0.925369 0.881178 0.006054 0.004756
0 0.923855 0.956415 0.004756 0.008216
0 0.064946 0.861288 0.009080 0.008216
0 0.003394 0.860207 0.006788 0.007783
0 0.017815 0.847235 0.032430 0.026808
0 0.384053 0.009945 0.009945 0.006054
0 0.273144 0.003892 0.010377 0.006918
0 0.252605 0.019458 0.017728 0.012107
0 0.233796 0.022052 0.006918 0.008648
0 0.243741 0.033727 0.031132 0.017296
0 0.622519 0.009080 0.006918 0.006918
0 0.554417 0.045185 0.008216 0.007351
0 0.510745 0.038483 0.017728 0.017296
0 0.467073 0.070480 0.004756 0.008648
0 0.455398 0.073940 0.015999 0.007783
0 0.579496 0.035024 0.013404 0.013837
0 0.586198 0.008648 0.032862 0.016431
0 0.567173 0.061832 0.017296 0.022485
0 0.716911 0.198902 0.007351 0.009513
0 0.728802 0.091884 0.008648 0.005621
0 0.720586 0.025511 0.006918 0.005189
0 0.795391 0.005189 0.006918 0.006054
0 0.652917 0.037835 0.012539 0.007351
0 0.695075 0.021620 0.008648 0.007783
0 0.727721 0.007135 0.008216 0.009945
0 0.717560 0.008864 0.008648 0.009945
0 0.706317 0.021620 0.006918 0.011242