0 0.433556 0.449917 0.053422 0.065109
0 0.835058 0.368114 0.131886 0.168614
0 0.706511 0.374791 0.075125 0.078464
0 0.639733 0.296327 0.055092 0.038397
0 0.615526 0.565943 0.100167 0.083472
0 0.789149 0.826377 0.150250 0.116861
0 0.816694 0.943239 0.055092 0.050083
0 0.579633 0.892321 0.151920 0.085142
0 0.532888 0.948247 0.081803 0.050083
0 0.476962 0.975793 0.230384 0.048414
0 0.456928 0.977462 0.063439 0.031720
0 0.543740 0.747078 0.043406 0.081803
0 0.944658 0.043406 0.110684 0.086811
0 0.782471 0.033389 0.050083 0.033389
0 0.980551 0.264608 0.038898 0.068447
0 0.699833 0.121870 0.048414 0.033389
0 0.062103 0.319699 0.058431 0.048414
0 0.254090 0.878965 0.051753 0.051753
0 0.049583 0.719533 0.046745 0.070117
0 0.013105 0.592654 0.026210 0.020033
0 0.011436 0.460768 0.022871 0.046745
0 0.893489 0.609349 0.051753 0.050083
0 0.494491 0.500835 0.048414 0.033389
0 0.638063 0.141068 0.045075 0.045075