0 0.543093 0.387138 0.043823 0.037563
0 0.638043 0.498435 0.051475 0.061213
0 0.708646 0.543997 0.022955 0.025737
0 0.525007 0.524172 0.050779 0.063996
0 0.594915 0.558605 0.038954 0.025737
0 0.578916 0.583994 0.022259 0.018086
0 0.557353 0.583299 0.018086 0.013912
0 0.547266 0.607645 0.050779 0.031998
0 0.497878 0.627817 0.075821 0.047301
0 0.485010 0.325577 0.026433 0.020173
0 0.638043 0.275572 0.018086 0.018781
0 0.584829 0.272094 0.029911 0.029911
0 0.543093 0.248444 0.024346 0.022955
0 0.531615 0.221315 0.047301 0.050779
0 0.513877 0.150946 0.027129 0.029215
0 0.583438 0.073734 0.021564 0.016694
0 0.548657 0.065039 0.025737 0.034085
0 0.687083 0.047997 0.064691 0.095993
0 0.862027 0.294936 0.129382 0.155815
0 0.903763 0.180161 0.051475 0.054257
0 0.719776 0.294240 0.163467 0.301892
0 0.827595 0.414580 0.086950 0.072343
0 0.956281 0.375626 0.053561 0.038954
0 0.937396 0.068169 0.103645 0.063996
0 0.889747 0.239636 0.041736 0.038258
0 0.908876 0.542571 0.020173 0.026433
0 0.899137 0.892529 0.027129 0.032693
0 0.933570 0.950960 0.030607 0.038258
0 0.845228 0.981567 0.022259 0.022955
0 0.523511 0.879661 0.027129 0.029215
0 0.473428 0.956873 0.029911 0.027824
0 0.376739 0.988175 0.035476 0.023650
0 0.515512 0.974263 0.044519 0.043127
0 0.696717 0.966611 0.060518 0.065387
0 0.406998 0.782276 0.050083 0.098776
0 0.375348 0.763843 0.022955 0.018781
0 0.315178 0.726976 0.038954 0.041041
0 0.276920 0.822621 0.023651 0.030607
0 0.306831 0.862966 0.019477 0.016694
0 0.235531 0.853575 0.028520 0.028520
0 0.254661 0.996174 0.025042 0.007652
0 0.259182 0.680370 0.021564 0.020173
0 0.218141 0.643503 0.014608 0.013216
0 0.129104 0.723498 0.029911 0.029911
0 0.109627 0.883139 0.160684 0.091820
0 0.045632 0.634625 0.073038 0.064691
0 0.181622 0.287241 0.055648 0.049388
0 0.160754 0.375235 0.019477 0.029215
0 0.014990 0.322717 0.029980 0.045214
0 0.137451 0.105732 0.050779 0.059822
0 0.057109 0.121035 0.043127 0.048692
0 0.005947 0.103993 0.011894 0.021564
0 0.031372 0.041388 0.059822 0.031302
0 0.356567 0.151642 0.039649 0.048692
0 0.286311 0.060865 0.034085 0.046605
0 0.231010 0.085559 0.038954 0.050083
0 0.282137 0.125556 0.060518 0.079994
0 0.394129 0.202421 0.142599 0.260156
0 0.394477 0.289023 0.038954 0.043823
0 0.348219 0.276850 0.032693 0.050083
0 0.401085 0.182944 0.053561 0.051475
0 0.280398 0.216594 0.047301 0.056344
0 0.232401 0.207203 0.019477 0.027824
0 0.064726 0.228767 0.129452 0.119644
0 0.240401 0.481367 0.169032 0.246939
0 0.378826 0.414241 0.034085 0.029215
0 0.342654 0.423714 0.032693 0.093741
0 0.307874 0.309718 0.036867 0.025737
0 0.324221 0.345889 0.050083 0.042432
0 0.403868 0.336846 0.025737 0.025737