0 0.120545 0.060514 0.017549 0.015734
0 0.244297 0.087443 0.013313 0.012708
0 0.110862 0.172769 0.016339 0.016339
0 0.089682 0.245688 0.019970 0.020575
0 0.263056 0.210893 0.020575 0.016339
0 0.276974 0.186082 0.010893 0.009077
0 0.315401 0.416641 0.012708 0.012708
0 0.262753 0.436611 0.017549 0.015129
0 0.096036 0.521029 0.014523 0.009682
0 0.107534 0.518911 0.027837 0.021180
0 0.203449 0.527685 0.017549 0.018154
0 0.068502 0.372163 0.011498 0.009682
0 0.020998 0.555219 0.012103 0.016339
0 0.037640 0.554312 0.023601 0.022995
0 0.112678 0.588502 0.010287 0.012708
0 0.120242 0.589410 0.008472 0.008472
0 0.117216 0.595764 0.008472 0.010287
0 0.125386 0.608169 0.022390 0.024206
0 0.102693 0.620877 0.009682 0.013313
0 0.164720 0.739183 0.012708 0.016339
0 0.118124 0.808472 0.029652 0.027837
0 0.087867 0.826929 0.013918 0.013918
0 0.079092 0.832980 0.013313 0.013918
0 0.072738 0.841755 0.007867 0.009682
0 0.098457 0.795764 0.027837 0.029047
0 0.120847 0.912254 0.018154 0.019970
0 0.131740 0.904387 0.014523 0.015129
0 0.138699 0.900151 0.017549 0.017549
0 0.175310 0.875946 0.033888 0.035703
0 0.186203 0.890166 0.009682 0.009682
0 0.189228 0.877761 0.009682 0.010287
0 0.201029 0.881694 0.015129 0.016944
0 0.215855 0.880484 0.024206 0.027837
0 0.215552 0.889259 0.007867 0.012708
0 0.191649 0.906203 0.013313 0.012708
0 0.195280 0.898638 0.027837 0.025416
0 0.273041 0.974887 0.012708 0.014523
0 0.412526 0.797579 0.018154 0.019365
0 0.511467 0.930711 0.013918 0.015734
0 0.506324 0.923147 0.010893 0.010287
0 0.506929 0.909834 0.022995 0.021180
0 0.484236 0.914977 0.010287 0.008472
0 0.483328 0.898941 0.012103 0.012708
0 0.496339 0.898033 0.010287 0.012103
0 0.487867 0.899244 0.023601 0.025416
0 0.475764 0.903177 0.011498 0.012708
0 0.523570 0.692587 0.018759 0.023601
0 0.535976 0.697428 0.012103 0.015129
0 0.366838 0.744327 0.015129 0.013313
0 0.355643 0.744629 0.012103 0.011498
0 0.341120 0.745537 0.010893 0.009682
0 0.345053 0.738275 0.010287 0.008472
0 0.343238 0.719818 0.016339 0.013918
0 0.347171 0.730711 0.009682 0.010287
0 0.354735 0.734342 0.013918 0.011498
0 0.355340 0.722844 0.011498 0.010287
0 0.367746 0.727988 0.021785 0.019365
0 0.354433 0.714675 0.014523 0.012103
0 0.377126 0.690469 0.015129 0.016944
0 0.301180 0.551286 0.016944 0.018154
0 0.362602 0.476551 0.016339 0.018759
0 0.411316 0.401210 0.021785 0.019365
0 0.449743 0.402421 0.016339 0.021785
0 0.421301 0.546142 0.012708 0.013918
0 0.378033 0.511952 0.015734 0.019365
0 0.382572 0.524054 0.015129 0.013313
0 0.435522 0.551286 0.016944 0.018154
0 0.442481 0.237821 0.011498 0.012103
0 0.375008 0.271407 0.014523 0.013918
0 0.387110 0.267474 0.016944 0.015734
0 0.381362 0.268079 0.024811 0.022995
0 0.460635 0.302572 0.011498 0.013313
0 0.496581 0.308926 0.013918 0.011498
0 0.476309 0.296823 0.018154 0.015129
0 0.473585 0.304690 0.011498 0.009077
0 0.466929 0.306505 0.010287 0.009077
0 0.487504 0.306203 0.016339 0.015734
0 0.499002 0.299244 0.015129 0.016339
0 0.552859 0.251135 0.018759 0.015734
0 0.438548 0.108321 0.018154 0.015734
0 0.464569 0.099546 0.018154 0.017549
0 0.451558 0.099546 0.013918 0.012708
0 0.413132 0.168230 0.010893 0.010893
0 0.426747 0.173071 0.015129 0.014523
0 0.406778 0.180938 0.016339 0.013313
0 0.411014 0.190015 0.012708 0.008472
0 0.416460 0.177912 0.011498 0.012103
0 0.569561 0.711044 0.009077 0.010893
0 0.575915 0.701967 0.010893 0.008472
0 0.584690 0.695008 0.013918 0.011498
0 0.580454 0.713464 0.015129 0.018154
0 0.596188 0.705295 0.021180 0.021180
0 0.614644 0.694402 0.012103 0.015129
0 0.612829 0.704085 0.018154 0.013918
0 0.698759 0.619970 0.024206 0.017549
0 0.672436 0.654160 0.016339 0.016944
0 0.694221 0.660514 0.012708 0.011498
0 0.698457 0.649622 0.013918 0.017549
0 0.687262 0.650530 0.016944 0.014523
0 0.687564 0.638124 0.012708 0.015129
0 0.700272 0.635703 0.017549 0.011498
0 0.729017 0.695613 0.009682 0.009077
0 0.727201 0.821483 0.016944 0.015129
0 0.733858 0.812103 0.013313 0.013313
0 0.619788 0.917095 0.012708 0.010287
0 0.622209 0.926778 0.017549 0.013918
0 0.700877 0.860212 0.027231 0.032073
0 0.721755 0.876853 0.013313 0.010893
0 0.719334 0.865658 0.012103 0.011498
0 0.716611 0.853555 0.011498 0.013918
0 0.642481 0.958245 0.010893 0.015129
0 0.662451 0.959153 0.030257 0.026626
0 0.681815 0.977912 0.007262 0.008472
0 0.703298 0.982451 0.007867 0.007867
0 0.652769 0.981846 0.006051 0.005446
0 0.670620 0.995613 0.016339 0.008774
0 0.671225 0.975189 0.018759 0.017549
0 0.660938 0.984266 0.012708 0.013918
0 0.676974 0.986384 0.015734 0.010893
0 0.764418 0.960666 0.021180 0.013918
0 0.812829 0.949773 0.010287 0.015129
0 0.821604 0.943116 0.010893 0.013918
0 0.879395 0.920121 0.015129 0.015129
0 0.855189 0.945234 0.013918 0.010893
0 0.939607 0.957640 0.015734 0.010287
0 0.940212 0.920726 0.033888 0.032073
0 0.947474 0.883510 0.035098 0.029047
0 0.886354 0.725870 0.009682 0.007867
0 0.886051 0.732829 0.015129 0.013313
0 0.843389 0.705295 0.019365 0.016339
0 0.836732 0.669289 0.018154 0.018154
0 0.876672 0.604236 0.018154 0.033283
0 0.892708 0.607262 0.016339 0.019970
0 0.910560 0.603328 0.020575 0.021785
0 0.860030 0.346747 0.018759 0.013313
0 0.853071 0.333737 0.014523 0.013918
0 0.906021 0.281392 0.011498 0.007262
0 0.921452 0.295915 0.019365 0.020575
0 0.915401 0.309228 0.013313 0.014523
0 0.986505 0.316793 0.016339 0.015129
0 0.985840 0.226929 0.028320 0.058094
0 0.988926 0.246899 0.018759 0.014523