0 0.201913 0.274421 0.097684 0.077543
0 0.218530 0.052870 0.042296 0.053374
0 0.328802 0.057402 0.097684 0.098691
0 0.671702 0.070493 0.147029 0.130916
0 0.850453 0.077543 0.043303 0.048338
0 0.862538 0.184794 0.047331 0.041289
0 0.662135 0.317221 0.041289 0.038268
0 0.670191 0.354985 0.047331 0.027190
0 0.242195 0.384189 0.027190 0.021148
0 0.289527 0.464250 0.033233 0.048338
0 0.322759 0.559919 0.067472 0.044310
0 0.580564 0.448640 0.021148 0.017120
0 0.794562 0.434542 0.024169 0.015106
0 0.860524 0.252769 0.019134 0.022155
0 0.756798 0.024169 0.025176 0.022155
0 0.163646 0.547331 0.021148 0.023162
0 0.012085 0.436052 0.024169 0.024169
0 0.019134 0.636959 0.038268 0.073515
0 0.053374 0.675227 0.044310 0.031219
0 0.117321 0.700403 0.033233 0.027190
0 0.017623 0.821249 0.035246 0.039275
0 0.189829 0.930514 0.071501 0.044310
0 0.348943 0.829305 0.125881 0.063444
0 0.279456 0.990433 0.033233 0.019134
0 0.319235 0.985398 0.024169 0.029204
0 0.456697 0.926485 0.035247 0.028197
0 0.495468 0.679255 0.028197 0.035247
0 0.547331 0.715005 0.069486 0.084592
0 0.736657 0.701913 0.081571 0.040282
0 0.847936 0.688822 0.032226 0.038268
0 0.961229 0.618832 0.025176 0.023162
0 0.968781 0.665156 0.034240 0.019134
0 0.963746 0.804632 0.030211 0.026183
0 0.913394 0.775428 0.034240 0.030211
0 0.603223 0.900806 0.040282 0.039275
0 0.726586 0.979355 0.029204 0.023162