0 0.183139 0.516694 0.060100 0.058431
0 0.113022 0.378965 0.066778 0.063439
0 0.039816 0.279633 0.079632 0.128548
0 0.033723 0.257095 0.038397 0.050083
0 0.023706 0.315526 0.038397 0.036728
0 0.232387 0.262938 0.051753 0.038397
0 0.250751 0.329716 0.025042 0.025042
0 0.229883 0.308848 0.046745 0.030050
0 0.967780 0.420701 0.053422 0.083472
0 0.993072 0.505008 0.013856 0.041736
0 0.957763 0.631886 0.050083 0.058431
0 0.908514 0.782972 0.058431 0.070117
0 0.911018 0.794658 0.033389 0.033389
0 0.903506 0.871452 0.111853 0.093489
0 0.916861 0.876461 0.045075 0.056761
0 0.863439 0.877295 0.055092 0.051753
0 0.881803 0.840568 0.048414 0.031720
0 0.850083 0.985810 0.055092 0.028380
0 0.503673 0.284641 0.100167 0.101836
0 0.019783 0.616861 0.039566 0.038397
0 0.556260 0.747078 0.235392 0.232053
0 0.537222 0.698783 0.053979 0.053422
0 0.487138 0.685427 0.047301 0.053422
0 0.582853 0.801454 0.047301 0.037284
0 0.612903 0.816201 0.033945 0.047858
0 0.570054 0.832895 0.045075 0.037841
0 0.507728 0.744693 0.037284 0.038397
0 0.500216 0.768900 0.027824 0.028937
0 0.538056 0.782533 0.016694 0.036171
0 0.543621 0.735232 0.046745 0.041736
0 0.569776 0.772238 0.042293 0.032276
0 0.033723 0.008347 0.038397 0.016694
0 0.892340 0.276652 0.031004 0.028619
0 0.871671 0.263932 0.031004 0.038159
0 0.678927 0.062604 0.167020 0.125208
0 0.906252 0.060021 0.109707 0.115271
0 0.837487 0.021464 0.040544 0.042928
0 0.805688 0.017489 0.032594 0.034978
0 0.766337 0.022657 0.046109 0.045314
0 0.735730 0.040544 0.046904 0.057238
0 0.694391 0.054058 0.023054 0.028619
0 0.798931 0.150648 0.047699 0.046904
0 0.828742 0.227761 0.108912 0.093012
0 0.802508 0.252802 0.029414 0.025439
0 0.768324 0.215836 0.024644 0.019874
0 0.778261 0.234915 0.031799 0.023054
0 0.749642 0.211861 0.082677 0.073933
0 0.723806 0.243660 0.026234 0.024644
0 0.678889 0.228158 0.049288 0.042929
0 0.647090 0.238493 0.023849 0.022259
0 0.679287 0.306463 0.050083 0.031004
0 0.653848 0.276254 0.040544 0.035774
0 0.702739 0.271087 0.066778 0.066778
0 0.779851 0.151443 0.079498 0.080293
0 0.651860 0.139916 0.049288 0.050878
0 0.646295 0.093410 0.073138 0.081883
0 0.731755 0.096590 0.072343 0.051673
0 0.618869 0.019477 0.026234 0.026234
0 0.635166 0.041736 0.034979 0.018284
0 0.667760 0.025837 0.071548 0.051673