0 0.021148 0.685801 0.042296 0.040282
0 0.098691 0.456193 0.022155 0.018127
0 0.270393 0.441088 0.047331 0.052367
0 0.364552 0.841893 0.066465 0.062437
0 0.350453 0.902820 0.032226 0.027190
0 0.352971 0.975327 0.035247 0.037261
0 0.515609 0.940081 0.064451 0.057402
0 0.489930 0.714502 0.019134 0.021148
0 0.523162 0.656596 0.019134 0.016113
0 0.284995 0.206949 0.030211 0.033233
0 0.039275 0.220544 0.028197 0.050352
0 0.009063 0.017120 0.018126 0.028197
0 0.116818 0.021652 0.044310 0.033233
0 0.751762 0.120342 0.021148 0.029204