0 0.179936 0.123067 0.025769 0.022214
0 0.115514 0.171495 0.023103 0.031989
0 0.353208 0.100409 0.023991 0.026657
0 0.442954 0.054203 0.007997 0.008886
0 0.502488 0.176382 0.011551 0.027546
0 0.463391 0.326106 0.006220 0.017771
0 0.538919 0.329216 0.013329 0.015106
0 0.109294 0.333659 0.021326 0.022214
0 0.052870 0.330105 0.054203 0.070197
0 0.203039 0.403412 0.013329 0.008886
0 0.730407 0.186156 0.044429 0.031100
0 0.763284 0.120402 0.037320 0.029323
0 0.795717 0.134175 0.011551 0.021326
0 0.849920 0.163053 0.029323 0.038209
0 0.881909 0.159055 0.013329 0.014217
0 0.922339 0.073307 0.014217 0.009774
0 0.962325 0.164386 0.039097 0.042652
0 0.993602 0.120402 0.012795 0.018660
0 0.932557 0.213258 0.016883 0.015994
0 0.869024 0.251466 0.017771 0.017771
0 0.722854 0.279900 0.022214 0.019549
0 0.776613 0.350542 0.046206 0.043540
0 0.799271 0.393638 0.020437 0.015994
0 0.826817 0.376755 0.027546 0.028434
0 0.960103 0.297228 0.034654 0.041763
0 0.754398 0.937000 0.031989 0.036431
0 0.927670 0.899680 0.042652 0.027546
0 0.974765 0.890794 0.017771 0.015106
0 0.990048 0.921006 0.019904 0.025769
0 0.987649 0.982762 0.018660 0.010663
0 0.666874 0.780167 0.016883 0.010663
0 0.861027 0.726408 0.033766 0.027546
0 0.889906 0.692198 0.023991 0.035543
0 0.874356 0.631331 0.021326 0.023991
0 0.841034 0.622001 0.016883 0.014217
0 0.976719 0.602008 0.046561 0.038209
0 0.797939 0.570464 0.046206 0.039097
0 0.748178 0.492269 0.026657 0.023103
0 0.782388 0.511818 0.047094 0.031989
0 0.786831 0.534032 0.031100 0.024880
0 0.877466 0.453616 0.034654 0.029323
0 0.891683 0.420295 0.020437 0.017771
0 0.908122 0.409188 0.015994 0.016883
0 0.986494 0.462502 0.027012 0.025769
0 0.572241 0.586014 0.023103 0.020437
0 0.400302 0.590012 0.039986 0.028434
0 0.199485 0.582015 0.029323 0.026657
0 0.084859 0.605562 0.015106 0.015106
0 0.024880 0.705527 0.012440 0.007109