0 0.134874 0.168067 0.071429 0.071429
0 0.086818 0.104340 0.070902 0.078429
0 0.031723 0.021008 0.063445 0.042016
0 0.138025 0.064076 0.111345 0.077731
0 0.228361 0.098739 0.077731 0.067227
0 0.297949 0.092773 0.071289 0.072266
0 0.382422 0.082031 0.068359 0.072266
0 0.423438 0.139648 0.072266 0.091797
0 0.500098 0.141113 0.071289 0.073242
0 0.469336 0.066895 0.078125 0.073242
0 0.398535 0.013672 0.071289 0.027344
0 0.300391 0.018066 0.068359 0.036132
0 0.231055 0.026367 0.070313 0.052734
0 0.337500 0.162109 0.083984 0.080078
0 0.343359 0.235840 0.068359 0.069336
0 0.254492 0.216309 0.070313 0.067383
0 0.184180 0.230957 0.070313 0.073242
0 0.141699 0.282715 0.067383 0.065430
0 0.101660 0.229492 0.073242 0.070313
0 0.027637 0.178223 0.055273 0.069336
0 0.025684 0.104980 0.051367 0.077148
0 0.058691 0.298340 0.073242 0.071289
0 0.043555 0.386230 0.078125 0.073242
0 0.121191 0.373535 0.106445 0.077148
0 0.173926 0.436523 0.079102 0.089844
0 0.275000 0.282715 0.072266 0.071289
0 0.342871 0.302246 0.067383 0.063477
0 0.299414 0.354980 0.070313 0.071289
0 0.362402 0.378906 0.069336 0.087891
0 0.431250 0.318359 0.068359 0.072266
0 0.493750 0.357910 0.082031 0.110352
0 0.426855 0.394043 0.069336 0.073242
0 0.284277 0.429199 0.075195 0.073242
0 0.284766 0.500977 0.072266 0.074219
0 0.375098 0.482910 0.077148 0.081055
0 0.487402 0.492188 0.075195 0.072266
0 0.420996 0.555176 0.073242 0.079102
0 0.322852 0.602051 0.082031 0.073242
0 0.261328 0.554688 0.023438 0.021484
0 0.200781 0.614258 0.074219 0.076172
0 0.085547 0.549805 0.076172 0.078125
0 0.122656 0.602539 0.076172 0.074219
0 0.111914 0.671387 0.078125 0.079102
0 0.185156 0.686035 0.080078 0.079102
0 0.366309 0.699219 0.081055 0.076172
0 0.635254 0.029297 0.071289 0.058594
0 0.537109 0.017578 0.083984 0.035156
0 0.703125 0.021484 0.076172 0.042968
0 0.750488 0.082520 0.073242 0.073242
0 0.677734 0.123535 0.078125 0.077148
0 0.574219 0.164063 0.085938 0.083984
0 0.600098 0.117188 0.075195 0.076172
0 0.648438 0.218750 0.078125 0.074219
0 0.654297 0.291016 0.091797 0.083984
0 0.576172 0.297363 0.072266 0.075195
0 0.574219 0.371582 0.074219 0.079102
0 0.717285 0.374512 0.077148 0.073242
0 0.858398 0.068359 0.017578 0.019531
0 0.896973 0.107910 0.012695 0.010742
0 0.886230 0.184570 0.014648 0.011719
0 0.889160 0.169434 0.012695 0.010742
0 0.834961 0.117676 0.072266 0.075195
0 0.786621 0.188477 0.079102 0.082031
0 0.696777 0.304688 0.069336 0.070313
0 0.720703 0.230469 0.072266 0.072266
0 0.773926 0.387695 0.088867 0.083984
0 0.843262 0.338379 0.065430 0.079102
0 0.792480 0.270508 0.077148 0.078125
0 0.858398 0.226563 0.078125 0.076172
0 0.929688 0.345703 0.066406 0.070313
0 0.925781 0.414551 0.074219 0.075195
0 0.804688 0.019531 0.085938 0.039062
0 0.940332 0.236328 0.114258 0.130859
0 0.973828 0.104004 0.052344 0.071289
0 0.964746 0.013184 0.067383 0.026367
0 0.962793 0.037109 0.024414 0.021484
0 0.977246 0.381836 0.045508 0.078125
0 0.978711 0.310547 0.042578 0.070313
0 0.597070 0.465332 0.082031 0.077148
0 0.619043 0.559570 0.073242 0.082031
0 0.687891 0.457031 0.072266 0.080078
0 0.734277 0.528320 0.073242 0.076172
0 0.776270 0.477051 0.075195 0.079102
0 0.804102 0.555176 0.074219 0.083008
0 0.548242 0.601074 0.078125 0.084961
0 0.567285 0.681641 0.083008 0.074219
0 0.527734 0.727539 0.068359 0.074219
0 0.620020 0.637695 0.075195 0.074219
0 0.690820 0.577637 0.074219 0.075195
0 0.011816 0.250000 0.023632 0.070313
0 0.204297 0.165527 0.070313 0.071289
0 0.020605 0.591797 0.041210 0.076172
0 0.044141 0.710938 0.076172 0.076172
0 0.094434 0.762207 0.075195 0.073242
0 0.063672 0.844238 0.072266 0.073242
0 0.022070 0.881836 0.044140 0.078125
0 0.072949 0.935547 0.071289 0.070313
0 0.178418 0.934570 0.077148 0.074219
0 0.151074 0.806152 0.073242 0.071289
0 0.217480 0.767090 0.081055 0.079102
0 0.307324 0.754883 0.073242 0.072266
0 0.418652 0.641113 0.073242 0.073242
0 0.474805 0.601074 0.072266 0.071289
0 0.479687 0.673340 0.068359 0.067383
0 0.439160 0.718750 0.063477 0.066406
0 0.431348 0.800781 0.084961 0.099609
0 0.232129 0.485352 0.014648 0.013672
0 0.163281 0.496582 0.015625 0.010742
0 0.168652 0.555664 0.012695 0.011719
0 0.143262 0.518066 0.008789 0.010742
0 0.184277 0.535645 0.012695 0.012695
0 0.226758 0.523926 0.011719 0.008789
0 0.282199 0.684129 0.020631 0.013999
0 0.320144 0.845859 0.075892 0.076628
0 0.256779 0.825965 0.072944 0.076628
0 0.197465 0.859122 0.075155 0.076628
0 0.232832 0.974506 0.079576 0.050987
0 0.366195 0.908856 0.073681 0.074418
0 0.451665 0.887489 0.073681 0.072944
0 0.496979 0.793177 0.065576 0.072944
0 0.524923 0.885647 0.077255 0.069260
0 0.360301 0.975243 0.083996 0.049514
0 0.435824 0.960802 0.093575 0.075155
0 0.518069 0.955644 0.078284 0.076628
0 0.473401 0.991085 0.056734 0.017830
0 0.009588 0.665372 0.019176 0.067353
0 0.008399 0.754517 0.016798 0.060222
0 0.112282 0.990729 0.062599 0.018542
0 0.386846 0.836054 0.017433 0.011886
0 0.573059 0.920444 0.017433 0.014263
0 0.618621 0.913708 0.073693 0.070523
0 0.588114 0.775832 0.074485 0.073693
0 0.650317 0.832884 0.075277 0.072108
0 0.684786 0.919255 0.071315 0.072108
0 0.755309 0.945008 0.072900 0.076070
0 0.713312 0.980032 0.091918 0.039936
0 0.829002 0.941838 0.077655 0.076070
0 0.892393 0.971949 0.076070 0.053883
0 0.726387 0.762758 0.073693 0.074485
0 0.659033 0.708082 0.072108 0.074485
0 0.709746 0.644295 0.070523 0.068938
0 0.774326 0.651030 0.071315 0.074485
0 0.818700 0.705705 0.077655 0.079239
0 0.776307 0.813471 0.075277 0.072900
0 0.837322 0.848732 0.080032 0.078447
0 0.894374 0.756418 0.076862 0.072900
0 0.890016 0.689857 0.074485 0.074485
0 0.857132 0.630428 0.076862 0.071315
0 0.928821 0.826545 0.110891 0.061014
0 0.890808 0.910539 0.077655 0.076862
0 0.954008 0.884282 0.072517 0.063969
0 0.847933 0.488933 0.084667 0.080000
0 0.913933 0.492600 0.068667 0.072667
0 0.891933 0.563267 0.074000 0.074000
0 0.979800 0.511600 0.040400 0.076000
0 0.991133 0.592600 0.017733 0.063333
0 0.972467 0.702533 0.055066 0.067200
0 0.966467 0.962067 0.067066 0.075866
0 0.972800 0.769467 0.054400 0.069333