0 0.440234 0.503339 0.040067 0.051753
0 0.500334 0.493322 0.026711 0.021703
0 0.489482 0.517529 0.021703 0.026711
0 0.537062 0.538397 0.046745 0.038397
0 0.613856 0.513356 0.040067 0.031720
0 0.630551 0.553422 0.040067 0.025042
0 0.607179 0.602671 0.040067 0.033389
0 0.547078 0.619366 0.036728 0.043406
0 0.503673 0.620200 0.033389 0.045075
0 0.543740 0.695326 0.030050 0.035058
0 0.660601 0.686978 0.026711 0.035058
0 0.714023 0.659432 0.053422 0.050083
0 0.738230 0.602671 0.025042 0.030050
0 0.787479 0.574290 0.033389 0.033389
0 0.755760 0.531720 0.030050 0.028381
0 0.795826 0.503339 0.023372 0.028381
0 0.821703 0.494992 0.021703 0.031720
0 0.693990 0.469950 0.030050 0.025042
0 0.722371 0.459098 0.016694 0.036728
0 0.757429 0.464107 0.046745 0.026711
0 0.769950 0.439065 0.028381 0.023372
0 0.787479 0.398164 0.026711 0.028381
0 0.815860 0.368114 0.030050 0.021703
0 0.877629 0.283806 0.010017 0.016694
0 0.893489 0.277129 0.025042 0.023372
0 0.975292 0.252922 0.028381 0.035058
0 0.939399 0.386477 0.036728 0.035058
0 0.928548 0.470785 0.015025 0.040067
0 0.890150 0.485810 0.028381 0.023372
0 0.966945 0.520868 0.025042 0.020033
0 0.976127 0.477462 0.026711 0.040067
0 0.942738 0.544240 0.026711 0.026711
0 0.971953 0.543406 0.035058 0.018364
0 0.976962 0.575960 0.021703 0.030050
0 0.926043 0.658598 0.020033 0.031720
0 0.962771 0.644407 0.026711 0.013356
0 0.960267 0.683639 0.038397 0.045075
0 0.936895 0.722037 0.038397 0.038397
0 0.966945 0.759599 0.028381 0.043406
0 0.878464 0.798831 0.021703 0.018364
0 0.844240 0.747913 0.020033 0.026711
0 0.784975 0.722037 0.035058 0.031720
0 0.570451 0.769616 0.020033 0.023372
0 0.621369 0.757930 0.028381 0.026711
0 0.657262 0.813856 0.046745 0.038397
0 0.621369 0.792154 0.045075 0.028381
0 0.707346 0.835559 0.026711 0.028381
0 0.614691 0.894825 0.025042 0.026711
0 0.676461 0.895659 0.035058 0.031720
0 0.652635 0.958979 0.028023 0.031958
0 0.881803 0.864775 0.021703 0.026711
0 0.826711 0.814691 0.031720 0.023372
0 0.859265 0.775459 0.036728 0.031720
0 0.867613 0.921536 0.016694 0.033389
0 0.818364 0.878965 0.018364 0.025042
0 0.791653 0.882304 0.028381 0.018364
0 0.782471 0.834725 0.023372 0.033389
0 0.542905 0.875626 0.031720 0.028381
0 0.491987 0.854758 0.026711 0.023372
0 0.490166 0.780551 0.047047 0.058264
0 0.526210 0.784641 0.015025 0.026711
0 0.417696 0.787980 0.028381 0.033389
0 0.171452 0.792154 0.040067 0.041736
0 0.310017 0.741235 0.033389 0.033389
0 0.172287 0.694491 0.048414 0.053422
0 0.068781 0.715359 0.021703 0.041736
0 0.081302 0.769616 0.026711 0.043406
0 0.129525 0.850683 0.039684 0.038594
0 0.085780 0.851566 0.034862 0.030934
0 0.213189 0.894825 0.053422 0.033389
0 0.105661 0.914171 0.018668 0.018659
0 0.091181 0.886674 0.025042 0.030443
0 0.180634 0.982471 0.028381 0.025042
0 0.135559 0.976628 0.021703 0.040067
0 0.293322 0.949082 0.026711 0.025042
0 0.317529 0.968280 0.028381 0.033389
0 0.377629 0.975793 0.028381 0.028381
0 0.365943 0.937396 0.038397 0.041736
0 0.408377 0.990229 0.022096 0.019542
0 0.456928 0.959933 0.033389 0.040067
0 0.420200 0.813856 0.026711 0.025042
0 0.417696 0.836394 0.018364 0.040067
0 0.398497 0.832220 0.023372 0.028381
0 0.392654 0.854758 0.025042 0.040067
0 0.374290 0.867279 0.021703 0.045075
0 0.347579 0.872287 0.028381 0.031720
0 0.298331 0.821369 0.030050 0.033389
0 0.261603 0.811352 0.030050 0.043406
0 0.279132 0.839733 0.011686 0.036728
0 0.317529 0.856427 0.035058 0.050083
0 0.388481 0.636895 0.033389 0.031720
0 0.329215 0.535058 0.031720 0.035058
0 0.288314 0.553422 0.036728 0.021703
0 0.355927 0.589316 0.035058 0.036728
0 0.319199 0.586811 0.038397 0.031720
0 0.338397 0.637730 0.036728 0.033389
0 0.345075 0.669449 0.030050 0.036728
0 0.316694 0.676962 0.033389 0.028381
0 0.606344 0.400668 0.025042 0.026711
0 0.685643 0.346411 0.036728 0.031720
0 0.725709 0.363105 0.043406 0.035058
0 0.774124 0.274624 0.036728 0.035058
0 0.734695 0.244455 0.021309 0.028619
0 0.694825 0.242070 0.028381 0.030050
0 0.707346 0.284641 0.026711 0.035058
0 0.659766 0.281183 0.025042 0.035297
0 0.633055 0.280467 0.025042 0.033389
0 0.606982 0.303065 0.023766 0.034939
0 0.557095 0.303005 0.033389 0.035058
0 0.726824 0.086394 0.015586 0.019199
0 0.743239 0.139399 0.031720 0.035058
0 0.648897 0.148164 0.019998 0.020868
0 0.571446 0.159492 0.052075 0.048295
0 0.642237 0.070117 0.036728 0.026711
0 0.628047 0.036728 0.058431 0.050083
0 0.832894 0.015383 0.026031 0.024088
0 0.866778 0.038397 0.038397 0.036728
0 0.881803 0.095159 0.015025 0.036728
0 0.941903 0.160267 0.025042 0.033389
0 0.926878 0.131052 0.018364 0.031720
0 0.145576 0.484140 0.035058 0.023372
0 0.021452 0.495826 0.042904 0.026711
0 0.075459 0.544240 0.038397 0.026711
0 0.089649 0.576795 0.020033 0.025042
0 0.053756 0.573456 0.035058 0.025042
0 0.244908 0.409850 0.033389 0.058431
0 0.172287 0.440735 0.038397 0.033389
0 0.429382 0.392321 0.038397 0.026711
0 0.510351 0.424040 0.033389 0.023372
0 0.540401 0.388147 0.026711 0.031720
0 0.626377 0.343907 0.031720 0.036728
0 0.805008 0.292988 0.025042 0.025042
0 0.978631 0.355593 0.031720 0.023372
0 0.866778 0.179466 0.028381 0.031720
0 0.827707 0.181553 0.026389 0.037563
0 0.860100 0.136895 0.045075 0.020033
0 0.865943 0.080968 0.030050 0.018364
0 0.826711 0.114357 0.028381 0.021703
0 0.850918 0.102910 0.040067 0.025519
0 0.989536 0.159194 0.020928 0.032197
0 0.730444 0.175590 0.038159 0.041140
0 0.678571 0.175292 0.034581 0.035774
0 0.632662 0.190496 0.051276 0.054257
0 0.808550 0.339040 0.025042 0.014310
0 0.812127 0.319364 0.026234 0.021464
0 0.779037 0.321451 0.028023 0.031600
0 0.835679 0.955223 0.013713 0.022061
0 0.887253 0.985035 0.026234 0.022061
0 0.861018 0.992666 0.016694 0.014667
0 0.952242 0.994276 0.029812 0.009540
0 0.586454 0.230593 0.024446 0.032197
0 0.573337 0.347752 0.016098 0.019676
0 0.610959 0.044419 0.035297 0.088838
0 0.433938 0.104341 0.025638 0.026234
0 0.487598 0.071250 0.029215 0.017291
0 0.513833 0.014906 0.022061 0.029812
0 0.566599 0.036072 0.031004 0.033985
0 0.576437 0.076020 0.026830 0.030408
0 0.571667 0.006260 0.020868 0.012520
0 0.404126 0.011030 0.025638 0.022060
0 0.347484 0.012521 0.022061 0.021464
0 0.339435 0.090925 0.017887 0.023253
0 0.520082 0.896494 0.017677 0.011784
0 0.517382 0.871207 0.018168 0.022096
0 0.568447 0.260851 0.017186 0.013257
0 0.550280 0.343587 0.015221 0.017677
0 0.506580 0.204385 0.010311 0.008347
0 0.501424 0.214451 0.021605 0.024551
0 0.500933 0.242684 0.025533 0.027006
0 0.508544 0.271899 0.017186 0.019641
0 0.456496 0.244893 0.027006 0.025533
0 0.404203 0.190882 0.014730 0.018659
0 0.416969 0.253732 0.024551 0.026515
0 0.445448 0.307498 0.018659 0.019150
0 0.425808 0.321983 0.018659 0.025533
0 0.407395 0.321001 0.016203 0.020623
0 0.091672 0.065796 0.018168 0.018659
0 0.217372 0.038790 0.024060 0.025533
0 0.227192 0.076107 0.020132 0.017677
0 0.280467 0.109251 0.016694 0.022096
0 0.315084 0.028479 0.026024 0.034371
0 0.282677 0.013503 0.021114 0.020132
0 0.170726 0.123490 0.021114 0.021114
0 0.143229 0.130855 0.025042 0.025042
0 0.062948 0.085437 0.030443 0.022587
0 0.017775 0.119071 0.029461 0.028970
0 0.206570 0.152214 0.035844 0.030443
0 0.298880 0.172806 0.025042 0.026576
0 0.272611 0.164428 0.023569 0.018659
0 0.260336 0.185788 0.023569 0.025042
0 0.240695 0.194135 0.021605 0.025042
0 0.179073 0.175722 0.022096 0.026515
0 0.155259 0.171794 0.021605 0.026515
0 0.106894 0.182350 0.025042 0.024060
0 0.008642 0.241027 0.017284 0.018659
0 0.063439 0.239799 0.016694 0.019150
0 0.106894 0.226787 0.021114 0.023569
0 0.083080 0.231206 0.021605 0.025533
0 0.142492 0.252566 0.031425 0.024060
0 0.159187 0.261158 0.015712 0.016694
0 0.139055 0.201991 0.023569 0.022096
0 0.180055 0.205183 0.019150 0.014730
0 0.187420 0.219913 0.026024 0.023569
0 0.215654 0.280682 0.043209 0.030443
0 0.045272 0.261533 0.027497 0.027497
0 0.035451 0.307688 0.017677 0.022587
0 0.006678 0.313580 0.013356 0.017677
0 0.139546 0.310143 0.019641 0.014730
0 0.022439 0.358754 0.018168 0.025533
0 0.025631 0.362191 0.004910 0.008838
0 0.003732 0.357772 0.007463 0.018659
0 0.237749 0.306589 0.022587 0.017677
0 0.237013 0.326475 0.012275 0.016203
0 0.252725 0.334086 0.016203 0.019641
0 0.168516 0.346607 0.021605 0.023078
0 0.219582 0.334823 0.027497 0.034862
0 0.192085 0.356673 0.023569 0.030443
0 0.168025 0.368672 0.017677 0.021175
0 0.159187 0.381960 0.028479 0.027988
0 0.158696 0.409948 0.022587 0.026024
0 0.133163 0.397673 0.020623 0.026024
0 0.121624 0.420443 0.032898 0.023569
0 0.126289 0.496925 0.020623 0.015712
0 0.111804 0.996121 0.014239 0.007758
0 0.370649 0.363596 0.030050 0.026711
0 0.386091 0.326450 0.020868 0.025876
0 0.386509 0.257586 0.021703 0.031720
0 0.176576 0.005843 0.017529 0.011686
0 0.478746 0.772287 0.019199 0.013356
0 0.505874 0.787312 0.018364 0.023372
0 0.487093 0.796912 0.019199 0.017529
0 0.253216 0.359079 0.028479 0.025533