0 0.232387 0.388982 0.048414 0.050083
0 0.442738 0.301336 0.031720 0.035058
0 0.320033 0.323873 0.030050 0.026711
0 0.274124 0.252087 0.028381 0.030050
0 0.072120 0.051753 0.038397 0.036728
0 0.038731 0.008347 0.051753 0.016694
0 0.572955 0.049249 0.035058 0.031720
0 0.731553 0.031720 0.055092 0.063439
0 0.633055 0.169449 0.045075 0.041736
0 0.734057 0.183639 0.026711 0.040067
0 0.803339 0.227880 0.035058 0.035058
0 0.706511 0.273790 0.048414 0.033389
0 0.951085 0.386477 0.056761 0.035058
0 0.729048 0.343907 0.046745 0.046745
0 0.734057 0.319699 0.026711 0.035058
0 0.802504 0.432387 0.033389 0.030050
0 0.791653 0.490818 0.025042 0.040067
0 0.737396 0.515025 0.036728 0.035058
0 0.797496 0.565109 0.033389 0.035058
0 0.914357 0.594324 0.030050 0.043406
0 0.831720 0.803840 0.068447 0.028381
0 0.901002 0.860601 0.036728 0.035058
0 0.288314 0.695326 0.056761 0.045075
0 0.371786 0.135225 0.026711 0.030050
0 0.171452 0.367279 0.040067 0.033389
0 0.024541 0.412354 0.040067 0.026711
0 0.310851 0.524207 0.028381 0.026711
0 0.618030 0.537563 0.025042 0.030050
0 0.578798 0.425710 0.023372 0.030050
0 0.216528 0.637730 0.040067 0.023372
0 0.040401 0.680301 0.018364 0.045075
0 0.174791 0.775459 0.013356 0.028381
0 0.140568 0.766277 0.021703 0.026711
0 0.022871 0.907346 0.030050 0.031720
0 0.007262 0.878965 0.014524 0.035058
0 0.488648 0.970785 0.036728 0.028381
0 0.355927 0.868948 0.028381 0.021703
0 0.381803 0.974958 0.023372 0.046745
0 0.539566 0.898998 0.028381 0.025042
0 0.657262 0.905676 0.033389 0.035058
0 0.712354 0.891486 0.026711 0.026711
0 0.633890 0.985810 0.020033 0.015025
0 0.562103 0.578464 0.020033 0.015025