0 0.206172 0.057486 0.031120 0.052732
0 0.295211 0.079962 0.034578 0.025069
0 0.241183 0.115405 0.014696 0.018154
0 0.258904 0.138313 0.015560 0.024205
0 0.087742 0.066995 0.015560 0.009509
0 0.114972 0.105896 0.014696 0.012967
0 0.341891 0.120159 0.038036 0.036307
0 0.463347 0.005619 0.040629 0.011238
0 0.746888 0.018586 0.044087 0.037172
0 0.669952 0.104599 0.040629 0.034578
0 0.561030 0.111515 0.021611 0.024205
0 0.469398 0.129236 0.018154 0.023340
0 0.682486 0.150415 0.032849 0.024205
0 0.833333 0.154737 0.012967 0.010373
0 0.875259 0.131829 0.015560 0.012967
0 0.950899 0.105463 0.028527 0.022476
0 0.983013 0.220003 0.033973 0.030256
0 0.665629 0.272303 0.037172 0.031120
0 0.260201 0.191044 0.037172 0.043223
0 0.369986 0.233402 0.009509 0.012102
0 0.055325 0.224758 0.025069 0.015560
0 0.117133 0.254149 0.046680 0.039765
0 0.262362 0.285270 0.017289 0.017289
0 0.336272 0.277057 0.026798 0.012967
0 0.159492 0.344917 0.017289 0.015560
0 0.265387 0.344053 0.044087 0.039765
0 0.023772 0.417963 0.034578 0.045816
0 0.502248 0.325035 0.064834 0.048409
0 0.640560 0.375605 0.038900 0.044087
0 0.662172 0.432227 0.044087 0.015560
0 0.048842 0.489713 0.012102 0.016425
0 0.205740 0.531207 0.019882 0.016425
0 0.480636 0.498358 0.019882 0.019882
0 0.756397 0.538122 0.023340 0.026798
0 0.888226 0.512189 0.041494 0.023340
0 0.994251 0.516943 0.011497 0.034578
0 0.408887 0.560166 0.061376 0.050138
0 0.417531 0.591286 0.021611 0.025934
0 0.605550 0.595176 0.024205 0.014696
0 0.687241 0.633212 0.016425 0.019882
0 0.757261 0.691995 0.056189 0.040629
0 0.779737 0.649637 0.012967 0.025069
0 0.810425 0.676867 0.010373 0.012102
0 0.543741 0.663468 0.028527 0.019882
0 0.290024 0.612898 0.015560 0.006916
0 0.221732 0.620678 0.034578 0.024205
0 0.345781 0.651366 0.026798 0.026798
0 0.061376 0.609440 0.040629 0.020747
0 0.043655 0.693292 0.032849 0.046680
0 0.102006 0.662172 0.012967 0.015560
0 0.232538 0.699775 0.031985 0.033714
0 0.222165 0.852351 0.012967 0.012102
0 0.437414 0.735218 0.028527 0.025069
0 0.450813 0.765474 0.050138 0.026798
0 0.441304 0.800484 0.025934 0.013831
0 0.520833 0.803510 0.024205 0.016425
0 0.595176 0.748617 0.008645 0.013831
0 0.679461 0.827282 0.011238 0.015560
0 0.686808 0.913295 0.010373 0.021611
0 0.874827 0.847597 0.037172 0.059647
0 0.788382 0.991442 0.018154 0.017116
0 0.631483 0.958247 0.055325 0.057918
0 0.475017 0.876988 0.031120 0.031985
0 0.401971 0.982797 0.075207 0.034405
0 0.416667 0.949170 0.012967 0.015560
0 0.271438 0.969053 0.030256 0.034578
0 0.220868 0.991874 0.019018 0.016252
0 0.095090 0.863589 0.012967 0.012102
0 0.142203 0.860996 0.013831 0.012102
0 0.866183 0.989799 0.011238 0.008645