0 0.017198 0.167510 0.034395 0.078916
0 0.062314 0.206968 0.046903 0.034247
0 0.045563 0.152621 0.017868 0.013401
0 0.054869 0.170861 0.034991 0.029035
0 0.033279 0.042064 0.048392 0.055837
0 0.050030 0.083383 0.023824 0.023824
0 0.083904 0.075938 0.034991 0.032758
0 0.098794 0.039458 0.049881 0.058070
0 0.074598 0.015262 0.041691 0.029035
0 0.050030 0.059932 0.016379 0.018612
0 0.029929 0.034619 0.000000 0.000744
0 0.122990 0.015262 0.046158 0.030524
0 0.151653 0.070727 0.024568 0.025313
0 0.177710 0.076310 0.027546 0.027546
0 0.188133 0.030896 0.067749 0.061792
0 0.250670 0.013401 0.076683 0.026802
0 0.067525 0.107207 0.026057 0.023824
0 0.093955 0.137731 0.065515 0.061048
0 0.169893 0.114652 0.035736 0.028291
0 0.160214 0.135125 0.023824 0.009678
0 0.210468 0.102740 0.037969 0.041691
0 0.159098 0.162299 0.045414 0.032758
0 0.185155 0.153365 0.029035 0.032758
0 0.224241 0.155599 0.041691 0.026802
0 0.194833 0.143687 0.002233 0.001489
0 0.268538 0.180167 0.017123 0.017868
0 0.087254 0.258338 0.046158 0.041691
0 0.018761 0.225581 0.029780 0.028291
0 0.002308 0.236376 0.004616 0.020101
0 0.025462 0.282162 0.038714 0.065515
0 0.002680 0.315292 0.005360 0.036480
0 0.025462 0.345444 0.047647 0.056581
0 0.091349 0.314175 0.051370 0.049136
0 0.112195 0.284023 0.032013 0.026057
0 0.111822 0.242704 0.023824 0.032758
0 0.117406 0.334276 0.043925 0.055092
0 0.159470 0.363684 0.028291 0.024568
0 0.009083 0.123958 0.011912 0.015634
0 0.192972 0.333904 0.026802 0.018612
0 0.165426 0.309708 0.059559 0.026802
0 0.159842 0.340977 0.039458 0.032758
0 0.157981 0.285884 0.059559 0.035736
0 0.157609 0.226697 0.000744 0.005211
0 0.145697 0.247171 0.048392 0.055092
0 0.218285 0.230048 0.123585 0.120608
0 0.247692 0.318642 0.052859 0.041691
0 0.259604 0.287746 0.087105 0.067749
0 0.288267 0.336510 0.043180 0.040203
0 0.044818 0.408353 0.047647 0.037969
0 0.045563 0.430688 0.035736 0.033502
0 0.093210 0.450417 0.041691 0.072960
0 0.068642 0.461957 0.047647 0.054348
0 0.018389 0.496948 0.034991 0.051370
0 0.030599 0.548690 0.061197 0.068493
0 0.005733 0.590753 0.011167 0.015634
0 0.016900 0.642868 0.030524 0.029035
0 0.020622 0.610855 0.034991 0.033502
0 0.048169 0.630211 0.066260 0.061793
0 0.121873 0.622022 0.067749 0.048392
0 0.114056 0.573630 0.072960 0.051370
0 0.190739 0.576608 0.084872 0.091572
0 0.130807 0.537522 0.033502 0.034247
0 0.093582 0.511465 0.033502 0.050625
0 0.123734 0.495831 0.026802 0.038714
0 0.245831 0.539384 0.050625 0.052859
0 0.281939 0.541245 0.030524 0.034247
0 0.284544 0.499553 0.029780 0.022335
0 0.249553 0.476846 0.023824 0.023079
0 0.318419 0.458979 0.026057 0.036480
0 0.277844 0.459351 0.058070 0.062537
0 0.119267 0.426965 0.011912 0.020101
0 0.205256 0.403886 0.109440 0.116885
0 0.255137 0.380063 0.021590 0.018612
0 0.291617 0.393463 0.052859 0.070727
0 0.357877 0.402025 0.064771 0.065515
0 0.124851 0.681209 0.034991 0.031269
0 0.124479 0.699449 0.013401 0.012656
0 0.316483 0.013773 0.048392 0.027546
0 0.370831 0.012284 0.052859 0.024568
0 0.428901 0.026057 0.057326 0.052114
0 0.298987 0.104229 0.040203 0.044669
0 0.298615 0.137731 0.032013 0.022335
0 0.348496 0.105345 0.066260 0.063282
0 0.401355 0.107207 0.046903 0.029780
0 0.317972 0.177561 0.030524 0.037969
0 0.302710 0.168627 0.032758 0.026057
0 0.332862 0.163043 0.046903 0.044669
0 0.380509 0.138848 0.055837 0.049881
0 0.387582 0.170488 0.035736 0.013401
0 0.351846 0.210319 0.038714 0.037969
0 0.399866 0.274717 0.061793 0.064026
0 0.388699 0.190962 0.034991 0.024568
0 0.411778 0.188728 0.015634 0.015634
0 0.418851 0.205852 0.017868 0.015634
0 0.423317 0.218136 0.014890 0.013401
0 0.395399 0.225953 0.036480 0.033502
0 0.455331 0.217391 0.019357 0.020846
0 0.435229 0.198407 0.038714 0.032013
0 0.491811 0.194312 0.065515 0.050625
0 0.397260 0.071471 0.055092 0.053603
0 0.428901 0.080033 0.012656 0.014145
0 0.428529 0.065515 0.013401 0.011912
0 0.529035 0.351400 0.044669 0.065515
0 0.483621 0.340605 0.061048 0.057326
0 0.481388 0.294818 0.061048 0.037225
0 0.491438 0.245310 0.048392 0.040947
0 0.563654 0.181284 0.021590 0.020101
0 0.572960 0.198035 0.067004 0.059559
0 0.467615 0.029035 0.040947 0.037225
0 0.506700 0.025313 0.044669 0.026802
0 0.510795 0.014145 0.054348 0.028290
0 0.520101 0.074449 0.017868 0.011912
0 0.498883 0.063654 0.011167 0.011167
0 0.500000 0.080405 0.013401 0.010423
0 0.506328 0.066632 0.036480 0.039458
0 0.491438 0.043925 0.029035 0.022335
0 0.549881 0.044669 0.050625 0.044669
0 0.563282 0.080405 0.032758 0.025313
0 0.559932 0.102740 0.051370 0.032758
0 0.580033 0.144059 0.024568 0.021590
0 0.615396 0.136614 0.029780 0.040947
0 0.578172 0.134008 0.065515 0.043180
0 0.472454 0.543106 0.014890 0.015634
0 0.516751 0.550551 0.029035 0.024568
0 0.540947 0.550179 0.017868 0.028291
0 0.554348 0.558368 0.026802 0.032758
0 0.560304 0.530450 0.025313 0.023079
0 0.524196 0.594104 0.055837 0.062537
0 0.567376 0.588892 0.014145 0.019357
0 0.584127 0.587775 0.040203 0.043925
0 0.597528 0.507370 0.016379 0.018612
0 0.596412 0.485408 0.026057 0.029780
0 0.571471 0.487269 0.023824 0.021590
0 0.587478 0.505881 0.058815 0.052859
0 0.612790 0.459723 0.009678 0.021590
0 0.735110 0.360557 0.014890 0.017123
0 0.729154 0.357579 0.037225 0.040947
0 0.754467 0.359068 0.017868 0.032013
0 0.746278 0.332638 0.016379 0.025313
0 0.780152 0.343061 0.046903 0.044669
0 0.790947 0.372469 0.028291 0.014145
0 0.810304 0.364279 0.019357 0.018612
0 0.798392 0.395176 0.026802 0.025313
0 0.837105 0.425700 0.074449 0.072960
0 0.842317 0.366513 0.037225 0.040947
0 0.851623 0.291319 0.063282 0.060304
0 0.913416 0.286108 0.060304 0.057326
0 0.884008 0.338594 0.034247 0.034247
0 0.932400 0.386986 0.043180 0.034247
0 0.962552 0.385870 0.024568 0.026057
0 0.899270 0.392570 0.057326 0.055837
0 0.921605 0.350134 0.079661 0.032013
0 0.693046 0.486004 0.036480 0.047647
0 0.665873 0.482281 0.019357 0.050625
0 0.680018 0.548541 0.020846 0.019357
0 0.676668 0.560453 0.014145 0.013401
0 0.687091 0.549285 0.060304 0.055092
0 0.722082 0.513922 0.033502 0.033502
0 0.660289 0.512061 0.036480 0.026802
0 0.652844 0.538862 0.018612 0.014890
0 0.630881 0.637135 0.050625 0.050625
0 0.791319 0.557475 0.017123 0.017868
0 0.823705 0.486748 0.028291 0.025313
0 0.868374 0.482281 0.055092 0.056581
0 0.851251 0.542585 0.037225 0.037225
0 0.835244 0.560453 0.020101 0.029780
0 0.877308 0.582787 0.046158 0.041691
0 0.944089 0.483398 0.021590 0.029035
0 0.964190 0.479675 0.032013 0.023079
0 0.988237 0.486376 0.023526 0.036480
0 0.962701 0.513550 0.020101 0.025313
0 0.941111 0.540351 0.026057 0.029780
0 0.969401 0.529556 0.054348 0.063282
0 0.974985 0.575342 0.049136 0.044669
0 0.392644 0.736301 0.083383 0.084872
0 0.579512 0.748958 0.031269 0.026802
0 0.599985 0.714711 0.103484 0.075938
0 0.584723 0.819610 0.017868 0.015634
0 0.589190 0.823705 0.035736 0.049136
0 0.562388 0.795042 0.053603 0.049881
0 0.753722 0.974092 0.107207 0.050625
0 0.496501 0.976995 0.054348 0.046010
0 0.479005 0.955107 0.089339 0.076683
0 0.326013 0.886986 0.058815 0.062537
0 0.009902 0.837105 0.019803 0.029780
0 0.097230 0.937984 0.032758 0.049881
0 0.125149 0.895176 0.049881 0.025313
0 0.137805 0.918999 0.011167 0.020846
0 0.118821 0.928306 0.016379 0.020101
0 0.160140 0.913043 0.036480 0.041691
0 0.001712 0.921233 0.003424 0.013401
0 0.203320 0.975879 0.096039 0.048242