0 0.07487408281249999 0.6637285421875 0.10605802812500001 0.71562734375 0.1604680625 0.682934496875 0.129284115625 0.6310356968749999 0.07487408281249999 0.6637285421875
0 0.04344585625 0.622799778125 0.0590378296875 0.648749178125 0.08080184375 0.635672040625 0.0652098703125 0.6097226390625 0.04344585625 0.622799778125
0 0.06788635781249999 0.6046965734375 0.08800503125 0.6381796703125 0.1281847484375 0.6140372609375 0.10806607500000001 0.5805541625 0.06788635781249999 0.6046965734375
0 0.342257728125 0.668834996875 0.35533486718749996 0.6905990109375 0.376261803125 0.6780248390625 0.3631846640625 0.656260825 0.342257728125 0.668834996875
0 0.5746209984374999 0.911448996875 0.61284648125 0.9750668812500001 0.639632959375 0.9589719421874999 0.6014074765624999 0.8953540562500001 0.5746209984374999 0.911448996875
0 0.7453974046875 0.8287737625 0.792676290625 0.9074590421875 0.883080653125 0.8531386203125001 0.83580176875 0.774453340625 0.7453974046875 0.8287737625
0 0.8893835093750001 0.6237719765625 0.907993284375 0.6547438421875 0.938128071875 0.6366370359375 0.9195182984375 0.6056651703125 0.8893835093750001 0.6237719765625
0 0.6875591578125 0.3400225359375 0.7162282703125 0.38773595 0.7538967546875 0.36510244062499997 0.7252276421875 0.3173890265625 0.6875591578125 0.3400225359375
0 0.6943059859375 0.2829916265625 0.708892025 0.30726687343750003 0.74488635625 0.285639296875 0.7303003171875 0.26136405156250003 0.6943059859375 0.2829916265625
0 0.453591753125 0.0767258796875 0.538593153125 0.21819196718749997 0.654109840625 0.1487825390625 0.5691084390625 0.0073164515624999996 0.453591753125 0.0767258796875
0 0.3698668765625 0.6294599390625 0.4055775234375 0.6888924375000001 0.4599875578125 0.656199590625 0.42427690937499996 0.5967670921875 0.3698668765625 0.6294599390625
0 0.311314240625 0.4675446671875 0.341492253125 0.5177693140625 0.386694434375 0.490609103125 0.356516421875 0.44038445625 0.311314240625 0.4675446671875
0 0.2375005796875 0.53810006875 0.2616429890625 0.5782797875 0.290103621875 0.5611789125 0.26596121250000004 0.5209991953124999 0.2375005796875 0.53810006875
0 0.090744115625 0.46734923437500003 0.113377625 0.5050177203125 0.1560685734375 0.479366409375 0.1334350640625 0.441697925 0.090744115625 0.46734923437500003
0 0 0.31737116875 0.051104746874999996 0.2866643390625 0.0068436625 0.2130015234375 0 0.21711361093749998 0 0.31737116875
0 0.26867530156249997 0.4430359484375 0.2827583734375 0.4664741171875 0.3045223875 0.45339697812499996 0.2904393140625 0.429958809375 0.26867530156249997 0.4430359484375
0 0.44618320312500004 0.8086143218749999 0.4642900109375 0.8387491109375 0.48856525624999997 0.824163071875 0.4704584484375 0.7940282828125 0.44618320312500004 0.8086143218749999
0 0.5860503390625 0.57874449375 0.5961096765625 0.5954860421875 0.622059078125 0.57989406875 0.6119997406250001 0.5631525203125001 0.5860503390625 0.57874449375
0 0.512114209375 0.455694109375 0.5337417859375 0.49168843906250004 0.557179953125 0.4776053671875 0.535552378125 0.44161103749999997 0.512114209375 0.455694109375
0 0.35355063124999997 0.3852019625 0.3721604046875 0.416173828125 0.41317719999999997 0.3915284515625 0.394567425 0.3605565859375 0.35355063124999997 0.3852019625
0 0.0630955640625 0.5768143296875 0.07617270312499999 0.5985783437500001 0.0945884078125 0.587513071875 0.08151126875 0.5657490593750001 0.0630955640625 0.5768143296875
0 0.047096078125 0.7009264796875 0.0662088203125 0.732735421875 0.093832375 0.716137515625 0.074719634375 0.684328571875 0.047096078125 0.7009264796875
0 0.129860925 0.7486056734375001 0.1419321296875 0.7686955328125 0.158673678125 0.7586361953125 0.1466024734375 0.7385463359375 0.129860925 0.7486056734375001
0 0.267474153125 0.794659121875 0.28507799375 0.8239568328125 0.3101903171875 0.8088678265624999 0.29258647656250003 0.779570115625 0.267474153125 0.794659121875
0 0.5027523484375 0.7472811796875 0.5118057515625 0.7623485750000001 0.5327326875 0.749774403125 0.523679284375 0.734707009375 0.5027523484375 0.7472811796875
0 0.5110803374999999 0.9393744640625 0.522145609375 0.9577901671875001 0.5397242343750001 0.9472278624999999 0.5286589640625 0.9288121593750001 0.5110803374999999 0.9393744640625
0 0.3582162296875 0.74469294375 0.36877853437499997 0.7622715703125 0.381334696875 0.7547270671875 0.3707723921875 0.737148440625 0.3582162296875 0.74469294375
0 0.2578331359375 0.6449388859375 0.2694013734375 0.6641916671875 0.2819575359375 0.6566471640625 0.270389296875 0.6373943843750001 0.2578331359375 0.6449388859375
0 0.1684615015625 0.6109134187499999 0.1800297390625 0.6301662 0.193422978125 0.62211873125 0.181854740625 0.60286595 0.1684615015625 0.6109134187499999
0 0.0379400171875 0.5235718828125 0.0676150625 0.5729594515625 0.128721715625 0.5362428703125001 0.0990466703125 0.48685530000000005 0.0379400171875 0.5235718828125
0 0.1496700453125 0.425107221875 0.162244215625 0.4460341578125 0.1798228421875 0.435471853125 0.1672486703125 0.4145449171875 0.1496700453125 0.425107221875
0 0.24939010156250002 0.403355596875 0.26246724062500004 0.425119609375 0.2909278734375 0.40801873593750004 0.27785073437499996 0.386254721875 0.24939010156250002 0.403355596875
0 0.8245919765625 0.2628117171875 0.83515428125 0.28039034375 0.8644519921875 0.26278650312499996 0.8538896875 0.245207878125 0.8245919765625 0.2628117171875
0 0.8956575499999999 0.34885103281249996 0.9077287546875 0.368940890625 0.9236332265625 0.3593845203125 0.9115620218749999 0.3392946609375 0.8956575499999999 0.34885103281249996
0 0.9115640421875 0.47486900781249997 0.9236352468750001 0.49495886718750004 0.9378655625000001 0.48640842968750003 0.9257943578125 0.46631857187500003 0.9115640421875 0.47486900781249997
0 0.3582083671875 0.335122759375 0.3682677046875 0.3518643078125 0.39003171875 0.33878716875000003 0.37997238125 0.3220456203125 0.3582083671875 0.335122759375
0 0.4054906359375 0.2867751234375 0.41605294062500003 0.30435375 0.4286091015625 0.296809246875 0.41804679843750003 0.2792306203125 0.4054906359375 0.2867751234375
0 0.3369344953125 0.19637976562499998 0.35403536875 0.22484039843749998 0.3749623046875 0.2122662265625 0.35786143125000003 0.18380559375 0.3369344953125 0.19637976562499998
0 0.29745879999999997 0.1420577609375 0.305003303125 0.1546139234375 0.3209077734375 0.145057553125 0.3133632703125 0.132501390625 0.29745879999999997 0.1420577609375
0 0.1859118171875 0.1327494921875 0.1738406125 0.1126596328125 0.1554249078125 0.1237249046875 0.1674961140625 0.1438147625 0.1859118171875 0.1327494921875
0 0.1862017796875 0.5911396609375 0.203302653125 0.61960029375 0.22339251249999997 0.6075290890625 0.20629163906249998 0.57906845625 0.1862017796875 0.5911396609375