0 0.6939616609375 0.28859589375 0.7328804421874999 0.24221429687499998 0.6879950265625 0.20455095937499998 0.6490762453125 0.25093255625 0.6939616609375 0.28859589375
0 0.844625453125 0.3270558109375 0.8873105671875001 0.276185671875 0.8386847 0.23538372343749997 0.795999584375 0.2862538625 0.844625453125 0.3270558109375
0 1 0.2668461703125 0.9407142046875 0.21709948125 0.889240978125 0.27844288437500003 0.9879888937500001 0.36130222500000003 1 0.3469879453125 1 0.2668461703125
0 1 0.2859683484375 0.978802103125 0.2681812 0.954320934375 0.2973567203125 0.9924735374999999 0.32937055625 1 0.3204008671875 1 0.2859683484375
0 0.9493768015624999 0.280459984375 0.9738579703125 0.2512844625 0.9454305406250001 0.22743101718749997 0.920949371875 0.2566065375 0.9493768015624999 0.280459984375
0 0.8517349609375 0.47962475312499997 0.8850042406249999 0.43997596874999995 0.8558287203124999 0.4154948 0.822559440625 0.455143584375 0.8517349609375 0.47962475312499997
0 0.7921757171875 0.4366600796875 0.808496496875 0.4172097328125 0.78904615 0.40088895312500006 0.7727253703125 0.4203393 0.7921757171875 0.4366600796875
0 0.8163469234375 0.44355660468749997 0.8464775921875001 0.407648271875 0.82328679375 0.38818888125 0.793156125 0.4240972140625 0.8163469234375 0.44355660468749997
0 0.2744478171875 0.9564314265625 0.3089725421875 0.9152864609375 0.24538486874999998 0.8619300671874999 0.21086014375 0.9030750328125 0.2744478171875 0.9564314265625
0 0.1675699140625 0.8559143171875 0.158781803125 0.86638758125 0.19094968437499998 0.8933796390625 0.19973779687499998 0.8829063749999999 0.1675699140625 0.8559143171875
0 0.1113557171875 0.8036457578125 0.143369553125 0.765493153125 0.0984841359375 0.7278298171875 0.06647030000000001 0.765982421875 0.1113557171875 0.8036457578125
0 0 0.652203278125 0.0284516296875 0.67607703125 0.066114965625 0.6311916140625 0.012252465625 0.5859956109375 0 0.60059753125 0 0.652203278125
0 0 0.6388177546875 0.012225959375000001 0.649076553125 0.0335685171875 0.623641484375 0.0081334484375 0.6022989265625001 0 0.61199199375 0 0.6388177546875
0 0 0.5907223312500001 0.0215136296875 0.565083384375 0 0.5470313046874999 0 0.5907223312500001
0 0.6690160140625 0.7125733296875 0.7336714078125001 0.63552003125 0.6558700203125001 0.570236915625 0.591214625 0.6472902140625 0.6690160140625 0.7125733296875
0 0.7208481640625 0.0848772515625 0.7465847765625 0.054205551562499996 0.7174092562500001 0.0297243828125 0.69167264375 0.060396082812499995 0.7208481640625 0.0848772515625
0 0.2880213375 0.549045284375 0.43930240625000005 0.368755528125 0.26125692031250003 0.2193576265625 0.1099758515625 0.3996473828125 0.2880213375 0.549045284375
0 0.32722030156250004 0.43852079218749995 0.361745028125 0.397375828125 0.3206000625 0.362851103125 0.28607533749999997 0.4039960671875 0.32722030156250004 0.43852079218749995
0 0.371530384375 0.4062241234375 0.4016610546875 0.370315790625 0.3605160890625 0.335791065625 0.3303854203125 0.3716993984375 0.371530384375 0.4062241234375
0 0.2150061375 0.3998162421875 0.24513680624999998 0.3639079078125 0.21670937499999998 0.34005446250000004 0.18657870625 0.3759627953125 0.2150061375 0.3998162421875
0 0.1924599 0.4114931859375 0.21443017968750003 0.385310025 0.17777375625 0.35455163437500004 0.1558034765625 0.38073479374999997 0.1924599 0.4114931859375
0 0.20016922187500003 0.3688818203125 0.2290444453125 0.3344696671875 0.199868925 0.3099884984375 0.1709937 0.3444006515625 0.20016922187500003 0.3688818203125
0 0.3102426453125 0.3751945921875 0.334096090625 0.3467671609375 0.3049205703125 0.3222859921875 0.2810671234375 0.3507134234375 0.3102426453125 0.3751945921875
0 0.296334371875 0.34695161093750004 0.3139105953125 0.32600508281249996 0.2914678859375 0.307173415625 0.27389166249999997 0.32811994218749996 0.296334371875 0.34695161093750004
0 0.2674507265625 0.3654215515625 0.27812200625 0.3527040171875 0.250442665625 0.3294782921875 0.2397713875 0.342195828125 0.2674507265625 0.3654215515625
0 0.2927952078125 0.4134591453125 0.322925878125 0.3775508109375 0.2907579953125 0.350558753125 0.2606273265625 0.3864670875 0.2927952078125 0.4134591453125
0 0.24524813124999997 0.40479529843749995 0.2722401890625 0.37262741718750003 0.247553209375 0.35191258125 0.22056115156249997 0.3840804640625 0.24524813124999997 0.40479529843749995
0 0.4193980265625 0.9652382484375 0.4394851390625 0.9412993593750001 0.4177905203125 0.9230954140625001 0.3977034078125 0.9470343031249999 0.4193980265625 0.9652382484375
0 0.44635967968749996 0.9604533078124999 0.46644679218749996 0.9365144203125 0.437271271875 0.9120332515625 0.417184159375 0.9359721390625 0.44635967968749996 0.9604533078124999
0 0.7331538281250001 1 0.8218192999999999 0.8943326062500001 0.7260637437499999 0.8139841562499999 0.6187232359375 0.9419075921875001 0.6879550703125 1 0.7331538281250001 1
0 0.7175806703125 1 0.6923072218749999 0.9787930593749999 0.6745124859375 1 0.7175806703125 1
0 0.7178560875 1 0.7375155437500001 0.9765707734375001 0.6933782171875 0.9395351578125 0.6632475484375 0.9754434921874999 0.6925128546875 1 0.7178560875 1
0 0.7199011203125 0.9535042406249999 0.7349664546875 0.9355500734375 0.7132718375 0.9173461265625 0.6982065015625001 0.9353002937499999 0.7199011203125 0.9535042406249999
0 0.577934228125 0.986719884375 0.6086926203125 0.9500634609375 0.5727842875 0.9199327921875 0.5420258953125 0.956589215625 0.577934228125 0.986719884375
0 0.4978704828125 0.99857675625 0.5681753765625001 0.9147906453125 0.4971068015625 0.8551570296875 0.42680190625 0.9389431406250001 0.4978704828125 0.99857675625
0 0.4949822734375 0.910103465625 0.5138139421875 0.8876607562500001 0.49436359531249996 0.8713399781250001 0.47553192656250004 0.8937826859375001 0.4949822734375 0.910103465625
0 0.54470501875 0.904020359375 0.5603980765625 0.8853181031249999 0.5454362703125 0.8727636562500001 0.5297432140625 0.8914659140625 0.54470501875 0.904020359375
0 0.5228253281249999 0.9035084828125 0.5435401625 0.8788215046875001 0.5255859953125 0.8637561703125 0.5048711609375001 0.8884431484374999 0.5228253281249999 0.9035084828125
0 0.5620528234375 0.9319624203125001 0.6154092171875 0.8683747468749999 0.5585543562499999 0.820667853125 0.5051979625 0.8842555265625001 0.5620528234375 0.9319624203125001
0 0.553502175 0.8540355171874999 0.570450675 0.8338370796874999 0.55174841875 0.8181440234374999 0.5347999171875 0.8383424609375 0.553502175 0.8540355171874999
0 0.5942348953125001 0.8442333218750001 0.625621009375 0.8068288078125001 0.5927050359375 0.7792090265625 0.5613189234375 0.8166135406249999 0.5942348953125001 0.8442333218750001
0 0.6070863625 0.7970130453125 0.6221516968749999 0.7790588796875 0.6049456203125 0.7646212671875 0.5898802859375001 0.7825754328125 0.6070863625 0.7970130453125
0 0.5288973640625 0.790683434375 0.5609111999999999 0.75253083125 0.5369723109375 0.7324437171875 0.504958475 0.770596321875 0.5288973640625 0.790683434375
0 0.5731039171875 0.788895378125 0.599468253125 0.7574755859375 0.5717889125 0.7342498609375 0.5454245765625 0.765669653125 0.5731039171875 0.788895378125
0 0.549267309375 0.8492072328125 0.591952425 0.7983370937500001 0.5410822859375 0.7556519796875001 0.4983971703125 0.8065221171875001 0.549267309375 0.8492072328125
0 0.5924747453125 0.9944589859375 0.64332025 0.9338636734374999 0.5819768484375001 0.8823904468749999 0.53113134375 0.9429857593750001 0.5924747453125 0.9944589859375
0 0.68181774375 0.8826667328125 0.7132038578125 0.84526221875 0.6743031625 0.8126206609375 0.6429170484375 0.8500251734375001 0.68181774375 0.8826667328125
0 0.7253014656250001 0.928077590625 0.7723806359375 0.87197081875 0.7095410531249999 0.8192421484375 0.6624618812499999 0.87534891875 0.7253014656250001 0.928077590625
0 0.6564759125 0.9812347203125 0.7029273609375 0.925876040625 0.663278575 0.892606759375 0.616827128125 0.9479654406250001 0.6564759125 0.9812347203125
0 0.793417128125 0.9183057968749999 0.8103656296875 0.8981073593750001 0.7901671921875 0.8811588578125 0.773218690625 0.9013572953125 0.793417128125 0.9183057968749999
0 0.7600967062499999 0.9177550984374999 0.7826947078125001 0.8908238484375 0.76848099375 0.878897125 0.745882990625 0.9058283749999999 0.7600967062499999 0.9177550984374999
0 0.7124933421875 0.944101346875 0.7521421265625 0.977370628125 0.797965853125 0.9227600375 0.75831706875 0.8894907562500001 0.7124933421875 0.944101346875