0 0.4757473484375 0.3951036546875 0.44643072968749997 0.4106915765625 0.46339405781250004 0.44259495624999995 0.4927106765625 0.427007034375 0.4757473484375 0.3951036546875
0 0.3889519875 0.392035434375 0.3648088890625 0.40487254687499996 0.37397825625 0.4221176171875 0.3981213546875 0.4092805046875 0.3889519875 0.392035434375
0 0.39653554375 0.34597421875 0.375841459375 0.35697745937500003 0.38546929375 0.3750847828125 0.40616337812500003 0.3640815421875 0.39653554375 0.34597421875
0 0.3495195484375 0.34387544375 0.337448 0.350294 0.34386655625 0.36236555 0.35593810625 0.3559469921875 0.3495195484375 0.34387544375
0 0.3489307109375 0.3552487890625 0.3351346546875 0.36258428125000003 0.3429286171875 0.3772425921875 0.3567246734375 0.3699070984375 0.3489307109375 0.3552487890625
0 0.3536015828125 0.341151975 0.32859623125000004 0.35444755625 0.34280874843750003 0.38117741562499996 0.36781410000000003 0.367881834375 0.3536015828125 0.341151975
0 0.4143504359375 0.272352396875 0.38848283125 0.286106446875 0.40361228593750004 0.3145608125 0.42947989062499997 0.3008067625 0.4143504359375 0.272352396875
0 0.449894221875 0.26119560937499997 0.42575112343750005 0.274032721875 0.4381297671875 0.2973135671875 0.462272865625 0.2844764546875 0.449894221875 0.26119560937499997
0 0.543543428125 0.2501123328125 0.5038797671874999 0.2712018765625 0.5268031828125 0.3143145515625 0.5664668453124999 0.293225009375 0.543543428125 0.2501123328125
0 0.625779459375 0.315330165625 0.6042231218749999 0.3267918734375 0.6156848296875 0.3483482109375 0.6372411671875 0.336886503125 0.625779459375 0.315330165625
0 0.62257235625 0.3529812390625 0.603602778125 0.3630675421875 0.62148304375 0.3966954296875 0.6404526203125 0.3866091265625 0.62257235625 0.3529812390625
0 0.5997731578125001 0.39330743749999997 0.58080358125 0.403393740625 0.5890560109375 0.41891430312500005 0.6080255875 0.408828 0.5997731578125001 0.39330743749999997
0 0.7102783140625 0.3400809296875 0.6835484562499999 0.3542934484375 0.6954686328124999 0.3767120390625 0.7221984906250001 0.362499521875 0.7102783140625 0.3400809296875
0 0.6414975640625 0.21904367812499997 0.621665734375 0.22958845 0.634961315625 0.2545938015625 0.6547931453125 0.24404902968750003 0.6414975640625 0.21904367812499997
0 0.641165303125 0.23193963750000002 0.629093753125 0.23835819374999997 0.6350538421875 0.249567490625 0.6471253906250001 0.2431489328125 0.641165303125 0.23193963750000002
0 0.5943995453124999 0.21367044062499999 0.56939419375 0.22696602187499998 0.5817728390625 0.250246865625 0.6067781906249999 0.236951284375 0.5943995453124999 0.21367044062499999
0 0.6328811812499999 0.127953890625 0.58976850625 0.15087730625 0.6218612875 0.21123505156250003 0.6649739640625 0.1883116359375 0.6328811812499999 0.127953890625
0 0.677293575 0.12203580781250001 0.6307318859375 0.1467930984375 0.6706186296875 0.221809153125 0.71718031875 0.1970518640625 0.677293575 0.12203580781250001
0 0.6822505390625 0.15423994531250002 0.6693167359375 0.1611169703125 0.678486103125 0.178362040625 0.6914199046875 0.17148501562500001 0.6822505390625 0.15423994531250002
0 0.70325171875 0.1729361078125 0.6877311546875 0.1811885375 0.696900521875 0.1984336078125 0.7124210843750001 0.1901811765625 0.70325171875 0.1729361078125
0 0.6125972203125001 0.15532944531249998 0.5910408828125 0.16679115312499998 0.5992933125000001 0.18231171562499998 0.62084965 0.17085000781249998 0.6125972203125001 0.15532944531249998
0 0.6633019640625 0.1477247 0.651230415625 0.15414325625 0.657190503125 0.1653525515625 0.669262053125 0.15893399531250002 0.6633019640625 0.1477247
0 0.6551862421875 0.137661575 0.642252440625 0.14453860000000002 0.648670996875 0.1566101484375 0.6616048 0.1497331234375 0.6551862421875 0.137661575
0 0.7835086546875 0.1678676015625 0.7662635843750001 0.17703696875 0.7749744828125 0.1934197859375 0.792219553125 0.18425041874999998 0.7835086546875 0.1678676015625
0 0.8522850546875 0.2015311578125 0.7755444921875 0.2423348375 0.807637275 0.3026925828125 0.8843778375 0.261888903125 0.8522850546875 0.2015311578125
0 0.8653240609375 0.22501389375 0.8480789906249999 0.2341832609375 0.8604576343750001 0.25746410625 0.8777027046875 0.24829473906250002 0.8653240609375 0.22501389375
0 0.8208948265625 0.2215397140625 0.7812311640625 0.24262925625 0.7995698984375 0.277119396875 0.839233559375 0.2560298546875 0.8208948265625 0.2215397140625
0 0.7571344234375 0.30963696875 0.7295423109375 0.3243079546875 0.751090321875 0.36483386875 0.7786824343750001 0.35016288281249996 0.7571344234375 0.30963696875
0 0.9161381703125 0.22177509999999998 0.890270565625 0.23552915 0.9081508296875 0.2691570359375 0.9340184359375 0.2554029859375 0.9161381703125 0.22177509999999998
0 0.875675453125 0.306885971875 0.849807846875 0.3206400203125 0.8653957703125 0.349956640625 0.891263375 0.336202590625 0.875675453125 0.306885971875
0 0.9354170187499999 0.2850750453125 0.8897175828125 0.30937386718750004 0.9126409984375 0.3524865421875 0.958340434375 0.328187721875 0.9354170187499999 0.2850750453125
0 0.8465839046875001 0.3488988328125 0.8000222140625001 0.37365612187499997 0.8174440109375001 0.40642175468749997 0.8640057000000001 0.381664465625 0.8465839046875001 0.3488988328125
0 0.8224849875 0.3722196953125 0.8043776640625 0.3818475296875 0.815839371875 0.40340386875 0.8339466953124999 0.3937760328125 0.8224849875 0.3722196953125
0 0.844647003125 0.3587769046875 0.8308509468749999 0.3661123984375 0.836811034375 0.37732169375 0.8506070906250001 0.3699862 0.844647003125 0.3587769046875
0 0.8040874078125 0.361540390625 0.759250225 0.38538074375 0.7812567046875001 0.42676891250000004 0.8260938875000001 0.402928559375 0.8040874078125 0.361540390625
0 0.785227196875 0.3759926453125 0.7697066343750001 0.384245075 0.775208253125 0.3945921171875 0.7907288171875 0.3863396875 0.785227196875 0.3759926453125
0 0.7954817125 0.3755173375 0.7834101640625 0.38193589375000003 0.79074565625 0.39573195 0.80281720625 0.38931339375 0.7954817125 0.3755173375
0 0.461839190625 0.0142838234375 0.4290735578125 0.0317056203125 0.446495353125 0.064471253125 0.4792609859375 0.047049456249999996 0.461839190625 0.0142838234375
0 0.452114665625 0.0271966234375 0.43745635624999996 0.034990584375 0.44249950781249997 0.0444753734375 0.45715781718750004 0.0366814109375 0.452114665625 0.0271966234375
0 0.3740343671875 0.014517407812499999 0.3481667609375 0.0282714578125 0.3596284703125 0.0498277953125 0.385496075 0.0360737453125 0.3740343671875 0.014517407812499999
0 0.37118052968750004 0.0226709734375 0.3573844734375 0.030006465625 0.3615106875 0.0377667484375 0.37530674375 0.0304312546875 0.37118052968750004 0.0226709734375
0 0.21294234531249998 0.141094496875 0.1905237546875 0.1530146734375 0.1996931203125 0.1702597421875 0.2221117125 0.1583395671875 0.21294234531249998 0.141094496875
0 0.0931733078125 0.25178290468750003 0.041438096875000004 0.2792910046875 0.07169700625 0.3361997359375 0.1234322171875 0.3086916359375 0.0931733078125 0.25178290468750003
0 0.10417872187499999 0.3161638375 0.0584792859375 0.34046265781249996 0.08048576562500001 0.38185082656249997 0.1261852015625 0.35755200625 0.10417872187499999 0.3161638375
0 0.05061635 0.5846509765625 0.0316467734375 0.5947372796875 0.04356695 0.6171558703125 0.0625365265625 0.6070695671874999 0.05061635 0.5846509765625
0 0.11691535625 0.6240558859374999 0.08328746875000001 0.6419361515625 0.1030016078125 0.6790130515625 0.13662949375 0.6611327874999999 0.11691535625 0.6240558859374999
0 0.1734076265625 0.5597316250000001 0.149264528125 0.5725687390624999 0.16118470468749999 0.5949873296875 0.1853278015625 0.5821502171875 0.1734076265625 0.5597316250000001
0 0.21926893593750002 0.49829488125 0.1977125984375 0.509756590625 0.205965028125 0.525277153125 0.227521365625 0.5138154453125 0.21926893593750002 0.49829488125
0 0.2966637078125 0.553367565625 0.258724553125 0.5735401718750001 0.285774184375 0.6244131281249999 0.3237133390625 0.604240521875 0.2966637078125 0.553367565625
0 0.2166930515625 0.718104528125 0.1916877 0.731400109375 0.20819255937499997 0.7624412359375 0.23319791093750003 0.7491456546874999 0.2166930515625 0.718104528125
0 0.359997521875 0.6662407499999999 0.3237828734375 0.68549641875 0.346247821875 0.7277468421875 0.38246246875 0.708491171875 0.359997521875 0.6662407499999999
0 0.34590704687499996 0.6792629156250001 0.3295242296875 0.6879738140625 0.34052746875 0.7086678984375 0.3569102859375 0.699957 0.34590704687499996 0.6792629156250001
0 0.3003023109375 0.7422222734374999 0.2727102 0.756893259375 0.288756590625 0.7870721328125 0.31634870312499996 0.7724011468749999 0.3003023109375 0.7422222734374999
0 0.196081178125 0.8457497390625001 0.18228512187499998 0.8530852328125 0.1919129578125 0.8711925562499999 0.2057090125 0.8638570640625 0.196081178125 0.8457497390625001
0 0.35030269999999997 0.8372993937500001 0.26752636406249997 0.881312353125 0.2932005890625 0.9295985484375 0.37597692656250004 0.885585590625 0.35030269999999997 0.8372993937500001
0 0.3518211515625 0.8630366296875 0.32854030624999997 0.8754152734374999 0.3381681421875 0.8935225984375 0.36144898593749997 0.881143953125 0.3518211515625 0.8630366296875
0 0.2950596296875 0.890452203125 0.27953906562499997 0.8987046328125 0.28962536875 0.9176742093750001 0.3051459328125 0.9094217796875 0.2950596296875 0.890452203125
0 0.31752656562500003 0.8630219640625001 0.2933834671875 0.875859078125 0.30530364374999996 0.8982776687499999 0.3294467421875 0.8854405562500001 0.31752656562500003 0.8630219640625001
0 0.44853242812499994 0.8608324640625 0.41404228749999994 0.879171196875 0.4360487671875 0.9205593656250001 0.47053890625 0.9022206328125 0.44853242812499994 0.8608324640625
0 0.468333871875 1 0.43952095937499996 0.945810790625 0.3757142 0.979737446875 0.386487990625 1 0.468333871875 1
0 0.43681214687500003 1 0.42824231562500004 0.983882490625 0.40409921718749997 0.996719603125 0.40584343437500003 1 0.43681214687500003 1
0 0.46059169375 1 0.45297008749999995 0.98566584375 0.428826990625 0.99850295625 0.4296229828125 1 0.46059169375 1
0 0.6299339500000001 0.8910194765625 0.574749725 0.9203614484375 0.5972146734375 0.9626118703125 0.6523988984375 0.9332698984375 0.6299339500000001 0.8910194765625
0 0.623374521875 0.8994842999999999 0.6061294515625 0.9086536671875001 0.6139234140625 0.9233119765625 0.6311684843750001 0.914142609375 0.623374521875 0.8994842999999999
0 0.6045689953125 0.9161195296875 0.5847371640625 0.9266643015625 0.5939065296875 0.943909371875 0.6137383609375 0.9333646 0.6045689953125 0.9161195296875
0 0.6262788796875001 0.9195075218750001 0.6038602890625 0.9314276984375001 0.61211271875 0.9469482609375 0.634531309375 0.9350280859375 0.6262788796875001 0.9195075218750001
0 0.6471094859375001 0.8005942125000001 0.62469089375 0.8125143890625001 0.637986475 0.8375197406250001 0.6604050671875 0.8255995640625 0.6471094859375001 0.8005942125000001
0 0.5671741234375001 0.687700025 0.5395820109375 0.7023710109375 0.5551699328125 0.7316876296875 0.5827620453125 0.71701664375 0.5671741234375001 0.687700025
0 0.5879629078125 0.715357321875 0.5724423453124999 0.7236097515625 0.580694775 0.7391303140625001 0.5962153375 0.730877884375 0.5879629078125 0.715357321875
0 0.6773089875 0.5412112546875 0.642818846875 0.5595499890625 0.6606991125 0.5931778750000001 0.6951892515625 0.5748391421875 0.6773089875 0.5412112546875
0 0.8440837046875 0.55428990625 0.7966597625 0.5795056640625 0.8420481265624999 0.6648687609375 0.88947206875 0.6396530031250001 0.8440837046875 0.55428990625
0 0.8431017703125001 0.6720507062500001 0.8129228984375001 0.688097096875 0.827135415625 0.71482695625 0.8573142890625001 0.6987805640625 0.8431017703125001 0.6720507062500001
0 0.8652659609375 0.7022947640625 0.8247400468749999 0.7238427749999999 0.8485803984375 0.7686799578125 0.8891063140625001 0.7471319453125 0.8652659609375 0.7022947640625
0 0.7728576265625 0.7541942109375 0.6805965015625 0.8032503203125 0.7163570296875 0.8705060953125001 0.80861815625 0.8214499843749999 0.7728576265625 0.7541942109375
0 0.7199279 0.7950567375 0.699233815625 0.8060599765625 0.7088616515624999 0.8241673015625001 0.729555734375 0.8131640609374999 0.7199279 0.7950567375
0 0.7529227671875 0.7780660687500001 0.73481544375 0.787693903125 0.7430678734375 0.8032144656250001 0.761175196875 0.79358663125 0.7529227671875 0.7780660687500001
0 0.7750259374999999 0.7884341140625 0.7439848109375 0.8049389734375 0.7627820125 0.8402913671875 0.7938231375 0.8237865078125 0.7750259374999999 0.7884341140625
0 0.7408028734375 0.7999946859375 0.716659775 0.8128317984375 0.7294968890625 0.836974896875 0.7536399874999999 0.824137784375 0.7408028734375 0.7999946859375
0 1 0.76116640625 0.9844653640625 0.76942631875 0.992259325 0.784084628125 1 0.7799688390624999 1 0.76116640625
0 0.25613959375 0.3918674078125 0.24061903125 0.4001198375 0.24749605625 0.413053640625 0.26301661875 0.4048012109375 0.25613959375 0.3918674078125
0 0.20900373125 0.39370345625000003 0.1952076765625 0.40103894999999995 0.20070929531249998 0.4113859921875 0.2145053515625 0.40405049843749996 0.20900373125 0.39370345625000003
0 0.22338446250000002 0.4009884296875 0.19924136406249998 0.4138255421875 0.2070353265625 0.42848385312500004 0.2311784234375 0.4156467390625 0.22338446250000002 0.4009884296875
0 0.2673005453125 0.40141738125000004 0.20263153125 0.43580250625000005 0.22693035312499998 0.48150194218750003 0.291599365625 0.4471168171875 0.2673005453125 0.40141738125000004
0 0.2678473765625 0.42324713437500006 0.24974005312499997 0.4328749703125 0.256158609375 0.44494651875 0.2742659328125 0.435318684375 0.2678473765625 0.42324713437500006
0 0.2404024734375 0.43507478437499997 0.21712162968749998 0.4474534296875 0.2295002734375 0.470734275 0.25278111875 0.4583556296875 0.2404024734375 0.43507478437499997
0 0.2318282828125 0.42414940625 0.20768518593750002 0.4369865203125 0.2141037421875 0.44905806875 0.238246840625 0.43622095625 0.2318282828125 0.42414940625
0 0.119712709375 0.7967675140625 0.09815637187500001 0.808229221875 0.10732573906250001 0.8254742921875 0.1288820765625 0.8140125843750001 0.119712709375 0.7967675140625
0 0.12000296562499999 0.8170746531249999 0.10620690937499999 0.8244101468749999 0.1300472625 0.869247328125 0.14384331875 0.8619118359375 0.12000296562499999 0.8170746531249999
0 0.8935261999999999 0.295735521875 0.884903665625 0.3003202046875 0.8904052859375 0.31066724687499997 0.8990278203125 0.3060825640625 0.8935261999999999 0.295735521875