0 0.7740139375 0.4721834109375 0.8229035734375 0.48168659375 0.831102396875 0.4395073 0.7822127625 0.43000411875 0.7740139375 0.4721834109375
0 1 0.288292171875 0.993550534375 0.2870385234375 0.9846063640624999 0.333052296875 1 0.3360445171875 1 0.288292171875
0 0.950767025 0.6274138546875 0.9833601156249999 0.633749309375 0.9923042875 0.5877355359374999 0.959711196875 0.5814000796875 0.950767025 0.6274138546875
0 0.8276067484375 1 0.834609765625 0.9639725984374999 0.7885959921875 0.9550284281250001 0.7800244937499999 0.9991249609375 0.7845261796874999 1 0.8276067484375 1
0 0.4534999 0.8083154234375 0.486092990625 0.814650878125 0.493732803125 0.7753474453125 0.46113971249999997 0.7690119906249999 0.4534999 0.8083154234375
0 0.24328255 0.7689455703125 0.280668740625 0.776212709375 0.2899855859375 0.7282816953125 0.2525993953125 0.7210145546875 0.24328255 0.7689455703125
0 0.123446346875 0.3899962859375 0.177129084375 0.4004311515625 0.1901726671875 0.33332773125 0.13648993125 0.3228928640625 0.123446346875 0.3899962859375
0 0.26725415468749997 0.22594547031249998 0.301764484375 0.2326535984375 0.3071682546875 0.2048536109375 0.27265792499999997 0.19814548125 0.26725415468749997 0.22594547031249998
0 0.2576613109375 0.116638034375 0.32476473125 0.1296816171875 0.3374356421875 0.0644954375 0.2703322203125 0.0514518546875 0.2576613109375 0.116638034375
0 0.48124547343749996 0.1486577265625 0.518631665625 0.15592486562500002 0.526271478125 0.11662143437500001 0.48888528750000004 0.1093542953125 0.48124547343749996 0.1486577265625
0 0.9087441890625 0.1347581078125 0.9614683062499999 0.1450066390625 0.9704124765625 0.09899286406249999 0.9176883609375001 0.088744334375 0.9087441890625 0.1347581078125
0 0.106502425 0.0370162765625 0.14292999687500002 0.0440970796875 0.1500107984375 0.0076695078124999995 0.11358322812499999 0.00058870625 0.106502425 0.0370162765625
0 0.09817002968750001 0.07220572187499999 0.1259700171875 0.07760949218749999 0.1332371578125 0.0402233015625 0.10543716875 0.03481953125 0.09817002968750001 0.07220572187499999
0 0.3823467 0.54229256875 0.41685703125 0.5490006984375 0.42188812656249997 0.5231179499999999 0.38737779687499996 0.5164098218750001 0.3823467 0.54229256875
0 0.1432190859375 0.6286220796875 0.1738949359375 0.6345848609375 0.186006834375 0.5722745421875 0.1553309859375 0.5663117609375 0.1432190859375 0.6286220796875
0 0.6096070499999999 0.5989030125 0.6537035828125 0.6074745109374999 0.65817566875 0.5844676234375 0.6140791359375 0.5758961265625 0.6096070499999999 0.5989030125
0 0.740118890625 0.295974571875 0.7775050828125 0.3032417125 0.78197716875 0.280234825 0.7445909765625001 0.2729676859375 0.740118890625 0.295974571875
0 0.3613387796875 0.7834372328125 0.39393186875 0.7897726875 0.4015716828125 0.7504692546875 0.3689785921875 0.7441338 0.3613387796875 0.7834372328125
0 0.343414646875 0.7272265859375 0.377924978125 0.7339347140625 0.38463310625 0.699424384375 0.350122775 0.6927162546875001 0.343414646875 0.7272265859375
0 0.5115233640625 0.8245682437499999 0.55370265625 0.83276706875 0.5609697953125 0.7953808765625 0.518790503125 0.787182053125 0.5115233640625 0.8245682437499999
0 0.26320915624999996 0.9120965828125 0.3025125890625 0.9197363968750001 0.309779728125 0.8823502046874999 0.2704762953125 0.8747103921875 0.26320915624999996 0.9120965828125
0 0.885914409375 0.41086547656250005 0.92234198125 0.41794627812499996 0.9296091203125 0.38056008750000003 0.8931815500000001 0.373479284375 0.885914409375 0.41086547656250005