0 0.435546875 0.27197265625 0.38671875 0.27197265625 0.38671875 0.32568359375 0.435546875 0.32568359375 0.435546875 0.27197265625
0 0.48876953125 0.18701171875 0.47021484375 0.18701171875 0.47021484375 0.21533203125 0.48876953125 0.21533203125 0.48876953125 0.18701171875
0 0.4736328125 0.15869140625 0.4404296875 0.15869140625 0.4404296875 0.19189453125 0.4736328125 0.19189453125 0.4736328125 0.15869140625
0 0.43701171875 0.13671875 0.40869140625 0.13671875 0.40869140625 0.162109375 0.43701171875 0.162109375 0.43701171875 0.13671875
0 0.6015625 0.47412109375 0.583984375 0.47412109375 0.583984375 0.49951171875 0.6015625 0.49951171875 0.6015625 0.47412109375
0 0.68994140625 0.453125 0.65283203125 0.453125 0.65283203125 0.494140625 0.68994140625 0.494140625 0.68994140625 0.453125
0 0.6455078125 0.490234375 0.62890625 0.490234375 0.62890625 0.51171875 0.6455078125 0.51171875 0.6455078125 0.490234375
0 0.64013671875 0.53466796875 0.60498046875 0.53466796875 0.60498046875 0.55810546875 0.64013671875 0.55810546875 0.64013671875 0.53466796875
0 0.58544921875 0.58544921875 0.54736328125 0.58544921875 0.54736328125 0.63037109375 0.58544921875 0.63037109375 0.58544921875 0.58544921875
0 0.53369140625 0.6494140625 0.51806640625 0.6494140625 0.51806640625 0.6689453125 0.53369140625 0.6689453125 0.53369140625 0.6494140625
0 0.53076171875 0.69775390625 0.52001953125 0.69775390625 0.52001953125 0.71142578125 0.53076171875 0.71142578125 0.53076171875 0.69775390625
0 0.54345703125 0.72705078125 0.50439453125 0.72705078125 0.50439453125 0.75927734375 0.54345703125 0.75927734375 0.54345703125 0.72705078125
0 0.6328125 0.69140625 0.59375 0.69140625 0.59375 0.7177734375 0.6328125 0.7177734375 0.6328125 0.69140625
0 0.3935546875 0.607421875 0.3642578125 0.607421875 0.3642578125 0.6396484375 0.3935546875 0.6396484375 0.3935546875 0.607421875
0 0.37548828125 0.63037109375 0.34814453125 0.63037109375 0.34814453125 0.65673828125 0.37548828125 0.65673828125 0.37548828125 0.63037109375
0 0.35107421875 0.6787109375 0.33349609375 0.6787109375 0.33349609375 0.69921875 0.35107421875 0.69921875 0.35107421875 0.6787109375
0 0.28662109375 0.58349609375 0.26416015625 0.58349609375 0.26416015625 0.60595703125 0.28662109375 0.60595703125 0.28662109375 0.58349609375
0 0.29931640625 0.556640625 0.28173828125 0.556640625 0.28173828125 0.578125 0.29931640625 0.578125 0.29931640625 0.556640625
0 0.2509765625 0.54248046875 0.21875 0.54248046875 0.21875 0.57275390625 0.2509765625 0.57275390625 0.2509765625 0.54248046875
0 0.17626953125 0.55419921875 0.16357421875 0.55419921875 0.16357421875 0.56787109375 0.17626953125 0.56787109375 0.17626953125 0.55419921875
0 0.15478515625 0.64013671875 0.09912109375 0.64013671875 0.09912109375 0.68505859375 0.15478515625 0.68505859375 0.15478515625 0.64013671875
0 0.1962890625 0.6875 0.169921875 0.6875 0.169921875 0.708984375 0.1962890625 0.708984375 0.1962890625 0.6875
0 0.14697265625 0.71240234375 0.13134765625 0.71240234375 0.13134765625 0.72998046875 0.14697265625 0.72998046875 0.14697265625 0.71240234375
0 0.17529296875 0.734375 0.12255859375 0.734375 0.12255859375 0.7861328125 0.17529296875 0.7861328125 0.17529296875 0.734375
0 0.04638671875 0.68017578125 0.03466796875 0.68017578125 0.03466796875 0.69580078125 0.04638671875 0.69580078125 0.04638671875 0.68017578125
0 0.07763671875 0.57958984375 0.02392578125 0.57958984375 0.02392578125 0.63525390625 0.07763671875 0.63525390625 0.07763671875 0.57958984375
0 0.12109375 0.5341796875 0.0830078125 0.5341796875 0.0830078125 0.5595703125 0.12109375 0.5595703125 0.12109375 0.5341796875
0 0.08740234375 0.51220703125 0.07275390625 0.51220703125 0.07275390625 0.52978515625 0.08740234375 0.52978515625 0.08740234375 0.51220703125
0 0.06884765625 0.52978515625 0.05517578125 0.52978515625 0.05517578125 0.54150390625 0.06884765625 0.54150390625 0.06884765625 0.52978515625
0 0.04345703125 0.53466796875 0.02783203125 0.53466796875 0.02783203125 0.55126953125 0.04345703125 0.55126953125 0.04345703125 0.53466796875
0 0.0439453125 0.44775390625 0.0224609375 0.44775390625 0.0224609375 0.47412109375 0.0439453125 0.47412109375 0.0439453125 0.44775390625
0 0 0.45263671875 0.0078125 0.45263671875 0.0078125 0.43701171875 0 0.43701171875 0 0.45263671875
0 0.064453125 0.40087890625 0.05078125 0.40087890625 0.05078125 0.41845703125 0.064453125 0.41845703125 0.064453125 0.40087890625
0 0.12255859375 0.39013671875 0.10595703125 0.39013671875 0.10595703125 0.41357421875 0.12255859375 0.41357421875 0.12255859375 0.39013671875
0 0.22412109375 0.29052734375 0.20654296875 0.29052734375 0.20654296875 0.30810546875 0.22412109375 0.30810546875 0.22412109375 0.29052734375
0 0.19921875 0.2001953125 0.1865234375 0.2001953125 0.1865234375 0.2236328125 0.19921875 0.2236328125 0.19921875 0.2001953125
0 0.16455078125 0.20654296875 0.14990234375 0.20654296875 0.14990234375 0.22705078125 0.16455078125 0.22705078125 0.16455078125 0.20654296875
0 0.12646484375 0.20458984375 0.11279296875 0.20458984375 0.11279296875 0.22314453125 0.12646484375 0.22314453125 0.12646484375 0.20458984375
0 0.12744140625 0.15625 0.11279296875 0.15625 0.11279296875 0.1806640625 0.12744140625 0.1806640625 0.12744140625 0.15625
0 0.11669921875 0.13916015625 0.09619140625 0.13916015625 0.09619140625 0.16357421875 0.11669921875 0.16357421875 0.11669921875 0.13916015625
0 0.09326171875 0.1826171875 0.04052734375 0.1826171875 0.04052734375 0.2236328125 0.09326171875 0.2236328125 0.09326171875 0.1826171875
0 0.06298828125 0.23486328125 0.04638671875 0.23486328125 0.04638671875 0.24560546875 0.06298828125 0.24560546875 0.06298828125 0.23486328125
0 0.09130859375 0.2509765625 0.06884765625 0.2509765625 0.06884765625 0.27734375 0.09130859375 0.27734375 0.09130859375 0.2509765625
0 0.06982421875 0.2548828125 0.04345703125 0.2548828125 0.04345703125 0.2861328125 0.06982421875 0.2861328125 0.06982421875 0.2548828125
0 0.03466796875 0.27490234375 0.01513671875 0.27490234375 0.01513671875 0.30126953125 0.03466796875 0.30126953125 0.03466796875 0.27490234375
0 0.04833984375 0.333984375 0.02783203125 0.333984375 0.02783203125 0.353515625 0.04833984375 0.353515625 0.04833984375 0.333984375
0 0 0.39404296875 0.0166015625 0.39404296875 0.0166015625 0.37353515625 0 0.37353515625 0 0.39404296875
0 0.2548828125 0.22314453125 0.2255859375 0.22314453125 0.2255859375 0.26318359375 0.2548828125 0.26318359375 0.2548828125 0.22314453125
0 0.30029296875 0.193359375 0.28662109375 0.193359375 0.28662109375 0.2158203125 0.30029296875 0.2158203125 0.30029296875 0.193359375
0 0.33203125 0.2158203125 0.3056640625 0.2158203125 0.3056640625 0.2470703125 0.33203125 0.2470703125 0.33203125 0.2158203125
0 0.31689453125 0.13232421875 0.29638671875 0.13232421875 0.29638671875 0.15869140625 0.31689453125 0.15869140625 0.31689453125 0.13232421875
0 0.27197265625 0.13232421875 0.25830078125 0.13232421875 0.25830078125 0.14794921875 0.27197265625 0.14794921875 0.27197265625 0.13232421875
0 0.22705078125 0.15234375 0.21923828125 0.15234375 0.21923828125 0.1650390625 0.22705078125 0.1650390625 0.22705078125 0.15234375
0 0.203125 0.15576171875 0.185546875 0.15576171875 0.185546875 0.17822265625 0.203125 0.17822265625 0.203125 0.15576171875
0 0.2509765625 0.04833984375 0.2236328125 0.04833984375 0.2236328125 0.08154296875 0.2509765625 0.08154296875 0.2509765625 0.04833984375
0 0.337890625 0.03271484375 0.322265625 0.03271484375 0.322265625 0.05517578125 0.337890625 0.05517578125 0.337890625 0.03271484375
0 0.353515625 0.0712890625 0.3408203125 0.0712890625 0.3408203125 0.0927734375 0.353515625 0.0927734375 0.353515625 0.0712890625
0 0.26171875 0 0.26171875 0.015625 0.2783203125 0.015625 0.2783203125 0 0.26171875 0
0 0.14453125 0.0693359375 0.125 0.0693359375 0.125 0.099609375 0.14453125 0.099609375 0.14453125 0.0693359375
0 0.0546875 0 0.0546875 0.02734375 0.1357421875 0.02734375 0.1357421875 0 0.0546875 0
0 0.02490234375 0.03369140625 0.00048828125 0.03369140625 0.00048828125 0.05615234375 0.02490234375 0.05615234375 0.02490234375 0.03369140625
0 0.0185546875 0.0947265625 0.0029296875 0.0947265625 0.0029296875 0.1103515625 0.0185546875 0.1103515625 0.0185546875 0.0947265625
0 0.21484375 0.27783203125 0.0947265625 0.27783203125 0.0947265625 0.39013671875 0.21484375 0.39013671875 0.21484375 0.27783203125
0 0.31103515625 0.3935546875 0.28759765625 0.3935546875 0.28759765625 0.4306640625 0.31103515625 0.4306640625 0.31103515625 0.3935546875
0 0.337890625 0.35205078125 0.322265625 0.35205078125 0.322265625 0.37353515625 0.337890625 0.37353515625 0.337890625 0.35205078125
0 0.5009765625 0.3427734375 0.458984375 0.3427734375 0.458984375 0.369140625 0.5009765625 0.369140625 0.5009765625 0.3427734375
0 0.39501953125 0.39599609375 0.34326171875 0.39599609375 0.34326171875 0.45166015625 0.39501953125 0.45166015625 0.39501953125 0.39599609375
0 0.326171875 0.47119140625 0.259765625 0.47119140625 0.259765625 0.53955078125 0.326171875 0.53955078125 0.326171875 0.47119140625
0 0.41259765625 0.53857421875 0.37255859375 0.53857421875 0.37255859375 0.57080078125 0.41259765625 0.57080078125 0.41259765625 0.53857421875
0 0.416015625 0.4697265625 0.3779296875 0.4697265625 0.3779296875 0.5029296875 0.416015625 0.5029296875 0.416015625 0.4697265625
0 0.494140625 0.4599609375 0.4716796875 0.4599609375 0.4716796875 0.4814453125 0.494140625 0.4814453125 0.494140625 0.4599609375
0 0.50927734375 0.47509765625 0.48974609375 0.47509765625 0.48974609375 0.49560546875 0.50927734375 0.49560546875 0.50927734375 0.47509765625
0 0.5234375 0.44189453125 0.505859375 0.44189453125 0.505859375 0.45849609375 0.5234375 0.45849609375 0.5234375 0.44189453125
0 0.53564453125 0.4560546875 0.51123046875 0.4560546875 0.51123046875 0.4775390625 0.53564453125 0.4775390625 0.53564453125 0.4560546875
0 0.5302734375 0.455078125 0.4931640625 0.455078125 0.4931640625 0.5068359375 0.5302734375 0.5068359375 0.5302734375 0.455078125
0 0.5068359375 0.46435546875 0.427734375 0.46435546875 0.427734375 0.51611328125 0.5068359375 0.51611328125 0.5068359375 0.46435546875
0 0.43994140625 0.4677734375 0.37255859375 0.4677734375 0.37255859375 0.544921875 0.43994140625 0.544921875 0.43994140625 0.4677734375
0 0.62158203125 0.40576171875 0.60400390625 0.40576171875 0.60400390625 0.42138671875 0.62158203125 0.42138671875 0.62158203125 0.40576171875
0 0.65625 0.35400390625 0.6318359375 0.35400390625 0.6318359375 0.37841796875 0.65625 0.37841796875 0.65625 0.35400390625
0 0.56884765625 0.32470703125 0.55419921875 0.32470703125 0.55419921875 0.33544921875 0.56884765625 0.33544921875 0.56884765625 0.32470703125
0 0.58642578125 0.298828125 0.54736328125 0.298828125 0.54736328125 0.31640625 0.58642578125 0.31640625 0.58642578125 0.298828125
0 0.75537109375 0.3203125 0.74365234375 0.3203125 0.74365234375 0.3359375 0.75537109375 0.3359375 0.75537109375 0.3203125
0 0.84814453125 0.39208984375 0.83447265625 0.39208984375 0.83447265625 0.40966796875 0.84814453125 0.40966796875 0.84814453125 0.39208984375
0 0.6748046875 0.26123046875 0.65625 0.26123046875 0.65625 0.28955078125 0.6748046875 0.28955078125 0.6748046875 0.26123046875
0 0.66748046875 0.298828125 0.64599609375 0.298828125 0.64599609375 0.314453125 0.66748046875 0.314453125 0.66748046875 0.298828125
0 0.72412109375 0.26123046875 0.67333984375 0.26123046875 0.67333984375 0.30615234375 0.72412109375 0.30615234375 0.72412109375 0.26123046875
0 0.544921875 0.25390625 0.53125 0.25390625 0.53125 0.2705078125 0.544921875 0.2705078125 0.544921875 0.25390625
0 0.57861328125 0.22705078125 0.53955078125 0.22705078125 0.53955078125 0.27587890625 0.57861328125 0.27587890625 0.57861328125 0.22705078125
0 0.814453125 0.1982421875 0.7919921875 0.1982421875 0.7919921875 0.2158203125 0.814453125 0.2158203125 0.814453125 0.1982421875
0 0.7724609375 0.16650390625 0.7412109375 0.16650390625 0.7412109375 0.20458984375 0.7724609375 0.20458984375 0.7724609375 0.16650390625
0 0.7177734375 0.15283203125 0.69140625 0.15283203125 0.69140625 0.17822265625 0.7177734375 0.17822265625 0.7177734375 0.15283203125
0 0.86328125 0.12890625 0.8408203125 0.12890625 0.8408203125 0.15234375 0.86328125 0.15234375 0.86328125 0.12890625
0 0.953125 0.16796875 0.9384765625 0.16796875 0.9384765625 0.1904296875 0.953125 0.1904296875 0.953125 0.16796875
0 0.96923828125 0.029296875 0.94970703125 0.029296875 0.94970703125 0.064453125 0.96923828125 0.064453125 0.96923828125 0.029296875
0 0.94775390625 0.01806640625 0.92529296875 0.01806640625 0.92529296875 0.04052734375 0.94775390625 0.04052734375 0.94775390625 0.01806640625
0 0.72900390625 0.056640625 0.69580078125 0.056640625 0.69580078125 0.09765625 0.72900390625 0.09765625 0.72900390625 0.056640625
0 0.75 0.06982421875 0.728515625 0.06982421875 0.728515625 0.08935546875 0.75 0.08935546875 0.75 0.06982421875
0 0.77001953125 0.0947265625 0.72802734375 0.0947265625 0.72802734375 0.1396484375 0.77001953125 0.1396484375 0.77001953125 0.0947265625
0 0.62109375 0.08251953125 0.59765625 0.08251953125 0.59765625 0.10400390625 0.62109375 0.10400390625 0.62109375 0.08251953125
0 0.59130859375 0.11767578125 0.57763671875 0.11767578125 0.57763671875 0.13134765625 0.59130859375 0.13134765625 0.59130859375 0.11767578125
0 0.62646484375 0.01953125 0.60498046875 0.01953125 0.60498046875 0.0361328125 0.62646484375 0.0361328125 0.62646484375 0.01953125
0 0.11865234375 0.181640625 0.10107421875 0.181640625 0.10107421875 0.2109375 0.11865234375 0.2109375 0.11865234375 0.181640625
0 0.07763671875 0.77001953125 0.06201171875 0.77001953125 0.06201171875 0.79248046875 0.07763671875 0.79248046875 0.07763671875 0.77001953125
0 0.06640625 0.7763671875 0.0419921875 0.7763671875 0.0419921875 0.7958984375 0.06640625 0.7958984375 0.06640625 0.7763671875
0 0.05126953125 0.78662109375 0.01220703125 0.78662109375 0.01220703125 0.83447265625 0.05126953125 0.83447265625 0.05126953125 0.78662109375
0 0.06494140625 0.81201171875 0.05126953125 0.81201171875 0.05126953125 0.83251953125 0.06494140625 0.83251953125 0.06494140625 0.81201171875
0 0.09375 0.81005859375 0.0810546875 0.81005859375 0.0810546875 0.83056640625 0.09375 0.83056640625 0.09375 0.81005859375
0 0.1171875 0.81103515625 0.0927734375 0.81103515625 0.0927734375 0.84130859375 0.1171875 0.84130859375 0.1171875 0.81103515625
0 0 0.85498046875 0.0244140625 0.85498046875 0.0244140625 0.84130859375 0 0.84130859375 0 0.85498046875
0 0.1796875 0.9052734375 0.166015625 0.9052734375 0.166015625 0.9150390625 0.1796875 0.9150390625 0.1796875 0.9052734375
0 0.1845703125 0.9580078125 0.1728515625 0.9580078125 0.1728515625 0.96875 0.1845703125 0.96875 0.1845703125 0.9580078125
0 0.22509765625 0.9482421875 0.20458984375 0.9482421875 0.20458984375 0.96875 0.22509765625 0.96875 0.22509765625 0.9482421875
0 0.22509765625 0.8955078125 0.20361328125 0.8955078125 0.20361328125 0.9111328125 0.22509765625 0.9111328125 0.22509765625 0.8955078125
0 0.23681640625 0.91357421875 0.22607421875 0.91357421875 0.22607421875 0.92919921875 0.23681640625 0.92919921875 0.23681640625 0.91357421875
0 0.24951171875 0.78173828125 0.23583984375 0.78173828125 0.23583984375 0.80126953125 0.24951171875 0.80126953125 0.24951171875 0.78173828125
0 0.31591796875 0.78662109375 0.23681640625 0.78662109375 0.23681640625 0.85986328125 0.31591796875 0.85986328125 0.31591796875 0.78662109375
0 0.2568359375 0.85400390625 0.2353515625 0.85400390625 0.2353515625 0.91455078125 0.2568359375 0.91455078125 0.2568359375 0.85400390625
0 0.34814453125 0.87060546875 0.31494140625 0.87060546875 0.31494140625 0.89599609375 0.34814453125 0.89599609375 0.34814453125 0.87060546875
0 0.35986328125 0.88623046875 0.33447265625 0.88623046875 0.33447265625 0.91943359375 0.35986328125 0.91943359375 0.35986328125 0.88623046875
0 0.3837890625 0.8857421875 0.3681640625 0.8857421875 0.3681640625 0.908203125 0.3837890625 0.908203125 0.3837890625 0.8857421875
0 0.3984375 0.85791015625 0.37109375 0.85791015625 0.37109375 0.88916015625 0.3984375 0.88916015625 0.3984375 0.85791015625
0 0.41064453125 0.85107421875 0.38720703125 0.85107421875 0.38720703125 0.87158203125 0.41064453125 0.87158203125 0.41064453125 0.85107421875
0 0.37109375 0.802734375 0.349609375 0.802734375 0.349609375 0.8291015625 0.37109375 0.8291015625 0.37109375 0.802734375
0 0.44384765625 0.7158203125 0.39990234375 0.7158203125 0.39990234375 0.7451171875 0.44384765625 0.7451171875 0.44384765625 0.7158203125
0 0.427734375 0.7431640625 0.4130859375 0.7431640625 0.4130859375 0.7587890625 0.427734375 0.7587890625 0.427734375 0.7431640625
0 0.40869140625 0.74755859375 0.38623046875 0.74755859375 0.38623046875 0.76611328125 0.40869140625 0.76611328125 0.40869140625 0.74755859375
0 0.42578125 0.7666015625 0.3974609375 0.7666015625 0.3974609375 0.7958984375 0.42578125 0.7958984375 0.42578125 0.7666015625
0 0.38720703125 0.7666015625 0.37158203125 0.7666015625 0.37158203125 0.7880859375 0.38720703125 0.7880859375 0.38720703125 0.7666015625
0 0.396484375 0.78125 0.3798828125 0.78125 0.3798828125 0.8056640625 0.396484375 0.8056640625 0.396484375 0.78125
0 0.40380859375 0.82275390625 0.37255859375 0.82275390625 0.37255859375 0.84326171875 0.40380859375 0.84326171875 0.40380859375 0.82275390625
0 0.423828125 0.80224609375 0.392578125 0.80224609375 0.392578125 0.82275390625 0.423828125 0.82275390625 0.423828125 0.80224609375
0 0.4521484375 0.82275390625 0.4365234375 0.82275390625 0.4365234375 0.84521484375 0.4521484375 0.84521484375 0.4521484375 0.82275390625
0 0.43603515625 0.81494140625 0.42138671875 0.81494140625 0.42138671875 0.84619140625 0.43603515625 0.84619140625 0.43603515625 0.81494140625
0 0.3349609375 0.8388671875 0.314453125 0.8388671875 0.314453125 0.8603515625 0.3349609375 0.8603515625 0.3349609375 0.8388671875
0 0.47607421875 0.92919921875 0.46435546875 0.92919921875 0.46435546875 0.94970703125 0.47607421875 0.94970703125 0.47607421875 0.92919921875
0 0.498046875 0.97412109375 0.48046875 0.97412109375 0.48046875 0.99267578125 0.498046875 0.99267578125 0.498046875 0.97412109375
0 0.59619140625 0.89453125 0.56103515625 0.89453125 0.56103515625 0.9306640625 0.59619140625 0.9306640625 0.59619140625 0.89453125
0 0.634765625 0.9287109375 0.6162109375 0.9287109375 0.6162109375 0.9404296875 0.634765625 0.9404296875 0.634765625 0.9287109375
0 0.4599609375 0.943359375 0.447265625 0.943359375 0.447265625 0.955078125 0.4599609375 0.955078125 0.4599609375 0.943359375
0 0.55712890625 0.90234375 0.54345703125 0.90234375 0.54345703125 0.9150390625 0.55712890625 0.9150390625 0.55712890625 0.90234375
0 0.59130859375 0.84130859375 0.57080078125 0.84130859375 0.57080078125 0.86962890625 0.59130859375 0.86962890625 0.59130859375 0.84130859375
0 0.609375 0.7822265625 0.599609375 0.7822265625 0.599609375 0.7978515625 0.609375 0.7978515625 0.609375 0.7822265625
0 0.6552734375 0.78759765625 0.6435546875 0.78759765625 0.6435546875 0.80517578125 0.6552734375 0.80517578125 0.6552734375 0.78759765625
0 0.68603515625 0.76513671875 0.66552734375 0.76513671875 0.66552734375 0.77978515625 0.68603515625 0.77978515625 0.68603515625 0.76513671875
0 0.65673828125 0.740234375 0.64404296875 0.740234375 0.64404296875 0.7509765625 0.65673828125 0.7509765625 0.65673828125 0.740234375
0 0.705078125 0.6640625 0.6826171875 0.6640625 0.6826171875 0.6904296875 0.705078125 0.6904296875 0.705078125 0.6640625
0 0.6962890625 0.6064453125 0.6728515625 0.6064453125 0.6728515625 0.6328125 0.6962890625 0.6328125 0.6962890625 0.6064453125
0 0.6708984375 0.61181640625 0.6552734375 0.61181640625 0.6552734375 0.63720703125 0.6708984375 0.63720703125 0.6708984375 0.61181640625
0 0.69091796875 0.63037109375 0.67529296875 0.63037109375 0.67529296875 0.64892578125 0.69091796875 0.64892578125 0.69091796875 0.63037109375
0 0.65771484375 0.58349609375 0.63916015625 0.58349609375 0.63916015625 0.60107421875 0.65771484375 0.60107421875 0.65771484375 0.58349609375
0 0.73974609375 0.47900390625 0.72216796875 0.47900390625 0.72216796875 0.49560546875 0.73974609375 0.49560546875 0.73974609375 0.47900390625
0 0.78369140625 0.49560546875 0.76806640625 0.49560546875 0.76806640625 0.52294921875 0.78369140625 0.52294921875 0.78369140625 0.49560546875
0 0.841796875 0.45458984375 0.8134765625 0.45458984375 0.8134765625 0.48486328125 0.841796875 0.48486328125 0.841796875 0.45458984375
0 0.8779296875 0.4599609375 0.8515625 0.4599609375 0.8515625 0.49609375 0.8779296875 0.49609375 0.8779296875 0.4599609375
0 0.84375 0.51708984375 0.8173828125 0.51708984375 0.8173828125 0.54443359375 0.84375 0.54443359375 0.84375 0.51708984375
0 0.7724609375 0.572265625 0.7607421875 0.572265625 0.7607421875 0.5849609375 0.7724609375 0.5849609375 0.7724609375 0.572265625
0 0.81591796875 0.6005859375 0.80224609375 0.6005859375 0.80224609375 0.62109375 0.81591796875 0.62109375 0.81591796875 0.6005859375
0 0.8427734375 0.6123046875 0.83203125 0.6123046875 0.83203125 0.6259765625 0.8427734375 0.6259765625 0.8427734375 0.6123046875
0 0.8740234375 0.5830078125 0.8515625 0.5830078125 0.8515625 0.6005859375 0.8740234375 0.6005859375 0.8740234375 0.5830078125
0 0.865234375 0.54541015625 0.84765625 0.54541015625 0.84765625 0.56396484375 0.865234375 0.56396484375 0.865234375 0.54541015625
0 0.7587890625 0.6796875 0.73828125 0.6796875 0.73828125 0.7041015625 0.7587890625 0.7041015625 0.7587890625 0.6796875
0 0.82177734375 0.6494140625 0.80908203125 0.6494140625 0.80908203125 0.658203125 0.82177734375 0.658203125 0.82177734375 0.6494140625
0 0.8828125 0.65625 0.86328125 0.65625 0.86328125 0.67578125 0.8828125 0.67578125 0.8828125 0.65625
0 0.841796875 0.66015625 0.8017578125 0.66015625 0.8017578125 0.681640625 0.841796875 0.681640625 0.841796875 0.66015625
0 0.7109375 0.94287109375 0.681640625 0.94287109375 0.681640625 0.97216796875 0.7109375 0.97216796875 0.7109375 0.94287109375
0 0.76220703125 0.923828125 0.72216796875 0.923828125 0.72216796875 0.9619140625 0.76220703125 0.9619140625 0.76220703125 0.923828125
0 0.82861328125 0.9326171875 0.81005859375 0.9326171875 0.81005859375 0.953125 0.82861328125 0.953125 0.82861328125 0.9326171875
0 0.97998046875 0.66064453125 0.96728515625 0.66064453125 0.96728515625 0.67626953125 0.97998046875 0.67626953125 0.97998046875 0.66064453125
0 0.95703125 0.7197265625 0.93359375 0.7197265625 0.93359375 0.744140625 0.95703125 0.744140625 0.95703125 0.7197265625
0 0.94287109375 0.74365234375 0.91162109375 0.74365234375 0.91162109375 0.77099609375 0.94287109375 0.77099609375 0.94287109375 0.74365234375
0 0.74951171875 0.72802734375 0.73681640625 0.72802734375 0.73681640625 0.74658203125 0.74951171875 0.74658203125 0.74951171875 0.72802734375
0 0.77978515625 0.732421875 0.76806640625 0.732421875 0.76806640625 0.748046875 0.77978515625 0.748046875 0.77978515625 0.732421875
0 0.7939453125 0.734375 0.7783203125 0.734375 0.7783203125 0.748046875 0.7939453125 0.748046875 0.7939453125 0.734375
0 0.78271484375 0.7470703125 0.77001953125 0.7470703125 0.77001953125 0.7646484375 0.78271484375 0.7646484375 0.78271484375 0.7470703125
0 0.75927734375 0.7705078125 0.72705078125 0.7705078125 0.72705078125 0.8154296875 0.75927734375 0.8154296875 0.75927734375 0.7705078125
0 0.78857421875 0.771484375 0.76025390625 0.771484375 0.76025390625 0.8408203125 0.78857421875 0.8408203125 0.78857421875 0.771484375
0 0.82763671875 0.7666015625 0.79248046875 0.7666015625 0.79248046875 0.8154296875 0.82763671875 0.8154296875 0.82763671875 0.7666015625
0 0.86083984375 0.71435546875 0.80322265625 0.71435546875 0.80322265625 0.76611328125 0.86083984375 0.76611328125 0.86083984375 0.71435546875
0 0.853515625 0.76123046875 0.8291015625 0.76123046875 0.8291015625 0.78955078125 0.853515625 0.78955078125 0.853515625 0.76123046875
0 0.88623046875 0.76904296875 0.85498046875 0.76904296875 0.85498046875 0.78759765625 0.88623046875 0.78759765625 0.88623046875 0.76904296875
0 0.86376953125 0.8388671875 0.85107421875 0.8388671875 0.85107421875 0.8583984375 0.86376953125 0.8583984375 0.86376953125 0.8388671875
0 0.89892578125 0.7900390625 0.88427734375 0.7900390625 0.88427734375 0.8095703125 0.89892578125 0.8095703125 0.89892578125 0.7900390625
0 0.88671875 0.791015625 0.8681640625 0.791015625 0.8681640625 0.8076171875 0.88671875 0.8076171875 0.88671875 0.791015625
0 0.87548828125 0.8271484375 0.86181640625 0.8271484375 0.86181640625 0.8447265625 0.87548828125 0.8447265625 0.87548828125 0.8271484375
0 0.90185546875 0.81640625 0.88037109375 0.81640625 0.88037109375 0.826171875 0.90185546875 0.826171875 0.90185546875 0.81640625
0 0.88134765625 0.810546875 0.86083984375 0.810546875 0.86083984375 0.8271484375 0.88134765625 0.8271484375 0.88134765625 0.810546875
0 0.89453125 0.83349609375 0.8740234375 0.83349609375 0.8740234375 0.84619140625 0.89453125 0.84619140625 0.89453125 0.83349609375
0 0.9189453125 0.814453125 0.91015625 0.814453125 0.91015625 0.82421875 0.9189453125 0.82421875 0.9189453125 0.814453125
0 0.9423828125 0.79541015625 0.921875 0.79541015625 0.921875 0.81982421875 0.9423828125 0.81982421875 0.9423828125 0.79541015625
0 0.9326171875 0.8232421875 0.921875 0.8232421875 0.921875 0.8330078125 0.9326171875 0.8330078125 0.9326171875 0.8232421875
0 0.95556640625 0.8271484375 0.89794921875 0.8271484375 0.89794921875 0.8662109375 0.95556640625 0.8662109375 0.95556640625 0.8271484375
0 0.9501953125 0.78515625 0.9404296875 0.78515625 0.9404296875 0.80078125 0.9501953125 0.80078125 0.9501953125 0.78515625
0 0.9921875 0.77587890625 0.9755859375 0.77587890625 0.9755859375 0.80126953125 0.9921875 0.80126953125 0.9921875 0.77587890625
0 0.97998046875 0.78662109375 0.96435546875 0.78662109375 0.96435546875 0.81298828125 0.97998046875 0.81298828125 0.97998046875 0.78662109375
0 0.96630859375 0.77880859375 0.95361328125 0.77880859375 0.95361328125 0.79541015625 0.96630859375 0.79541015625 0.96630859375 0.77880859375
0 0.96533203125 0.7958984375 0.95166015625 0.7958984375 0.95166015625 0.814453125 0.96533203125 0.814453125 0.96533203125 0.7958984375
0 0.97998046875 0.82568359375 0.96630859375 0.82568359375 0.96630859375 0.83544921875 0.97998046875 0.83544921875 0.97998046875 0.82568359375
0 0.9755859375 0.8896484375 0.9599609375 0.8896484375 0.9599609375 0.9052734375 0.9755859375 0.9052734375 0.9755859375 0.8896484375
0 1 0.81982421875 0.962890625 0.81982421875 0.962890625 0.89697265625 1 0.89697265625 1 0.81982421875
0 0.94189453125 0.88623046875 0.90966796875 0.88623046875 0.90966796875 0.90771484375 0.94189453125 0.90771484375 0.94189453125 0.88623046875
0 0.9384765625 0.89111328125 0.919921875 0.89111328125 0.919921875 0.90185546875 0.9384765625 0.90185546875 0.9384765625 0.89111328125
0 0.92919921875 0.91015625 0.91748046875 0.91015625 0.91748046875 0.9208984375 0.92919921875 0.9208984375 0.92919921875 0.91015625
0 0.9189453125 0.90966796875 0.90625 0.90966796875 0.90625 0.91943359375 0.9189453125 0.91943359375 0.9189453125 0.90966796875
0 0.9306640625 0.9189453125 0.904296875 0.9189453125 0.904296875 0.9404296875 0.9306640625 0.9404296875 0.9306640625 0.9189453125
0 0.98583984375 0.94677734375 0.96533203125 0.94677734375 0.96533203125 0.96044921875 0.98583984375 0.96044921875 0.98583984375 0.94677734375
0 0.9775390625 0.96337890625 0.9560546875 0.96337890625 0.9560546875 0.98095703125 0.9775390625 0.98095703125 0.9775390625 0.96337890625
0 1 0.9599609375 0.9873046875 0.9599609375 0.9873046875 0.9853515625 1 0.9853515625 1 0.9599609375
0 0.89306640625 0.97802734375 0.88427734375 0.97802734375 0.88427734375 0.98681640625 0.89306640625 0.98681640625 0.89306640625 0.97802734375
0 0.86279296875 0.939453125 0.85009765625 0.939453125 0.85009765625 0.955078125 0.86279296875 0.955078125 0.86279296875 0.939453125
0 0.89892578125 0.9287109375 0.87939453125 0.9287109375 0.87939453125 0.953125 0.89892578125 0.953125 0.89892578125 0.9287109375
0 0.89501953125 0.9326171875 0.88525390625 0.9326171875 0.88525390625 0.9462890625 0.89501953125 0.9462890625 0.89501953125 0.9326171875
0 0.921875 0.974609375 0.9130859375 0.974609375 0.9130859375 0.9814453125 0.921875 0.9814453125 0.921875 0.974609375
0 0.85546875 0.97314453125 0.8369140625 0.97314453125 0.8369140625 0.99267578125 0.85546875 0.99267578125 0.85546875 0.97314453125
0 0.8623046875 0.98974609375 0.853515625 0.98974609375 0.853515625 0.99755859375 0.8623046875 0.99755859375 0.8623046875 0.98974609375
0 0.80029296875 1 0.80029296875 0.9912109375 0.70068359375 0.9912109375 0.70068359375 1 0.80029296875 1
0 0.783203125 0.8759765625 0.7724609375 0.8759765625 0.7724609375 0.88671875 0.783203125 0.88671875 0.783203125 0.8759765625
0 0.91650390625 0.33740234375 0.89306640625 0.33740234375 0.89306640625 0.35693359375 0.91650390625 0.35693359375 0.91650390625 0.33740234375
0 0.9267578125 0.3515625 0.90625 0.3515625 0.90625 0.3671875 0.9267578125 0.3671875 0.9267578125 0.3515625
0 0.91748046875 0.3662109375 0.89892578125 0.3662109375 0.89892578125 0.3935546875 0.91748046875 0.3935546875 0.91748046875 0.3662109375
0 0.91015625 0.357421875 0.884765625 0.357421875 0.884765625 0.3759765625 0.91015625 0.3759765625 0.91015625 0.357421875
0 0.88671875 0.2275390625 0.85546875 0.2275390625 0.85546875 0.255859375 0.88671875 0.255859375 0.88671875 0.2275390625
0 0.84912109375 0.2392578125 0.83056640625 0.2392578125 0.83056640625 0.2587890625 0.84912109375 0.2587890625 0.84912109375 0.2392578125
0 0.83642578125 0.25390625 0.81298828125 0.25390625 0.81298828125 0.283203125 0.83642578125 0.283203125 0.83642578125 0.25390625
0 0.83447265625 0.2822265625 0.80029296875 0.2822265625 0.80029296875 0.3212890625 0.83447265625 0.3212890625 0.83447265625 0.2822265625
0 0.8740234375 0.29052734375 0.8427734375 0.29052734375 0.8427734375 0.31982421875 0.8740234375 0.31982421875 0.8740234375 0.29052734375
0 0.88525390625 0.259765625 0.84814453125 0.259765625 0.84814453125 0.28515625 0.88525390625 0.28515625 0.88525390625 0.259765625
0 0.998046875 0.322265625 0.9853515625 0.322265625 0.9853515625 0.3359375 0.998046875 0.3359375 0.998046875 0.322265625
0 0.9833984375 0.4609375 0.9541015625 0.4609375 0.9541015625 0.5068359375 0.9833984375 0.5068359375 0.9833984375 0.4609375
0 0.33984375 1 0.33984375 0.98046875 0.30859375 0.98046875 0.30859375 1 0.33984375 1
0 0.341796875 0.96044921875 0.3271484375 0.96044921875 0.3271484375 0.97998046875 0.341796875 0.97998046875 0.341796875 0.96044921875
0 0.26611328125 0.9375 0.25439453125 0.9375 0.25439453125 0.9482421875 0.26611328125 0.9482421875 0.26611328125 0.9375
0 0.26611328125 1 0.26611328125 0.978515625 0.22216796875 0.978515625 0.22216796875 1 0.26611328125 1
0 0.33251953125 0.931640625 0.25927734375 0.931640625 0.25927734375 0.9912109375 0.33251953125 0.9912109375 0.33251953125 0.931640625
0 0.33740234375 0.908203125 0.30224609375 0.908203125 0.30224609375 0.9345703125 0.33740234375 0.9345703125 0.33740234375 0.908203125
0 0.2900390625 0.8623046875 0.2607421875 0.8623046875 0.2607421875 0.8779296875 0.2900390625 0.8779296875 0.2900390625 0.8623046875
0 0.29443359375 0.89501953125 0.27099609375 0.89501953125 0.27099609375 0.91748046875 0.29443359375 0.91748046875 0.29443359375 0.89501953125
0 0.318359375 0.861328125 0.2841796875 0.861328125 0.2841796875 0.92578125 0.318359375 0.92578125 0.318359375 0.861328125
0 0.283203125 0.873046875 0.2578125 0.873046875 0.2578125 0.9130859375 0.283203125 0.9130859375 0.283203125 0.873046875
0 0.53857421875 0.1767578125 0.52587890625 0.1767578125 0.52587890625 0.1904296875 0.53857421875 0.1904296875 0.53857421875 0.1767578125
0 0.25439453125 0.74951171875 0.24365234375 0.74951171875 0.24365234375 0.76123046875 0.25439453125 0.76123046875 0.25439453125 0.74951171875