0 0.43343359687499994 0.48158281093750005 0.375850096875 0.500292825 0.40119914687499997 0.5783091796875001 0.45878264687500003 0.559599165625 0.43343359687499994 0.48158281093750005
0 0.5801025609375 0.362563284375 0.5355217875 0.37704845625 0.5518176046875001 0.42720182656250005 0.5963983796875 0.4127166546875 0.5801025609375 0.362563284375
0 0.6493056562499999 0.521824725 0.608439946875 0.5351027984375001 0.620510921875 0.57225344375 0.6613766328125 0.55897536875 0.6493056562499999 0.521824725
0 0.7661837765625 0.421726196875 0.7466796875 0.428063459375 0.754224046875 0.4512826125 0.7737281359375 0.44494534999999996 0.7661837765625 0.421726196875
0 0.6275476328125 0.0724734765625 0.5866819234375 0.08575155 0.598451125 0.1219734296875 0.639316834375 0.1086953546875 0.6275476328125 0.0724734765625
0 0.5465062875 0.028468332812500004 0.49078032031249996 0.046574796875000005 0.5073779125 0.097656934375 0.5631038796875 0.0795504703125 0.5465062875 0.028468332812500004
0 0.78897371875 0 0.7744450609375 0.004720646875 0.7838000671875001 0.033512396875 0.8051616875000001 0.026571585937499996 0.79652805625 0 0.78897371875 0
0 0.42080777812500003 0 0.4132914296875 0.0024422093749999997 0.42868192499999996 0.0498092828125 0.5215585375 0.0196318421875 0.515179765625 0 0.42080777812500003 0
0 0.3945534984375 0.0095573515625 0.362046684375 0.02011945625 0.368383946875 0.0396235453125 0.4008907609375 0.029061440625 0.3945534984375 0.0095573515625
0 0.3850751 0.2411042046875 0.35163951875 0.2519680828125 0.365822915625 0.295620090625 0.39925849687500004 0.2847562125 0.3850751 0.2411042046875
0 0.1953331640625 0.0742879625 0.146108559375 0.09028200625 0.1569724375 0.1237175859375 0.20619704374999998 0.1077235421875 0.1953331640625 0.0742879625
0 0.1116679171875 0.1928593015625 0.08450822031250001 0.10927035 0.035283615625 0.12526439375 0.0624433125 0.20885334531250002 0.1116679171875 0.1928593015625
0 0.078250025 0.1200317203125 0.0689623640625 0.12304946406249999 0.0737907546875 0.137909721875 0.083078415625 0.134891978125 0.078250025 0.1200317203125
0 0.0757874515625 0.1393145921875 0.045138170312499996 0.1492731484375 0.055398499999999996 0.180851196875 0.08604778125 0.170892640625 0.0757874515625 0.1393145921875
0 0 0.2255485421875 0.03863233125 0.21299613750000002 0.016301025 0.14426744375 0 0.1495639671875 0 0.2255485421875
0 0.030384684375 0.28241916875 0.00716553125 0.28996352812500004 0.0195382828125 0.32804293906250004 0.0427574359375 0.3204985796875 0.030384684375 0.28241916875
0 0.195975928125 0.33540444375 0.1411787265625 0.353209134375 0.16169938749999999 0.4163652296875 0.2164965890625 0.398560540625 0.195975928125 0.33540444375
0 0 0.5279466140625 0.012802278125 0.5237869015625 0.0010330765625 0.48756502343749997 0 0.48790069062499997 0 0.5279466140625
0 0 0.56339110625 0.004671845312500001 0.57776956875 0.028819764062499996 0.5699234343749999 0.021878953125 0.5485618125 0 0.5556707171874999 0 0.56339110625
0 0.1037290796875 0.4860284453125 0.04986064375 0.5035313609375 0.0727954984375 0.5741175859375 0.126663934375 0.5566146703125 0.1037290796875 0.4860284453125
0 0.0610731828125 0.5317195625 0.0239225375 0.5437905375 0.0356917390625 0.5800124171875 0.072842384375 0.5679414406250001 0.0610731828125 0.5317195625
0 0.0539652875 0.5730481625 0.01402834375 0.5860244625 0.024892221875000002 0.61946004375 0.06482916562499999 0.6064837437499999 0.0539652875 0.5730481625
0 0.12834564375 0.5791716671875 0.0336115 0.6099526578125001 0.0550374828125 0.675895053125 0.149771628125 0.6451140625 0.12834564375 0.5791716671875
0 0.0633831640625 0.695259975 0.043879075000000003 0.7015972374999999 0.05353585625 0.7313177546875 0.0730399453125 0.7249804921874999 0.0633831640625 0.695259975
0 0.378009190625 0.6633688546875 0.3455023765625 0.673930959375 0.3554609328125 0.7045802421875 0.387967746875 0.6940181375 0.378009190625 0.6633688546875
0 0.714940309375 0.5816174000000001 0.6805759625000001 0.592783053125 0.6914398421875 0.626218634375 0.7258041890625 0.6150529812500001 0.714940309375 0.5816174000000001
0 0.7665130437500001 0.6834579484375001 0.7358637625 0.6934165046875 0.7464258671875 0.7259233187499999 0.7770751484375 0.7159647625 0.7665130437500001 0.6834579484375001
0 0.8610244828125 0.68201365 0.831303965625 0.69167043125 0.840960746875 0.7213909484375 0.8706812625 0.7117341671874999 0.8610244828125 0.68201365
0 0.8325050968750001 0.7775329203125 0.7962832171875001 0.7893021234375001 0.80835419375 0.82645276875 0.8445760734375 0.814683565625 0.8325050968750001 0.7775329203125
0 0.809132284375 0.662935796875 0.7654802765625 0.6771191937500001 0.7802672234375 0.722628734375 0.82391923125 0.7084453374999999 0.809132284375 0.662935796875
0 1 0.5624134203125 0.9538484546875001 0.5774089671875 0.970446046875 0.628491103125 1 0.6188884421874999 1 0.5624134203125
0 0.42148964062500005 0.7734862484375 0.36111984218750004 0.7931015859375 0.37922630625 0.848827553125 0.4395961046875 0.8292122171875 0.42148964062500005 0.7734862484375
0 0.3995112578125 0.8006504203125001 0.37350580624999996 0.8091001046875 0.3825590390625 0.8369630875 0.408564490625 0.8285134046874999 0.3995112578125 0.8006504203125001
0 0.3481243625 0.857392959375 0.3202613796875 0.8664461921875001 0.333237678125 0.9063831359375 0.3611006625 0.897329903125 0.3481243625 0.857392959375
0 0.3573534171875 0.8620953968749999 0.2728356984375 0.8895568687500001 0.2936581328125 0.95364173125 0.3781758515625 0.9261802609374999 0.3573534171875 0.8620953968749999
0 0.3226169671875 0.881596503125 0.29754028125 0.8897444109375 0.305386415625 0.9138923312499999 0.33046310156250003 0.9057444218749999 0.3226169671875 0.881596503125