0 0 0.426949159375 0.0097726640625 0.4409059703125 0.0681692453125 0.40001624375 0.02727951875 0.3416196625 0 0.36072098750000003 0 0.426949159375
0 0 0.54442750625 0.010309153125 0.5591505031249999 0.065505921875 0.5205013109375 0.0206952625 0.45650505625 0 0.470996034375 0 0.54442750625
0 0.100515078125 0.576458615625 0.059625353125 0.518062034375 0.00042881875 0.55951189375 0.04131854375 0.617908475 0.100515078125 0.576458615625
0 0.13932691875 0.6506160999999999 0.1001175921875 0.594619378125 0.0409210578125 0.6360692390625 0.080130384375 0.692065959375 0.13932691875 0.6506160999999999
0 0.21916955 0.647164846875 0.17771969062499998 0.5879683124999999 0.1025240921875 0.6406208359375001 0.143973953125 0.6998173703125 0.21916955 0.647164846875
0 0.2564603171875 0.714042259375 0.215570590625 0.655645678125 0.155574103125 0.6976556703125001 0.1964638296875 0.7560522515625 0.2564603171875 0.714042259375
0 0.179980146875 0.734213696875 0.1351694875 0.67021744375 0.075173 0.7122274359375 0.119983659375 0.7762236890625 0.179980146875 0.734213696875
0 0.034123946875 0.6587110671875 0.0117252578125 0.6743947984374999 0.05261498437499999 0.7327913796875001 0.0750136734375 0.7171076484375 0.034123946875 0.6587110671875
0 0 0.64803219375 0.025079660937499998 0.6304712265625 0 0.5946537578125 0 0.64803219375
0 0.186837828125 0.572046421875 0.1386663703125 0.5032504484375 0.0730702109375 0.5491813750000001 0.12124166875 0.6179773468749999 0.186837828125 0.572046421875
0 0.24171428437500003 0.5312371890625001 0.2025049578125 0.4752404671875 0.14570828281249998 0.5150099265625 0.18491760937499999 0.5710066484375 0.24171428437500003 0.5312371890625001
0 0.1745032765625 0.47100420156249995 0.1341736828125 0.4134075734375 0.0789769140625 0.4520567671875 0.1193065078125 0.5096533953125 0.1745032765625 0.47100420156249995
0 0.148572840625 0.403325175 0.108243246875 0.345728546875 0.048246759374999997 0.3877385390625 0.0885763515625 0.4453351671875 0.148572840625 0.403325175
0 0.16256455 0.339880753125 0.12391535625000001 0.28468398437500003 0.07031849375 0.3222129125 0.10896768750000001 0.37740968124999996 0.16256455 0.339880753125
0 0.099681921875 0.3386094609375 0.05767192812500001 0.2786129734375 0.0000753 0.3189425671875 0.04208529375 0.3789390546875 0.099681921875 0.3386094609375
0 0.131832734375 0.2636420625 0.089822740625 0.203645575 0.031426159375 0.24453530156249997 0.073436153125 0.3045317890625 0.131832734375 0.2636420625
0 0.197346740625 0.20227054687499998 0.15253608125 0.1382742921875 0.09253959375000001 0.1802842859375 0.137350253125 0.24428053906249997 0.197346740625 0.20227054687499998
0 0.2411997796875 0.283627609375 0.18014525625 0.1964327140625 0.11694895624999999 0.240683240625 0.17800347968750002 0.3278781359375 0.2411997796875 0.283627609375
0 0.320401784375 0.2758562765625 0.2750309921875 0.2110600703125 0.20143529999999998 0.262592328125 0.2468060921875 0.327388534375 0.320401784375 0.2758562765625
0 0.24282292968750002 0.44939384374999997 0.20137306875 0.390197309375 0.1429764875 0.43108703593750003 0.1844263484375 0.49028357031249997 0.24282292968750002 0.44939384374999997
0 0.29315110624999996 0.494028575 0.2545019125 0.43883180624999996 0.2025049578125 0.4752404671875 0.24115414999999998 0.5304372359375 0.29315110624999996 0.494028575
0 0.31546266093750003 0.4271428609375 0.27513306875 0.3695462328125 0.21673648750000002 0.410435959375 0.2570660796875 0.46803258750000004 0.31546266093750003 0.4271428609375
0 0.37770964375 0.45985546718750003 0.3379401828125 0.4030587921875 0.2659443984375 0.4534707828125 0.3057138578125 0.5102674578124999 0.37770964375 0.45985546718750003
0 0.3609222484375 0.5550615156250001 0.321712921875 0.49906479375 0.2625163875 0.540514653125 0.3017257140625 0.5965113750000001 0.3609222484375 0.5550615156250001
0 0.4486888984375 0.5782501953125 0.40163770625 0.5110541296875 0.3112429984375 0.5743491859375001 0.358294190625 0.6415452515625 0.4486888984375 0.5782501953125
0 0.4210780625 0.508171309375 0.3813086015625 0.45137463437500003 0.32131211406250004 0.493384628125 0.361081575 0.550181303125 0.4210780625 0.508171309375
0 0.3697773234375 0.37361320937500003 0.3266470640625 0.312016815625 0.2666505765625 0.354026809375 0.3097808359375 0.415623203125 0.3697773234375 0.37361320937500003
0 0.42841372499999997 0.331363396875 0.3869638640625 0.2721668625 0.3261674234375 0.31473698906249997 0.3676172828125 0.37393352343749997 0.42841372499999997 0.331363396875
0 0.469627084375 0.415760946875 0.4253765578125 0.352564646875 0.3589804453125 0.39905570468749996 0.40323097187499995 0.46225200624999996 0.469627084375 0.415760946875
0 0.5374820390624999 0.5041549421875 0.4943517796875 0.44255854843750003 0.43515524531249994 0.4840084078125 0.47828550468750003 0.5456048015625 0.5374820390624999 0.5041549421875
0 0.5532296609375 0.4108691125 0.51121966875 0.350872625 0.4464234625 0.3962434171875 0.48843345468750005 0.4562399046875 0.5532296609375 0.4108691125
0 0.5354547625 0.3088676125 0.4884035703125 0.241671546875 0.42840708281250006 0.283681540625 0.475458275 0.35087760625 0.5354547625 0.3088676125
0 0.423365884375 0.2764819609375 0.40992268593750003 0.2572830859375 0.3923237171875 0.2696060171875 0.40576691406250004 0.2888048921875 0.423365884375 0.2764819609375
0 0.4743969203125 0.1978317890625 0.43182679375 0.1370353484375 0.369430446875 0.180725740625 0.412000571875 0.24152218125 0.4743969203125 0.1978317890625
0 0.356864375 0.1406459296875 0.31317398281250003 0.07824958125 0.249177728125 0.12306024062500001 0.292868121875 0.1854565875 0.356864375 0.1406459296875
0 0.419747003125 0.1419172203125 0.376056609375 0.0795208734375 0.31526016874999996 0.12209099999999999 0.3589505625 0.18448734687499999 0.419747003125 0.1419172203125
0 0.47254225156249996 0.0930279625 0.4277315921875 0.029031709375 0.3629353859375 0.0744025015625 0.4077460453125 0.13839875468750001 0.47254225156249996 0.0930279625
0 0.527111675 0.1454224046875 0.48118074999999993 0.0798262453125 0.41638454375 0.1251970375 0.46231546874999996 0.19079319687500002 0.527111675 0.1454224046875
0 0.6408958953125 0.28749209531250003 0.5944048375000001 0.2210959828125 0.5320084890625 0.264786375 0.5784995484375 0.3311824875 0.6408958953125 0.28749209531250003
0 0.1955547578125 0.834775446875 0.14755756874999998 0.868383440625 0.18844729531249998 0.9267800218750001 0.23644448437499999 0.893172028125 0.1955547578125 0.834775446875
0 0.116421625 0.76262365625 0.0876233109375 0.7827884515625 0.1357947703125 0.8515844250000001 0.164593084375 0.831419628125 0.116421625 0.76262365625
0 0.22028443437499998 0.897334440625 0.18508649531250002 0.921980303125 0.22877688749999997 0.98437665 0.26397482656250004 0.9597307875000001 0.22028443437499998 0.897334440625
0 0.3526974359375 0.95363819375 0.31068744375 0.8936417062500001 0.25069095625000004 0.9356517 0.2927009484375 0.9956481875 0.3526974359375 0.95363819375
0 0.3475657828125 0.8713957046875 0.3027551234375 0.8073994499999999 0.23955882343749998 0.8516499765625 0.28436948281249996 0.9156462296875001 0.3475657828125 0.8713957046875
0 0.326430084375 0.764594484375 0.277138359375 0.69419860625 0.20834238749999998 0.7423700640625001 0.2576341125 0.81276594375 0.326430084375 0.764594484375
0 0.29659531875 0.8105204296874999 0.25346505937499997 0.7489240359375 0.1910687125 0.792614428125 0.234198971875 0.854210821875 0.29659531875 0.8105204296874999
0 0.4075572890625 0.7936243171874999 0.36274663125 0.7296280640624999 0.301950190625 0.772198190625 0.3467608484375 0.83619444375 0.4075572890625 0.7936243171874999
0 0.47803532187500003 0.7597731828125001 0.42538279843750004 0.6845775859375001 0.356586825 0.7327490437499999 0.40923935 0.8079446421875 0.47803532187500003 0.7597731828125001
0 0.4292232375 0.6866571312499999 0.387773378125 0.627460596875 0.32617698281249996 0.67059085625 0.36762684375 0.7297873906250001 0.4292232375 0.6866571312499999
0 0.4910594515625 0.6421667859375 0.448489325 0.5813703453125 0.38369311875 0.6267411375 0.42626324374999996 0.6875375781249999 0.4910594515625 0.6421667859375
0 0.5739591703125 0.7605598546875 0.52970864375 0.6973635546875 0.46971215624999996 0.739373546875 0.5139626828125 0.8025698484375001 0.5739591703125 0.7605598546875
0 0.47206765624999997 1 0.472148540625 0.9999433640625 0.46374654218750005 0.987944065625 0.4541471046875 0.9946656640624999 0.457882246875 1 0.47206765624999997 1
0 0.42927034218750004 1 0.389017303125 0.942512703125 0.327420909375 0.9856429625 0.337473815625 1 0.42927034218750004 1
0 0.46549747343750003 0.922341265625 0.42012668125 0.857545059375 0.352930615625 0.90459625 0.3983014078125 0.9693924578124999 0.46549747343750003 0.922341265625
0 0.5015592578125 0.7814507515625 0.4617897984375 0.7246540765625 0.4041931703125 0.7649836703124999 0.4439626296875 0.8217803453125001 0.5015592578125 0.7814507515625
0 0.456126234375 0.8442595265625 0.414676375 0.7850629921875 0.35547984062500004 0.8265128531249999 0.3969297 0.8857093875000001 0.456126234375 0.8442595265625
0 0.6250068078125001 0.8011143265625 0.5740346828125 0.7283185875 0.5052387109375001 0.776490046875 0.5562108359375 0.849285784375 0.6250068078125001 0.8011143265625
0 0.6156571515625 0.877998625 0.5781282234375 0.8244017625 0.5133320171875 0.8697725546875 0.5508609437499999 0.9233694171875 0.6156571515625 0.877998625
0 0.5338943 0.8804101062499999 0.48964377499999995 0.8172138046875 0.4256475203125 0.8620244640625 0.46989804687500003 0.9252207640625001 0.5338943 0.8804101062499999
0 0.47887799375 1 0.5351855140625 0.96057305 0.49037485625 0.896576796875 0.4279785078125 0.9402671890625 0.4698038734375 1 0.47887799375 1
0 0.66790886875 0.94751405625 0.6298198078125 0.8931172421875001 0.5722231796874999 0.933446834375 0.610312240625 0.98784365 0.66790886875 0.94751405625
0 0.72630545 0.9066243296875 0.6837353234375 0.8458278890625 0.6221389296875001 0.8889581484375 0.66470905625 0.9497545890625 0.72630545 0.9066243296875
0 0.6080947453125 1 0.557461803125 0.927688665625 0.454190515625 1 0.6080947453125 1
0 0.6316694953125 0.962159675 0.6579957578125 0.9997574734375 0.7219920109375 0.9549468140625 0.6956657500000001 0.917349015625 0.6316694953125 0.962159675
0 0.6576493937500001 1 0.6603956171875 0.9980770734375 0.6357497546875 0.9628791343750001 0.582735665625 1 0.6576493937500001 1
0 0.582458665625 0.610952840625 0.5354074734375 0.5437567750000001 0.47221117343749996 0.5880073 0.519262365625 0.655203365625 0.582458665625 0.610952840625
0 0.671736428125 0.56989880625 0.629726434375 0.50990231875 0.56253036875 0.5569535109375 0.6045403625 0.6169499984375 0.671736428125 0.56989880625
0 0.6261507187500001 0.6852696515625001 0.584700859375 0.6260731171875 0.5191047 0.6720040421875 0.560554559375 0.731200578125 0.6261507187500001 0.6852696515625001
0 0.7098337890625 0.68389794375 0.667823796875 0.62390145625 0.6054274484375 0.6675918484375 0.6474374421875 0.7275883359375 0.7098337890625 0.68389794375
0 0.6936820406249999 0.747662678125 0.65055178125 0.6860662843750001 0.5857555734375001 0.7314370765625 0.6288858328125 0.7930334703125 0.6936820406249999 0.747662678125
0 0.77496193125 0.7241304421875 0.7323918046875 0.6633340015625 0.664395784375 0.7109453265625 0.7069659109375 0.7717417671875 0.77496193125 0.7241304421875
0 0.6677250406249999 0.489256221875 0.62291438125 0.42525996875 0.55331845625 0.4739915609375 0.598129115625 0.5379878140625001 0.6677250406249999 0.489256221875
0 0.741644365625 0.4637249328125 0.694033040625 0.3957289140625 0.6332366 0.4382990390625 0.680847925 0.506295059375 0.741644365625 0.4637249328125
0 0.75235576875 0.39900091875 0.7131464421875 0.343004196875 0.6523500015625 0.38557432343750003 0.691559328125 0.4415710453125 0.75235576875 0.39900091875
0 0.733653134375 0.5289285875 0.690522875 0.46733219375 0.629726434375 0.50990231875 0.67285669375 0.5714987125000001 0.733653134375 0.5289285875
0 0.7251855843749999 0.6206933421875 0.682615459375 0.5598969015625 0.621019065625 0.6030271609375 0.663589190625 0.6638236015625 0.7251855843749999 0.6206933421875
0 0 0.2683283796875 0.050665282812500004 0.232852165625 0.037222084375 0.213653290625 0 0.2397164734375 0 0.2683283796875
0 0.10565875625000001 0.457813275 0.06532916250000001 0.40021664687499997 0.00693258125 0.44110637343750003 0.047262175000000003 0.49870300156249997 0.10565875625000001 0.457813275
0 0.34313115 0.049524290625 0.319605553125 0.0159262578125 0.25720920625 0.05961665000000001 0.2807348015625 0.0932146828125 0.34313115 0.049524290625
0 0.3609090265625 0 0.40185468437500005 0.058476460937499995 0.46425103125 0.01478606875 0.45389771406249996 0 0.3609090265625 0
0 0.441100521875 0 0.4304886921875 0.0074304828125 0.4736189515625 0.069026878125 0.5336154390625001 0.027016884375 0.5146980125 0 0.441100521875 0
0 0.63510644375 0 0.6631423 0.040039353124999996 0.720324421875 0 0.63510644375 0
0 0.5415530234375 0 0.5003343984375 0.0288615921875 0.5423443906250001 0.08885807968750001 0.600740971875 0.047968353125 0.5671531703125 0 0.5415530234375 0
0 0.6122722515625 0.125729778125 0.5657811921875 0.0593336640625 0.5009849859375 0.10470445625 0.5474760453124999 0.1711005703125 0.6122722515625 0.125729778125
0 0.6487647265625001 0.20508778749999998 0.6067547328125 0.14509129999999998 0.5475581984375 0.186541159375 0.5895681921875 0.24653764687500002 0.6487647265625001 0.20508778749999998
0 0.619825346875 0.3612579046875 0.5778153546875 0.3012614171875 0.5178188671874999 0.343271409375 0.559828859375 0.4032678984375 0.619825346875 0.3612579046875
0 0.6181549093750001 0.43038083125000004 0.5767050499999999 0.371184296875 0.51830846875 0.4120740234375 0.559758328125 0.4712705578125 0.6181549093750001 0.43038083125000004
0 0.6774319375 0.3924510984375 0.6382226109375 0.3364543765625 0.5830258421875001 0.37510356875 0.62223516875 0.431100290625 0.6774319375 0.3924510984375
0 0.6895839203125 0.3314870296875 0.653175259375 0.2794900734375 0.59877844375 0.31757913437499996 0.6351871046875 0.3695760890625 0.6895839203125 0.3314870296875
0 0.772059590625 0.27731343124999996 0.7233279984375 0.20771750625 0.641732775 0.264851096875 0.6904643671875 0.33444702187500003 0.772059590625 0.27731343124999996
0 0.3440448 0.2908935703125 0.33564280156250004 0.278894271875 0.32444345625 0.28673613750000004 0.33284545625 0.29873543593749996 0.3440448 0.2908935703125
0 0.31283500468750003 0.229295515625 0.30387287343749997 0.21649626562500002 0.2950733875 0.22265773125 0.3040355203125 0.23545698124999997 0.31283500468750003 0.229295515625
0 0.36387268125 0.1983272015625 0.3565909484375 0.187927809375 0.3469915109375 0.194649409375 0.35427324375 0.2050488 0.36387268125 0.1983272015625
0 0.3169907765625 0.1977737078125 0.311949578125 0.1905741296875 0.3031500921875 0.1967355953125 0.30819129218749997 0.20393517343749998 0.3169907765625 0.1977737078125
0 0.35683575 0.22232911562500002 0.3495540171875 0.21192972499999999 0.3391546265625 0.2192114578125 0.3464363578125 0.2296108484375 0.35683575 0.22232911562500002
0 0.369722134375 0.26456896875 0.36300053593750004 0.2549695296875 0.3558009578125 0.2600107296875 0.36252255624999996 0.2696101671875 0.369722134375 0.26456896875
0 0.53736253125 0.220503903125 0.5255997328124999 0.2037048875 0.5144003890625 0.21154675312500001 0.5261631875 0.22834576874999998 0.53736253125 0.220503903125
0 0.733162275 0.163874428125 0.6894718828124999 0.10147808124999999 0.6270755359375 0.1451684734375 0.670765928125 0.2075648203125 0.733162275 0.163874428125
0 0.6799143515625 0.12188020625 0.637904359375 0.061883718750000004 0.5755080125 0.1055741125 0.6175180046875 0.16557059999999998 0.6799143515625 0.12188020625
0 0.6207232140625 0 0.5675781828125 0.0372125515625 0.6107084421875 0.0988089453125 0.6731047890624999 0.055118553125000004 0.6345103625 0 0.6207232140625 0
0 0.698291065625 0 0.7374674125 0.055949621875 0.779064978125 0.026822693749999998 0.760283525 0 0.698291065625 0
0 0.8094453640625 0.1647038359375 0.767435371875 0.1047073484375 0.7066389296875 0.147277475 0.7486489234375 0.20727396250000002 0.8094453640625 0.1647038359375
0 0.840858053125 0.24702267031249997 0.798848059375 0.1870261828125 0.738851571875 0.229036175 0.780861565625 0.28903266250000004 0.840858053125 0.24702267031249997
0 0.7870682578125 0.335353603125 0.74953933125 0.281756740625 0.68954284375 0.32376673437500003 0.7270717703125 0.377363596875 0.7870682578125 0.335353603125
0 0.8807885000000001 0.310859596875 0.8365379734375 0.24766329687500002 0.7797412984375 0.28743275625 0.823991825 0.35062905624999996 0.8807885000000001 0.310859596875
0 0.8127650859375001 0.1617832609375 0.8535626984375 0.133216465625 0.8053912390625 0.0644204921875 0.764593628125 0.0929872875 0.8127650859375001 0.1617832609375
0 0.8985737609375001 0.2000528015625 0.8448009703125001 0.123257296875 0.7832045765625 0.16638755624999998 0.8369773671875 0.2431830609375 0.8985737609375001 0.2000528015625
0 0.9371441203125 0.2636499078125 0.8923334625000001 0.19965365468750002 0.8299371140625 0.24334404687500003 0.8747477734375 0.3073403015625 0.9371441203125 0.2636499078125
0 0.8962971312500001 0.22489408593750002 0.9106962890625001 0.2148116875 0.8782085609375001 0.1684144046875 0.8638094031250001 0.178496803125 0.8962971312500001 0.22489408593750002
0 0.3423506046875 0 0.321205459375 0.014805990625000001 0.332408125 0.0308050546875 0.3764023015625 0 0.3423506046875 0
0 0.7200493531250001 0.21835837812499997 0.7099669546875 0.20395922031249997 0.700367515625 0.21068081875 0.7104499140625 0.2250799765625 0.7200493531250001 0.21835837812499997
0 0.8974306796875 0.3218577078125 0.8873482812500001 0.30745855 0.875348984375 0.3158605484375 0.8854313828124999 0.33025970625 0.8974306796875 0.3218577078125
0 0.9566396656249999 0.36981133125 0.9146296734374999 0.30981484375 0.8570330453125001 0.3501444359375 0.8990430375 0.41014092343749997 0.9566396656249999 0.36981133125
0 0.82768206875 0.42315136875 0.7851119421874999 0.362354928125 0.7251154546875 0.40436492187499995 0.7676855812500001 0.46516136250000006 0.82768206875 0.42315136875
0 0.9102079453125 0.4422606203125 0.8670776859375 0.3806642265625 0.8078811515625001 0.4221140859375 0.8510114109375 0.4837104796875 0.9102079453125 0.4422606203125
0 0.9994881984375 0.41908728437500004 0.958598471875 0.3606907015625 0.8994019375000001 0.40214056249999997 0.9402916640625 0.46053714375 0.9994881984375 0.41908728437500004
0 1 0.41694067187500006 0.958650340625 0.445894015625 1 0.50494745 1 0.41694067187500006
0 1 0.35435213125 0.9728407921875 0.3733692125 1 0.41215658125 1 0.35435213125
0 0.8965415296874999 0.543626475 0.8545315375 0.48362998749999997 0.793735096875 0.5262001125 0.8357450890625 0.5861966 0.8965415296874999 0.543626475
0 0.8128148921875 0.519397190625 0.7713650328125 0.46020065624999995 0.7105685921875 0.5027707828125 0.7520184515625 0.5619673171875 0.8128148921875 0.519397190625
0 0.78738485 0.5980037953124999 0.74705525625 0.5404071671875 0.69025858125 0.580176628125 0.7305881750000001 0.63777325625 0.78738485 0.5980037953124999
0 0.8318332875 0.6461594828125 0.7909435625000001 0.5877629015625 0.7301471203125 0.6303330265625 0.771036846875 0.6887296093749999 0.8318332875 0.6461594828125
0 0.9060770765624999 0.65258939375 0.86126641875 0.5885931390625 0.7964702109374999 0.6339639328125 0.8412808703125 0.6979601859375 0.9060770765624999 0.65258939375
0 0.966866046875 0.556377178125 0.9237357875000001 0.4947807828125 0.8637393 0.5367907765625 0.906869559375 0.5983871703125 0.966866046875 0.556377178125
0 1 0.5381478515625 0.9881419796875001 0.52121284375 0.924145725 0.566023503125 0.9700766515625 0.6316196625 1 0.6106671078125 1 0.5381478515625
0 0.9884050421874999 0.6867392578125 0.944154515625 0.6235429578125 0.884158028125 0.6655529515625 0.9284085546874999 0.7287492515625 0.9884050421874999 0.6867392578125
0 0.9310474031249999 0.7197485328125001 0.888477278125 0.6589520921875 0.8276808359375 0.70152221875 0.8702509624999999 0.762318659375 0.9310474031249999 0.7197485328125001
0 0.862846 0.7287583828125 0.8185954750000001 0.6655620828125001 0.7601988937499999 0.7064518093750001 0.80444941875 0.7696481093750001 0.862846 0.7287583828125
0 1 0.6053023750000001 0.956756684375 0.635581671875 1 0.6973395265625 1 0.6053023750000001
0 0.7476519140625 0.8034573375 0.698920321875 0.7338614109375 0.6333241625 0.7797923359375 0.6820557546875 0.8493882625 0.7476519140625 0.8034573375
0 0.780699775 0.8506545734375001 0.7414904484375 0.7946578515625 0.6822939140625001 0.8361077109374999 0.7215032406249999 0.8921044328125 0.780699775 0.8506545734375001
0 0.828573734375 0.79388569375 0.7860036078125 0.733089253125 0.7252071671875 0.7756593796875 0.76777729375 0.8364558203125 0.828573734375 0.79388569375
0 0.7422240203125 0.8919015390625 0.7651894828125 0.9246996203125001 0.8275858296875 0.8810092265625 0.8046203671875001 0.848211146875 0.7422240203125 0.8919015390625
0 0.8267028921874999 0.8601685375000001 0.8367852906250001 0.8745676953125001 0.8887822468750001 0.8381590343750001 0.8786998484374999 0.8237598765625 0.8267028921874999 0.8601685375000001
0 0.8938126546875 0.76787559375 0.925180115625 0.8126729718749999 0.9803768843749999 0.774023778125 0.9490094234375 0.7292264015625001 0.8938126546875 0.76787559375
0 1 0.6935224140625 0.94780949375 0.7300666015624999 0.9791769546875001 0.774863978125 1 0.760283525 1 0.6935224140625