0 0.6228211140625 0.637575628125 0.6204408531250001 0.6569612953124999 0.6456422203125001 0.6600556328125 0.6480224812500001 0.640669965625 0.6228211140625 0.637575628125
0 0.3432374109375 0.3784267578125 0.3406191234375 0.39975099062499997 0.36194335781250003 0.402369278125 0.36456164375 0.38104504375000003 0.3432374109375 0.3784267578125
0 0.32764422187500003 0.3932383921875 0.3257400140625 0.4087469265625 0.338340696875 0.41029409531249994 0.34024490625000003 0.3947855609375 0.32764422187500003 0.3932383921875
0 0.32284686093750004 0.30409868281249997 0.321180678125 0.3176686484375 0.3366892125 0.3195728578125 0.3383553953125 0.30600289062499997 0.32284686093750004 0.30409868281249997
0 0.32873862656249997 0.2841602765625 0.32707244375 0.29773024375 0.3464581109375 0.3001105046875 0.34812429375 0.28654053749999997 0.32873862656249997 0.2841602765625
0 0.3306017484375 0.3330919078125 0.329054578125 0.345692590625 0.3474709625 0.3479538390625 0.34901813125 0.33535315468750004 0.3306017484375 0.3330919078125
0 0.371514696875 0.2923642078125 0.37044357968749997 0.3010877578125 0.3820749796875 0.3025159140625 0.383146096875 0.29379236406250003 0.371514696875 0.2923642078125
0 0.421756090625 0.30788008906250003 0.4202089203125 0.32048077343750003 0.43087103750000005 0.3217899171875 0.4324182078125 0.3091892328125 0.421756090625 0.30788008906250003
0 0.4000834078125 0.31210629375 0.39746512031250003 0.3334305265625 0.4178200703125 0.3359298 0.42043835781250005 0.3146055671875 0.4000834078125 0.31210629375
0 0.38123391875 0.33340537812500004 0.3780205671875 0.359576028125 0.40225265156249995 0.3625513546875 0.40546600312500003 0.3363807046875 0.38123391875 0.33340537812500004
0 0.388726871875 0.4366506140625 0.3876557546875 0.4453741640625 0.39541002187499996 0.44632626875000003 0.3964811390625 0.43760271875 0.388726871875 0.4366506140625
0 0.3968553578125 0.4425681484375 0.3939990453125 0.46583094843749995 0.40659972812499995 0.46737811718750005 0.409456040625 0.4441153171875 0.3968553578125 0.4425681484375
0 0.4109958609375 0.4836602359375 0.40980573124999997 0.49335307031250003 0.4204678484375 0.49466221250000003 0.421657978125 0.4849693796875 0.4109958609375 0.4836602359375
0 0.44500543437499995 0.47110985000000005 0.4434582640625 0.48371053281250004 0.45993608124999996 0.48573375468749996 0.46148325 0.47313307031249996 0.44500543437499995 0.47110985000000005
0 0.4361463125 0.49117585625000004 0.43495618125 0.5008686906250001 0.447556865625 0.502415859375 0.4487469953125 0.4927230265625 0.4361463125 0.49117585625000004
0 0.310173834375 0.491450721875 0.3082696265625 0.5069592562499999 0.3218395921875 0.5086254390625 0.3237438015625 0.49311690468749997 0.310173834375 0.491450721875
0 0.3144086265625 0.5170600453125 0.3128614578125 0.5296607296875 0.323523575 0.530969871875 0.32507074375 0.5183691890625 0.3144086265625 0.5170600453125
0 0.275475953125 0.5216267296875 0.274047796875 0.5332581296875001 0.285679196875 0.5346862859375 0.287107353125 0.5230548859375 0.275475953125 0.5216267296875
0 0.254958421875 0.47237241875 0.2534112515625 0.4849731015625 0.2660119359375 0.486520271875 0.2675591046875 0.4739195875 0.254958421875 0.47237241875
0 0.28607059375 0.5475249953125 0.284523425 0.5601256796875 0.295185540625 0.561434821875 0.29673271093750003 0.5488341390625 0.28607059375 0.5475249953125
0 0.3017490578125 0.5440386390625 0.2998448484375 0.559547171875 0.31147625 0.560975328125 0.3133804578125 0.5454667953125 0.3017490578125 0.5440386390625
0 0.344142940625 0.5713816203125 0.34271478437499997 0.5830130203125 0.3524076171875 0.58420315 0.3538357734375 0.57257175 0.344142940625 0.5713816203125
0 0.338249934375 0.5352377828125 0.33682177812499997 0.5468691828125001 0.34942246093749996 0.548416353125 0.3508506171875 0.5367849515625001 0.338249934375 0.5352377828125
0 0.36088393124999996 0.5552350734375 0.3589797234375 0.5707436078125 0.37158040625 0.5722907765625 0.373484615625 0.5567822437500001 0.36088393124999996 0.5552350734375
0 0.3552541 0.50092146875 0.353349890625 0.5164300015625 0.36498129218750003 0.5178581578125 0.36688550000000003 0.502349625 0.3552541 0.50092146875
0 0.299247303125 0.4522291046875 0.2981761859375 0.4609526546875 0.31659256875 0.46321390312500005 0.3176636859375 0.454490353125 0.299247303125 0.4522291046875
0 0.2806609890625 0.45535842187500003 0.2800659234375 0.4602048390625 0.2887894734375 0.46127595625 0.2893845390625 0.45642953906250006 0.2806609890625 0.45535842187500003
0 0.24089584375 0.4947512109375 0.23994373906250002 0.5025054765625 0.2486672890625 0.50357659375 0.24961939375000003 0.49582232812499993 0.24089584375 0.4947512109375
0 0.22166354843749997 0.5071482265625 0.22035440468749998 0.5178103421875 0.233924371875 0.519476525 0.2352335140625 0.5088144078125 0.22166354843749997 0.5071482265625
0 0.19968474218750001 0.5098609984375 0.1981375734375 0.52246168125 0.2087996890625 0.5237708249999999 0.21034685937500003 0.511170140625 0.19968474218750001 0.5098609984375
0 0.16802169218750002 0.5153202796875 0.166117484375 0.5308288125 0.1796874515625 0.5324949953125 0.181591659375 0.5169864609375 0.16802169218750002 0.5153202796875
0 0.160495621875 0.45241072656250003 0.1581153609375 0.47179639375000004 0.1736238953125 0.4737006015625 0.17600415625000002 0.454314934375 0.160495621875 0.45241072656250003
0 0.2163054796875 0.4386014921875 0.214401271875 0.45411002656250005 0.22990980468750002 0.456014234375 0.23181401406250002 0.4405057015625 0.2163054796875 0.4386014921875
0 0.0820744328125 0.3178269828125 0.080170225 0.3333355171875 0.0966480421875 0.3353587375 0.09855225 0.3198502046875 0.0820744328125 0.3178269828125
0 0.071461371875 0.22797319531250002 0.0702712421875 0.23766602812499998 0.0819026421875 0.239094184375 0.0830927734375 0.22940135156250002 0.071461371875 0.22797319531250002
0 0.2227985140625 0.6942278828124999 0.2208943046875 0.709736415625 0.231556421875 0.711045559375 0.23346063125 0.6955370249999999 0.2227985140625 0.6942278828124999
0 0.21030949531249998 0.7438570312499999 0.2090003515625 0.7545191484375 0.21869318437500002 0.755709278125 0.220002328125 0.7450471624999999 0.21030949531249998 0.7438570312499999
0 0.2785071578125 0.7173023328125 0.27660295 0.7328108656250001 0.2921114828125 0.734715075 0.2940156921875 0.719206540625 0.2785071578125 0.7173023328125
0 0.27153444531250004 0.68594540625 0.2699872765625 0.6985460890625 0.2874343765625 0.7006883234375 0.28898154531250003 0.6880876406249999 0.27153444531250004 0.68594540625
0 0.3490280578125 0.7840110921875 0.347956940625 0.79273464375 0.3605576234375 0.7942818125 0.361628740625 0.7855582625 0.3490280578125 0.7840110921875
0 0.3879601125 0.7514032875 0.38534182499999997 0.772727521875 0.39988107500000003 0.7745127171874999 0.40249936249999996 0.7531884828125001 0.3879601125 0.7514032875
0 0.106832184375 0 0.1006293953125 0.05051765625 0.33616524999999997 0.07943782187500001 0.3459189875 0 0.106832184375 0
0 0.358217690625 0 0.325668815625 0.265089321875 0.5844674703125 0.2968658015625 0.6195763140625 0.0109272125 0.5305813109375 0 0.358217690625 0
0 0.6932866578125 0.12377876562500001 0.6917394890625 0.13637945 0.70530945625 0.13804563125 0.706856625 0.1254449484375 0.6932866578125 0.12377876562500001
0 0.7071535375 0.09498061875 0.7056063671875 0.10758130156250001 0.722084184375 0.1096045234375 0.7236313546875001 0.097003840625 0.7071535375 0.09498061875
0 0.7488155421875 0.0922249 0.7472683734375 0.10482558281250001 0.7647154734375 0.1069678171875 0.7662626421875001 0.094367134375 0.7488155421875 0.0922249
0 0.7344812000000001 0.12883682031250002 0.73305304375 0.1404682203125 0.739838028125 0.1413013109375 0.7412661843749999 0.1296699109375 0.7344812000000001 0.12883682031250002
0 0.6760168359375001 0.0641003640625 0.67482670625 0.073793196875 0.68645810625 0.075221353125 0.6876482359375 0.0655285203125 0.6760168359375001 0.0641003640625
0 0.70357155 0.3685559296875 0.70202438125 0.3811566125 0.71656363125 0.3829418078125 0.7181108 0.370341125 0.70357155 0.3685559296875
0 0.72089166875 0.395771928125 0.7191064734375 0.410311178125 0.73461500625 0.41221538750000003 0.7364002015625 0.3976761375 0.72089166875 0.395771928125
0 0.6900703 0.3983828671875 0.6875710265625 0.4187378171875 0.7137416765625 0.42195116875 0.71624095 0.40159621874999996 0.6900703 0.3983828671875
0 0.6388602437500001 0.4107890921875 0.63636096875 0.4311440421875 0.6509002203125 0.43292923749999995 0.6533994937500001 0.4125742875 0.6388602437500001 0.4107890921875
0 0.7112516125 0.47428387968749997 0.70970444375 0.48688456406249997 0.7290901109375 0.48926482499999996 0.7306372796875 0.47666414062499995 0.7112516125 0.47428387968749997
0 0.972627371875 0.1605372328125 0.9704851375000001 0.177984334375 0.9898708046875001 0.18036459375 0.9920130390624999 0.16291749375 0.972627371875 0.1605372328125
0 0.9236110875 0.17911619843749998 0.9221829312500001 0.1907475984375 0.9309064812500001 0.191818715625 0.9323346375 0.180187315625 0.9236110875 0.17911619843749998
0 0.9079743312499999 0.14620351250000002 0.90535604375 0.1675277453125 0.9247417109375 0.16990800625 0.9273599984375 0.1485837734375 0.9079743312499999 0.14620351250000002
0 0.8616192796875 0.16314144218749999 0.8599530984375001 0.17671140937500002 0.8764309140625001 0.17873463125 0.8780970968749999 0.16516466406250002 0.8616192796875 0.16314144218749999
0 0.871558109375 0.138288525 0.8700109390625 0.150889209375 0.88067305625 0.1521983515625 0.8822202265625 0.13959766875 0.871558109375 0.138288525
0 0.8472836984375001 0.1436711203125 0.8459745546875 0.1543332375 0.8546981046875001 0.1554043546875 0.8560072484375001 0.1447422390625 0.8472836984375001 0.1436711203125
0 0.82334241875 0.2184593109375 0.8184628843749999 0.258199928125 0.86304991875 0.2636745265625 0.8679294515624999 0.223933909375 0.82334241875 0.2184593109375
0 0.8614444828125001 0.33284209531250003 0.8600163265624999 0.34447349531250004 0.8794019937499999 0.3468537546875 0.8808301500000001 0.3352223546875 0.8614444828125001 0.33284209531250003
0 0.8771235671875001 0.357396859375 0.8765285015625001 0.3622432765625 0.8823442015625 0.3629573546875 0.8829392671875 0.3581109375 0.8771235671875001 0.357396859375
0 0.8255712640624999 0.6570587859375 0.823191003125 0.676444453125 0.8425766703124999 0.6788247140625 0.8449569312499999 0.659439046875 0.8255712640624999 0.6570587859375
0 0.8109540875000001 0.5918027109375 0.8092879046875 0.6053726765625 0.8160728890625 0.60620576875 0.8177390703125 0.5926358015625001 0.8109540875000001 0.5918027109375
0 0.8108725343750001 0.748724159375 0.8093253656250001 0.7613248421875001 0.8248338984375 0.7632290515625 0.8263810671874999 0.7506283671875 0.8108725343750001 0.748724159375
0 0.7534510375 0.5512897484375 0.7523799203125 0.5600132984374999 0.7601341875000001 0.560965403125 0.7612053046875 0.552241853125 0.7534510375 0.5512897484375
0 0.72519641875 0.5089566140625 0.7236492484375 0.521557296875 0.7323727984375 0.5226284140625 0.73391996875 0.51002773125 0.72519641875 0.5089566140625
0 0.7135675 0.6196929421874999 0.711663290625 0.635201475 0.723294690625 0.63662963125 0.7251989 0.6211210984375 0.7135675 0.6196929421874999
0 0.7237124781250001 0.68931938125 0.7212132046875 0.7096743328125 0.7376910203125 0.7116975531249999 0.7401902953125 0.6913426031250001 0.7237124781250001 0.68931938125
0 0.7330476515625 0.665376240625 0.7315004828125 0.6779769250000001 0.7431318828125 0.67940508125 0.7446790515624999 0.666804396875 0.7330476515625 0.665376240625
0 0.63665239375 0.536948678125 0.63391509375 0.5592421953125 0.6503929109375 0.5612654171875 0.6531302109375 0.5389719000000001 0.63665239375 0.536948678125
0 0.62799684375 0.150690503125 0.6259736234375 0.1671683203125 0.6376050234374999 0.16859647656250001 0.63962824375 0.15211866093749998 0.62799684375 0.150690503125
0 0.5906033703125 0.166760984375 0.588104096875 0.1871159359375 0.6123361796875 0.1900912609375 0.614835453125 0.1697363109375 0.5906033703125 0.166760984375
0 0.647833415625 0.1654248328125 0.6456911812499999 0.1828719328125 0.6582918640625001 0.18441910156250002 0.6604340984375 0.1669720015625 0.647833415625 0.1654248328125
0 0.640853353125 0.18621350781249998 0.6389491453125 0.201722040625 0.6515498281250001 0.2032692109375 0.6534540375 0.1877606765625 0.640853353125 0.18621350781249998
0 0.5678436312499999 0.2279197015625 0.5624880453125 0.27153745156250003 0.5886586953124999 0.274750803125 0.59401428125 0.231133053125 0.5678436312499999 0.2279197015625
0 0.5965405640625 0.2786702640625 0.59451734375 0.29514808124999997 0.6100258765625 0.297052290625 0.6120490984375 0.2805744734375 0.5965405640625 0.2786702640625
0 0.23981675624999998 0.5275792421875 0.238864653125 0.5353335078125 0.2485574859375 0.5365236390625 0.249509590625 0.528769371875 0.23981675624999998 0.5275792421875
0 0.209132821875 0.5931764187499999 0.20770466562499998 0.60480781875 0.2203053484375 0.6063549874999999 0.22173350468750003 0.5947235875 0.209132821875 0.5931764187499999
0 0.184168859375 0.5601023921875 0.1829787296875 0.569795225 0.1955794125 0.5713423953125 0.19676954375 0.5616495609375 0.184168859375 0.5601023921875
0 0.22001454374999999 0.5285914734375 0.21703921875 0.55282355625 0.2325477515625 0.554727765625 0.235523078125 0.53049568125 0.22001454374999999 0.5285914734375
0 0.21728583437500001 0.5548216296875 0.2124063 0.594562246875 0.259901184375 0.6003938859375 0.26478071875000003 0.56065326875 0.21728583437500001 0.5548216296875
0 0.216369328125 0.6344046984375 0.21434610781250002 0.650882515625 0.2521481578125 0.6555240234374999 0.2541713796875 0.63904620625 0.216369328125 0.6344046984375
0 0.2285369078125 0.6595122015625 0.22698973906250003 0.6721128843749999 0.242498271875 0.6740170937500001 0.24404544218750002 0.661416409375 0.2285369078125 0.6595122015625
0 0.111258490625 0.4808015375 0.1076880984375 0.5098800375 0.138705165625 0.5136884546875 0.1422755578125 0.4846099546875 0.111258490625 0.4808015375
0 0.142227646875 0.2405977859375 0.1378241640625 0.2764612703125 0.1552712640625 0.2786035046875 0.159674746875 0.2427400203125 0.142227646875 0.2405977859375
0 0.1184121078125 0.23422996875000002 0.1167459265625 0.2477999359375 0.129346609375 0.2493471046875 0.1310127921875 0.2357771375 0.1184121078125 0.23422996875000002
0 0.09545542968750001 0.23288708749999998 0.0933131953125 0.25033418749999997 0.1049445953125 0.25176234375 0.10708682968750001 0.23431524375 0.09545542968750001 0.23288708749999998
0 0.080073878125 0.2059091140625 0.07781263125 0.2243254984375 0.0904133140625 0.2258726671875 0.0926745625 0.207456284375 0.080073878125 0.2059091140625
0 0.14494714687500002 0.1823898671875 0.1431619515625 0.19692911875000002 0.1577012015625 0.1987143140625 0.159486396875 0.1841750640625 0.14494714687500002 0.1823898671875
0 0.19658171875 0.14248666875 0.194439484375 0.1599337703125 0.20994801718749997 0.161837978125 0.2120902515625 0.144390878125 0.19658171875 0.14248666875
0 0.249840765625 0.125412546875 0.2487696484375 0.134136096875 0.256523915625 0.1350882015625 0.25759503281249996 0.12636465 0.249840765625 0.125412546875
0 0.23651006562500002 0.1778900390625 0.23460585625000002 0.1933985734375 0.25108367343750004 0.19542179531249998 0.2529878828125 0.17991326093749999 0.23651006562500002 0.1778900390625
0 0.212023396875 0.197021121875 0.2108332671875 0.2067139546875 0.2253725171875 0.2084991515625 0.226562646875 0.1988063171875 0.212023396875 0.197021121875
0 0.180445621875 0.21380568125 0.1777083234375 0.2360991984375 0.1912782890625 0.23776538125000002 0.1940155890625 0.21547186406250002 0.180445621875 0.21380568125
0 0.1955290203125 0.2151657421875 0.194457903125 0.22388929218750003 0.2060893046875 0.2253174484375 0.207160421875 0.2165938984375 0.1955290203125 0.2151657421875
0 0.189406578125 0.1848971109375 0.186669278125 0.207190628125 0.1983006796875 0.20861878437499998 0.20103797812500002 0.1863252671875 0.189406578125 0.1848971109375
0 0.185741703125 0.170672571875 0.1841945328125 0.18327325625 0.19679521718749998 0.184820425 0.1983423859375 0.1722197421875 0.185741703125 0.170672571875
0 0.28590915781250004 0.16821314375000002 0.28543310625 0.172090278125 0.2951259390625 0.1732804078125 0.2956019921875 0.16940327500000002 0.28590915781250004 0.16821314375000002
0 0.2718398515625 0.27077866093749997 0.269459590625 0.2901643265625 0.2927223921875 0.293020640625 0.29510265156250004 0.2736349734375 0.2718398515625 0.27077866093749997
0 0.26131330625000004 0.24833239218749997 0.25821896718750004 0.273533759375 0.28148176875 0.276390071875 0.2845761078125 0.2511887046875 0.26131330625000004 0.24833239218749997
0 0.2815253359375 0.3241143921875 0.28021619375 0.33477650937500003 0.28893974375 0.3358476265625 0.2902488859375 0.325185509375 0.2815253359375 0.3241143921875
0 0.29754427968749997 0.33788802812499996 0.2958780984375 0.35145799375000003 0.3046016484375 0.35252911249999996 0.30626783125 0.3389591453125 0.29754427968749997 0.33788802812499996
0 0.27207115000000004 0.3490268171875 0.270166940625 0.36453535000000004 0.28179834062500003 0.36596350625 0.28370255 0.3504549734375 0.27207115000000004 0.3490268171875
0 0.25692824375 0.3481513984375 0.254786009375 0.3655984984375 0.263509559375 0.366669615625 0.2656517953125 0.349222515625 0.25692824375 0.3481513984375
0 0.7470408921875 0.5834632078124999 0.745136684375 0.5989717421874999 0.7683994843749999 0.6018280546875 0.7703036937500001 0.5863195218749999 0.7470408921875 0.5834632078124999
0 0.885649653125 0.6565643140625 0.884459521875 0.666257146875 0.8980294890625 0.6679233296875 0.8992196203124999 0.658230496875 0.885649653125 0.6565643140625
0 0.866338809375 0.5774493281249999 0.8651486796875 0.5871421625 0.8777493640625 0.58868933125 0.8789394937499999 0.5789964984375 0.866338809375 0.5774493281249999
0 0.86610999375 0.6113656562500001 0.8646818375 0.62299705625 0.8734053875000001 0.6240681734375 0.87483354375 0.6124367734375 0.86610999375 0.6113656562500001
0 0.96049796875 0.7080620734374999 0.9589508 0.72066275625 0.975428615625 0.722685978125 0.9769757859375 0.7100852953125 0.96049796875 0.7080620734374999
0 0.5286202484375 0.5433619249999999 0.526954065625 0.5569318921875 0.5463397328124999 0.5593121531249999 0.548005915625 0.5457421859375 0.5286202484375 0.5433619249999999
0 0.5424393125 0.659190665625 0.5400590515625 0.6785763328125001 0.5545983015625 0.680361528125 0.5569785625 0.6609758609374999 0.5424393125 0.659190665625
0 0.5314158140624999 0.464501525 0.5301066703124999 0.47516364062500005 0.542707353125 0.4767108109375 0.5440164968750001 0.46604869375 0.5314158140624999 0.464501525
0 0.076752584375 0.34915017187499997 0.075324428125 0.360781571875 0.0888943953125 0.3624477546875 0.09032255156249999 0.3508163546875 0.076752584375 0.34915017187499997
0 0.0828977890625 0.6396621734375 0.08170765937499999 0.64935500625 0.09721619375 0.651259215625 0.0984063234375 0.64156638125 0.0828977890625 0.6396621734375
0 0.034578404687499995 0.6445521578125 0.0333882734375 0.6542449921875 0.045019673437500005 0.6556731484375 0.0462098046875 0.6459803140625 0.034578404687499995 0.6445521578125
0 0.003604284375 0.6604269406250001 0.000747971875 0.683689740625 0.02498005625 0.6866650671875 0.02783636875 0.6634022671875 0.003604284375 0.6604269406250001
0 0 0.5724176187500001 0.011288593750000001 0.5738036828124999 0.01414490625 0.5505408828125 0.000574940625 0.5488747 0 0.5535572140625 0 0.5724176187500001
0 0.3523486359375 0.2240898578125 0.3473500890625 0.2647997578125 0.39193712187499996 0.27027435781250003 0.3969356703125 0.2295644578125 0.3523486359375 0.2240898578125
0 0.42037636875000006 0.2029257234375 0.41264052187500005 0.26592914218749997 0.5124767078125 0.27818748437499996 0.5202125546875 0.215184065625 0.42037636875000006 0.2029257234375
0 0.5431342546875 0.172739265625 0.5383737328125 0.2115106 0.5752065 0.21603309531249998 0.579967021875 0.17726176093749998 0.5431342546875 0.172739265625
0 0.6661252984375 0.3049243296875 0.664578128125 0.3175250125 0.6781480953125001 0.3191911953125 0.679695265625 0.3065905109375 0.6661252984375 0.3049243296875
0 0.661448190625 0.270897578125 0.659901021875 0.28349826093749997 0.6754095546875 0.2854024703125 0.6769567249999999 0.2728017859375 0.661448190625 0.270897578125
0 0.6808761859375 0.26491991718749996 0.6786149375 0.2833363 0.6950927546875 0.285359521875 0.6973540015624999 0.2669431390625 0.6808761859375 0.26491991718749996
0 0.9415833906250001 0.47747571093749996 0.9395601687499999 0.49395352656249997 0.9531301359375 0.495619709375 0.9551533578125 0.4791418921875 0.9415833906250001 0.47747571093749996
0 0.8978055406250001 0.5375295703125 0.8959013312499999 0.5530381046875 0.9094712984375001 0.5547042875 0.9113755078124999 0.539195753125 0.8978055406250001 0.5375295703125
0 0.8819902640624999 0.5060708093749999 0.8803240812500001 0.5196407765625 0.892924765625 0.521187946875 0.8945909484375001 0.5076179796875 0.8819902640624999 0.5060708093749999
0 0.8595949140625001 0.5121760734375 0.85792873125 0.525746040625 0.8705294140625 0.527293209375 0.872195596875 0.5137232421875 0.8595949140625001 0.5121760734375
0 0.8301078359374999 0.4878936921875 0.8273705375 0.510187209375 0.8428790703125 0.5120914187500001 0.8456163703125 0.4897979015625 0.8301078359374999 0.4878936921875
0 0.8303360328125 0.42593624375 0.82866985 0.4395062109375 0.8383626828124999 0.440696340625 0.840028865625 0.427126375 0.8303360328125 0.42593624375
0 0.59985770625 0.7164194703125 0.597715471875 0.7338665703125 0.6093468718749999 0.7352947265625 0.61148910625 0.7178476265625 0.59985770625 0.7164194703125
0 0.5422871812500001 0.70049563125 0.5405019859375 0.71503488125 0.55601051875 0.716939090625 0.557795715625 0.7023998390624999 0.5422871812500001 0.70049563125
0 0.6033151921875 0.5800824078125 0.6009349328125 0.599468075 0.616443465625 0.601372284375 0.6188237265625001 0.5819866171875 0.6033151921875 0.5800824078125
0 0.5720183921875 0.6146116 0.56797195 0.6475672343750001 0.584449765625 0.64959045625 0.5884962093749999 0.616634821875 0.5720183921875 0.6146116
0 0.5502855828125 0.591281325 0.5476672953125 0.6126055578125 0.5670529625 0.6149858187499999 0.5696712500000001 0.593661584375 0.5502855828125 0.591281325
0 0.5014557859375001 0.5843018828125001 0.49871848593749996 0.6065954 0.5171348703125 0.608856646875 0.5198721703125 0.5865631312499999 0.5014557859375001 0.5843018828125001
0 0.47461400468750004 0.60658743125 0.472828809375 0.62112668125 0.4951223265625 0.62386398125 0.496907521875 0.60932473125 0.47461400468750004 0.60658743125
0 0.4644788578125 0.596979871875 0.46316971406249996 0.6076419890625 0.47286254687499996 0.6088321203125 0.474171690625 0.598170003125 0.4644788578125 0.596979871875
0 0.34392758125 0.4449245015625 0.340595215625 0.472064434375 0.36967371718750003 0.4756348265625 0.37300608125 0.44849489218749994 0.34392758125 0.4449245015625
0 0.19036054375 0.2612662078125 0.1878612703125 0.28162115781249997 0.21403192031249998 0.284834509375 0.21653119375 0.264479559375 0.19036054375 0.2612662078125
0 0.197613609375 0.282326646875 0.194757296875 0.305589446875 0.21608153125000001 0.3082077328125 0.21893784374999997 0.2849449328125 0.197613609375 0.282326646875
0 0.20111714531249997 0.3058783890625 0.1983798453125 0.32817190625000003 0.221642646875 0.3310282203125 0.22437994687499999 0.308734703125 0.20111714531249997 0.3058783890625
0 0.46515485468750006 0.40717088593749995 0.4637266984375 0.41880228593749996 0.4792352328125 0.42070649531250004 0.4806633890625 0.40907509375 0.46515485468750006 0.40717088593749995
0 0.4542369125 0.37188590781249997 0.45054750937500004 0.4019336921875 0.49998095937500003 0.40800335624999995 0.5036703640625 0.3779555734375 0.4542369125 0.37188590781249997
0 0.5117135734375 0.372547828125 0.5099283781249999 0.3870870796875 0.5225290609375 0.3886342484375 0.5243142578125 0.3740949984375 0.5117135734375 0.372547828125
0 0.50117781875 0.3181238 0.499273609375 0.33363233281250004 0.5186592765625 0.33601259375 0.5205634859375 0.3205040609375 0.50117781875 0.3181238
0 0.5155888453124999 0.2889005171875 0.510352271875 0.331548984375 0.5859563734375001 0.34083200156250004 0.591192946875 0.298183534375 0.5155888453124999 0.2889005171875
0 0.54680958125 0.2750238078125 0.5451433984375 0.288593775 0.5577440828125 0.2901409453125 0.5594102640624999 0.276570978125 0.54680958125 0.2750238078125
0 0.5716478015625001 0.3892538421875 0.566649253125 0.42996374218750005 0.6063898703125 0.4348432765625 0.61138841875 0.3941333765625 0.5716478015625001 0.3892538421875
0 0.546157490625 0.3925193515625 0.539254734375 0.4487377859375 0.576087503125 0.45326028125000006 0.5829902578125 0.397041846875 0.546157490625 0.3925193515625
0 0.530461228125 0.36009130625 0.5265337984375 0.3920776578125 0.563366565625 0.39660015312499997 0.5672939953125 0.3646138015625 0.530461228125 0.36009130625
0 0.5151404234375 0.38871093437500004 0.5118080593750001 0.41585086875000005 0.552517959375 0.42084941562499995 0.555850325 0.39370948125 0.5151404234375 0.38871093437500004
0 0.501791303125 0.3772329046875 0.500363146875 0.3888643046875 0.511994546875 0.3902924625 0.513422703125 0.37866106093749996 0.501791303125 0.3772329046875
0 0.8814982734375001 0.55815690625 0.8791180125 0.5775425734375 0.8965651140625001 0.5796848078125 0.8989453734374999 0.560299140625 0.8814982734375001 0.55815690625
0 0.9698189703125 0.42781220312499996 0.9687478531249999 0.436535753125 0.9823178203125 0.438201934375 0.9833889375 0.429478384375 0.9698189703125 0.42781220312499996
0 0.9792645671875 0.3989631390625 0.9778364109375 0.4105945390625 0.9904370953124999 0.4121417078125 0.9918652515625 0.40051030781249997 0.9792645671875 0.3989631390625
0 0.9510614859375 0.3802498421875 0.9473720812499999 0.4102976265625 0.9793584328125 0.41422505625 0.9830478359375 0.384177271875 0.9510614859375 0.3802498421875
0 0.945227365625 0.31558024218749997 0.9434421703125 0.33011949218750003 0.9589507046874999 0.3320237015625 0.9607359000000001 0.3174844515625 0.945227365625 0.31558024218749997
0 0.918503978125 0.3088553859375 0.9169568078125 0.32145606875 0.9295574921875 0.3230032390625 0.9311046609375 0.3104025546875 0.918503978125 0.3088553859375
0 0.904408903125 0.39961098125 0.9038138375000001 0.4044573984375 0.9125373874999999 0.40552851562500003 0.913132453125 0.40068209843749997 0.904408903125 0.39961098125
0 0.8934995499999999 0.36826264375 0.8915953406250001 0.383771178125 0.9041960250000001 0.385318346875 0.9061002328125 0.3698098140625 0.8934995499999999 0.36826264375
0 0.8965343828125001 0.34354591874999996 0.8951062249999999 0.35517731874999997 0.9038297765625 0.3562484359375 0.9052579328125001 0.3446170359375 0.8965343828125001 0.34354591874999996
0 0.8692846453125 0.3731605984375 0.8676184625 0.386730565625 0.8773112968750001 0.3879206953125 0.8789774781249999 0.374350728125 0.8692846453125 0.3731605984375
0 0.8523320171875 0.43109675156250005 0.8512609 0.43982030156249996 0.861923015625 0.4411294453125 0.8629941343749999 0.4324058953125 0.8523320171875 0.43109675156250005
0 0.9564134453124999 0.5570244203125 0.9551043015625 0.5676865375 0.9677049859375 0.5692337078125 0.9690141296875 0.558571590625 0.9564134453124999 0.5570244203125
0 0.9680104875 0.5427060171875 0.9667013437499999 0.553368134375 0.9773634609374999 0.554677278125 0.9786726046875 0.5440151609375 0.9680104875 0.5427060171875
0 0.9652038515625 0.50546529375 0.9641327343749999 0.51418884375 0.9738255671875 0.515378975 0.9748966843750001 0.506655425 0.9652038515625 0.50546529375
0 0.9668528546875 0.484022046875 0.9656627234374999 0.49371488125 0.9753555578125 0.49490501093750006 0.9765456875 0.485212178125 0.9668528546875 0.484022046875
0 0.887646484375 0.60023545625 0.8864563546875001 0.6099282890625 0.8990570390625001 0.611475459375 0.90024716875 0.601782625 0.887646484375 0.60023545625
0 0.898019659375 0.6079044484375 0.8942112421875 0.638921515625 0.9203818921875 0.6421348671875 0.924190309375 0.6111177999999999 0.898019659375 0.6079044484375
0 0.6841846421875 0.3100934265625 0.6813283296875 0.33335622656249997 0.709437546875 0.33680760468750004 0.712293859375 0.3135448046875 0.6841846421875 0.3100934265625
0 0.806374471875 0.3526455484375 0.8051843406250001 0.36233838125 0.817785025 0.3638855515625 0.8189751546874999 0.3541927171875 0.806374471875 0.3526455484375
0 0.7691588968749999 0.3392209828125 0.767730740625 0.3508523828125 0.7774235734375 0.3520425140625 0.7788517296874999 0.3404111140625 0.7691588968749999 0.3392209828125
0 0.766465165625 0.40923882031250003 0.7647989828124999 0.4228087875 0.780307515625 0.424712996875 0.7819736984375 0.41114302968749994 0.766465165625 0.40923882031250003
0 0.7647977421875 0.36672654531250004 0.763250571875 0.3793272296875 0.7710048390625001 0.3802793328125 0.772552009375 0.36767865 0.7647977421875 0.36672654531250004
0 0.765246784375 0.29495725 0.763818628125 0.30658865 0.7793271625 0.308492859375 0.78075531875 0.29686145937499997 0.765246784375 0.29495725
0 0.7474260859374999 0.31589070625 0.742903590625 0.352723475 0.7651971078125 0.35546077343750004 0.769719603125 0.31862800625 0.7474260859374999 0.31589070625
0 0.7452721609374999 0.1891955625 0.7389644703125 0.24056757968750003 0.8048757375 0.248660465625 0.8111834281249999 0.19728844843749999 0.7452721609374999 0.1891955625
0 0.7818006671875 0.2763279890625 0.7806105359375 0.286020821875 0.7893340859375 0.2870919390625 0.7905242171875 0.27739910624999997 0.7818006671875 0.2763279890625
0 0.781707421875 0.28910719218750003 0.7799222265625 0.3036464421875 0.7925229109374999 0.3051936109375 0.79430810625 0.29065436093749997 0.781707421875 0.28910719218750003
0 0.7972073671875 0.2870747609375 0.79613625 0.29579831093750003 0.815521915625 0.29817857187499996 0.8165930328125001 0.28945502031250003 0.7972073671875 0.2870747609375
0 0.8024365906250001 0.2965718953125 0.8000563296875001 0.3159575625 0.8116877312499999 0.31738571875 0.814067990625 0.2980000515625 0.8024365906250001 0.2965718953125
0 0.81376186875 0.2964866203125 0.8117386468750001 0.31296443749999997 0.8311243140625001 0.3153446984375 0.8331475359375 0.29886688125 0.81376186875 0.2964866203125
0 0.8167298453124999 0.3244001390625 0.8157777421875 0.3321544046875 0.8274091421875 0.3335825625 0.828361246875 0.3258282953125 0.8167298453124999 0.3244001390625
0 1 0.4516878421875 0.9843416609375 0.44976523906250004 0.9821994265624999 0.4672123390625 0.9986772437500001 0.4692355609375 1 0.458462575 1 0.4516878421875
0 1 0.43102601875 0.9950798437499999 0.43042189999999997 0.993056621875 0.44689971718750005 1 0.44775225625 1 0.43102601875
0 0.9652498046875 0.27671504375 0.963464609375 0.29125429375 0.9818809937499999 0.29351554062499996 0.9836661890625 0.278976290625 0.9652498046875 0.27671504375
0 0.9487198296875 0.22303086093750002 0.9462205562499999 0.2433858125 0.958821240625 0.24493298125 0.9613205140625001 0.22457803125 0.9487198296875 0.22303086093750002
0 0.9141998484375 0.223711821875 0.9121766265625 0.24018963906250002 0.927685159375 0.24209384687500002 0.92970838125 0.22561603125000002 0.9141998484375 0.223711821875
0 0.900613321875 0.24221348125 0.8972809578125001 0.2693534140625 0.912789490625 0.27125762343750004 0.91612185625 0.2441176890625 0.900613321875 0.24221348125
0 0.9185880125000001 0.264098421875 0.9176359078124999 0.27185268906250004 0.9263594578125 0.27292380625 0.9273115625000001 0.2651695390625 0.9185880125000001 0.264098421875
0 0.9005716156249999 0.2786125234375 0.8968822109374999 0.3086603078125 0.9230528625 0.311873659375 0.926742265625 0.281825875 0.9005716156249999 0.2786125234375
0 0.908169409375 0.12458174531249999 0.9066222390625001 0.1371824296875 0.91728435625 0.13849157343750002 0.9188315265625 0.1258908890625 0.908169409375 0.12458174531249999
0 0.8869899562500001 0.13280409531249998 0.884847721875 0.1502511953125 0.8935712718750001 0.1513223125 0.8957135078125 0.1338752125 0.8869899562500001 0.13280409531249998
0 0.8298783046875 0.10512984375000001 0.8278550828125001 0.1216076609375 0.8453021828124999 0.1237498953125 0.8473254046875001 0.10727207812499999 0.8298783046875 0.10512984375000001
0 0.8456586015625 0.0928009234375 0.8437543937499999 0.10830945781250001 0.8631400609375 0.11068971875 0.86504426875 0.095181184375 0.8456586015625 0.0928009234375
0 0.8992158015625 0.10134471406250001 0.8970735671875 0.11879181406249999 0.9232442171875 0.122005165625 0.925386453125 0.104558065625 0.8992158015625 0.10134471406250001
0 0.7697208437499999 0.3747102484375 0.7657934140625 0.40669659999999996 0.800687615625 0.41098106874999996 0.8046150453124999 0.37899471875 0.7697208437499999 0.3747102484375
0 0 0.5374892984375 0.05573881562500001 0.544333165625 0.0714485359375 0.4163877625 0.007475834375 0.40853290312499996 0 0.46941868593749997 0 0.5374892984375
0 0.042583532812500005 0.45515112812499997 0.039370181250000004 0.481321778125 0.06263298125 0.48417809062500006 0.06584633437500001 0.458007440625 0.042583532812500005 0.45515112812499997
0 0.0606140078125 0.3083047 0.0585907859375 0.3247825171875 0.0731300359375 0.3265677125 0.0751532578125 0.31008989531250003 0.0606140078125 0.3083047
0 0.0510309765625 0.274167525 0.0474605859375 0.30324602500000003 0.0823547875 0.3075304953125 0.085925178125 0.27845199374999996 0.0510309765625 0.274167525
0 0.921969003125 0.8976508328125 0.9193507171874999 0.9189750671875 0.9455213671875 0.92218841875 0.948139653125 0.900864184375 0.921969003125 0.8976508328125
0 0.9358279125 0.8929571671875 0.9552135796875 0.895337428125 0.9566417359375 0.883706028125 0.9372560703125 0.8813257671875 0.9358279125 0.8929571671875
0 0.86461135625 0.8960196296875 0.8627071468749999 0.9115281625 0.8820928140625 0.9139084234375 0.8839970218750001 0.8983998906249999 0.86461135625 0.8960196296875
0 0.8868459859375 0.9272826921874999 0.8857748687500001 0.9360062421875 0.8964369859374999 0.9373153859375 0.897508103125 0.9285918343749999 0.8868459859375 0.9272826921874999
0 0.8683081078124999 0.81382624375 0.8639046265625 0.8496897265625 0.8794131593750001 0.8515939359375 0.8838166421875 0.8157304515625 0.8683081078124999 0.81382624375
0 0.8848202828125 0.831596025 0.8832731140625001 0.8441967078125 0.9007202140624999 0.8463389421875 0.9022673843750001 0.833738259375 0.8848202828125 0.831596025
0 0.8489396203125 0.8193192625 0.8477494906249999 0.8290120953125 0.8603501734375 0.830559265625 0.8615403046875001 0.82086643125 0.8489396203125 0.8193192625
0 0.7436803734375 0.87526779375 0.7417761640625 0.8907763281250001 0.75825398125 0.8927995484375 0.760158190625 0.8772910156249999 0.7436803734375 0.87526779375
0 0.760530546875 0.79813308125 0.758983378125 0.810733765625 0.7667376453125 0.8116858703125001 0.7682848140625 0.7990851859375 0.760530546875 0.79813308125
0 0.75245111875 0.703670903125 0.7513800015625 0.712394453125 0.7659192515625 0.7141796484375 0.7669903687499999 0.7054560984375 0.75245111875 0.703670903125
0 0.780735228125 0.9260606843750001 0.7783549671875 0.9454463515624999 0.8025870515625 0.948421678125 0.8049673125 0.9290360109375 0.780735228125 0.9260606843750001
0 0.8709387062499999 0.9646853765625 0.8690344984375 0.9801939093750001 0.8748501984375 0.9809079875 0.8767544062500001 0.9653994546875 0.8709387062499999 0.9646853765625
0 0.68779196875 0.7975650265625001 0.6852926953125 0.8179199765625 0.700801228125 0.819824184375 0.7033005015625 0.799469234375 0.68779196875 0.7975650265625001
0 0.619221946875 0.9032776578125 0.6176747781249999 0.9158783421875001 0.6302754625 0.9174255109375 0.63182263125 0.904824828125 0.619221946875 0.9032776578125
0 0.6348950343750001 1 0.6351151500000001 0.9982073 0.6196066171875 0.9963030921874999 0.61915269375 1 0.6348950343750001 1
0 0.6727750421875001 1 0.6736226890625 0.9930964687499999 0.6522984562499999 0.99047818125 0.6511293234375 1 0.6727750421875001 1
0 0.6916390859375 0.9785823656250001 0.69056796875 0.9873059156249999 0.69638366875 0.9880199953125001 0.6974547859375 0.97929644375 0.6916390859375 0.9785823656250001
0 0.6784764546875001 0.94154593125 0.673953959375 0.9783786984375 0.6943089109375 0.9808779718749999 0.6988314046874999 0.9440452046875001 0.6784764546875001 0.94154593125
0 0.6504261234375 0.909568790625 0.64923599375 0.9192616234375001 0.65795954375 0.920332740625 0.6591496734375 0.9106399078124999 0.6504261234375 0.909568790625
0 0.57659986875 0.9378921265625 0.5754097390624999 0.9475849593750001 0.58607185625 0.948894103125 0.5872619859375 0.93920126875 0.57659986875 0.9378921265625
0 0.5250070046875 0.94139628125 0.5234598359375 0.9539969656249999 0.53896836875 0.9559011734375 0.5405155374999999 0.943300490625 0.5250070046875 0.94139628125
0 0.49501075781250004 0.9613267171875 0.4922734578125 0.9836202343749999 0.521351959375 0.987190625 0.5240892578125 0.9648971078124999 0.49501075781250004 0.9613267171875
0 0.5761115046875 0.7695858921875 0.5750403875 0.7783094421875 0.587641071875 0.7798566124999999 0.5887121890625 0.7711330625 0.5761115046875 0.7695858921875
0 0.547272271875 0.820159178125 0.5457251015625 0.8327598609375 0.560264353125 0.83454505625 0.5618115218749999 0.8219443734375 0.547272271875 0.820159178125
0 0.5207544125 0.8798725578125 0.5192072421875 0.892473240625 0.5289000765625 0.893663371875 0.5304472453125 0.8810626875 0.5207544125 0.8798725578125
0 0.4545720015625 0.9140539203125 0.452310753125 0.9324703046874999 0.475573553125 0.9353266171874999 0.4778348015625 0.916910234375 0.4545720015625 0.9140539203125
0 0.43067605468750003 0.7320507390625 0.428771846875 0.7475592718749999 0.44137252968749996 0.7491064421875 0.4432767390625 0.7335979078125 0.43067605468750003 0.7320507390625
0 0.4817591296875 0.744718278125 0.480807025 0.75247254375 0.495346275 0.7542577390625 0.4962983796875 0.7465034734375 0.4817591296875 0.744718278125
0 0.4533106734375 0.78008915 0.45140646406249996 0.795597684375 0.47951568125 0.7990490625 0.48141989062499996 0.783540528125 0.4533106734375 0.78008915
0 0.6035508328125 0.8546184125 0.601646625 0.870126946875 0.615216590625 0.871793128125 0.6171208 0.8562845953125 0.6035508328125 0.8546184125
0 0.568742528125 0.8897003421875 0.5663622671875 0.9090860093750001 0.5983486171875 0.9130134390625001 0.600728878125 0.8936277734375 0.568742528125 0.8897003421875
0 0.5556913812500001 1 0.5572068531250001 0.9876574671875 0.531036203125 0.9844441156249999 0.52912618125 1 0.5556913812500001 1
0 0.40281531406250004 0.8147207968749999 0.401625184375 0.82441363125 0.413256584375 0.8258417874999999 0.4144467140625 0.816148953125 0.40281531406250004 0.8147207968749999
0 0.4490096453125 0.8351511921875 0.447462475 0.8477518765625 0.46587885937499995 0.8500131234375001 0.46742602812499995 0.8374124406250001 0.4490096453125 0.8351511921875
0 0.4390536375 0.8521308296875001 0.436197325 0.87539363125 0.459460125 0.87824994375 0.4623164375 0.8549871437500001 0.4390536375 0.8521308296875001
0 0.3189054484375 0.8570564140625001 0.317001240625 0.8725649484375 0.338325475 0.8751832343749999 0.3402296828125 0.8596747015625 0.3189054484375 0.8570564140625001
0 0.297769565625 0.9130030843749999 0.2962223953125 0.9256037687499999 0.31076164687499996 0.9273889640625 0.312308815625 0.9147882796875001 0.297769565625 0.9130030843749999
0 0.285518571875 0.9606936671874999 0.2836143640625 0.9762022015625 0.313662146875 0.9798916046875 0.31556635625 0.9643830718749999 0.285518571875 0.9606936671874999
0 0.1977898390625 0.9459863484375 0.195290565625 0.9663412984375 0.22146121562499999 0.9695546500000001 0.2239604890625 0.9491997 0.1977898390625 0.9459863484375
0 0.1741773484375 0.8938922828125 0.172511165625 0.90746225 0.18801969999999998 0.909366459375 0.1896858828125 0.8957964921875 0.1741773484375 0.8938922828125
0 0.10689557031250001 0.8128227921875 0.10499136093749999 0.8283313265625001 0.11953061093749999 0.8301165218750001 0.1214348203125 0.8146079875 0.10689557031250001 0.8128227921875
0 0.10374907343749999 0.7863631984375 0.10160683906250001 0.8038102984375 0.11420752187500001 0.8053574687499999 0.11634975624999999 0.78791036875 0.10374907343749999 0.7863631984375
0 0.11849137031250001 0.742422146875 0.117301240625 0.7521149796875 0.1299019234375 0.75366215 0.13109205468750001 0.743969315625 0.11849137031250001 0.742422146875
0 0.085152309375 0.7014325125 0.0833671140625 0.7159717624999999 0.09693707968750001 0.7176379453124999 0.0987222765625 0.7030986953125 0.085152309375 0.7014325125
0 0.0697812078125 0.7625145437499999 0.0669248953125 0.78577734375 0.08534127968750001 0.788038590625 0.08819759218749999 0.764775790625 0.0697812078125 0.7625145437499999
0 0.040685528124999995 0.751070871875 0.0387813203125 0.76657940625 0.06204412031249999 0.7694357187499999 0.063948328125 0.753927184375 0.040685528124999995 0.751070871875
0 0.0337821515625 0.7792481859375 0.032592021875 0.78894101875 0.04519270625 0.7904881890625 0.0463828359375 0.7807953546874999 0.0337821515625 0.7792481859375
0 0.0128069890625 0.7978265296875 0.011259818750000001 0.8104272140625 0.0248297859375 0.812093396875 0.0263769546875 0.7994927125 0.0128069890625 0.7978265296875
0 0.268068990625 0.8463869484375 0.26402254687500004 0.8793425828125001 0.28922391406250003 0.882436921875 0.2932703578125 0.8494812875 0.268068990625 0.8463869484375
0 0.2589552828125 0.8885593640625 0.2575271265625 0.9001907640625 0.2691585265625 0.9016189203125 0.270586684375 0.8899875203125 0.2589552828125 0.8885593640625
0 0.20595755 0.8033403546875 0.20369630156250002 0.8217567390625 0.22598981875000002 0.8244940390625001 0.2282510671875 0.8060776546874999 0.20595755 0.8033403546875
0 0.200151059375 0.8346040374999999 0.19943698125 0.8404197375000001 0.20912981562500002 0.84160986875 0.20984389375 0.83579416875 0.200151059375 0.8346040374999999
0 0.18168127812499998 0.7245995875 0.1810862125 0.7294460046875 0.18787119531250002 0.7302790953125 0.18846626093750002 0.725432678125 0.18168127812499998 0.7245995875
0 0.13694884062499998 0.68024323125 0.13540167187500002 0.6928439140625 0.14412522187500001 0.69391503125 0.1456723921875 0.6813143484374999 0.13694884062499998 0.68024323125
0 0.18620563437499998 0.7718901828125 0.18549155625 0.777705884375 0.193245821875 0.7786579875 0.19395990000000002 0.7728422875 0.18620563437499998 0.7718901828125
0 0.1478428765625 0.7878416515625 0.1464147203125 0.7994730515625 0.1570768359375 0.8007821953125 0.1585049921875 0.7891507953125 0.1478428765625 0.7878416515625
0 0.14524849687500002 0.7368524421875 0.14334428906250002 0.752360975 0.16272995625 0.7547412359375001 0.1646341640625 0.739232703125 0.14524849687500002 0.7368524421875
0 0.163214596875 0.7548007421875 0.160358284375 0.77806354375 0.18168251875000002 0.7806818296875 0.18453883124999998 0.7574190296875 0.163214596875 0.7548007421875
0 0.17872985937500002 0.6765182281250001 0.17682565156250002 0.6920267609375 0.1933034671875 0.6940499828125 0.1952076765625 0.67854145 0.17872985937500002 0.6765182281250001
0 0.048219568750000004 0.78987594375 0.0459583203125 0.8082923281250001 0.054681871874999996 0.8093634453125 0.05694311875 0.7909470609375 0.048219568750000004 0.78987594375
0 0 0.7746083109375 0.007186367187499999 0.7754906859374999 0.009090575 0.7599821515625 0 0.7588659703125 0 0.7746083109375
0 0 0.6471937375000001 0.0061207375 0.6479452703125 0.0106432328125 0.611112503125 0 0.6098056781250001 0 0.6471937375000001
0 0.0986081296875 0.5397578921874999 0.096703921875 0.555266425 0.10639675468750001 0.55645655625 0.1083009640625 0.540948021875 0.0986081296875 0.5397578921874999
0 0.06846648125 0.5208065703125 0.06537214218750001 0.5460079375 0.0837885265625 0.5482691843749999 0.086882865625 0.5230678171875 0.06846648125 0.5208065703125
0 0.08628904062500001 0.5839964765625 0.0831947015625 0.60919784375 0.103549653125 0.6116971171875 0.106643990625 0.58649575 0.08628904062500001 0.5839964765625
0 0.34102965625000004 0.8932254000000001 0.335912096875 0.934904584375 0.3756527140625 0.9397841187499999 0.3807702734375 0.8981049343749999 0.34102965625000004 0.8932254000000001
0 0.37863600937499997 0.891447553125 0.3741135140625 0.9282803203125001 0.40803843124999994 0.9324457765625 0.4125609265625 0.895613009375 0.37863600937499997 0.891447553125
0 0.335207228125 0.9726980453125 0.333898084375 0.9833601625 0.3503759015625 0.9853833828124999 0.3516850453125 0.9747212671875 0.335207228125 0.9726980453125
0 0.437704646875 0.983315353125 0.436157478125 0.9959160375 0.4487581625 0.99746320625 0.45030533124999994 0.984862521875 0.437704646875 0.983315353125
0 0.380159890625 0.979201434375 0.3790887734375 0.987924984375 0.3878123234375 0.9889961015625 0.388883440625 0.9802725515624999 0.380159890625 0.979201434375
0 0.5275044171875 0.8369179687500001 0.5264333 0.8456415187499999 0.53515685 0.8467126359374999 0.5362279671875 0.8379890859374999 0.5275044171875 0.8369179687500001
0 0.5208132984375 0.8513467953125 0.518314025 0.8717017453125001 0.529945425 0.8731299015625 0.5324446984375 0.8527749515625 0.5208132984375 0.8513467953125
0 0.7116093671875 0.8880562062499999 0.709824171875 0.9025954578125001 0.7292098390625 0.9049757171874999 0.730995034375 0.8904364671874999 0.7116093671875 0.8880562062499999
0 0.67322943125 0.8961343953125 0.6673977921875001 0.9436292796875 0.7323397765624999 0.951603153125 0.738171415625 0.9041082687499999 0.67322943125 0.8961343953125
0 0.63615066875 0.9176549484375001 0.631271134375 0.957395565625 0.6681039015625 0.9619180609375 0.6729834359375 0.9221774437500001 0.63615066875 0.9176549484375001
0 0.6309864375 0.77140420625 0.624678746875 0.8227762234375 0.6498801140625 0.8258705624999999 0.6561878046875 0.7744985453125001 0.6309864375 0.77140420625
0 0.625112471875 0.8272570109374999 0.6239223421875 0.8369498453125 0.643308009375 0.83933010625 0.6444981390625 0.829637271875 0.625112471875 0.8272570109374999
0 0.6059053249999999 0.8234228265624999 0.6043581546875 0.8360235093749999 0.6198666890625 0.8379277171874999 0.6214138578124999 0.825327034375 0.6059053249999999 0.8234228265624999
0 0.5991970265625 0.8299783734374999 0.5976498578125 0.84257905625 0.607342690625 0.8437691859375 0.6088898609375 0.831168503125 0.5991970265625 0.8299783734374999
0 0.5901569046875 0.7393338203125001 0.58789565625 0.7577502046875 0.61406630625 0.76096355625 0.6163275546875 0.742547171875 0.5901569046875 0.7393338203125001
0 0.6225168531249999 0.7201855593750001 0.6188274484375 0.75023334375 0.6430595328125001 0.7532086687499999 0.6467489359374999 0.723160884375 0.6225168531249999 0.7201855593750001
0 0.5971296171875 0.7706907484375 0.5955824468750001 0.78329143125 0.6169066812499999 0.7859097187499999 0.6184538500000001 0.773309034375 0.5971296171875 0.7706907484375
0 0.5410467546875 0.7426508671875001 0.5370003109375 0.7756065015625 0.5496009953125001 0.7771536703125 0.5536474375 0.7441980375 0.5410467546875 0.7426508671875001
0 0.373415278125 0.497248003125 0.34794648906250003 0.7046746390624999 0.47976902499999996 0.7208604125 0.5052378140625 0.513433775 0.373415278125 0.497248003125
0 0.07554775625 0.46313421093749996 0.07126328750000001 0.4980284109375 0.095495371875 0.5010037374999999 0.099779840625 0.46610953593750004 0.07554775625 0.46313421093749996
0 0.095086175 0.45225062656250004 0.09163479687500001 0.48035984374999996 0.1255597140625 0.48452529999999994 0.1290110921875 0.4564160828125 0.095086175 0.45225062656250004
0 0.117659425 0.4166503171875 0.114208046875 0.444759534375 0.14425583125000002 0.4484489375 0.14770720937499998 0.4203397203125 0.117659425 0.4166503171875
0 0.07456864375 0.402996315625 0.068260953125 0.4543683328125 0.1070322859375 0.4591288546875 0.11333997656250001 0.4077568359375 0.07456864375 0.402996315625
0 0.156583509375 0.40814699374999996 0.15337015781250002 0.43431764375000004 0.196987909375 0.4396732296875 0.2002012609375 0.41350257968750004 0.156583509375 0.40814699374999996
0 0.2753630484375 0.4143681671875 0.273577853125 0.42890741875 0.30362563593749997 0.432596821875 0.30541083125 0.41805757187500003 0.2753630484375 0.4143681671875
0 0.24422634687500003 0.3834879125 0.2397038515625 0.42032068125000005 0.277505903125 0.4249621890625 0.2820283984375 0.388129421875 0.24422634687500003 0.3834879125
0 0.247470334375 0.2048170953125 0.244614021875 0.22807989687500002 0.26012255624999997 0.22998410468750002 0.26297886875 0.2067213046875 0.247470334375 0.2048170953125
0 0.23617941562500003 0.22064893125 0.23415619375 0.23712674687500002 0.27098896093749997 0.2416492421875 0.2730121828125 0.225171425 0.23617941562500003 0.22064893125
0 0.245677790625 0.2715019484375 0.2419883875 0.30154973281249997 0.2691283203125 0.304882096875 0.272817725 0.2748343125 0.245677790625 0.2715019484375
0 0.24480299218749998 0.314685975 0.2419466796875 0.337948775 0.2661787640625 0.3409241 0.2690350765625 0.31766130000000004 0.24480299218749998 0.314685975
0 0.198524628125 0.33901254375 0.1953112765625 0.36518319374999997 0.2185740765625 0.36803950625000004 0.221787428125 0.34186885624999996 0.198524628125 0.33901254375
0 0.1871146953125 0.3558136609375 0.18283022499999999 0.3907078625 0.21675514375 0.39487331875 0.22103961249999998 0.35997911718750003 0.1871146953125 0.3558136609375
0 0.12768104687499998 0.2909581921875 0.1226825 0.33166809375 0.1740545171875 0.33797578437500003 0.179053065625 0.2972658828125 0.12768104687499998 0.2909581921875
0 0.139041925 0.3627017203125 0.136304625 0.3849952359375 0.14987459218750002 0.38666141875000004 0.1526118921875 0.3643679015625 0.139041925 0.3627017203125
0 0.156914159375 0.3653881015625 0.152629690625 0.400282303125 0.182677475 0.40397170625 0.18696194375 0.36907750625 0.156914159375 0.3653881015625
0 0.128566296875 0.33583417031249996 0.125709984375 0.3590969703125 0.1732048671875 0.364928609375 0.17606118125 0.3416658078125 0.128566296875 0.33583417031249996
0 0.088545325 0.3412511234375 0.0811665171875 0.40134669218749996 0.1112143015625 0.40503609531249996 0.118593109375 0.344940528125 0.088545325 0.3412511234375
0 0.0163171578125 0.35255249375000003 0.01334183125 0.376784578125 0.057928865625000006 0.382259178125 0.060904190625 0.35802709374999997 0.0163171578125 0.35255249375000003
0 0.075928703125 0.3879129171875 0.01098671875 0.37993904375 0.007297315625 0.409986828125 0.07223929999999999 0.4179607015625 0.075928703125 0.3879129171875
0 0.1355359078125 0.2269854921875 0.1339887375 0.23958617499999998 0.1427122890625 0.2406572921875 0.1442594578125 0.228056609375 0.1355359078125 0.2269854921875
0 0.1077064234375 0.18519650468749999 0.10508813749999998 0.2065207375 0.11575025312500001 0.20782988125 0.11836854062499999 0.1865056484375 0.1077064234375 0.18519650468749999
0 0.10628499531249999 0.11664118125 0.10295263125000001 0.143781115625 0.1756488828125 0.1527070921875 0.178981246875 0.1255671578125 0.10628499531249999 0.11664118125
0 0.7579551125 0.450501459375 0.7546227484375 0.47764139375000003 0.7701312812500001 0.4795456015625 0.773463646875 0.45240566718749997 0.7579551125 0.450501459375
0 0.8745911749999999 0.41808749218749997 0.8716158500000001 0.4423195765625 0.9268650015625 0.44910331875000004 0.9298403265624999 0.424871234375 0.8745911749999999 0.41808749218749997
0 0.8291035750000001 0.4439869984375 0.8258902234375001 0.47015765 0.8792008062500001 0.476703365625 0.8824141593749999 0.45053271562499997 0.8291035750000001 0.4439869984375
0 0.7720857875 0.431574665625 0.770181578125 0.4470831984375 0.8176764625 0.4529148375 0.8195806703124999 0.43740630312500006 0.7720857875 0.431574665625
0 0.7776892296875 0.4460372296875 0.7722146296875 0.4906242640625 0.8138938140624999 0.49574182499999997 0.8193684140625 0.45115479062499997 0.7776892296875 0.4460372296875
0 0.9481776390625001 0.696218415625 0.97919470625 0.7000268328125 0.9821700312500001 0.6757947484375 0.9511529640624999 0.6719863312500001 0.9481776390625001 0.696218415625
0 0.8792252390625 0.043791987500000004 0.8755358359375001 0.073839771875 0.9065529031249999 0.0776481890625 0.91024230625 0.0476004046875 0.8792252390625 0.043791987500000004
0 0.8504277124999999 0.0579662296875 0.84626225625 0.091891146875 0.8724329078125 0.09510449843749999 0.8765983640625 0.061179581250000004 0.8504277124999999 0.0579662296875
0 0.9523313078125 0.12951219687499999 0.9507841390625 0.14211288125 0.9653233890624999 0.1438980765625 0.9668705578125 0.1312973921875 0.9523313078125 0.12951219687499999
0 0.960892896875 0.11186939843749999 0.959345728125 0.12447008125 0.973884978125 0.1262552765625 0.975432146875 0.11365459375 0.960892896875 0.11186939843749999
0 0.808629515625 0.053817953125 0.8110097765625 0.0344322859375 0.7838698421875 0.031099921875 0.78148958125 0.0504855875 0.808629515625 0.053817953125
0 0.7738886859375 0.0643107609375 0.7780541421875 0.030385843750000002 0.770299875 0.0294337390625 0.76613441875 0.06335865625 0.7738886859375 0.0643107609375
0 0.7792534828125001 0.052670770312500004 0.7777063125 0.0652714546875 0.7980612640625 0.067770728125 0.7996084328124999 0.055170043749999995 0.7792534828125001 0.052670770312500004
0 0.7976711062499999 0.1110142609375 0.796004925 0.12458422656249998 0.8086056078125001 0.126131396875 0.810271790625 0.1125614296875 0.7976711062499999 0.1110142609375
0 0.7024672203125 0.02897610625 0.703419325 0.0212218390625 0.6946957734375 0.020150721875 0.6937436703125 0.027904989062500003 0.7024672203125 0.02897610625
0 0.6191861578125 0.054170745312500004 0.6141876109375 0.0948806453125 0.662651778125 0.100831296875 0.667650325 0.060121396875 0.6191861578125 0.054170745312500004
0 0.6032629390625 0.1397823921875 0.599097484375 0.173707309375 0.625268134375 0.1769206609375 0.6294335906249999 0.14299574375 0.6032629390625 0.1397823921875
0 0.7160629562499999 0.042452209375 0.713920721875 0.059899309375 0.7303985375 0.06192253125 0.732540771875 0.0444754296875 0.7160629562499999 0.042452209375
0 0.778004465625 0.0908893671875 0.77586223125 0.10833646718750001 0.785555065625 0.10952659687499999 0.7876972999999999 0.092079496875 0.778004465625 0.0908893671875
0 0.0534339046875 0.126386171875 0.0468881875 0.17969675624999998 0.16514075625 0.194216346875 0.17168647343750001 0.1409057625 0.0534339046875 0.126386171875
0 0.1372241359375 0.05697871718750001 0.13198756250000002 0.0996271859375 0.1756053140625 0.104982771875 0.18084188750000002 0.062334304687499995 0.1372241359375 0.05697871718750001
0 0.11073939531250002 0.076356415625 0.10812110781249999 0.09768065000000001 0.1284760578125 0.1001799234375 0.1310943453125 0.0788556890625 0.11073939531250002 0.076356415625
0 0.0576373671875 0 0.051213123437499994 0.052321271875 0.093861590625 0.057557843750000004 0.10092880625 0 0.0576373671875 0
0 0.065897775 0.09298822343749999 0.046512109375 0.0906079640625 0.039490340624999995 0.14779568125 0.05887600625 0.1501759421875 0.065897775 0.09298822343749999
0 0.1823424828125 0.25044275 0.177939 0.28630623437499997 0.24481955156250002 0.2945181328125 0.24922303281249997 0.25865464843749997 0.1823424828125 0.25044275
0 0.2207733359375 0.2379432796875 0.21815505000000002 0.2592675140625 0.2462642671875 0.2627188921875 0.248882553125 0.2413946578125 0.2207733359375 0.2379432796875
0 0.32571663125 0.120462434375 0.3227413046875 0.14469451875 0.34600410625 0.14755083125 0.34897943124999997 0.123318746875 0.32571663125 0.120462434375
0 0.2541927109375 0.06592922343749999 0.2509793578125 0.09209987343750001 0.2664878921875 0.09400408125000001 0.26970124375000004 0.06783343124999999 0.2541927109375 0.06592922343749999
0 0.1808332984375 0.0583976640625 0.177738959375 0.08359903125 0.2145717265625 0.0881215265625 0.21766606562500002 0.06292015937499999 0.1808332984375 0.0583976640625
0 0.107176353125 0.0532893140625 0.051927201562500004 0.0465055703125 0.045857537500000004 0.095939021875 0.1011066875 0.1027227640625 0.107176353125 0.0532893140625
0 0.1679566984375 0.6520738859375 0.1658144640625 0.6695209875 0.19198511406250002 0.6727343390625 0.19412734843749999 0.6552872390625 0.1679566984375 0.6520738859375
0 0.148988196875 0.6743422546875 0.1470839890625 0.6898507890625 0.159684671875 0.6913979578125 0.16158888124999998 0.675889425 0.148988196875 0.6743422546875
0 0.149209665625 0.6925715296875 0.14730545625 0.7080800640625 0.1579675734375 0.70938920625 0.15987178124999998 0.6938806734375 0.149209665625 0.6925715296875
0 0.1942819609375 0.72614675625 0.1928538046875 0.7377781578125 0.20157735468750002 0.738849275 0.20300551093750002 0.727217875 0.1942819609375 0.72614675625
0 0.16521753749999998 0.590244040625 0.16140912031250002 0.6212611078125 0.187579771875 0.624474459375 0.1913881890625 0.5934573921874999 0.16521753749999998 0.590244040625
0 0.1570473453125 0.6207255484374999 0.153000903125 0.6536811828125 0.1869258203125 0.6578466390625 0.1909722625 0.6248910046875 0.1570473453125 0.6207255484374999
0 0.1207998140625 0.5513377546875 0.1175864609375 0.5775084046875001 0.154419228125 0.5820309 0.15763258125 0.5558602500000001 0.1207998140625 0.5513377546875
0 0.124966509375 0.5734950796875 0.1223482234375 0.5948193140625 0.1698431078125 0.6006509515625 0.17246139375 0.57932671875 0.124966509375 0.5734950796875
0 0.09463102343749999 0.6322477656250001 0.092607803125 0.6487255828125 0.13719483593749998 0.6542001828124999 0.13921805781250002 0.637722365625 0.09463102343749999 0.6322477656250001
0 0.11399030156250001 0.5947769859375 0.10946780625000001 0.631609753125 0.1288534734375 0.6339900140625 0.13337596875 0.5971572468749999 0.11399030156250001 0.5947769859375
0 0.135951928125 0.584190934375 0.128811146875 0.6423479359375001 0.1530432296875 0.6453232609375 0.1601840125 0.5871662609375 0.135951928125 0.584190934375
0 0.18385973125 0.8070224109374999 0.1821935484375 0.8205923765625001 0.1938249484375 0.8220205328124999 0.19549113125 0.8084505671875 0.18385973125 0.8070224109374999
0 0.274640475 0.804886284375 0.2721412015625 0.8252412343750001 0.2905575859375 0.82750248125 0.293056859375 0.80714753125 0.274640475 0.804886284375
0 0.439148121875 0.89543386875 0.436886875 0.9138502531249999 0.4523954078125 0.9157544609375 0.45465665624999996 0.897338078125 0.439148121875 0.89543386875
0 0.4105469140625 0.9440685875 0.40864270625000004 0.9595771203125001 0.4154276890625 0.9604102125 0.4173318984375 0.944901678125 0.4105469140625 0.9440685875
0 0.4248395484375 0.943855709375 0.4232923796875 0.9564563937499999 0.4320159296875 0.9575275109374999 0.4335630984375 0.9449268265624999 0.4248395484375 0.943855709375
0 0.42560516406250004 0.9616598484375001 0.424534046875 0.9703833984375001 0.433257596875 0.9714545171875001 0.43432871406249995 0.962730965625 0.42560516406250004 0.9616598484375001
0 0.1270296734375 0.8251339124999999 0.123816321875 0.8513045625 0.15580267187500002 0.85523199375 0.15901602343750001 0.8290613421874999 0.1270296734375 0.8251339124999999
0 0.15584499999999998 0.8468740718750001 0.153940790625 0.8623826046874999 0.17526502500000002 0.8650008921874999 0.17716923281250002 0.8494923578125 0.15584499999999998 0.8468740718750001
0 0.14690122187500002 0.8836559218750001 0.1451160265625 0.8981951718750001 0.1606245609375 0.9000993812500001 0.16240975625 0.8855601296875 0.14690122187500002 0.8836559218750001
0 0.11454127343750001 0.9028041828125 0.111327921875 0.9289748343750001 0.1452528390625 0.9331402890625 0.148466190625 0.9069696390624999 0.11454127343750001 0.9028041828125
0 0.1050263390625 0.8721190062499999 0.10181298750000001 0.8982896578125 0.1357379046875 0.9024551140625 0.13895125625 0.8762844624999999 0.1050263390625 0.8721190062499999
0 0 0.9423626328125 0.09545437968750001 0.9540829562500001 0.107712721875 0.854246771875 0 0.8410213125 0 0.9423626328125
0 0.0043877 0.71414548125 0.0018884250000000002 0.7345004312500001 0.017396959375 0.736404640625 0.0198962328125 0.7160496890625 0.0043877 0.71414548125
0 0.0096844 0.6990534937499999 0.006828087500000001 0.72231629375 0.0339680203125 0.7256486578125 0.0368243328125 0.7023858578125 0.0096844 0.6990534937499999
0 0.0380574109375 0.7123762234375 0.035796164062500004 0.7307926078125 0.05518183125 0.73317286875 0.057443078125000005 0.714756484375 0.0380574109375 0.7123762234375
0 0.0537610234375 0.692658665625 0.049714579687499996 0.7256142999999999 0.06716168125000001 0.727756534375 0.0712081234375 0.6948008999999999 0.0537610234375 0.692658665625
0 0.03060005625 0.680959790625 0.0278627578125 0.7032533078125 0.048217707812499996 0.70575258125 0.050955007812499994 0.6834590640625 0.03060005625 0.680959790625
0 0 0.701799984375 0.014539406250000001 0.7035851984375 0.01739571875 0.6803223984375 0 0.6781864718749999 0 0.701799984375
0 0.0361930484375 0.6073623515625 0.0338127890625 0.6267480187500001 0.0570755890625 0.62960433125 0.05945585 0.6102186640625 0.0361930484375 0.6073623515625
0 0.027316128125 0.5915139578125 0.0243408015625 0.6157460421875001 0.05245001875000001 0.6191974203124999 0.0554253453125 0.5949653359375 0.027316128125 0.5915139578125
0 0.0676174515625 0.575800515625 0.0627379171875 0.6155411328125 0.079215734375 0.6175643546875 0.08409526875 0.5778237374999999 0.0676174515625 0.575800515625
0 0.0679076359375 0.625522909375 0.066360465625 0.6381235937499999 0.07896115000000001 0.6396707625 0.08050831875 0.6270700796875001 0.0679076359375 0.625522909375
0 0.04208419375 0.5593828249999999 0.037323673437499996 0.598154159375 0.06543289062499999 0.6016055375 0.0701934109375 0.562834203125 0.04208419375 0.5593828249999999
0 0.018200559375 0.549563009375 0.0136780640625 0.5863957765625 0.039848715624999996 0.5896091296875 0.0443712109375 0.5527763625000001 0.018200559375 0.549563009375
0 0.06191021875 0.0974180953125 0.0585778546875 0.1245580296875 0.09637990468749999 0.1291995375 0.09971227031249999 0.102059603125 0.06191021875 0.0974180953125
0 0.038888546875 0.232828821875 0.0291957125 0.231638690625 0.0275295296875 0.24520865781249998 0.0372223640625 0.24639878906249998 0.038888546875 0.232828821875
0 0.83247640625 0.3243657796875 0.8309292359375 0.33696646406249997 0.8435299203125 0.3385136328125 0.8450770890625 0.32591295 0.83247640625 0.3243657796875
0 0.8569366859375 0.2653836578125 0.855389515625 0.277984340625 0.864113065625 0.2790554578125 0.8656602359375001 0.26645477500000003 0.8569366859375 0.2653836578125
0 0.7373438125 0.7746242859375 0.7362726953125 0.7833478359375 0.748873378125 0.78489500625 0.7499444953125 0.77617145625 0.7373438125 0.7746242859375
0 0.685298803125 0.70969213125 0.6842276859374999 0.71841568125 0.6929512359375 0.7194868 0.694022353125 0.7107632484375 0.685298803125 0.70969213125
0 0.6179329890624999 0.6733796046875 0.6168618718750001 0.6821031546875 0.62655470625 0.6832932859375 0.6276258234375 0.6745697359375 0.6179329890624999 0.6733796046875
0 0.739759671875 0.8270674203124999 0.738450528125 0.8377295374999999 0.7452355125000001 0.8385626296875 0.7465446546875001 0.8279005125 0.739759671875 0.8270674203124999
0 0.73157965 0.7975300468750001 0.73038951875 0.8072228812500001 0.74202091875 0.8086510375 0.74321105 0.798958203125 0.73157965 0.7975300468750001
0 0.8512536453124999 0.8806049609375 0.850182528125 0.8893285109375 0.8627832124999999 0.8908756796875 0.8638543296875 0.8821521296875 0.8512536453124999 0.8806049609375
0 0.7871453734375 0.893887225 0.7865503078125 0.8987336421875 0.7991509921875 0.9002808109375 0.79974605625 0.8954343937499999 0.7871453734375 0.893887225
0 0.850391684375 0.73537441875 0.849082540625 0.7460365359375001 0.8607139406250001 0.7474646921875 0.8620230843750001 0.736802575 0.850391684375 0.73537441875
0 0.6929051859375 0.55959799375 0.69183406875 0.56832154375 0.70055761875 0.5693926609375 0.7016287359375 0.5606691109375 0.6929051859375 0.55959799375
0 0.6738851484375 0.5582465234375 0.6728140312499999 0.5669700734374999 0.68153758125 0.568041190625 0.6826086984375 0.559317640625 0.6738851484375 0.5582465234375
0 0.8876771218749999 0.44773528906250004 0.8861299515625 0.4603359734375 0.9016384859375 0.46224018125 0.9031856546875 0.44963949843749995 0.8876771218749999 0.44773528906250004
0 0.9571937578125 0.47053735625000004 0.9564796796874999 0.47635305624999996 0.96520323125 0.4774241734375 0.9659173093750001 0.4716084734375 0.9571937578125 0.47053735625000004
0 0.6268834 0.16777197500000002 0.6235510343749999 0.194911909375 0.6400288515625 0.19693513125 0.6433612171875 0.169795196875 0.6268834 0.16777197500000002