0 0.7790943890625 0.1503254234375 0.7782422203125 0.1991461125 0.8280393234375 0.2000153234375 0.828891490625 0.1511946359375 0.7790943890625 0.1503254234375
0 0.8490703921874999 0.5339293171875 0.8483375265624999 0.575915109375 0.8883704921875 0.5766138875 0.88910335625 0.5346280953125 0.8490703921874999 0.5339293171875
0 0.8618624515625 0.5844532328125001 0.8615727140624999 0.6010522671875 0.8732896796875 0.6012567875 0.8735794171875 0.584657753125 0.8618624515625 0.5844532328125001
0 0.9056781875000001 0.648215915625 0.9053202765625 0.6687206046874999 0.9170372421874999 0.668925125 0.917395153125 0.6484204359375 0.9056781875000001 0.648215915625
0 0.8804558124999999 0.6663331718750001 0.8800467718749999 0.6897671015625 0.901527875 0.69014205625 0.9019369156250001 0.666708125 0.8804558124999999 0.6663331718750001
0 0.8416488609374999 0.6793297515625001 0.8413250375000001 0.6978816125 0.8715938640625 0.6984099578125 0.8719176875000001 0.6798580953125 0.8416488609374999 0.6793297515625001
0 0.8528374828124999 0.7098030984375 0.8520534874999999 0.75471813125 0.8920864515625 0.755416909375 0.8928704468750001 0.7105018765625 0.8528374828124999 0.7098030984375
0 0.9041588562499999 0.7072804265625 0.9036645999999999 0.7355964265625 0.9241692890625 0.7359543375 0.9246635453125001 0.7076383374999999 0.9041588562499999 0.7072804265625
0 0.8484059546875 0.767840065625 0.848031 0.78932116875 0.8685356890625 0.7896790796875 0.8689106437499999 0.7681979765625 0.8484059546875 0.767840065625
0 0.7947823625 0.7903451328125 0.7940324546875 0.8333073375 0.84382955625 0.8341765499999999 0.844579465625 0.79121434375 0.7947823625 0.7903451328125
0 0.771663734375 0.7718724375 0.7712035640625 0.798235609375 0.8024488046875 0.7987809968749999 0.802908975 0.772417825 0.771663734375 0.7718724375
0 0.7615917078125001 0.8732746 0.760143021875 0.9562697703125 0.83532688125 0.9575821093749999 0.8367755671875001 0.8745869390625 0.7615917078125001 0.8732746
0 0.599003990625 0.7034189953125 0.5973678265625 0.7971547171875 0.651070584375 0.798092103125 0.6527067468750001 0.70435638125 0.599003990625 0.7034189953125
0 0.55122541875 0.6708419015625 0.5498619484375 0.7489550031250001 0.5947769828125 0.7497389984375 0.5961404515625001 0.671625896875 0.55122541875 0.6708419015625
0 0.5390832249999999 0.41521996562499996 0.5380947093749999 0.47185196406249996 0.596679534375 0.472874565625 0.59766805 0.41624256718749997 0.5390832249999999 0.41521996562499996
0 0.3814300671875 0.3543538 0.38056085624999997 0.40415090156250005 0.4323107859375 0.40505420000000003 0.43317999687500003 0.355257096875 0.3814300671875 0.3543538
0 0.53081038125 0.3296133265625 0.5295832593750001 0.39991511874999996 0.636012359375 0.40177284531249996 0.63723948125 0.33147105468750004 0.53081038125 0.3296133265625
0 0.43561498125 0.3836242265625 0.43363794999999994 0.4968882234375 0.50589256875 0.49814943281249996 0.5078696 0.3848854359375 0.43561498125 0.3836242265625
0 0.35257609375 0.46861372343749996 0.351587578125 0.525245721875 0.3984554390625 0.5260638046875 0.3994439546875 0.46943180624999997 0.35257609375 0.46861372343749996
0 0.374348296875 0.5642231062499999 0.3733938671875 0.618902278125 0.4456484859375 0.6201634874999999 0.4466029140625 0.565484315625 0.374348296875 0.5642231062499999
0 0.339503325 0.8258618578125001 0.3388045484375 0.8658948234375 0.37590827031249996 0.8665424703125 0.37660704843750004 0.8265095062500001 0.339503325 0.8258618578125001
0 0.28459406875000004 0.838089015625 0.28345216406249996 0.9035087374999999 0.3488718859375 0.9046506437499999 0.3500137921875 0.839230921875 0.28459406875000004 0.838089015625
0 0.20256789999999997 0.75314843125 0.201869121875 0.7931813953125 0.244831328125 0.793931303125 0.24553010625 0.7538983390625 0.20256789999999997 0.75314843125
0 0.207468121875 0.6682600859375001 0.20688864687500003 0.701458153125 0.244968784375 0.7021228453125 0.24554825781249998 0.6689247765624999 0.207468121875 0.6682600859375001
0 0.0690889515625 0.7342144562499999 0.0681515671875 0.7879172125 0.11697225468750001 0.7887693812500001 0.117909640625 0.735066625 0.0690889515625 0.7342144562499999
0 0.11961175937499999 0.8054195453125 0.118452809375 0.87181568125 0.17899046406250002 0.8728723703125001 0.1801494125 0.8064762343749999 0.11961175937499999 0.8054195453125
0 0.136825715625 0.88239185 0.136331459375 0.9107078484375 0.1578125609375 0.911082803125 0.15830681875 0.8827668046875001 0.136825715625 0.88239185
0 0.21122558125 0.9286192218749999 0.21069723749999997 0.9588880484375 0.237060409375 0.9593482203124999 0.237588753125 0.92907939375 0.21122558125 0.9286192218749999
0 0.1709284453125 0.9430548578125 0.1704001 0.9733236843749999 0.2123858921875 0.9740565484375001 0.2129142375 0.9437877218749999 0.1709284453125 0.9430548578125
0 0.110087590625 0.9034127812499999 0.10967855 0.9268467125000001 0.13604172187500002 0.9273068828125 0.1364507625 0.903872953125 0.110087590625 0.9034127812499999
0 0.0392915421875 0.9305016593750001 0.038848414062499996 0.9558884171875001 0.07009365468749999 0.9564338046874999 0.0705367828125 0.931047046875 0.0392915421875 0.9305016593750001
0 0.07490865937499999 0.876427528125 0.07420988125 0.9164604921875 0.1210777421875 0.9172785734375 0.1217765203125 0.877245609375 0.07490865937499999 0.876427528125
0 0.0284182234375 0.8819646562499999 0.0276001421875 0.9288325171875 0.074468003125 0.9296506000000001 0.07528608437499999 0.8827827390625 0.0284182234375 0.8819646562499999
0 0.29202326562500003 0.9720281359375 0.29159718125 0.9964384796875001 0.326748078125 0.997052040625 0.32717416093749996 0.972641696875 0.29202326562500003 0.9720281359375
0 0.12307241718749999 0.327379790625 0.0029735250000000003 0.32528345625 0.000025021875 0.4942030375 0.120123915625 0.496299371875 0.12307241718749999 0.327379790625
0 0.018047178125 0.4129622265625 0.016888228124999998 0.4793583625 0.0871900203125 0.480585484375 0.08834896875 0.4141893484375 0.018047178125 0.4129622265625