0 0 0.7041015625 0.1015625 0.7041015625 0.1015625 0.5673828125 0 0.5673828125 0 0.7041015625
0 0.1015625 0.5107421875 0.01171875 0.5107421875 0.01171875 0.5517578125 0.1015625 0.5517578125 0.1015625 0.5107421875
0 0 0.50732421875 0.0478515625 0.50732421875 0.0478515625 0.39404296875 0 0.39404296875 0 0.50732421875
0 0 0 0 0.2314453125 0.125 0.2314453125 0.125 0 0 0
0 0.10595703125 0 0.10595703125 0.08203125 0.21240234375 0.08203125 0.21240234375 0 0.10595703125 0
0 0.27490234375 0.05224609375 0.20947265625 0.05224609375 0.20947265625 0.11767578125 0.27490234375 0.11767578125 0.27490234375 0.05224609375
0 0.27734375 0.1220703125 0.16015625 0.1220703125 0.16015625 0.22265625 0.27734375 0.22265625 0.27734375 0.1220703125
0 0.16943359375 0.17138671875 0.12646484375 0.17138671875 0.12646484375 0.23486328125 0.16943359375 0.23486328125 0.16943359375 0.17138671875
0 0.11669921875 0.23974609375 0.04931640625 0.23974609375 0.04931640625 0.31396484375 0.11669921875 0.31396484375 0.11669921875 0.23974609375
0 0 0.3681640625 0.0458984375 0.3681640625 0.0458984375 0.2587890625 0 0.2587890625 0 0.3681640625
0 0.2373046875 0.3056640625 0.111328125 0.3056640625 0.111328125 0.4423828125 0.2373046875 0.4423828125 0.2373046875 0.3056640625
0 1 0.21826171875 0.8779296875 0.21826171875 0.8779296875 0.53955078125 1 0.53955078125 1 0.21826171875
0 0.8564453125 0 0.8564453125 0.17578125 1 0.17578125 1 0 0.8564453125 0
0 1 0.1767578125 0.951171875 0.1767578125 0.951171875 0.2158203125 1 0.2158203125 1 0.1767578125
0 0.8681640625 0.2060546875 0.7626953125 0.2060546875 0.7626953125 0.33203125 0.8681640625 0.33203125 0.8681640625 0.2060546875
0 0.88623046875 0.3681640625 0.82080078125 0.3681640625 0.82080078125 0.431640625 0.88623046875 0.431640625 0.88623046875 0.3681640625
0 0.8916015625 0.5185546875 0.8359375 0.5185546875 0.8359375 0.58203125 0.8916015625 0.58203125 0.8916015625 0.5185546875
0 0.97607421875 0.7275390625 0.91357421875 0.7275390625 0.91357421875 0.787109375 0.97607421875 0.787109375 0.97607421875 0.7275390625
0 1 0.74267578125 0.96875 0.74267578125 0.96875 0.84521484375 1 0.84521484375 1 0.74267578125
0 0.98974609375 0.85986328125 0.90380859375 0.85986328125 0.90380859375 0.94189453125 0.98974609375 0.94189453125 0.98974609375 0.85986328125
0 0.96435546875 1 0.96435546875 0.9404296875 0.83740234375 0.9404296875 0.83740234375 1 0.96435546875 1
0 0.8349609375 1 0.8349609375 0.818359375 0.6298828125 0.818359375 0.6298828125 1 0.8349609375 1
0 0.3671875 0.82421875 0.2109375 0.82421875 0.2109375 0.9873046875 0.3671875 0.9873046875 0.3671875 0.82421875
0 0 0.9169921875 0.03125 0.9169921875 0.03125 0.861328125 0 0.861328125 0 0.9169921875
0 0.0537109375 1 0.0537109375 0.9169921875 0 0.9169921875 0 1 0.0537109375 1
0 0.40576171875 0.4296875 0.18212890625 0.4296875 0.18212890625 0.611328125 0.40576171875 0.611328125 0.40576171875 0.4296875
0 0.443359375 0.37646484375 0.396484375 0.37646484375 0.396484375 0.43017578125 0.443359375 0.43017578125 0.443359375 0.37646484375
0 0.5029296875 0.38427734375 0.453125 0.38427734375 0.453125 0.44970703125 0.5029296875 0.44970703125 0.5029296875 0.38427734375
0 0.74755859375 0.54052734375 0.59228515625 0.54052734375 0.59228515625 0.70556640625 0.74755859375 0.70556640625 0.74755859375 0.54052734375
0 0.72021484375 0.392578125 0.67431640625 0.392578125 0.67431640625 0.431640625 0.72021484375 0.431640625 0.72021484375 0.392578125
0 0.6865234375 0.19091796875 0.609375 0.19091796875 0.609375 0.27392578125 0.6865234375 0.27392578125 0.6865234375 0.19091796875
0 0.69775390625 0.0068359375 0.56884765625 0.0068359375 0.56884765625 0.138671875 0.69775390625 0.138671875 0.69775390625 0.0068359375
0 0.57470703125 0.19384765625 0.46435546875 0.19384765625 0.46435546875 0.30419921875 0.57470703125 0.30419921875 0.57470703125 0.19384765625
0 0.38525390625 0.2119140625 0.32958984375 0.2119140625 0.32958984375 0.279296875 0.38525390625 0.279296875 0.38525390625 0.2119140625
0 0.32421875 0.20751953125 0.2138671875 0.20751953125 0.2138671875 0.30029296875 0.32421875 0.30029296875 0.32421875 0.20751953125
0 0.35888671875 0.1201171875 0.28466796875 0.1201171875 0.28466796875 0.1962890625 0.35888671875 0.1962890625 0.35888671875 0.1201171875
0 0.36279296875 0.03466796875 0.27587890625 0.03466796875 0.27587890625 0.12451171875 0.36279296875 0.12451171875 0.36279296875 0.03466796875
0 0.533203125 0.12451171875 0.4345703125 0.12451171875 0.4345703125 0.18994140625 0.533203125 0.18994140625 0.533203125 0.12451171875
0 0.34619140625 0 0.34619140625 0.1123046875 0.54443359375 0.1123046875 0.54443359375 0 0.34619140625 0
0 0.64111328125 0.484375 0.61376953125 0.484375 0.61376953125 0.5048828125 0.64111328125 0.5048828125 0.64111328125 0.484375
0 0.77783203125 0.36962890625 0.75341796875 0.36962890625 0.75341796875 0.38720703125 0.77783203125 0.38720703125 0.77783203125 0.36962890625
0 0.30615234375 0.35546875 0.26513671875 0.35546875 0.26513671875 0.3828125 0.30615234375 0.3828125 0.30615234375 0.35546875
0 0.57861328125 0.4912109375 0.54150390625 0.4912109375 0.54150390625 0.521484375 0.57861328125 0.521484375 0.57861328125 0.4912109375
0 0.56201171875 0.439453125 0.53466796875 0.439453125 0.53466796875 0.4619140625 0.56201171875 0.4619140625 0.56201171875 0.439453125
0 0.37939453125 0.34130859375 0.33935546875 0.34130859375 0.33935546875 0.38720703125 0.37939453125 0.38720703125 0.37939453125 0.34130859375
0 0.29541015625 0.3125 0.25634765625 0.3125 0.25634765625 0.3486328125 0.29541015625 0.3486328125 0.29541015625 0.3125