0 0.43017578125 0.57080078125 0.37548828125 0.57080078125 0.37548828125 0.61572265625 0.43017578125 0.61572265625 0.43017578125 0.57080078125
0 0.55029296875 0.5576171875 0.52001953125 0.5576171875 0.52001953125 0.5859375 0.55029296875 0.5859375 0.55029296875 0.5576171875
0 0.1982421875 0.43896484375 0.1630859375 0.43896484375 0.1630859375 0.47216796875 0.1982421875 0.47216796875 0.1982421875 0.43896484375
0 0.0849609375 0.5107421875 0.0478515625 0.5107421875 0.0478515625 0.5322265625 0.0849609375 0.5322265625 0.0849609375 0.5107421875
0 0.1181640625 0.17724609375 0.0810546875 0.17724609375 0.0810546875 0.20361328125 0.1181640625 0.20361328125 0.1181640625 0.17724609375
0 0.23828125 0.66943359375 0.166015625 0.66943359375 0.166015625 0.71630859375 0.23828125 0.71630859375 0.23828125 0.66943359375
0 0.29638671875 0.6875 0.25146484375 0.6875 0.25146484375 0.724609375 0.29638671875 0.724609375 0.29638671875 0.6875
0 0.32177734375 0.7294921875 0.29833984375 0.7294921875 0.29833984375 0.7578125 0.32177734375 0.7578125 0.32177734375 0.7294921875
0 0.4970703125 0.7744140625 0.466796875 0.7744140625 0.466796875 0.802734375 0.4970703125 0.802734375 0.4970703125 0.7744140625
0 0.57373046875 0.79931640625 0.54736328125 0.79931640625 0.54736328125 0.82470703125 0.57373046875 0.82470703125 0.57373046875 0.79931640625
0 0.744140625 0.81640625 0.7138671875 0.81640625 0.7138671875 0.8544921875 0.744140625 0.8544921875 0.744140625 0.81640625
0 0.8408203125 0.8798828125 0.7861328125 0.8798828125 0.7861328125 0.9130859375 0.8408203125 0.9130859375 0.8408203125 0.8798828125
0 0.56396484375 0.939453125 0.51513671875 0.939453125 0.51513671875 0.98828125 0.56396484375 0.98828125 0.56396484375 0.939453125
0 0.5869140625 0.91650390625 0.5537109375 0.91650390625 0.5537109375 0.94287109375 0.5869140625 0.94287109375 0.5869140625 0.91650390625
0 0.6220703125 0.93310546875 0.5791015625 0.93310546875 0.5791015625 0.97802734375 0.6220703125 0.97802734375 0.6220703125 0.93310546875
0 0 0.978515625 0.0712890625 0.978515625 0.0712890625 0.873046875 0 0.873046875 0 0.978515625
0 0.3603515625 0.927734375 0.3251953125 0.927734375 0.3251953125 0.9482421875 0.3603515625 0.9482421875 0.3603515625 0.927734375
0 0.89453125 0.60107421875 0.8525390625 0.60107421875 0.8525390625 0.64794921875 0.89453125 0.64794921875 0.89453125 0.60107421875
0 0.99072265625 0.53955078125 0.94775390625 0.53955078125 0.94775390625 0.57763671875 0.99072265625 0.57763671875 0.99072265625 0.53955078125
0 0.97607421875 0.59765625 0.94091796875 0.59765625 0.94091796875 0.634765625 0.97607421875 0.634765625 0.97607421875 0.59765625
0 0.99658203125 0.65087890625 0.94775390625 0.65087890625 0.94775390625 0.67138671875 0.99658203125 0.67138671875 0.99658203125 0.65087890625
0 0.94580078125 0.6708984375 0.91943359375 0.6708984375 0.91943359375 0.7080078125 0.94580078125 0.7080078125 0.94580078125 0.6708984375
0 0.90771484375 0.2705078125 0.87451171875 0.2705078125 0.87451171875 0.3125 0.90771484375 0.3125 0.90771484375 0.2705078125
0 0.869140625 0.16357421875 0.8193359375 0.16357421875 0.8193359375 0.21240234375 0.869140625 0.21240234375 0.869140625 0.16357421875
0 1 0.13037109375 0.9462890625 0.13037109375 0.9462890625 0.18505859375 1 0.18505859375 1 0.13037109375
0 0.7119140625 0.080078125 0.6689453125 0.080078125 0.6689453125 0.1171875 0.7119140625 0.1171875 0.7119140625 0.080078125
0 0.63720703125 0 0.63720703125 0.056640625 0.71923828125 0.056640625 0.71923828125 0 0.63720703125 0
0 0.5283203125 0 0.5283203125 0.0751953125 0.60546875 0.0751953125 0.60546875 0 0.5283203125 0
0 0.318359375 0.05859375 0.271484375 0.05859375 0.271484375 0.091796875 0.318359375 0.091796875 0.318359375 0.05859375
0 0.3251953125 0.02490234375 0.2646484375 0.02490234375 0.2646484375 0.04833984375 0.3251953125 0.04833984375 0.3251953125 0.02490234375
0 0.21826171875 0.0771484375 0.18994140625 0.0771484375 0.18994140625 0.103515625 0.21826171875 0.103515625 0.21826171875 0.0771484375
0 0.27978515625 0 0.27978515625 0.009765625 0.32177734375 0.009765625 0.32177734375 0 0.27978515625 0
0 0.53076171875 0.1669921875 0.51025390625 0.1669921875 0.51025390625 0.1904296875 0.53076171875 0.1904296875 0.53076171875 0.1669921875
0 0.572265625 0.15673828125 0.525390625 0.15673828125 0.525390625 0.20361328125 0.572265625 0.20361328125 0.572265625 0.15673828125
0 0.8828125 0.03173828125 0.8525390625 0.03173828125 0.8525390625 0.06494140625 0.8828125 0.06494140625 0.8828125 0.03173828125
0 0.591796875 0 0.591796875 0.0263671875 0.65234375 0.0263671875 0.65234375 0 0.591796875 0
0 0.9306640625 0.42919921875 0.892578125 0.42919921875 0.892578125 0.45556640625 0.9306640625 0.45556640625 0.9306640625 0.42919921875
0 0.4853515625 0.7080078125 0.458984375 0.7080078125 0.458984375 0.736328125 0.4853515625 0.736328125 0.4853515625 0.7080078125
0 0.2294921875 0.77294921875 0.1982421875 0.77294921875 0.1982421875 0.79638671875 0.2294921875 0.79638671875 0.2294921875 0.77294921875
0 0.19140625 0.79833984375 0.158203125 0.79833984375 0.158203125 0.82958984375 0.19140625 0.82958984375 0.19140625 0.79833984375
0 0.1630859375 0.81787109375 0.14453125 0.81787109375 0.14453125 0.85986328125 0.1630859375 0.85986328125 0.1630859375 0.81787109375
0 0.78076171875 0.38427734375 0.75048828125 0.38427734375 0.75048828125 0.42236328125 0.78076171875 0.42236328125 0.78076171875 0.38427734375
0 0.8525390625 0.1103515625 0.802734375 0.1103515625 0.802734375 0.16015625 0.8525390625 0.16015625 0.8525390625 0.1103515625
0 0.80615234375 0.03662109375 0.77587890625 0.03662109375 0.77587890625 0.07373046875 0.80615234375 0.07373046875 0.80615234375 0.03662109375
0 0.84912109375 0.0068359375 0.81591796875 0.0068359375 0.81591796875 0.033203125 0.84912109375 0.033203125 0.84912109375 0.0068359375
0 0.466796875 0.068359375 0.435546875 0.068359375 0.435546875 0.08984375 0.466796875 0.08984375 0.466796875 0.068359375