0 0.4885530328125 0.49730747343750004 0.48161222031250006 0.51866909375 0.5020450750000001 0.52530813125 0.5089858875 0.5039465109375 0.4885530328125 0.49730747343750004
0 0.4932070921875 0.47982352500000003 0.489284025 0.491897484375 0.506001815625 0.49732942500000005 0.5099248828125 0.4852554640625 0.4932070921875 0.47982352500000003
0 0.36445576874999996 0.42258740625 0.34665107968750003 0.4773846078125 0.391231853125 0.49186977968749995 0.40903654375 0.437072578125 0.36445576874999996 0.42258740625
0 0.369078928125 0.2993311046875 0.3524813359375 0.350413240625 0.37941555312499997 0.3591646984375 0.3960131453125 0.3080825625 0.369078928125 0.2993311046875
0 0.43196990625 0.3459494953125 0.4189936078125 0.3858864390625 0.46264561562499995 0.4000698359375 0.47562191406250004 0.3601328921875 0.43196990625 0.3459494953125
0 0.48754349531249996 0.34398348749999996 0.47486897031249997 0.3829916640625 0.49808812343750003 0.390536025 0.5107626484375001 0.351527846875 0.48754349531249996 0.34398348749999996
0 0.44985941875 0.180283446875 0.4423150578125 0.20350259999999998 0.46089038125000004 0.2095380890625 0.46843474062499996 0.18631893593749999 0.44985941875 0.180283446875
0 0.404075809375 0.06837309531249999 0.394720803125 0.0971648453125 0.42444131875 0.10682162656250001 0.433796325 0.0780298765625 0.404075809375 0.06837309531249999
0 0.387680253125 0.02402675 0.38315363750000003 0.037958242187500005 0.399871428125 0.04339018125 0.40439804375 0.029458689062499998 0.387680253125 0.02402675
0 0.44695569375 0.0011869468750000001 0.438506009375 0.027192398437499998 0.45893886562499997 0.0338314359375 0.4673885484375 0.007825984375000001 0.44695569375 0.0011869468750000001
0 0.6342427265625 0.0805229265625 0.6276036890625 0.10095578125 0.6545379062500001 0.10970723906249999 0.6611769437499999 0.089274384375 0.6342427265625 0.0805229265625
0 0.619583225 0.12248001093750001 0.60962466875 0.15312929375 0.64306025 0.163993171875 0.6530188046875 0.13334389062500002 0.619583225 0.12248001093750001
0 0.598100125 0.20123908125 0.5848220515625 0.242104790625 0.604326140625 0.248442053125 0.6176042140625 0.20757634375 0.598100125 0.20123908125
0 0.5366287234375 0.1992351359375 0.530291459375 0.21873922499999998 0.5479380171875 0.2244729390625 0.5542752796875 0.20496884999999998 0.5366287234375 0.1992351359375
0 0.579149928125 0.3085452421875 0.57100201875 0.3336219265625 0.5942211734375 0.3411662875 0.60236908125 0.3160896015625 0.579149928125 0.3085452421875
0 0.5630870484375 0.369042484375 0.5579568828125 0.38483150781250003 0.571888375 0.389358125 0.5770185390625 0.3735691 0.5630870484375 0.369042484375
0 0.589804525 0.430604675 0.581354840625 0.4566101265625 0.5999301640625 0.46264561562499995 0.608379846875 0.4366401640625 0.589804525 0.430604675
0 0.6339633265625 0.3895045359375 0.6291349359375 0.4043647953125 0.64399519375 0.40919318593750004 0.648823584375 0.3943329265625 0.6339633265625 0.3895045359375
0 0.6660349562500001 0.32240043749999997 0.661206565625 0.3372606953125 0.6816394203125 0.3438997328125 0.6864678109375 0.32903947499999997 0.6660349562500001 0.32240043749999997
0 0.6960440328125 0.30904756093749997 0.6912156421875 0.32390781875 0.7060759 0.32873620937500003 0.710904290625 0.3138759515625 0.6960440328125 0.30904756093749997
0 0.68851139375 0.33381075 0.6740262234375 0.37839152343750004 0.71117686875 0.3904625 0.7256620390624999 0.3458817265625 0.68851139375 0.33381075
0 0.727292178125 0.0927872015625 0.7179371703124999 0.12157895156250001 0.7467289203125 0.1309339578125 0.756083928125 0.10214220781250001 0.727292178125 0.0927872015625
0 0.745450003125 0.1048479484375 0.7379056421875 0.1280671015625 0.7601960296875 0.1353096875 0.7677403890625001 0.11209053437500001 0.745450003125 0.1048479484375
0 0.7845270171875 0.10624983437499999 0.776077334375 0.13225528749999999 0.800225253125 0.14010142187500002 0.8086749359375001 0.1140959703125 0.7845270171875 0.10624983437499999
0 0.8203198890625 0.285251071875 0.8076453640624999 0.32425925 0.85036860625 0.3381408734375 0.8630431312500001 0.29913269531250003 0.8203198890625 0.285251071875
0 0.772186871875 0.43338927031249996 0.7631336390625 0.4612522546875 0.78356649375 0.467891290625 0.7926197265625 0.44002830781249996 0.772186871875 0.43338927031249996
0 0.6914941859375 0.4826417921875 0.688778215625 0.4910006875 0.7073535390625 0.49703617656250004 0.710069509375 0.48867728125000004 0.6914941859375 0.4826417921875
0 0.6191339703125001 0.4904485 0.6121931578125 0.5118101203125 0.6381986093750001 0.5202598046875 0.645139421875 0.4988981828125 0.6191339703125001 0.4904485
0 0.5438762078125 0.5640569453125 0.5354265234375 0.590062396875 0.5586456765625 0.59760675625 0.5670953609375 0.5716013046875 0.5438762078125 0.5640569453125
0 0.5110090109375001 0.546703425 0.49410964375 0.598714328125 0.533117821875 0.611388853125 0.5500171890625001 0.55937795 0.5110090109375001 0.546703425
0 0.5273753703125 0.6685650859375001 0.5225469796875 0.68342534375 0.5411223015625 0.68946083125 0.5459506921874999 0.6746005734375 0.5273753703125 0.6685650859375001
0 0.5658106875 0.626118684375 0.5573610046875 0.6521241359375 0.58336645625 0.66057381875 0.5918161390625001 0.6345683671875 0.5658106875 0.626118684375
0 0.5149791765625 0.703556425 0.504115296875 0.7369920046875 0.5301207484375 0.7454416890625 0.540984628125 0.7120061078125001 0.5149791765625 0.703556425
0 0.44734334843749995 0.7031434015625 0.4401007625 0.7254337890625 0.461462384375 0.7323746 0.4687049703125 0.7100842140625 0.44734334843749995 0.7031434015625
0 0.5751394796875 0.7159159625 0.5642756015625 0.7493515421875 0.594924884375 0.7593100984375 0.6057887625 0.7258745171875 0.5751394796875 0.7159159625
0 0.683203059375 0.7736179562500001 0.6786764437499999 0.7875494484375001 0.6916791703125 0.791774290625 0.6962057859375 0.7778427984375 0.683203059375 0.7736179562500001
0 0.690581828125 0.7082454375 0.687262309375 0.7184618640625 0.7011938015625 0.72298848125 0.7045133203125 0.7127720531249999 0.690581828125 0.7082454375
0 0.796674925 0.6487632734375001 0.7891305640625 0.6719824265625001 0.8049195890625 0.6771125921875 0.8124639484375 0.6538934390625 0.796674925 0.6487632734375001
0 0.884700984375 0.5484989421875001 0.8690087140625 0.5967947812500001 0.8922278671875 0.6043391421875 0.9079201375 0.5560433031249999 0.884700984375 0.5484989421875001
0 0.8483354640625 0.47712759218749995 0.82962545 0.5347110921875 0.8769925234375 0.5501015859375 0.8957025359375 0.49251808593749996 0.8483354640625 0.47712759218749995
0 0.8320688437499999 0.449765646875 0.82573158125 0.4692697359375 0.8461644359375 0.475908771875 0.8525016984375 0.456404684375 0.8320688437499999 0.449765646875
0 0.9129460890625 0.38414399375 0.902383984375 0.4166508078125 0.9441784609375 0.43023065625 0.9547405640625 0.3977238421875 0.9129460890625 0.38414399375
0 0.9267002671875 0.34497320781249996 0.9218718765625 0.359833465625 0.934874603125 0.36405830781250004 0.9397029937499999 0.34919805 0.9267002671875 0.34497320781249996
0 0.7191169859375 0.5414176859375 0.710365528125 0.5683519031250001 0.7307983828125 0.574990940625 0.739549840625 0.5480567234375 0.7191169859375 0.5414176859375
0 0.759927071875 0.588049290625 0.7514773890625001 0.6140547421875 0.7737677749999999 0.621297328125 0.782217459375 0.5952918765625 0.759927071875 0.588049290625
0 0.6982476656250001 0.599326403125 0.691910403125 0.6188304921875 0.7114144921875 0.6251677546875001 0.7177517546875001 0.6056636656250001 0.6982476656250001 0.599326403125
0 0.644518396875 0.5798150671875 0.6354651640625 0.6076780515625 0.6633281484375 0.616731284375 0.6723813796875 0.5888683 0.644518396875 0.5798150671875
0 0.6747018031249999 0.5690858796875 0.6611219562499999 0.61088035625 0.68991370625 0.6202353625 0.7034935546875001 0.5784408859375 0.6747018031249999 0.5690858796875
0 0.769528440625 0.75443311875 0.760173434375 0.78322486875 0.793609015625 0.794088746875 0.802964021875 0.765296996875 0.769528440625 0.75443311875
0 0.7842525171875 0.802343640625 0.7797259000000001 0.8162751328125 0.7983012234375 0.8223106203125001 0.8028278390624999 0.8083791281250001 0.7842525171875 0.802343640625
0 0.8536037265624999 0.76429491875 0.843343396875 0.7958729671875 0.8739926796875 0.805831521875 0.884253009375 0.7742534734375 0.8536037265624999 0.76429491875
0 0.87177199375 0.920113659375 0.8875610187499999 0.9252438234374999 0.8981231218750001 0.892737009375 0.8823340984374999 0.8876068437500001 0.87177199375 0.920113659375
0 0.7897168484375 0.9119350609374999 0.7821724890625 0.9351542140625 0.8063204078125 0.9430003484375 0.81386476875 0.9197811953125001 0.7897168484375 0.9119350609374999
0 0.661651125 0.8636496640625 0.6550120875000001 0.88408251875 0.667086046875 0.8880055859375 0.673725084375 0.8675727312499999 0.661651125 0.8636496640625
0 0.6691485984375001 0.8342543640625 0.6661308546875 0.8435420265625 0.673560984375 0.845956221875 0.676578728125 0.8366685593750001 0.6691485984375001 0.8342543640625
0 0.5231624609375001 0.8458626609375001 0.5119968078125 0.8802270078125 0.5482186875 0.8919962109374999 0.5593843406250001 0.8576318640625 0.5231624609375001 0.8458626609375001
0 0.523368971875 0.8120447484375 0.51884235625 0.825976240625 0.52998755 0.8295975328124999 0.534514165625 0.8156660406249999 0.523368971875 0.8120447484375
0 0.47400669375 0.8185959796875 0.46284104062500003 0.8529603265624999 0.48048759687500003 0.8586940406249999 0.49165325 0.82432969375 0.47400669375 0.8185959796875
0 0.43299755468749995 0.9084665703124999 0.422737225 0.94004461875 0.4598878703125 0.9521155953125 0.4701482 0.9205375468750001 0.43299755468749995 0.9084665703124999
0 0.4006152015625 0.853278296875 0.3942779390625 0.8727823859375 0.40820943125 0.8773090031249999 0.41454669375000003 0.8578049140624999 0.4006152015625 0.853278296875
0 0.38576368125 0.8089202312499999 0.3800299671875 0.8265667875 0.3958189921875 0.831696953125 0.40155270625000006 0.8140503953125 0.38576368125 0.8089202312499999
0 0.3175697 0.7960040296875001 0.3073093703125 0.827582078125 0.346317546875 0.8402566046875 0.3565778765625 0.80867855625 0.3175697 0.7960040296875001
0 0.304723828125 0.8734622312500001 0.298386565625 0.8929663187499999 0.31510435625 0.898398259375 0.32144161875 0.8788941703125 0.304723828125 0.8734622312500001
0 0.3078570828125 0.6963272640625 0.3027269171875 0.7121162875 0.3185159421875 0.717246453125 0.32364610781250003 0.701457428125 0.3078570828125 0.6963272640625
0 0.2951576234375 0.7117105125000001 0.29304520156249997 0.7182118749999999 0.3023328640625 0.72122961875 0.30444528437499996 0.71472825625 0.2951576234375 0.7117105125000001
0 0.3256822328125 0.603544421875 0.31361125625 0.6406950671875 0.3461180703125 0.651257171875 0.35818904687500003 0.6141065265625001 0.3256822328125 0.603544421875
0 0.29051805625 0.6090613953124999 0.28418079375 0.6285654843749999 0.29811228437500004 0.6330921 0.30444954687500003 0.6135880109375 0.29051805625 0.6090613953124999
0 0.299464303125 0.5467652265625 0.29161816875 0.5709131468749999 0.308335959375 0.5763450859375 0.31618209375 0.5521971671875 0.299464303125 0.5467652265625
0 0.27443301249999996 0.5242566078124999 0.27111349375 0.534473034375 0.2804011546875 0.5374907796875 0.2837206734375 0.5272743515625 0.27443301249999996 0.5242566078124999
0 0.2142654609375 0.571963603125 0.20249625937500002 0.6081854812499999 0.2415044375 0.62086000625 0.2532736390625 0.584638128125 0.2142654609375 0.571963603125
0 0.18061015625000001 0.5728367453125001 0.17457466875 0.5914120671875 0.19686505468749999 0.598654653125 0.20290054375 0.5800793296875 0.18061015625000001 0.5728367453125001
0 0.1596792453125 0.5819515671875 0.153040209375 0.602384421875 0.17068676562500001 0.6081181359375 0.177325803125 0.58768528125 0.1596792453125 0.5819515671875
0 0.1500164984375 0.5295246578125 0.1415668140625 0.5555301109374999 0.1629284359375 0.5624709218749999 0.17137811875 0.5364654703125 0.1500164984375 0.5295246578125
0 0.17961830781250002 0.50320421875 0.169357978125 0.5347822671875 0.20093602656249998 0.5450425984375 0.21119635625000002 0.51346455 0.17961830781250002 0.50320421875
0 0.1793794046875 0.4107129234375 0.1688173 0.44321973750000004 0.1901789203125 0.45016054843750003 0.200741025 0.417653734375 0.1793794046875 0.4107129234375
0 0.202074075 0.3898493578125 0.193926165625 0.41492604375 0.2134302546875 0.42126330625 0.2215781640625 0.3961866203125 0.202074075 0.3898493578125
0 0.22972458125 0.350573078125 0.221878446875 0.3747209984375 0.24231130156249997 0.381360034375 0.2501574359375 0.357212115625 0.22972458125 0.350573078125
0 0.22026855625000002 0.42707906875 0.21453484218750002 0.4447256265625 0.24054029375 0.453175309375 0.2462740078125 0.435528753125 0.22026855625000002 0.42707906875
0 0.1205419203125 0.389541828125 0.109979815625 0.4220486421875 0.13598526718749998 0.43049832656250003 0.146547371875 0.39799151250000003 0.1205419203125 0.389541828125
0 0.04932145625 0.425442965625 0.044493065625 0.4403032234375 0.0630683890625 0.4463387109375 0.06789677968749999 0.431478453125 0.04932145625 0.425442965625
0 0 0.47616065937499996 0.01159518125 0.4799281625 0.019139540625 0.45670900937500003 0 0.45049019531249995 0 0.47616065937499996
0 0.0066762140625 0.6862606546875 0.0009425 0.7039072125 0.017660290625 0.7093391515625 0.0233940046875 0.6916925953125 0.0066762140625 0.6862606546875
0 0.01656166875 0.76802425625 0.01022440625 0.78752834375 0.0241558984375 0.7920549609374999 0.030493160937500003 0.7725508718749999 0.01656166875 0.76802425625
0 0.07341268437500001 0.7716074015625 0.067075421875 0.7911114890625 0.09122334062500001 0.798957625 0.097560603125 0.7794535359375 0.07341268437500001 0.7716074015625
0 0.0889628046875 0.68424626875 0.08443618750000001 0.6981777609375001 0.10022521250000001 0.7033079265625 0.10475182812499999 0.689376434375 0.0889628046875 0.68424626875
0 0.101528853125 0.5902680515625 0.09338094375 0.6153447375 0.1305315890625 0.6274157140625001 0.1386794984375 0.6023390281250001 0.101528853125 0.5902680515625
0 0.12298872031250001 0.6711717234375 0.1184621046875 0.685103215625 0.13517989531250002 0.6905351546875 0.1397065109375 0.6766036625 0.12298872031250001 0.6711717234375
0 0.1673572296875 0.8000781968749999 0.1637359359375 0.8112233906249999 0.1748811296875 0.8148446828125 0.178502421875 0.8036994890625 0.1673572296875 0.8000781968749999
0 0.166963175 0.809191528125 0.16364365625 0.8194079546875 0.1720025515625 0.822123925 0.1753220703125 0.8119074968750001 0.166963175 0.809191528125
0 0.1971303859375 0.735307734375 0.1889824765625 0.7603844203125 0.20848656562499998 0.7667216828125001 0.216634475 0.7416449968750001 0.1971303859375 0.735307734375
0 0.18976483125000002 0.822761146875 0.1822204703125 0.8459803000000001 0.20172455937499997 0.8523175625 0.20926891875 0.829098409375 0.18976483125000002 0.822761146875
0 0.15467247343749999 0.8580791937500001 0.1519565046875 0.8664380890625001 0.1640304640625 0.8703611562500001 0.166746434375 0.8620022609375001 0.15467247343749999 0.8580791937500001
0 0.11473403906249999 0.8245660375 0.10839677656249999 0.8440701265625 0.1316159296875 0.8516144875 0.1379531921875 0.8321103984375 0.11473403906249999 0.8245660375
0 0.0977021171875 0.3302663875 0.0913648546875 0.3497704765625 0.10436757968749999 0.35399531875 0.11070484218750001 0.3344912296875 0.0977021171875 0.3302663875
0 0.1005440390625 0.29781818125 0.09420677656250001 0.31732226875 0.10813826875000002 0.3218488859375 0.11447553125000001 0.30234479687500004 0.1005440390625 0.29781818125
0 0.1226586046875 0.2819002203125 0.1181319890625 0.2958317125 0.1311347140625 0.3000565546875 0.1356613296875 0.28612506249999997 0.1226586046875 0.2819002203125
0 0.118425025 0.334432621875 0.113596634375 0.34929288125 0.13031442499999998 0.3547248203125 0.135142815625 0.33986456249999997 0.118425025 0.334432621875
0 0.188301996875 0.18257786874999998 0.17713634375 0.216942215625 0.2272897140625 0.23323803281250002 0.2384553671875 0.1988736875 0.188301996875 0.18257786874999998
0 0.2519269515625 0.264859984375 0.241968396875 0.29550926718750004 0.2698313796875 0.3045624984375 0.2797899359375 0.2739132171875 0.2519269515625 0.264859984375
0 0.2825293484375 0.26864239375 0.2740796640625 0.2946478453125 0.30194264843749996 0.30370107812499997 0.31039233125 0.2776956265625 0.2825293484375 0.26864239375
0 0.0561829890625 0.27159598906250004 0.050147501562499995 0.29017131093750004 0.0752241859375 0.2983192203125 0.081259675 0.279743896875 0.0561829890625 0.27159598906250004
0 0.2105672375 0.0034447125 0.2030228765625 0.026663865624999998 0.2299570953125 0.0354153234375 0.2375014546875 0.0121961703125 0.2105672375 0.0034447125
0 0.312037175 0.06721885 0.3044928140625 0.090438003125 0.3314270328125 0.0991894609375 0.3389713921875 0.0759703078125 0.312037175 0.06721885
0 0.329156265625 0.0034709265624999997 0.3185941609375 0.035977740625 0.34738591093750004 0.045332746875 0.357948015625 0.0128259328125 0.329156265625 0.0034709265624999997
0 0.31904255937500003 0.1357248359375 0.31421416875 0.1505850953125 0.33371825781250003 0.1569223578125 0.33854664843750004 0.1420620984375 0.31904255937500003 0.1357248359375
0 0.3277984921875 0.1704011875 0.3232718765625 0.1843326796875 0.3353458359375 0.188255746875 0.33987245312500003 0.17432425468749999 0.3277984921875 0.1704011875
0 0.86338135 0.16062208125 0.8507068249999999 0.1996302578125 0.89714513125 0.21471897968749998 0.90981965625 0.17571080156250002 0.86338135 0.16062208125
0 0.9156324375 0.1277987875 0.9089934 0.1482316421875 0.9349988515625001 0.156681325 0.9416378890624999 0.1362484703125 0.9156324375 0.1277987875
0 1 0.186016028125 0.9729859828125 0.17723864218750002 0.962423878125 0.20974545625 0.9986457578125 0.22151465781250002 1 0.21734672968750002 1 0.186016028125
0 0.968937175 0.3761527265625 0.964410559375 0.39008421875 0.9801995828125 0.395214384375 0.9847261984375001 0.3812828921875 0.968937175 0.3761527265625
0 0.1866202859375 0.205134865625 0.18239544531250002 0.2181375921875 0.20840089687500002 0.22658727500000003 0.21262573749999997 0.21358454999999998 0.1866202859375 0.205134865625
0 0.020826149999999998 0.8212642078125001 0.017506631249999998 0.8314806359375 0.0305093578125 0.8357054765624999 0.0338288765625 0.8254890500000001 0.020826149999999998 0.8212642078125001
0 0.052300196875 0.8381650671875001 0.0483771296875 0.8502390265624999 0.0641661546875 0.855369190625 0.068089221875 0.8432952312499999 0.052300196875 0.8381650671875001
0 0.22055455781250002 0.6884973249999999 0.20788003281249998 0.727505503125 0.251532040625 0.7416889 0.2642065671875 0.702680721875 0.22055455781250002 0.6884973249999999
0 0.1978583953125 0.688824034375 0.1954442 0.6962541640625 0.20566062812500002 0.69957368125 0.2080748234375 0.692143553125 0.1978583953125 0.688824034375
0 0.48694225468749996 1 0.4875677859375 0.9980748140625 0.456918503125 0.9881162578125 0.4530572421875 1 0.48694225468749996 1
0 0.8307272671874999 0.6798505125000001 0.8265024249999999 0.6928532390625 0.849721578125 0.7003975984374999 0.8539464203125 0.6873948734375 0.8307272671874999 0.6798505125000001
0 0.8309719265625001 0.6917384203125 0.8264453093749999 0.7056699125 0.8366617375000001 0.70898943125 0.841188353125 0.6950579390625 0.8309719265625001 0.6917384203125
0 0.8171883375 0.645673709375 0.797874775 0.7051147421875 0.832239121875 0.7162803953125 0.8515526843749999 0.6568393625 0.8171883375 0.645673709375
0 0.734918940625 1 0.739175390625 0.9868999984375 0.7224576 0.9814680593749999 0.7179309843749999 0.9953995515624999 0.7320897078125 1 0.734918940625 1