0 0.5373287437500001 0.08956613125 0.5219360421875 0.0833470765625 0.5153511609375 0.0996452296875 0.5307438624999999 0.10586428437499999 0.5373287437500001 0.08956613125
0 0.66432551875 0.151935353125 0.648027365625 0.145350471875 0.64107665625 0.162554078125 0.6573748109374999 0.169138959375 0.66432551875 0.151935353125
0 0.5221202265625 0.187167265625 0.49586209062500003 0.17655828906249998 0.48598476875 0.2010055203125 0.5122429046875 0.2116144953125 0.5221202265625 0.187167265625
0 0.47380311875 0.2624389796875 0.44482862343749996 0.2507325234375 0.439341221875 0.2643143171875 0.4683157171875 0.27602077343750003 0.47380311875 0.2624389796875
0 0.4920683859375 0.3293276234375 0.4549448140625 0.3143287265625 0.44543331718749996 0.337870503125 0.482556890625 0.3528694 0.4920683859375 0.3293276234375
0 0.596058134375 0.3587031296875 0.5716109046875 0.3488258078125 0.5628310625 0.3705566796875 0.5872782921875 0.38043400156249996 0.596058134375 0.3587031296875
0 1 0.1832842453125 0.98168551875 0.1758847140625 0.970710715625 0.20304830312500002 1 0.21488194218749998 1 0.1832842453125
0 0.9110006281249999 0.1383734828125 0.915024721875 0.1284135 0.8969156625 0.12109696562500001 0.89289156875 0.1310569484375 0.9110006281249999 0.1383734828125
0 0.8405194203124999 0.3036964390625 0.8187885484375 0.294916596875 0.8114720140625 0.31302565625 0.8332028843750001 0.3218054984375 0.8405194203124999 0.3036964390625
0 0.5929570859375 0.3116335625 0.5730371203125 0.303585375 0.5664522390625 0.319883528125 0.5863722046875 0.32793171718749997 0.5929570859375 0.3116335625
0 0.6747821 0.378923853125 0.6494294171874999 0.36868070468749997 0.6428445359375 0.3849788578125 0.66819721875 0.3952220078125 0.6747821 0.378923853125
0 0.6951177015625001 0.34553633437500003 0.686968625 0.34224389375 0.6844078375 0.348582065625 0.6925569140625 0.35187450625 0.6951177015625001 0.34553633437500003
0 0.4611225375 0.2847003625 0.4520680078125 0.2810420953125 0.4495072203125 0.287380265625 0.45856175 0.291038534375 0.4611225375 0.2847003625
0 0.5516915734375 0.3929140765625 0.5353934203125 0.3863291953125 0.5306376734375 0.398100084375 0.5469358265625 0.404684965625 0.5516915734375 0.3929140765625
0 0.3294933703125 0.224672559375 0.318627934375 0.22028263906249998 0.313506359375 0.2329589796875 0.3243717953125 0.23734890156250002 0.3294933703125 0.224672559375
0 0.3952542234375 0.348667903125 0.35269793437499997 0.3314740453125 0.339893996875 0.3631649 0.3824502875 0.3803587578125 0.3952542234375 0.348667903125
0 0.7243675203125 0.4347683875 0.6999202890625 0.42489106562499995 0.6926037546875 0.443000125 0.7170509843749999 0.452877446875 0.7243675203125 0.4347683875
0 0.7950608890625 0.4175137015625 0.7624645812499999 0.4043439390625 0.7533189124999999 0.4269802625 0.7859152203125 0.44015002656249996 0.7950608890625 0.4175137015625
0 0.85680973125 0.4171836953125 0.81153708125 0.3988923578125 0.8012939328125 0.42424504062499996 0.84656658125 0.44253637812499996 0.85680973125 0.4171836953125
0 0.5935761953124999 0.0806938796875 0.5818053062499999 0.07593813125 0.5799761734375 0.080465396875 0.5917470609375 0.08522114374999999 0.5935761953124999 0.0806938796875
0 0.696414415625 0.1806989578125 0.6864544328125 0.1766748640625 0.681332859375 0.18935120625 0.6912928421875 0.1933753 0.696414415625 0.1806989578125
0 0.91627374375 0.5528539140625 0.8664738296875001 0.5327334421875001 0.854401546875 0.5626133906249999 0.9042014609375 0.5827338625 0.91627374375 0.5528539140625
0 0.9547828375 0.5605131734375 0.935768325 0.5528308109375 0.925525175 0.5781834953125 0.9445396875000001 0.58586585625 0.9547828375 0.5605131734375
0 0.4080551921875 0.448632921875 0.398095209375 0.44460882812499997 0.39480276875000003 0.4527579046875 0.40476275156249997 0.4567819984375 0.4080551921875 0.448632921875
0 0.317277171875 0.45303322812499996 0.29916811249999997 0.44571669375 0.288193309375 0.47288028281249994 0.30630236875 0.4801968171875 0.317277171875 0.45303322812499996
0 0.149128490625 0.41300805 0.1228703546875 0.40239907500000005 0.1137246859375 0.42503539999999995 0.139982821875 0.43564437500000003 0.149128490625 0.41300805
0 0.07108637031250001 0.43150667499999995 0.0484500453125 0.42236100624999995 0.0363777625 0.45224095468750003 0.0590140875 0.46138662343750003 0.07108637031250001 0.43150667499999995
0 0.059586565625 0.5316594828125 0.0496265828125 0.5276353890625 0.04669996875 0.5348790125 0.0566599515625 0.53890310625 0.059586565625 0.5316594828125
0 0.061486278125 0.6898888750000001 0.0433772171875 0.6825723406249999 0.04081643125 0.6889105109375 0.058925490625 0.696227046875 0.061486278125 0.6898888750000001
0 0.3313786671875 0.7009796171875 0.32413504375 0.698053003125 0.3171843359375 0.715256609375 0.324427959375 0.7181832234375001 0.3313786671875 0.7009796171875
0 0.4203900796875 0.5784274453125 0.4095246453125 0.5740375249999999 0.40293976249999996 0.590335678125 0.4138051984375 0.5947256000000001 0.4203900796875 0.5784274453125
0 0.400609365625 0.7394832 0.3870275703125 0.7339957984375001 0.38263765 0.744861234375 0.39621944375 0.7503486359375 0.400609365625 0.7394832
0 0.6979654671875 0.6226401328125 0.6662746125 0.6098361953125 0.6556656375000001 0.6360943328124999 0.6873564921875001 0.64889826875 0.6979654671875 0.6226401328125
0 0.709672559375 0.6458020953125 0.7033343875 0.6432413078125 0.6960178531250001 0.6613503671875 0.7023560234375 0.6639111546875001 0.709672559375 0.6458020953125
0 0.7620199078125001 0.6895968124999999 0.7357617703125 0.6789878375 0.720397046875 0.7170168625 0.746655184375 0.7276258375 0.7620199078125001 0.6895968124999999
0 0.77846451875 0.7062468046875 0.7666936296875 0.70149105625 0.762303709375 0.7123564921875001 0.7740745984374999 0.717112240625 0.77846451875 0.7062468046875
0 0.8480506578125 0.642201478125 0.8408070343749999 0.6392748640625 0.8371487671875 0.6483293953125 0.8443923906249999 0.6512560078125 0.8480506578125 0.642201478125
0 0.9047563468750001 0.710402096875 0.8875527406250001 0.7034513890625 0.8813336859374999 0.7188440890625001 0.8985372921874999 0.7257947984374999 0.9047563468750001 0.710402096875
0 0.9121190859375 0.7312821984375 0.8949154796875 0.724331490625 0.88723311875 0.743346003125 0.904436725 0.7502967125 0.9121190859375 0.7312821984375
0 0.925581765625 0.7188161125 0.9020399875 0.7093046171874999 0.8950892796875 0.7265082234375 0.91863105625 0.7360197187499999 0.925581765625 0.7188161125
0 0.870038625 0.7337658359375 0.8365368656250001 0.720230246875 0.8219037953124999 0.7564483656250001 0.8554055546875 0.7699839546875 0.870038625 0.7337658359375
0 0.8070647093750001 0.7736246312499999 0.7916720078124999 0.767405575 0.785452953125 0.7827982765625 0.8008456546874999 0.78901733125 0.8070647093750001 0.7736246312499999
0 0.8920764015625 0.7847999390625 0.8694400765625 0.7756542703125 0.8570019671875 0.806439671875 0.8796382921875001 0.815585340625 0.8920764015625 0.7847999390625
0 0.8737261406249999 0.8732323015624999 0.8864024828125 0.8783538765625 0.9120103546875 0.8149721671875 0.8993340140624999 0.8098505921875001 0.8737261406249999 0.8732323015624999
0 0.8174920421874999 0.8520921359375 0.7812739234375 0.8374590656249999 0.7659092000000001 0.875488090625 0.80212731875 0.8901211609375 0.8174920421874999 0.8520921359375
0 0.737747746875 0.7861691390625001 0.7196386875 0.778852603125 0.7126879796875001 0.7960562109375 0.7307970390625 0.8033727453124999 0.737747746875 0.7861691390625001
0 0.6491129718749999 0.6692576078125 0.6056512296875 0.6516979234375 0.5928472921875 0.683388778125 0.6363090359375 0.7009484625 0.6491129718749999 0.6692576078125
0 0.5918513359375 0.7614540015625 0.5746477296875 0.75450329375 0.567697021875 0.7717069000000001 0.584900628125 0.7786576078125 0.5918513359375 0.7614540015625
0 0.633022740625 0.838123953125 0.594993715625 0.8227592296875 0.579263165625 0.8616937078125 0.617292190625 0.87705843125 0.633022740625 0.838123953125
0 0.6220528125 0.8900410421875 0.60484920625 0.8830903343750001 0.5978984984375 0.900293940625 0.6151021046875 0.9072446484375 0.6220528125 0.8900410421875
0 0.6574292765624999 0.8859020718749999 0.63207659375 0.8756589218749999 0.62183344375 0.90101160625 0.647186128125 0.9112547546875 0.6574292765624999 0.8859020718749999
0 0.695833878125 0.949868340625 0.6804411765625 0.9436492859375001 0.6745879484375 0.9581365328125001 0.6899806500000001 0.9643555875 0.695833878125 0.949868340625
0 0.7144412328125 0.9442204921874999 0.70448125 0.9401963984374999 0.69789636875 0.9564945515625001 0.7078563515625 0.960518646875 0.7144412328125 0.9442204921874999
0 0.670313090625 1 0.6816122046875 0.9720337109375 0.6535431609375 0.96069308125 0.641470878125 0.9905730296874999 0.6648034484374999 1 0.670313090625 1
0 0.54253890625 0.9669273953124999 0.5180916765625 0.9570500734375 0.511872621875 0.9724427734375001 0.5363198515625001 0.9823200968749999 0.54253890625 0.9669273953124999
0 0.572360228125 1 0.573443425 0.9973189937500001 0.5381307578125 0.9830517499999999 0.5312832203125 1 0.572360228125 1
0 0.1480816640625 0.819668775 0.1435543984375 0.817839640625 0.1402619578125 0.82598871875 0.1447892234375 0.8278178515624999 0.1480816640625 0.819668775
0 0.0722751984375 0.7948338859375 0.06322066875 0.79117561875 0.060659881250000006 0.7975137890624999 0.0697144109375 0.8011720578125001 0.0722751984375 0.7948338859375
0 0.039857565625 0.8085943546875001 0.0317084890625 0.8053019140625001 0.028416046875 0.813450990625 0.036565125 0.8167434328125 0.039857565625 0.8085943546875001
0 0.33681117656250004 0.310836415625 0.32866209999999996 0.307543975 0.32427217812500003 0.318409409375 0.3324212546875 0.3217018515625 0.33681117656250004 0.310836415625
0 0.2633861890625 0.200596665625 0.252520753125 0.19620674531249999 0.24849665937499998 0.206166728125 0.25936209374999997 0.21055664843750002 0.2633861890625 0.200596665625