0 0.3484083328125 0.5391623296875 0.3904381125 0.5480960359375 0.398356625 0.5108423671875 0.35632684531250003 0.5019086609375 0.3484083328125 0.5391623296875
0 0.3200789703125 0.4422882046875 0.3601983046875 0.4508158328125 0.366898584375 0.41929349687500006 0.3267792484375 0.4107658703125 0.3200789703125 0.4422882046875
0 0.48427605781249994 0.5810208390625 0.5157983921875 0.58772111875 0.5222956328125 0.55715400625 0.49077329843750006 0.5504537265625 0.48427605781249994 0.5810208390625
0 0.4237852578125 0.48280167656249995 0.4572180375 0.48990803281249995 0.4641213546875 0.4574304765625 0.430688575 0.4503241203125 0.4237852578125 0.48280167656249995
0 0.45909379531249994 0.46934076874999997 0.4906161296875 0.4760410484375 0.49691033124999995 0.4464291578125 0.465387996875 0.43972887812500006 0.45909379531249994 0.46934076874999997
0 0.4827965984375 0.44941946875000005 0.5190950437499999 0.45713494062500004 0.5272165953125 0.41892604999999994 0.4909181484375 0.41121057812500006 0.4827965984375 0.44941946875000005
0 0.5003760921875 0.5005791312500001 0.5242566484375 0.5056551 0.531159965625 0.47317754218749997 0.5072794093749999 0.46810157343750003 0.5003760921875 0.5005791312500001
0 0.5440392046875 0.445464534375 0.5746063171875 0.451961775 0.5811035578125 0.4213946625 0.5505364453125 0.414897421875 0.5440392046875 0.445464534375
0 0.5323156874999999 0.40902772187499997 0.56097235625 0.415118884375 0.5668604796875 0.3874174390625 0.5382038125 0.3813262765625 0.5323156874999999 0.40902772187499997
0 0.587024584375 0.5579336359375 0.6204573640625 0.5650399921875 0.6265485265625 0.536383325 0.593115746875 0.52927696875 0.587024584375 0.5579336359375
0 0.5044744703124999 0.669178021875 0.5379072500000001 0.676284378125 0.5458257609375 0.639030709375 0.5123929828125 0.631924353125 0.5044744703124999 0.669178021875
0 0.336163875 0.6413895359375 0.36959665468749997 0.6484958921875 0.37670301093749997 0.6150631140625 0.34327023125 0.60795675625 0.336163875 0.6413895359375
0 0.2276262046875 0.6283029375 0.2601037625 0.6352062546874999 0.2655858078125 0.609415253125 0.23310825156249998 0.6025119359375 0.2276262046875 0.6283029375
0 0.2824362421875 0.6733988828124999 0.309182465625 0.67908396875 0.3166949 0.64374074375 0.2899486765625 0.638055659375 0.2824362421875 0.6733988828124999
0 0.16883200468749998 0.731118675 0.2079961171875 0.7394432640625 0.21368120156249998 0.712697040625 0.17451708906250002 0.7043724515625 0.16883200468749998 0.731118675
0 0.34461132499999997 0.7589971171875 0.3809097703125 0.766712590625 0.389031321875 0.7285037 0.352732875 0.7207882265625 0.34461132499999997 0.7589971171875
0 0.37609681250000004 0.784658775 0.406663925 0.791156015625 0.4129581265625 0.761544125 0.3823910140625 0.755046884375 0.37609681250000004 0.784658775
0 0.284806253125 0.7867195265625 0.3249255875 0.7952471546875 0.33345321562499997 0.75512781875 0.29333388125000004 0.7466001906249999 0.284806253125 0.7867195265625
0 0.49214907812500003 0.7224674296875 0.5208057453125 0.7285585921875 0.5283181796875 0.69321536875 0.4996615125 0.68712420625 0.49214907812500003 0.7224674296875
0 0.5934878953125 0.713057896875 0.6259654515624999 0.7199612140625 0.6344930796875 0.6798418796875 0.6020155234375 0.6729385609375 0.5934878953125 0.713057896875
0 0.6337618593750001 0.7326005656250001 0.6595528609375 0.7380826125 0.6660501015625 0.7075155 0.6402591 0.702033453125 0.6337618593750001 0.7326005656250001
0 0.6565137625 0.6326067859375 0.687080875 0.6391040265625 0.6943902703125 0.604716025 0.6638231578125 0.598218784375 0.6565137625 0.6326067859375
0 0.6811623875 0.5659626906249999 0.7145951671875 0.5730690468749999 0.7206863296875 0.544412378125 0.68725355 0.537306021875 0.6811623875 0.5659626906249999
0 0.64089960625 0.45007877656249995 0.6647801624999999 0.4551547453125 0.6704652484375 0.42840852187499995 0.6465846921875 0.423332553125 0.64089960625 0.45007877656249995
0 0.67666733125 0.44620007812500007 0.7015031109375001 0.4514790859375 0.7088125062499999 0.417091084375 0.6839767265625001 0.4118120765625 0.67666733125 0.44620007812500007
0 0.7376678906249999 0.5020964640625001 0.768235003125 0.5085937046875 0.774326165625 0.47993703749999994 0.743759053125 0.473439796875 0.7376678906249999 0.5020964640625001
0 0.650430865625 0.3981922171875 0.6829084234375 0.405095534375 0.6889995859375 0.376438865625 0.6565220296875001 0.36953554843749997 0.650430865625 0.3981922171875
0 0.642114921875 0.27761744843749997 0.672682034375 0.28411468906250004 0.679179275 0.25354757656250004 0.6486121625 0.24705033593749998 0.642114921875 0.27761744843749997
0 0.6779057703125 0.28772097812499997 0.7084728828125 0.29421821718749996 0.7157822781250001 0.25983021562499997 0.6852151656250001 0.2533329765625 0.6779057703125 0.28772097812499997
0 0.7066104703125 0.17850951875 0.7381328046875 0.18520979843750002 0.7442239671875 0.1565531296875 0.7127016328125 0.1498528515625 0.7066104703125 0.17850951875
0 0.7734991531250001 0.20670445937499998 0.8069319328125 0.2138108171875 0.8120079015625 0.18993025937500002 0.778575121875 0.18282390312500002 0.7734991531250001 0.20670445937499998
0 0.79133695625 0.2284668328125 0.8247697359374999 0.2355731890625 0.8304548203125 0.208826965625 0.7970220421875001 0.201720609375 0.79133695625 0.2284668328125
0 0.7970726124999999 0.149815625 0.8305053921875001 0.15692198125 0.8386269421874999 0.11871309062499999 0.8051941625 0.11160673437499999 0.7970726124999999 0.149815625
0 0.84370075 0.1347672546875 0.868536528125 0.14004626250000002 0.8756428859375 0.10661348281250001 0.8508071062499999 0.101334475 0.84370075 0.1347672546875
0 0.5034526859375 0.1338294296875 0.53115413125 0.139717553125 0.5378544109375001 0.10819521875 0.5101529640625 0.1023070953125 0.5034526859375 0.1338294296875
0 0.4659501078125 0.202234040625 0.505114221875 0.21055863125 0.5126266546875 0.17521540625 0.4734625421875 0.1668908171875 0.4659501078125 0.202234040625
0 0.40347554687500004 0.24486391406250002 0.435953103125 0.2517672328125 0.44123211093750003 0.22693145312500002 0.4087545546875 0.22002813593749998 0.40347554687500004 0.24486391406250002
0 0.43498199687500005 0.3244425203125 0.4693699984375 0.331751915625 0.476070278125 0.30022958125 0.4416822765625 0.292920184375 0.43498199687500005 0.3244425203125
0 0.31479704375 0.3003939890625 0.34536415625 0.3068912296875 0.3516583578125 0.2772793390625 0.3210912453125 0.2707820984375 0.31479704375 0.3003939890625
0 0.223393403125 0.2959412375 0.2587366265625 0.303453671875 0.2662490609375 0.2681104484375 0.23090583750000002 0.2605980140625 0.223393403125 0.2959412375
0 0.2641651859375 0.16283766093750002 0.28900096406250003 0.1681166671875 0.2938738953125 0.14519133281250002 0.269038115625 0.139912325 0.2641651859375 0.16283766093750002
0 0.34470841406249997 0.1784600828125 0.3733650828125 0.1845512453125 0.3800653609375 0.15302891093749998 0.35140869375 0.14693774843750002 0.34470841406249997 0.1784600828125
0 0.25606168125 0.08823350468749999 0.2990466828125 0.0973702484375 0.3071682328125 0.0591613578125 0.26418323125 0.05002461406249999 0.25606168125 0.08823350468749999
0 0.3442535484375 0.089008434375 0.37386543906249997 0.0953026359375 0.38015964062499996 0.06569074531249999 0.35054775 0.059396543749999996 0.3442535484375 0.089008434375
0 0.4018898671875 0.0902772375 0.4343674234375 0.0971805546875 0.43944339218749995 0.0732999984375 0.4069658359375 0.06639668125 0.4018898671875 0.0902772375
0 0.3910941265625 0.11993067500000001 0.42643734999999994 0.127443109375 0.4327315515625 0.09783121875 0.397388328125 0.090318784375 0.3910941265625 0.11993067500000001
0 0.363634728125 0.054191231250000006 0.411395840625 0.06434316875 0.420329546875 0.0223133890625 0.37256843281249996 0.0121614515625 0.363634728125 0.054191231250000006
0 0.45901730625 0 0.45219798750000006 0.0320823734375 0.492317321875 0.0406100015625 0.49962671875 0.006222 0.47035451093749997 0 0.45901730625 0
0 0.11267757812500001 0.264920015625 0.1480208015625 0.27243245 0.15472108125 0.24091011562500003 0.11937785625 0.23339768125 0.11267757812500001 0.264920015625
0 0.15933607968750002 0.350714428125 0.1918136359375 0.3576177453125 0.198513915625 0.3260954109375 0.16603635781249998 0.31919209375 0.15933607968750002 0.350714428125
0 0.13804915625 0.4085884703125 0.1724371578125 0.41589786562500003 0.179746553125 0.3815098640625 0.1453585515625 0.37420046875 0.13804915625 0.4085884703125
0 0.2508528015625 0.36168068125 0.2814199140625 0.368177921875 0.28812019375000003 0.3366555875 0.25755308125 0.330158346875 0.2508528015625 0.36168068125
0 0.036906137500000005 0.33018222812500003 0.06651802812499999 0.33647642968749997 0.0740304625 0.3011332046875 0.044418571875 0.294839003125 0.036906137500000005 0.33018222812500003
0 0.08760585625 0.0963558109375 0.07518796718750001 0.0937163078125 0.0670664171875 0.1319251984375 0.07948430625 0.1345647015625 0.08760585625 0.0963558109375
0 0.1063873203125 0.11133010937500001 0.140775321875 0.1186395046875 0.147881678125 0.08520672500000001 0.1134936765625 0.0778973296875 0.1063873203125 0.11133010937500001
0 0.6960264125 0.0474688546875 0.699478071875 0.031230075000000003 0.6670005156250001 0.0243267578125 0.66354885625 0.0405655359375 0.6960264125 0.0474688546875
0 0.7547725828125 0.059955737499999995 0.7582242421875 0.043716959374999996 0.7209705734375 0.035798448437500005 0.7175189140625 0.052037226562500004 0.7547725828125 0.059955737499999995
0 0.7390760875 0.075089365625 0.77632975625 0.0830078765625 0.7826239578124999 0.0533959875 0.7453702890625 0.045477475 0.7390760875 0.075089365625
0 0.7501673624999999 0.10040961718750001 0.7816896984375 0.10710989687500001 0.7877808609375 0.078453228125 0.7562585265624999 0.07175294843749999 0.7501673624999999 0.10040961718750001
0 0.7630675640625 0.1266135578125 0.7917242328125 0.1327047203125 0.799033628125 0.09831671875 0.770376959375 0.09222555625 0.7630675640625 0.1266135578125
0 0.9132957703125 0.129093353125 0.9448181046874999 0.1357936328125 0.9517214218750001 0.103316075 0.9201990875 0.096615796875 0.9132957703125 0.129093353125
0 1 0.1804694296875 0.9801476046875001 0.1762496734375 0.9730412484375 0.20968245156249998 1 0.2154127109375 1 0.1804694296875
0 0.9368078531249999 0.32378310312499997 0.97024063125 0.330889459375 0.9775500265625 0.2965014578125 0.9441172484375 0.2893951015625 0.9368078531249999 0.32378310312499997
0 0.9140490874999999 0.4402486859375 0.9618102015625001 0.450400625 0.9717591000000001 0.4035947328125 0.9239979875 0.39344279531250004 0.9140490874999999 0.4402486859375
0 0.8690868078125 0.4521568171875 0.8958330312499999 0.457841903125 0.9011120390625 0.4330061234375 0.8743658156249999 0.42732103906249996 0.8690868078125 0.4521568171875
0 0.8261180687499999 0.47347410468750006 0.8595508484375 0.48058046093750006 0.8660480875 0.45001334843749996 0.832615309375 0.44290699218749996 0.8261180687499999 0.47347410468750006
0 0.9306433734375 0.493694884375 0.9688522640624999 0.5018164359374999 0.976770775 0.4645627671875 0.9385618843750001 0.4564412171875 0.9306433734375 0.493694884375
0 0.8468219171875001 0.5991779515625 0.8754785843749999 0.6052691140625 0.8827879796874999 0.5708811125000001 0.8541313125000001 0.56478995 0.8468219171875001 0.5991779515625
0 0.7887079875 0.597807628125 0.81736465625 0.603898790625 0.8232527796875001 0.5761973453125 0.7945961125000001 0.5701061828125 0.7887079875 0.597807628125
0 0.770233621875 0.644798134375 0.8179947343749999 0.654950071875 0.8277405953124999 0.609099403125 0.7799794828125 0.598947465625 0.770233621875 0.644798134375
0 0.73002686875 0.7071368687499999 0.7653700921875 0.7146493031250001 0.7738977203124999 0.6745299671875 0.738554496875 0.667017534375 0.73002686875 0.7071368687499999
0 0.8018737390625 0.681474834375 0.8295751843750001 0.6873629578125 0.835666346875 0.6587062890625 0.8079649015625 0.6528181656250001 0.8018737390625 0.681474834375
0 0.8146424343750001 0.7106459609375 0.8432991031249999 0.7167371234375 0.8506084984375001 0.682349121875 0.8219518296875 0.6762579578125 0.8146424343750001 0.7106459609375
0 0.8042643328124999 0.7453800671875 0.8291001124999999 0.750659075 0.8368155859374999 0.7143606296875 0.8119798062499999 0.709081621875 0.8042643328124999 0.7453800671875
0 0.8073792875000001 0.7729984171875001 0.8436777328125 0.780713890625 0.85139320625 0.7444154453125 0.8150947609375001 0.736699971875 0.8073792875000001 0.7729984171875001
0 0.7121731812500001 0.758252821875 0.7456059609375 0.7653591796875 0.7535244718749999 0.7281055109375 0.7200916921875 0.7209991546875 0.7121731812500001 0.758252821875
0 0.8731165703125001 0.7854737390625 0.8989075718749999 0.7909557859375 0.9049987343750001 0.76229911875 0.8792077328125 0.756817071875 0.8731165703125001 0.7854737390625
0 0.8487378187499999 0.8297116609374999 0.8783497078125 0.8360058625000001 0.88403479375 0.8092596390625 0.8544229031249999 0.8029654374999999 0.8487378187499999 0.8297116609374999
0 0.8778583734375 0.8688479484375 0.91033593125 0.8757512671875001 0.9170362093750001 0.84422893125 0.8845586531249999 0.8373256140625 0.8778583734375 0.8688479484375
0 0.9162471796875 0.8620320484375 0.9334411796875 0.865686746875 0.9401414593749999 0.8341644109375 0.9229474578125 0.8305097140625 0.9162471796875 0.8620320484375
0 0.6878522390625 0.8374463125 0.7174641281249999 0.8437405140625 0.7245704859375001 0.8103077359374999 0.6949585953125 0.804013534375 0.6878522390625 0.8374463125
0 0.5849281203125 0.7956015265625 0.621226565625 0.8033170000000001 0.6295511546875 0.7641528859375 0.593252709375 0.7564374140625 0.5849281203125 0.7956015265625
0 0.7566260812500001 0.8919998234375001 0.7910140828125 0.89930921875 0.799338671875 0.8601451062500001 0.7649506703125 0.8528357109375 0.7566260812500001 0.8919998234375001
0 0.7447851609375 0.9289189484374999 0.771531384375 0.934604034375 0.777622546875 0.9059473656250001 0.7508763234375 0.9002622812500001 0.7447851609375 0.9289189484374999
0 0.692748671875 0.9318355640625 0.72618145 0.9389419203125 0.732678690625 0.9083748078125 0.6992459109375 0.9012684515625 0.692748671875 0.9318355640625
0 0.661159503125 0.9465862375 0.6840848375 0.9514591687499999 0.6913942328125 0.9170711671875 0.6684688984375 0.9121982359375 0.661159503125 0.9465862375
0 0.6846870921875 0.9650653046875 0.711433315625 0.970750390625 0.7181335953125 0.9392280546875 0.691387371875 0.9335429703125 0.6846870921875 0.9650653046875
0 0.7870832375 1 0.79016761875 0.9854891234375 0.751958728125 0.9773675734375 0.7471480578125 1 0.7870832375 1
0 0.8491258500000001 0.9406142624999999 0.8806481843749999 0.947314540625 0.887754540625 0.9138817625 0.85623220625 0.9071814828125 0.8491258500000001 0.9406142624999999
0 0.5933976171875 1 0.5975451046875 0.98048760625 0.565067546875 0.9735842874999999 0.5594527140625 1 0.5933976171875 1
0 0.49489771875 0.8997648406250001 0.5283304984375 0.906871196875 0.53563989375 0.8724831953125 0.5022071140625 0.8653768390625001 0.49489771875 0.8997648406250001
0 0.46259753750000004 0.8145264359375 0.49220942812499996 0.8208206375 0.49972186093750004 0.7854774124999999 0.47010997187500003 0.7791832109375 0.46259753750000004 0.8145264359375
0 0.489498390625 0.8312265625 0.52293116875 0.8383329187499999 0.5300375265625 0.8049001406249999 0.496604746875 0.7977937828125 0.489498390625 0.8312265625
0 0.42298363749999995 0.843545471875 0.45832686093749997 0.85105790625 0.465027140625 0.8195355718749999 0.4296839171875 0.8120231375 0.42298363749999995 0.843545471875
0 0.3784921078125 0.8720269265624999 0.41096966406249996 0.87893024375 0.41909121562499996 0.840721353125 0.3866136578125 0.8338180359375 0.3784921078125 0.8720269265624999
0 0.3804603625 0.9073885734375 0.4138931421875 0.9144949296875 0.4214055765625 0.87915170625 0.387972796875 0.8720453499999999 0.3804603625 0.9073885734375
0 0.4147193984375 0.9810627921874999 0.41228293281250006 0.9925254593749999 0.439984378125 0.9984135828125 0.44242084375 0.986950915625 0.4147193984375 0.9810627921874999
0 0.2478622203125 0.90416345625 0.28129499999999996 0.9112698124999999 0.28840135624999996 0.8778370328125 0.254968578125 0.8707306765625 0.2478622203125 0.90416345625
0 0.1954843265625 0.9274742828125 0.22700666093750002 0.9341745609375 0.23411301718750002 0.9007417828125 0.2025906828125 0.894041503125 0.1954843265625 0.9274742828125
0 0.221812909375 0.9280786984375 0.2169399796875 0.9510040328124999 0.2551488703125 0.9591255828125 0.26002179999999997 0.9362002484374999 0.221812909375 0.9280786984375
0 0.1618528296875 0.8414537078125001 0.1991064984375 0.8493722203124999 0.2062128546875 0.815939440625 0.1689591875 0.8080209281249999 0.1618528296875 0.8414537078125001
0 0.2224700578125 0.8099104109375 0.2559028375 0.8170167671874999 0.2654456578125 0.7721213203125 0.2320128796875 0.7650149640625 0.2224700578125 0.8099104109375
0 0.10737911874999999 0.6491682765625 0.1408118984375 0.6562746328125 0.148527371875 0.6199761859375 0.1150945921875 0.6128698296875 0.10737911874999999 0.6491682765625
0 0.15964139375 0.555946309375 0.2035816171875 0.5652860921875 0.2129214015625 0.5213458671875 0.1689811765625 0.5120060843750001 0.15964139375 0.555946309375
0 0 0.5684381296875001 0.008349584375 0.5702128890625 0.015049864062500001 0.538690553125 0 0.53549160625 0 0.5684381296875001
0 0 0.7790962 0.0280754640625 0.785063825 0.03477574375 0.753541490625 0 0.746149678125 0 0.7790962
0 0 0.836503021875 0.0144902921875 0.839583028125 0.02078449375 0.8099711375 0 0.8055532578125 0 0.836503021875
0 0.019104912499999998 0.8460549828125 0.052537690625 0.853161340625 0.05903493125 0.8225942281249999 0.025602151562499998 0.8154878703125 0.019104912499999998 0.8460549828125
0 0.707756790625 0.0674338640625 0.7192194578125 0.0698703296875 0.7210468078125001 0.061273328125000005 0.709584140625 0.05883686406250001 0.707756790625 0.0674338640625
0 0.8828518953125 0.38270016406249996 0.8904936734375 0.384324475 0.8929301390625 0.3728618078125 0.8852883609375001 0.37123749687499996 0.8828518953125 0.38270016406249996
0 0.7933218515625 0.39761486874999996 0.8143367421875001 0.402081721875 0.8173823234375 0.3877533875 0.7963674328125 0.383286534375 0.7933218515625 0.39761486874999996
0 0.7956019046875 0.5184042375 0.8099302390625001 0.5214498187500001 0.81277278125 0.50807670625 0.7984444468749999 0.505031125 0.7956019046875 0.5184042375
0 0.8150604515625 0.8190589875000001 0.833209675 0.8229167234375 0.836661334375 0.8066779453124999 0.8185121109375 0.8028202078125 0.8150604515625 0.8190589875000001
0 0.569127565625 0.747815128125 0.5863215671875001 0.751469825 0.5889610703125 0.7390519359375001 0.5717670703125 0.7353972390625 0.569127565625 0.747815128125
0 0.7300113625 0.883347553125 0.739563584375 0.885377940625 0.7422030890625 0.87296005 0.7326508656249999 0.8709296625 0.7300113625 0.883347553125
0 0.608746921875 0.9489237234375001 0.6211648109375 0.9515632265624999 0.6238043156249999 0.9391453375 0.6113864265625 0.936505834375 0.608746921875 0.9489237234375001
0 0.3650860921875 0.7049439640624999 0.381324871875 0.7083956234375 0.383964375 0.6959777328125 0.367725596875 0.692526075 0.3650860921875 0.7049439640624999
0 0.5765879171875 0.35104745937500004 0.5909162515624999 0.354093040625 0.5929466390625 0.3445408171875 0.5786183046875 0.3414952359375 0.5765879171875 0.35104745937500004