0 0.7714682359375 0.9285957359375001 0.7569830640624999 0.9731765093750001 0.8015638375 0.98766168125 0.8160490093749999 0.94308090625 0.7714682359375 0.9285957359375001
0 0.796774875 0.906013803125 0.788626965625 0.9310904890625 0.8118461187499999 0.93863485 0.8199940281250001 0.9135581640625 0.796774875 0.906013803125
0 0.8424497953125 0.8002033015625001 0.8282663984375 0.8438553093750001 0.872847171875 0.85834048125 0.88703056875 0.8146884734375 0.8424497953125 0.8002033015625001
0 0.6474457765625 0.9247504546875 0.6341677015625 0.9656161640625 0.677819709375 0.9797995625 0.6910977843749999 0.9389338515625001 0.6474457765625 0.9247504546875
0 0.8276362109375001 0.63880024375 0.799571190625 0.72517549375 0.8525108609375 0.742376634375 0.8805758796875001 0.656001384375 0.8276362109375001 0.63880024375
0 0.8764403359375 0.6197458328125001 0.8710083953125001 0.6364636234375001 0.9128028718750001 0.650043471875 0.9182348109375 0.63332568125 0.8764403359375 0.6197458328125001
0 0.7102864609374999 0.5986173609375001 0.698215484375 0.63576800625 0.7372236625 0.64844253125 0.7492946390624999 0.6112918859375001 0.7102864609374999 0.5986173609375001
0 0.7734453296875 0.49746092031250005 0.76620274375 0.5197513078125 0.78849313125 0.5269938921875 0.7957357171874999 0.50470350625 0.7734453296875 0.49746092031250005
0 0.8261371453124999 0.2989496265625 0.8089360031249999 0.351889296875 0.8683770359375 0.37120285937499997 0.8855781765625 0.3182631890625 0.8261371453124999 0.2989496265625
0 0.5807468171875 0.396857090625 0.5481551812500001 0.4971638328125 0.6781824390625 0.53941225 0.710774075 0.4391055078125 0.5807468171875 0.396857090625
0 0.426585065625 0.5315942453125 0.4060644046875 0.5947503421875 0.4729355671875 0.6164780984375 0.4934562265625 0.5533220015625 0.426585065625 0.5315942453125
0 0.365759621875 0.4722983453125 0.3440318640625 0.53916950625 0.42669205000000004 0.5660274281250001 0.4484198078125 0.4991562671875 0.365759621875 0.4722983453125
0 0.45912427187500005 0.668465559375 0.44162135625000004 0.7223339953125001 0.48620213124999995 0.7368191671875 0.5037050468750001 0.6829507312499999 0.45912427187500005 0.668465559375
0 0.43321706718749997 0.7339787359375001 0.4232585125 0.7646280187500001 0.45390779375 0.7745865734375 0.46386635 0.743937290625 0.43321706718749997 0.7339787359375001
0 0.389985540625 0.7548437921875 0.3697666546875 0.8170711234375 0.4227063234375 0.8342722640625 0.44292520937499996 0.772044934375 0.389985540625 0.7548437921875
0 0.3943263171875 0.8994953875 0.3735038828125 0.9635802515625 0.4375887453125 0.9844026859375001 0.4584111796875 0.9203178218750001 0.3943263171875 0.8994953875
0 0.33208428125 0.8366587546875 0.3073387796875 0.9128175765625001 0.380711303125 0.9366577546875 0.40545680468749995 0.8604989328125001 0.33208428125 0.8366587546875
0 0.191021796875 0.8662959406249999 0.1768384 0.9099479484374999 0.20563015 0.9193029546875 0.219813546875 0.875650946875 0.191021796875 0.8662959406249999
0 0.17545526875 0.727751653125 0.14859734687499998 0.8104118390625 0.2312575328125 0.8372697609375 0.2581154546875 0.754609575 0.17545526875 0.727751653125
0 0.06973108125000001 0.5917447421875 0.059168976562499996 0.6242515578125001 0.08796072656250001 0.6336065640624999 0.09852283125 0.60109975 0.06973108125000001 0.5917447421875
0 0 0.5629268296875 0.030676017187499998 0.572894071875 0.07051023906250001 0.45029694375 0.02035686875 0.434001125 0 0.49665312500000003 0 0.5629268296875
0 0.1760055421875 0.3120689234375 0.140999709375 0.41980579375 0.2413064515625 0.45239743125 0.27631228281250003 0.344660559375 0.1760055421875 0.3120689234375
0 0.1434987265625 0.30150681874999996 0.1229780671875 0.364662915625 0.154556115625 0.3749232453125 0.17507677500000002 0.31176714843750003 0.1434987265625 0.30150681874999996
0 0.496559859375 0.1282007234375 0.48298001093750004 0.16999519999999999 0.5331333828125 0.18629101718750002 0.54671323125 0.14449654218750002 0.496559859375 0.1282007234375
0 0.577935371875 0.209576025 0.571899884375 0.228151346875 0.5979053359375001 0.23660103124999998 0.6039408234375 0.2180257078125 0.577935371875 0.209576025
0 0.4900335625 0.1024633734375 0.485205171875 0.1173236328125 0.5223558171875 0.1293946078125 0.5271842078125 0.11453435000000001 0.4900335625 0.1024633734375
0 0.514503715625 0.071395103125 0.50695935625 0.09461425625 0.54411 0.1066852328125 0.5516543609375 0.0834660796875 0.514503715625 0.071395103125
0 0.428594340625 0.0640178265625 0.4162215890625 0.1020972375 0.453372234375 0.1141682140625 0.4657449859375 0.076088803125 0.428594340625 0.0640178265625