0 0.751630096875 0.354309365625 0.7801968921875 0.31351175468750003 0.744998953125 0.2888658921875 0.7164321578124999 0.32966350312500003 0.751630096875 0.354309365625
0 1 0.2593871578125 0.9875337265624999 0.2506581796875 0.9645682640625 0.2834562609375 1 0.3082658296875 1 0.2593871578125
0 0.7741433140625 0.12210345156249999 0.79318784375 0.09490504375 0.7547900921874999 0.0680186484375 0.7357455609375 0.09521705625 0.7741433140625 0.12210345156249999
0 0.28517481718750004 0.3334835921875 0.3042193484375 0.30628518437499996 0.27142126875 0.283319721875 0.2523767375 0.31051812968750003 0.28517481718750004 0.3334835921875
0 0.1685052875 0.512874334375 0.190350484375 0.4816761609375 0.150352825 0.4536695 0.1285076296875 0.48486767343750004 0.1685052875 0.512874334375
0 0.36154169375 0.8799155234375 0.3929091546875 0.835118146875 0.3369124328125 0.7959088203125 0.30554497187499996 0.840706196875 0.36154169375 0.8799155234375
0 0.5461495640625 0.8750610453125001 0.5663143609375 0.8462627312500001 0.54311571875 0.8300188671875001 0.5229509218749999 0.8588171812500001 0.5461495640625 0.8750610453125001
0 0.64637855 0.9821991796875 0.6855878765625001 0.9262024578125001 0.6311910609375 0.8881133968749999 0.591981734375 0.94411011875 0.64637855 0.9821991796875
0 0.763370053125 0.78872793125 0.78521525 0.7575297578125 0.7524171703125 0.7345642953125 0.7305719734375 0.76576246875 0.763370053125 0.78872793125
0 0.407587146875 0.56642971875 0.42775194375 0.5376314046874999 0.40615320781250003 0.5225078078125 0.38598841093749997 0.5513061218749999 0.407587146875 0.56642971875
0 0.20600184062500002 0.691726528125 0.2239261046875 0.6661280265625 0.1719291484375 0.629719365625 0.15400488437499998 0.6553178671875 0.20600184062500002 0.691726528125
0 0.5293397828125 0.3661588703125 0.5551059125 0.3293610234375 0.5359070359375 0.3159178265625 0.5101409078125 0.352715671875 0.5293397828125 0.3661588703125
0 0.833653921875 0.4934062109375 0.8554991187500001 0.46220803750000006 0.8363002421875001 0.4487648390625 0.8144550453124999 0.4799630125 0.833653921875 0.4934062109375
0 0.2361615 0.4153999578125 0.2552060296875 0.38820155 0.22240795000000002 0.3652360875 0.20336341875000002 0.39243449531249996 0.2361615 0.4153999578125
0 0.2583153875 0.4654849953125 0.278480184375 0.43668668125 0.24968187031250003 0.416521884375 0.2295170734375 0.44532019843750004 0.2583153875 0.4654849953125
0 0.31402334062500004 0.2803655390625 0.338669203125 0.24516759999999999 0.307471028125 0.22332240312499999 0.282825165625 0.25852034375 0.31402334062500004 0.2803655390625
0 0.0745987546875 0.3898964640625 0.0975642171875 0.357098384375 0.06636604375 0.3352531875 0.04340058125 0.3680512671875 0.0745987546875 0.3898964640625
0 0.8707198109375 0.31788453125 0.8920048749999999 0.2874863109375 0.8608067 0.265641115625 0.8395216375000001 0.2960393359375 0.8707198109375 0.31788453125