0 0.74169921875 0.41259765625 0.53857421875 0.41259765625 0.53857421875 0.62060546875 0.74169921875 0.62060546875 0.74169921875 0.41259765625
0 0.36474609375 0.68994140625 0.20458984375 0.68994140625 0.20458984375 0.84716796875 0.36474609375 0.84716796875 0.36474609375 0.68994140625
0 0.283203125 0.81103515625 0.208984375 0.81103515625 0.208984375 0.87353515625 0.283203125 0.87353515625 0.283203125 0.81103515625
0 0.44970703125 0.6708984375 0.35498046875 0.6708984375 0.35498046875 0.7587890625 0.44970703125 0.7587890625 0.44970703125 0.6708984375
0 0.154296875 0.580078125 0.0615234375 0.580078125 0.0615234375 0.66796875 0.154296875 0.66796875 0.154296875 0.580078125
0 0.36669921875 0.41064453125 0.29541015625 0.41064453125 0.29541015625 0.46044921875 0.36669921875 0.46044921875 0.36669921875 0.41064453125
0 0.67724609375 0.74951171875 0.61279296875 0.74951171875 0.61279296875 0.79931640625 0.67724609375 0.79931640625 0.67724609375 0.74951171875
0 0.744140625 0.83544921875 0.701171875 0.83544921875 0.701171875 0.86181640625 0.744140625 0.86181640625 0.744140625 0.83544921875
0 0.80615234375 0.79443359375 0.76513671875 0.79443359375 0.76513671875 0.83056640625 0.80615234375 0.83056640625 0.80615234375 0.79443359375
0 0.67236328125 0.9423828125 0.62451171875 0.9423828125 0.62451171875 0.9736328125 0.67236328125 0.9736328125 0.67236328125 0.9423828125
0 0.970703125 0.09326171875 0.873046875 0.09326171875 0.873046875 0.16943359375 0.970703125 0.16943359375 0.970703125 0.09326171875
0 0 0 0 0.302734375 0.5771484375 0.302734375 0.5771484375 0 0 0
0 0 0.38427734375 0.1826171875 0.38427734375 0.1826171875 0.28173828125 0 0.28173828125 0 0.38427734375
0 0.55029296875 0.162109375 0.43603515625 0.162109375 0.43603515625 0.2626953125 0.55029296875 0.2626953125 0.55029296875 0.162109375
0 0.572265625 0.26708984375 0.4716796875 0.26708984375 0.4716796875 0.32958984375 0.572265625 0.32958984375 0.572265625 0.26708984375
0 0.62451171875 0.0263671875 0.52880859375 0.0263671875 0.52880859375 0.1240234375 0.62451171875 0.1240234375 0.62451171875 0.0263671875
0 0.8798828125 0.04052734375 0.744140625 0.04052734375 0.744140625 0.13818359375 0.8798828125 0.13818359375 0.8798828125 0.04052734375
0 1 0.47509765625 0.86328125 0.47509765625 0.86328125 0.66845703125 1 0.66845703125 1 0.47509765625
0 0.8154296875 0.56103515625 0.7060546875 0.56103515625 0.7060546875 0.73486328125 0.8154296875 0.73486328125 0.8154296875 0.56103515625
0 0.8798828125 0.55126953125 0.7919921875 0.55126953125 0.7919921875 0.67822265625 0.8798828125 0.67822265625 0.8798828125 0.55126953125
0 1 0.20068359375 0.908203125 0.20068359375 0.908203125 0.27197265625 1 0.27197265625 1 0.20068359375
0 0.97314453125 0.15478515625 0.91357421875 0.15478515625 0.91357421875 0.20751953125 0.97314453125 0.20751953125 0.97314453125 0.15478515625
0 1 0.1220703125 0.9609375 0.1220703125 0.9609375 0.171875 1 0.171875 1 0.1220703125
0 0.7841796875 0 0.7841796875 0.0361328125 0.8466796875 0.0361328125 0.8466796875 0 0.7841796875 0
0 0.9541015625 1 0.9541015625 0.9072265625 0.8583984375 0.9072265625 0.8583984375 1 0.9541015625 1
0 0.51513671875 1 0.51513671875 0.9375 0.39794921875 0.9375 0.39794921875 1 0.51513671875 1
0 0.71533203125 0.6611328125 0.62939453125 0.6611328125 0.62939453125 0.7138671875 0.71533203125 0.7138671875 0.71533203125 0.6611328125
0 0.64599609375 0.37939453125 0.57666015625 0.37939453125 0.57666015625 0.42236328125 0.64599609375 0.42236328125 0.64599609375 0.37939453125
0 1 0.7109375 0.9638671875 0.7109375 0.9638671875 0.7685546875 1 0.7685546875 1 0.7109375
0 0.5498046875 0.5166015625 0.5185546875 0.5166015625 0.5185546875 0.5576171875 0.5498046875 0.5576171875 0.5498046875 0.5166015625
0 0.84375 0.49755859375 0.8115234375 0.49755859375 0.8115234375 0.52783203125 0.84375 0.52783203125 0.84375 0.49755859375
0 0.99462890625 0.2939453125 0.96923828125 0.2939453125 0.96923828125 0.3203125 0.99462890625 0.3203125 0.99462890625 0.2939453125
0 1 0.66455078125 0.9677734375 0.66455078125 0.9677734375 0.70556640625 1 0.70556640625 1 0.66455078125
0 0.6640625 0.05029296875 0.62890625 0.05029296875 0.62890625 0.08642578125 0.6640625 0.08642578125 0.6640625 0.05029296875
0 0.7158203125 0 0.7158203125 0.0224609375 0.7861328125 0.0224609375 0.7861328125 0 0.7158203125 0
0 0.89892578125 0 0.89892578125 0.029296875 0.93701171875 0.029296875 0.93701171875 0 0.89892578125 0
0 0.4716796875 0.71728515625 0.4404296875 0.71728515625 0.4404296875 0.75537109375 0.4716796875 0.75537109375 0.4716796875 0.71728515625
0 0.74072265625 0.3994140625 0.68798828125 0.3994140625 0.68798828125 0.4609375 0.74072265625 0.4609375 0.74072265625 0.3994140625
0 0.57080078125 0.55908203125 0.52978515625 0.55908203125 0.52978515625 0.61181640625 0.57080078125 0.61181640625 0.57080078125 0.55908203125
0 0.52099609375 0.8115234375 0.46923828125 0.8115234375 0.46923828125 0.845703125 0.52099609375 0.845703125 0.52099609375 0.8115234375
0 0.5751953125 0.78759765625 0.5537109375 0.78759765625 0.5537109375 0.82861328125 0.5751953125 0.82861328125 0.5751953125 0.78759765625
0 0 0.43408203125 0.025390625 0.43408203125 0.025390625 0.40380859375 0 0.40380859375 0 0.43408203125
0 0.06005859375 0.41357421875 0.02880859375 0.41357421875 0.02880859375 0.44970703125 0.06005859375 0.44970703125 0.06005859375 0.41357421875
0 0.06298828125 0.48974609375 0.03564453125 0.48974609375 0.03564453125 0.52197265625 0.06298828125 0.52197265625 0.06298828125 0.48974609375
0 0.17333984375 0.46044921875 0.14208984375 0.46044921875 0.14208984375 0.49853515625 0.17333984375 0.49853515625 0.17333984375 0.46044921875
0 0.20556640625 1 0.20556640625 0.982421875 0.10498046875 0.982421875 0.10498046875 1 0.20556640625 1
0 0.06103515625 0.62109375 0.03369140625 0.62109375 0.03369140625 0.6513671875 0.06103515625 0.6513671875 0.06103515625 0.62109375
0 0.10009765625 0.5576171875 0.06787109375 0.5576171875 0.06787109375 0.5859375 0.10009765625 0.5859375 0.10009765625 0.5576171875