0 0.427668659375 0.6388592765625 0.4624311078125 0.613602878125 0.44004475625 0.5827907078125001 0.40528230625 0.60804710625 0.427668659375 0.6388592765625
0 0.336721109375 0.5950906546875 0.369903446875 0.570982275 0.35096114843750004 0.5449104375 0.3177788109375 0.5690188171874999 0.336721109375 0.5950906546875
0 0.549688846875 0.5658986890625 0.5757606843749999 0.5469563921875 0.5573923953125 0.5216746109375 0.5313205578125 0.5406169078125 0.549688846875 0.5658986890625
0 0.4362215375 0.5451306671875 0.4638734859375 0.5250403515625 0.4443571796875 0.4981784578125 0.41670523125000003 0.518268775 0.4362215375 0.5451306671875
0 0.4498441578125 0.5098842046875001 0.47591599375 0.49094190624999995 0.4581217140625 0.46645018125000004 0.43204987656249993 0.4853924796875 0.4498441578125 0.5098842046875001
0 0.4509000171875 0.4789396375 0.48092213125 0.45712729375 0.45796177031249996 0.42552506718750005 0.42793965624999997 0.4473374109375 0.4509000171875 0.4789396375
0 0.5006820328125 0.5001080234375 0.5204334234375 0.48575779687500004 0.5009171171875 0.45889590468749997 0.481165725 0.47324613125 0.5006820328125 0.5001080234375
0 0.48894023124999997 0.43078114375 0.5142220109375 0.4124128546875 0.495853721875 0.38713107343750003 0.4705719421875 0.40549936249999996 0.48894023124999997 0.43078114375
0 0.4540178375 0.41511242812500004 0.47771950781249994 0.39789215625 0.46107324531250005 0.3749805421875 0.4373715765625 0.3922008140625 0.4540178375 0.41511242812500004
0 0.6012838953124999 0.4740933 0.62893584375 0.4540029828125 0.611715571875 0.43030131406249994 0.5840636234375001 0.4503916296875 0.6012838953124999 0.4740933
0 0.6287177765624999 0.6098770124999999 0.656369725 0.589786696875 0.633983371875 0.558974525 0.606331425 0.5790648421875 0.6287177765624999 0.6098770124999999
0 0.49544513593749995 0.716362034375 0.523097084375 0.69627171875 0.5030067687499999 0.6686197703125 0.4753548203125 0.6887100859374999 0.49544513593749995 0.716362034375
0 0.41309402031250003 0.7882645984375001 0.43995591406249995 0.7687482906249999 0.42445766875 0.7474167890625 0.3975957765625 0.7669330953125 0.41309402031250003 0.7882645984375001
0 0.48328191406250004 0.7777078796875 0.505403471875 0.7616356265625 0.48416513749999995 0.7324035671875 0.46204357968750004 0.7484758203124999 0.48328191406250004 0.7777078796875
0 0.45016000468749995 0.9007543609375 0.4825522875 0.877219990625 0.46648003437499996 0.8550984328125001 0.4340877515625 0.8786328031249999 0.45016000468749995 0.9007543609375
0 0.5884970484375 0.7887791875 0.6185191640625 0.7669668453125 0.595558803125 0.73536461875 0.5655366875000001 0.7571769625 0.5884970484375 0.7887791875
0 0.6286352796875 0.7825519109375 0.6539170609375 0.764183621875 0.63612278125 0.7396918968749999 0.610841 0.7580601859375 0.6286352796875 0.7825519109375
0 0.5690814093750001 0.8517729296875001 0.6022637468750001 0.8276645515625001 0.5781553671874999 0.7944822125 0.5449730296874999 0.8185905921875 0.5690814093750001 0.8517729296875001
0 0.6600722265625001 0.6546941390625001 0.683773896875 0.6374738671875 0.6625355625 0.6082418078125 0.6388338921875001 0.6254620796875 0.6600722265625001 0.6546941390625001
0 0.720888484375 0.5730885140625 0.7477503765625 0.5535722062499999 0.7236419984375 0.5203898687499999 0.6967801046875 0.5399061765625001 0.720888484375 0.5730885140625
0 0.7623600609375 0.5562357234374999 0.7836915640625 0.5407374796875 0.765323275 0.5154556984374999 0.743991771875 0.5309539437499999 0.7623600609375 0.5562357234374999
0 0.7032741953125 0.4724188671875 0.7285559765625 0.45405057656250003 0.7078916515625 0.42560857343749997 0.6826098703125 0.4439768625 0.7032741953125 0.4724188671875
0 0.6702411296874999 0.4095077640625 0.697893078125 0.38941744843750004 0.68067280625 0.365715778125 0.653020859375 0.38580609374999997 0.6702411296874999 0.4095077640625
0 0.557181540625 0.36188736875 0.5769329328125 0.3475371421875 0.5608606796875 0.325415584375 0.5411092875 0.339765809375 0.557181540625 0.36188736875
0 0.578232384375 0.3327114125 0.59877383125 0.3177871765625 0.57810950625 0.2893451734375 0.557568059375 0.3042694078125 0.578232384375 0.3327114125
0 0.6605888359375001 0.3247811453125 0.6858706171875 0.30641285625000003 0.668650346875 0.2827111859375 0.643368565625 0.3010794765625 0.6605888359375001 0.3247811453125
0 0.52499996875 0.32008537656249997 0.5518618609375 0.30056906875 0.5346415906249999 0.27686739843749997 0.5077796984375 0.29638370625 0.52499996875 0.32008537656249997
0 0.4298310015625 0.24558505937500003 0.4551127828125 0.2272167703125 0.43674449375 0.20193498906250001 0.4114627125 0.22030327968750002 0.4298310015625 0.24558505937500003
0 0.4612881390625 0.22574785625 0.48656992031249996 0.2073795671875 0.4659055953125 0.17893756249999998 0.44062381406249995 0.1973058515625 0.4612881390625 0.22574785625
0 0.3993354015625 0.13133937812500002 0.4254072390625 0.11239707968749998 0.4081869671875 0.088695409375 0.38211513125 0.1076377078125 0.3993354015625 0.13133937812500002
0 0.46504559062500006 0.10049749687500001 0.49269753906249997 0.08040718125 0.47834731406250003 0.0606557890625 0.450695365625 0.08074610625 0.46504559062500006 0.10049749687500001
0 0.49315400625 0.10180329531250001 0.5208059546875 0.08171297968749999 0.5047337015625 0.0595914203125 0.47708175312499995 0.0796817375 0.49315400625 0.10180329531250001
0 0.4339029390625 0 0.41558230937499996 0.013310715625 0.43854267187499996 0.0449129421875 0.46619461875 0.0248226265625 0.448159925 0 0.4339029390625 0
0 0.2301925328125 0.25241821875000003 0.253104146875 0.23577195624999997 0.23416184843750001 0.20970012031250002 0.211250234375 0.22634638125 0.2301925328125 0.25241821875000003
0 0.25593294375000003 0.326059684375 0.2883252265625 0.3025253140625 0.2670868921875 0.2732932546875 0.23469460937500003 0.29682762500000004 0.25593294375000003 0.326059684375
0 0.245809471875 0.40101228437499997 0.2726713640625 0.38149597812499997 0.2577471296875 0.36095452968749997 0.23088523749999998 0.3804708375 0.245809471875 0.40101228437499997
0 0.32602983124999996 0.43084690937500003 0.354471834375 0.41018258437500005 0.3355295375 0.384110746875 0.3070875328125 0.40477507343749997 0.32602983124999996 0.43084690937500003
0 0.227738859375 0.5040701265624999 0.253020640625 0.4857018375 0.2352263609375 0.4612101125 0.2099445796875 0.47957840156250003 0.227738859375 0.5040701265624999
0 0.163268846875 0.569016796875 0.19250090625 0.5477784625 0.171262571875 0.518546403125 0.1420305125 0.5397847375 0.163268846875 0.569016796875
0 0.091635259375 0.44965378125 0.11217670625000001 0.434729546875 0.0984004890625 0.4157682109375 0.0778590421875 0.4306924453125 0.091635259375 0.44965378125
0 0.157138921875 0.4002519390625 0.180840590625 0.3830316671875 0.16189829218750001 0.35695983125 0.1381966234375 0.37418010156250003 0.157138921875 0.4002519390625
0 0.030771264062499998 0.405755934375 0.06632376875 0.37992552812499997 0.0433634078125 0.3483233015625 0.007810903125 0.3741537078125 0.030771264062499998 0.405755934375
0 0.0903590265625 0.3407351328125 0.114850753125 0.322940853125 0.09705647187500001 0.298449128125 0.072564746875 0.3162434078125 0.0903590265625 0.3407351328125
0 0.12986815625 0.298751996875 0.1567300484375 0.27923569062500003 0.142379821875 0.2594842984375 0.1155179296875 0.27900060625 0.12986815625 0.298751996875
0 0.1446811953125 0.32661681875 0.17391325468750002 0.305378484375 0.1561189734375 0.280886759375 0.1268869140625 0.30212509375 0.1446811953125 0.32661681875
0 0.0774533421875 0.3030348546875 0.11695612500000001 0.274334403125 0.091699728125 0.23957195312500001 0.0521969453125 0.2682724046875 0.0774533421875 0.3030348546875
0 0.120283646875 0.2224258125 0.1534659859375 0.198317434375 0.132801659375 0.1698754296875 0.099619321875 0.19398380937499998 0.120283646875 0.2224258125
0 0.0661322390625 0.6305374421875001 0.0953642984375 0.6092991078125001 0.076422 0.5832272703125 0.047189940624999996 0.6044656046875 0.0661322390625 0.6305374421875001
0 0.16111054375 0.653271084375 0.1879724359375 0.6337547765625 0.1690301375 0.607682940625 0.1421682453125 0.6271992484375 0.16111054375 0.653271084375
0 0.18987560781249999 0.70781564375 0.21831761093750002 0.68715131875 0.1976532859375 0.658709315625 0.1692112828125 0.6793736406249999 0.18987560781249999 0.70781564375
0 0.2304966984375 0.5925987625 0.2557784796875 0.5742304734375 0.23683618125 0.5481586359375 0.21155439999999998 0.566526925 0.2304966984375 0.5925987625
0 0.063930525 0.7305155375 0.08842225000000001 0.7127212578125001 0.067183915625 0.6834891984375 0.042692190625 0.7012834781249999 0.063930525 0.7305155375
0 0.29487109375 0.05152154531249999 0.2851129390625 0.0380906 0.258251046875 0.05760690625 0.2680092015625 0.071037853125 0.29487109375 0.05152154531249999
0 0.343459515625 0.016219989062500002 0.3337013625 0.00278904375 0.3028891921875 0.025175395312499998 0.3126473453125 0.038606342187499997 0.343459515625 0.016219989062500002
0 0.345016575 0 0.32640870781250003 0.01351940625 0.3442029875 0.0380111328125 0.3750151578125 0.015624779687500001 0.363663090625 0 0.345016575 0
0 0.3704411140625 0.0467112640625 0.39651295000000003 0.027768965625000003 0.37929267968749997 0.0040672953125 0.3532208421875 0.023009593749999998 0.3704411140625 0.0467112640625
0 0.39854635625 0.054658404687499995 0.422248025 0.037438132812500004 0.40158370000000004 0.0089961296875 0.37788203125000003 0.0262164 0.39854635625 0.054658404687499995
0 0.661326828125 0.0574763859375 0.6889787765625 0.037386070312500005 0.6683144515625 0.008944065625 0.640662503125 0.0290343828125 0.661326828125 0.0574763859375
0 0.771257925 0.0409793953125 0.7799485359375 0.0346652953125 0.76215425625 0.0101735703125 0.75346364375 0.0164876703125 0.771257925 0.0409793953125
0 0.7326490375 0.1523201296875 0.7721518203125 0.12361967812500001 0.744025378125 0.0849069515625 0.7045225953124999 0.11360740312499999 0.7326490375 0.1523201296875
0 0.7114128656250001 0.1937017109375 0.733534425 0.1776294578125 0.7186101890625001 0.1570880109375 0.69648863125 0.1731602640625 0.7114128656250001 0.1937017109375
0 0.6985029984375 0.23989775624999998 0.726154946875 0.219807440625 0.7077866578124999 0.194525659375 0.680134709375 0.214615975 0.6985029984375 0.23989775624999998
0 0.7834710484375 0.1757506609375 0.8150732734374999 0.1527902984375 0.792686921875 0.121978128125 0.7610846953125 0.1449384890625 0.7834710484375 0.1757506609375
0 0.805772740625 0.3086240890625 0.8294744109375 0.29140381875 0.808810084375 0.262961815625 0.785108415625 0.2801820859375 0.805772740625 0.3086240890625
0 0.7658685843749999 0.35089423124999997 0.7895702531250001 0.333673959375 0.7729239921875 0.3107623453125 0.749222321875 0.3279826171875 0.7658685843749999 0.35089423124999997
0 0.788427571875 0.3960661453125 0.8279303546874999 0.36736569375 0.8003779203124999 0.329443021875 0.7608751375 0.358143475 0.788427571875 0.3960661453125
0 0.8078507109374999 0.46765834218749996 0.8370827703125 0.44642000781249996 0.8129743906250001 0.41323767031249997 0.78374233125 0.4344760046875 0.8078507109374999 0.46765834218749996
0 0.8368550406249999 0.397094459375 0.8597666546875 0.38044819687500003 0.8425463843750001 0.3567465265625 0.8196347703125 0.3733927890625 0.8368550406249999 0.397094459375
0 0.8670773374999999 0.40712476249999996 0.8907790078125 0.389904490625 0.8701146828124999 0.3614624875 0.8464130125 0.3786827578125 0.8670773374999999 0.40712476249999996
0 0.88594550625 0.43807884843749995 0.906486953125 0.42315461406250005 0.884674609375 0.39313249843750003 0.8641331624999999 0.40805673281250004 0.88594550625 0.43807884843749995
0 0.9085542500000001 0.45424427031250003 0.9385763656250001 0.4324319265625 0.916764021875 0.4024098109375 0.8867419078125 0.4242221546875 0.9085542500000001 0.45424427031250003
0 0.8338908171874999 0.5151294656250001 0.8615427656250001 0.49503915000000004 0.8391564140625001 0.46422697968750004 0.8115044656249999 0.4843172953125 0.8338908171874999 0.5151294656250001
0 0.96181205 0.4137395671875 0.9831435515625 0.3982413234375 0.96592328125 0.374539653125 0.944591778125 0.39003789843750003 0.96181205 0.4137395671875
0 1 0.43971793437500006 0.986794134375 0.4215416203125 0.9623024093750001 0.4393359 0.9783746624999999 0.46145745781249997 1 0.44574573125 1 0.43971793437500006
0 0.8764691640625 0.5861942375 0.9009608890624999 0.5683999562500001 0.8808705734375 0.540748009375 0.856378846875 0.5585422890625 0.8764691640625 0.5861942375
0 0.77650275 0.6346821359375 0.8065248640625 0.6128697921875 0.7829904937500001 0.5804775109375 0.7529683781250001 0.602289853125 0.77650275 0.6346821359375
0 0.96302900625 0.5715887359375 0.9914710093749999 0.5509244109375 0.9679366390625 0.518532128125 0.9394946359375 0.5391964546875 0.96302900625 0.5715887359375
0 1 0.5826006875 0.987443428125 0.5653180484375 0.96532186875 0.5813903015624999 0.9825421406249999 0.6050919703125001 1 0.5924080921875 1 0.5826006875
0 0.9498903999999999 0.645714215625 0.9775423484375001 0.6256238984375 0.959174059375 0.6003421171875 0.9315221109375 0.620432434375 0.9498903999999999 0.645714215625
0 0.9397150078125 0.67905966875 0.95867634375 0.665283453125 0.93801201875 0.6368414484375 0.9190506828125 0.650617665625 0.9397150078125 0.67905966875
0 0.9691906609375 0.673940171875 0.9913122187500001 0.65786791875 0.9723699203124999 0.6317960828125 0.9502483625 0.6478683359375 0.9691906609375 0.673940171875
0 0.9155707156249999 0.7961870796875 0.9424326093750001 0.776670771875 0.9223422921875001 0.7490188234375 0.8954804 0.76853513125 0.9155707156249999 0.7961870796875
0 0.9201659609374999 0.79586618125 0.9282020875000001 0.8069269609375 0.9566440921874999 0.7862626359375 0.948607965625 0.77520185625 0.9201659609374999 0.79586618125
0 0.7936690796875 0.7712866234375 0.821321028125 0.7511963078125 0.800656703125 0.7227543046875 0.7730047546875001 0.7428446203125 0.7936690796875 0.7712866234375
0 0.7087115609375 0.7382547109375001 0.7332032859375001 0.72046043125 0.7119649515625001 0.6912283718750001 0.6874732265625 0.7090226515625 0.7087115609375 0.7382547109375001
0 0.7391223578125 0.7294380484375 0.7667743046875 0.7093477312500001 0.7466839890625 0.6816957828125 0.7190320406249999 0.7017861 0.7391223578125 0.7294380484375
0 0.703770034375 0.7871111015625 0.7330020937499999 0.7658727671875 0.7140597953125 0.7398009296875 0.6848277359375 0.7610392640625 0.703770034375 0.7871111015625
0 0.695165234375 0.8392325640625 0.7220271281249999 0.8197162562500001 0.699066765625 0.7881140296875 0.6722048734375 0.8076303375 0.695165234375 0.8392325640625
0 0.7227610796875 0.8614314265624999 0.750413028125 0.841341109375 0.72917469375 0.8121090499999999 0.7015227453125 0.8321993671874999 0.7227610796875 0.8614314265624999
0 0.8004354640625 0.885269675 0.807323571875 0.89475034375 0.8302351859374999 0.8781040812500001 0.8233470781250001 0.8686234140625 0.8004354640625 0.885269675
0 0.6316388749999999 0.9578130234375 0.6592908234375 0.9377227078124999 0.6392005078125 0.910070759375 0.611548559375 0.9301610765625 0.6316388749999999 0.9578130234375
0 0.630892728125 1 0.6399863796874999 0.993393075 0.6198960640625 0.9657411265625001 0.5938242265625 0.9846834250000001 0.6049523703124999 1 0.630892728125 1
0 0.6624598484375 1 0.6773594171874999 0.9891748296875 0.6635831999999999 0.97021349375 0.6319809734375 0.99317385625 0.6369404578125 1 0.6624598484375 1
0 0.5274849359375 0.9797694453125001 0.5582971062500001 0.9573830937500001 0.538206790625 0.9297311453124999 0.50739461875 0.9521174984374999 0.5274849359375 0.9797694453125001
0 0.5446045390625 0.9136154812499999 0.5722564875 0.893525165625 0.5452780625 0.8563925484375 0.5176261140625 0.876482865625 0.5446045390625 0.9136154812499999
0 0.348138984375 0.891587234375 0.3757909328125 0.8714969187499999 0.3539785890625 0.8414748031249999 0.326326640625 0.8615651203124999 0.348138984375 0.891587234375
0 0.31383185 0.790371125 0.350174409375 0.763966709375 0.32376999375 0.7276241484375 0.28742743437499996 0.7540285640625 0.31383185 0.790371125
0 0.1963381125 0.9318653625 0.2232000046875 0.9123490546875 0.20425770625 0.8862772171875 0.1773958140625 0.905793525 0.1963381125 0.9318653625
0 0.23916740625 0.9285113031250001 0.20914529218750003 0.950323646875 0.232105653125 0.9819258734374999 0.26212776875 0.9601135296875001 0.23916740625 0.9285113031250001
0 0.2670401375 1 0.29108767812499997 0.9825284390625001 0.2715713703125 0.9556665453125 0.24312936718749997 0.976330871875 0.2603259953125 1 0.2670401375 1
0 0.3175571421875 0.056163375 0.32703780937500004 0.0492752671875 0.321871728125 0.042164765625 0.3123910609375 0.0490528734375 0.3175571421875 0.056163375
0 0.66900715625 0.136996684375 0.6753276015624999 0.1324046125 0.6684394921875 0.12292394531249999 0.662119046875 0.1275160171875 0.66900715625 0.136996684375
0 0.6201836484375 0.213510359375 0.6375648734375 0.200882159375 0.6289547375 0.189031325 0.6115735124999999 0.2016595234375 0.6201836484375 0.213510359375
0 0.7114732953125 0.2926398125 0.7233241296874999 0.2840296765625 0.715288003125 0.2729688984375 0.7034371687500001 0.28157903281249996 0.7114732953125 0.2926398125
0 0.9479236265625 0.47935658906249995 0.962934684375 0.4684504171875 0.9531765296874999 0.4550194703125 0.9381654734374999 0.4659256421875 0.9479236265625 0.47935658906249995
0 0.7304179000000001 0.61444889375 0.7446389015625 0.60411673125 0.737176784375 0.5938460078125 0.7229557828125001 0.6041781703125 0.7304179000000001 0.61444889375
0 0.9387903921874999 0.5855778265625 0.9466909484375 0.5798377359375 0.93922883125 0.5695670125000001 0.931328275 0.575307103125 0.9387903921874999 0.5855778265625
0 0.9063812359375 0.719573890625 0.916651959375 0.7121117734375 0.9091898421875 0.70184105 0.89891911875 0.7093031671875 0.9063812359375 0.719573890625
0 0.562028021875 0.7373948515625 0.5754589671875 0.727636696875 0.56799685 0.7173659734375 0.5545659046875 0.7271241265625 0.562028021875 0.7373948515625
0 0.440554009375 0.34341538125 0.45240484375 0.334805246875 0.446664753125 0.3269046890625 0.43481391875000003 0.335514825 0.440554009375 0.34341538125