0 0.1968888765625 0.232761284375 0.1329735234375 0.153832396875 0.0267231 0.23987229375000002 0.0906384515625 0.31880118125 0.1968888765625 0.232761284375
0 0.24090690937499998 0.197116184375 0.1843664046875 0.12729447656249998 0.15249127812500002 0.1531064453125 0.20903178125 0.22292815312499997 0.24090690937499998 0.197116184375
0 0.297797846875 0.081933746875 0.2676838828125 0.0447460984375 0.1796478171875 0.11603630000000001 0.20976178124999997 0.1532239484375 0.297797846875 0.081933746875
0 0.6557960578124999 0 0.614286940625 0.033613421875 0.655463178125 0.0844618390625 0.7063115953125 0.0432856015625 0.6712596046875 0 0.6557960578124999 0
0 0.5774315140625 0 0.5016659734375 0.061353725000000005 0.57541445625 0.1524255171875 0.6535844125 0.0891247359375 0.5814126234375 0 0.5774315140625 0
0 0.5473483046875 0.0362986140625 0.52030719375 0.0029056234375 0.4709766390625 0.042852718750000005 0.49801775 0.076245709375 0.5473483046875 0.0362986140625
0 0.40130525937500006 0 0.3609520953125 0.032677348437499996 0.40335747343749995 0.085043628125 0.461036275 0.03833625625 0.4299921875 0 0.40130525937500006 0
0 0.3229407125 0 0.2877955703125 0.028459975 0.31668039375 0.0641297609375 0.395874053125 0 0.3229407125 0
0 0.48570787187500003 0.17354783125 0.40642825312499997 0.075645653125 0.300177828125 0.1616855515625 0.3794574484375 0.259587728125 0.48570787187500003 0.17354783125
0 1 0.66976201875 0.9567906265625 0.616402884375 0.7071021281250001 0.81859664375 0.783923465625 0.9134630937500001 1 0.7384877671875001 1 0.66976201875
0 0.9601315640625 0.6011314359375 0.8937579296875 0.5191668218750001 0.795855753125 0.5984464421875 0.8622293875 0.6804110546875 0.9601315640625 0.6011314359375
0 0.8455184765625001 0.7171904046875001 0.8043422390625 0.6663419875 0.7550116859375 0.7062890828125 0.796187921875 0.7571375 0.8455184765625001 0.7171904046875001
0 0.7320231484375 0.816008415625 0.69699261875 0.7727493140624999 0.6476620640624999 0.8126964093750001 0.68269259375 0.8559555109374999 0.7320231484375 0.816008415625
0 0.6121039515625 1 0.583439625 0.96460250625 0.5397273625000001 1 0.6121039515625 1
0 0.4148096203125 1 0.4633860453125 0.9606635859375 0.3343262 0.8012879500000001 0.193164921875 0.9155980984375001 0.2615122328125 1 0.4148096203125 1
0 0 0.656886234375 0.037711515625000004 0.703456078125 0.16445309375 0.600822771875 0.0661217828125 0.479393715625 0 0.5329380796875001 0 0.656886234375
0 0.49533700312500006 0.3825140109375 0.3546003140625 0.2087186734375 0.21343903593750002 0.32302882187500004 0.354175725 0.496824159375 0.49533700312500006 0.3825140109375
0 0.560359746875 0.3782387734375 0.5308603546875 0.34181005781249996 0.489119115625 0.3756114453125 0.518618509375 0.41204016250000003 0.560359746875 0.3782387734375
0 0.5917771078125 0.42945016718750006 0.5604340015625 0.39074465625 0.509585584375 0.4319208921875 0.5409286890625 0.4706264046875 0.5917771078125 0.42945016718750006
0 0.624298009375 0.7178938453125 0.52658126875 0.5972237203125 0.398321828125 0.7010861671875 0.49603856874999996 0.8217562921875 0.624298009375 0.7178938453125
0 0.7220681671875 0.6035363 0.6931833453125 0.5678665140625 0.66282608125 0.5924493421875 0.6917109031249999 0.628119128125 0.7220681671875 0.6035363
0 0.8575848546874999 0.4504443109375 0.8090337703125 0.3904887140625 0.744524584375 0.4427272234375 0.79307566875 0.5026828203125 0.8575848546874999 0.4504443109375
0 1 0.333803125 0.9265876937499999 0.24314647812499998 0.8241319265625 0.32611352031249996 0.9052552593750001 0.42629249218750004 1 0.3495697140625 1 0.333803125
0 0.784939715625 0.36539035468750003 0.7154932265625 0.279631084375 0.6297339562500001 0.349077571875 0.69918044375 0.43483684375 0.784939715625 0.36539035468750003
0 0.651672765625 0.22952718125 0.6166422359375 0.1862680796875 0.56427595625 0.22867345781249998 0.5993064859375 0.271932559375 0.651672765625 0.22952718125
0 0.616677290625 0.17932838906249998 0.5472308015625 0.0935691171875 0.4751323 0.1519533328125 0.5445787875 0.2377126046875 0.616677290625 0.17932838906249998
0 0.706418928125 0.1512663828125 0.6597115546875 0.09358758125 0.600514890625 0.14152409531250001 0.6472222624999999 0.19920289687499998 0.706418928125 0.1512663828125
0 0.7752837265625 0.10052717343749999 0.720586934375 0.0329822609375 0.6507652265625 0.089522765625 0.70546201875 0.157067678125 0.7752837265625 0.10052717343749999
0 0.8127046046874999 0.2895012421875 0.7506329640625 0.21284915 0.6997845468749999 0.2540253875 0.7618561875000001 0.3306774796875 0.8127046046874999 0.2895012421875
0 0.8292588125 0.29054682187499997 0.916535946875 0.2198711921875 0.791778096875 0.0658080765625 0.7045009624999999 0.13648370625 0.8292588125 0.29054682187499997
0 0.6009483703125 0.5998324859374999 0.5837403921875 0.5785823999999999 0.5678028281249999 0.5914883859375 0.5850108078125 0.6127384703125001 0.6009483703125 0.5998324859374999
0 0.77616273125 0.633870853125 0.7607984640625001 0.6148975625 0.7471376953125 0.6259598359375 0.7625019625 0.6449331265625 0.77616273125 0.633870853125
0 0.49032959375 0.2583956140625 0.46451762499999993 0.2265204859375 0.44326754062499996 0.243728465625 0.46907950937500004 0.27560359375 0.49032959375 0.2583956140625
0 0.556303325 0.5555628578125 0.5329496390624999 0.5267234562499999 0.509422759375 0.5457751484375 0.5327764453125 0.57461455 0.556303325 0.5555628578125
0 0.5860789984375 0.5100887734375 0.56887101875 0.4888386890625 0.5514155921875 0.5029738140625 0.568623571875 0.5242239 0.5860789984375 0.5100887734375
0 0.5474269046875 0.306404209375 0.52222950625 0.2752880140625 0.48655972031249994 0.3041728359375 0.5117571187500001 0.33528903125 0.5474269046875 0.306404209375
0 0.5169623078125001 0.22300625625 0.49237947968749995 0.1926489921875 0.4642990109375 0.2153881078125 0.48888183749999997 0.245745371875 0.5169623078125001 0.22300625625