0 0.314453125 0.232421875 0.181640625 0.232421875 0.181640625 0.37109375 0.314453125 0.37109375 0.314453125 0.232421875
0 0.26904296875 0.04833984375 0.14990234375 0.04833984375 0.14990234375 0.13134765625 0.26904296875 0.13134765625 0.26904296875 0.04833984375
0 0.44921875 0.06396484375 0.3837890625 0.06396484375 0.3837890625 0.13427734375 0.44921875 0.13427734375 0.44921875 0.06396484375
0 0.59814453125 0.251953125 0.52783203125 0.251953125 0.52783203125 0.318359375 0.59814453125 0.318359375 0.59814453125 0.251953125
0 0.4462890625 0.46484375 0.34375 0.46484375 0.34375 0.5576171875 0.4462890625 0.5576171875 0.4462890625 0.46484375
0 0.8916015625 0.36083984375 0.689453125 0.36083984375 0.689453125 0.55517578125 0.8916015625 0.55517578125 0.8916015625 0.36083984375
0 0.8623046875 0.03076171875 0.7421875 0.03076171875 0.7421875 0.14794921875 0.8623046875 0.14794921875 0.8623046875 0.03076171875
0 0.4375 0.6611328125 0.34375 0.6611328125 0.34375 0.744140625 0.4375 0.744140625 0.4375 0.6611328125
0 0.6630859375 0.65869140625 0.5537109375 0.65869140625 0.5537109375 0.76220703125 0.6630859375 0.76220703125 0.6630859375 0.65869140625
0 0.14794921875 0.400390625 0.03759765625 0.400390625 0.03759765625 0.47265625 0.14794921875 0.47265625 0.14794921875 0.400390625
0 0.166015625 0.453125 0.138671875 0.453125 0.138671875 0.494140625 0.166015625 0.494140625 0.166015625 0.453125
0 0.0615234375 0.0029296875 0.0029296875 0.0029296875 0.0029296875 0.0615234375 0.0615234375 0.0615234375 0.0615234375 0.0029296875
0 0.11376953125 0.0556640625 0.05419921875 0.0556640625 0.05419921875 0.107421875 0.11376953125 0.107421875 0.11376953125 0.0556640625
0 0.36865234375 0.009765625 0.28955078125 0.009765625 0.28955078125 0.095703125 0.36865234375 0.095703125 0.36865234375 0.009765625
0 0.25146484375 0 0.25146484375 0.017578125 0.27880859375 0.017578125 0.27880859375 0 0.25146484375 0
0 0.5078125 0.009765625 0.4833984375 0.009765625 0.4833984375 0.0244140625 0.5078125 0.0244140625 0.5078125 0.009765625
0 0.56787109375 0.01953125 0.51708984375 0.01953125 0.51708984375 0.0732421875 0.56787109375 0.0732421875 0.56787109375 0.01953125
0 0.47900390625 0.10009765625 0.46826171875 0.10009765625 0.46826171875 0.11181640625 0.47900390625 0.11181640625 0.47900390625 0.10009765625
0 0.59814453125 0.0908203125 0.52001953125 0.0908203125 0.52001953125 0.169921875 0.59814453125 0.169921875 0.59814453125 0.0908203125
0 0.70361328125 0.1630859375 0.65576171875 0.1630859375 0.65576171875 0.20703125 0.70361328125 0.20703125 0.70361328125 0.1630859375
0 0.53857421875 0.3447265625 0.48193359375 0.3447265625 0.48193359375 0.400390625 0.53857421875 0.400390625 0.53857421875 0.3447265625
0 0.59521484375 0.34423828125 0.55126953125 0.34423828125 0.55126953125 0.38916015625 0.59521484375 0.38916015625 0.59521484375 0.34423828125
0 0.6103515625 0.4453125 0.58984375 0.4453125 0.58984375 0.46484375 0.6103515625 0.46484375 0.6103515625 0.4453125
0 0.63720703125 0.43359375 0.62646484375 0.43359375 0.62646484375 0.4443359375 0.63720703125 0.4443359375 0.63720703125 0.43359375
0 0.68408203125 0.35107421875 0.62841796875 0.35107421875 0.62841796875 0.42041015625 0.68408203125 0.42041015625 0.68408203125 0.35107421875
0 0.49853515625 0.4423828125 0.47607421875 0.4423828125 0.47607421875 0.470703125 0.49853515625 0.470703125 0.49853515625 0.4423828125
0 0.47216796875 0.4404296875 0.44873046875 0.4404296875 0.44873046875 0.4638671875 0.47216796875 0.4638671875 0.47216796875 0.4404296875
0 0.40185546875 0.4267578125 0.38720703125 0.4267578125 0.38720703125 0.4423828125 0.40185546875 0.4423828125 0.40185546875 0.4267578125
0 0.43994140625 0.427734375 0.42236328125 0.427734375 0.42236328125 0.4453125 0.43994140625 0.4453125 0.43994140625 0.427734375
0 0.4423828125 0.35986328125 0.4130859375 0.35986328125 0.4130859375 0.39013671875 0.4423828125 0.39013671875 0.4423828125 0.35986328125
0 0.41064453125 0.2744140625 0.38134765625 0.2744140625 0.38134765625 0.302734375 0.41064453125 0.302734375 0.41064453125 0.2744140625
0 0.3837890625 0.27490234375 0.35546875 0.27490234375 0.35546875 0.31005859375 0.3837890625 0.31005859375 0.3837890625 0.27490234375
0 0.4326171875 0.28271484375 0.4052734375 0.28271484375 0.4052734375 0.31201171875 0.4326171875 0.31201171875 0.4326171875 0.28271484375
0 0.52099609375 0.166015625 0.43115234375 0.166015625 0.43115234375 0.30859375 0.52099609375 0.30859375 0.52099609375 0.166015625
0 0.51904296875 0.31298828125 0.46826171875 0.31298828125 0.46826171875 0.33837890625 0.51904296875 0.33837890625 0.51904296875 0.31298828125
0 0.572265625 0.18798828125 0.5234375 0.18798828125 0.5234375 0.24072265625 0.572265625 0.24072265625 0.572265625 0.18798828125
0 0.62646484375 0.1640625 0.57177734375 0.1640625 0.57177734375 0.2177734375 0.62646484375 0.2177734375 0.62646484375 0.1640625
0 0.30029296875 0.5361328125 0.23583984375 0.5361328125 0.23583984375 0.6015625 0.30029296875 0.6015625 0.30029296875 0.5361328125
0 0.17236328125 0.52294921875 0.10986328125 0.52294921875 0.10986328125 0.58740234375 0.17236328125 0.58740234375 0.17236328125 0.52294921875
0 0.12060546875 0.5703125 0.05224609375 0.5703125 0.05224609375 0.6435546875 0.12060546875 0.6435546875 0.12060546875 0.5703125
0 0.052734375 0.5732421875 0.001953125 0.5732421875 0.001953125 0.630859375 0.052734375 0.630859375 0.052734375 0.5732421875
0 0.62646484375 0.5205078125 0.54345703125 0.5205078125 0.54345703125 0.6015625 0.62646484375 0.6015625 0.62646484375 0.5205078125
0 0.69873046875 0.505859375 0.66748046875 0.505859375 0.66748046875 0.54296875 0.69873046875 0.54296875 0.69873046875 0.505859375
0 0.6904296875 0.4326171875 0.66015625 0.4326171875 0.66015625 0.466796875 0.6904296875 0.466796875 0.6904296875 0.4326171875
0 0.7109375 0 0.7109375 0.048828125 0.7724609375 0.048828125 0.7724609375 0 0.7109375 0
0 0.68310546875 0.0078125 0.65673828125 0.0078125 0.65673828125 0.0302734375 0.68310546875 0.0302734375 0.68310546875 0.0078125
0 0.55419921875 0 0.55419921875 0.013671875 0.59423828125 0.013671875 0.59423828125 0 0.55419921875 0
0 0.3662109375 0 0.3662109375 0.03125 0.4462890625 0.03125 0.4462890625 0 0.3662109375 0
0 0.18896484375 0 0.18896484375 0.0439453125 0.23193359375 0.0439453125 0.23193359375 0 0.18896484375 0
0 0.12451171875 0 0.12451171875 0.04296875 0.17138671875 0.04296875 0.17138671875 0 0.12451171875 0
0 0.12255859375 0.001953125 0.06396484375 0.001953125 0.06396484375 0.0517578125 0.12255859375 0.0517578125 0.12255859375 0.001953125
0 0 0.166015625 0.056640625 0.166015625 0.056640625 0.1005859375 0 0.1005859375 0 0.166015625
0 0.0693359375 0.1591796875 0.0244140625 0.1591796875 0.0244140625 0.201171875 0.0693359375 0.201171875 0.0693359375 0.1591796875
0 0.10400390625 0.12109375 0.07763671875 0.12109375 0.07763671875 0.146484375 0.10400390625 0.146484375 0.10400390625 0.12109375
0 0.15869140625 0.0498046875 0.12353515625 0.0498046875 0.12353515625 0.08984375 0.15869140625 0.08984375 0.15869140625 0.0498046875
0 0.14111328125 0.1591796875 0.09130859375 0.1591796875 0.09130859375 0.2080078125 0.14111328125 0.2080078125 0.14111328125 0.1591796875
0 0.0693359375 0.23193359375 0.03125 0.23193359375 0.03125 0.29052734375 0.0693359375 0.29052734375 0.0693359375 0.23193359375
0 0 0.2822265625 0.0146484375 0.2822265625 0.0146484375 0.24609375 0 0.24609375 0 0.2822265625
0 0.04443359375 0.2890625 0.02490234375 0.2890625 0.02490234375 0.3056640625 0.04443359375 0.3056640625 0.04443359375 0.2890625
0 0.0986328125 0.24462890625 0.078125 0.24462890625 0.078125 0.27099609375 0.0986328125 0.27099609375 0.0986328125 0.24462890625
0 0.17431640625 0.21240234375 0.09326171875 0.21240234375 0.09326171875 0.29248046875 0.17431640625 0.29248046875 0.17431640625 0.21240234375
0 0.185546875 0.1767578125 0.1455078125 0.1767578125 0.1455078125 0.20703125 0.185546875 0.20703125 0.185546875 0.1767578125
0 0.20751953125 0.1494140625 0.15283203125 0.1494140625 0.15283203125 0.1748046875 0.20751953125 0.1748046875 0.20751953125 0.1494140625
0 0.169921875 0.10986328125 0.126953125 0.10986328125 0.126953125 0.15380859375 0.169921875 0.15380859375 0.169921875 0.10986328125
0 0.25439453125 0.18896484375 0.22216796875 0.18896484375 0.22216796875 0.21044921875 0.25439453125 0.21044921875 0.25439453125 0.18896484375
0 0.26025390625 0.134765625 0.21337890625 0.134765625 0.21337890625 0.1787109375 0.26025390625 0.1787109375 0.26025390625 0.134765625
0 0.28076171875 0.126953125 0.26025390625 0.126953125 0.26025390625 0.15625 0.28076171875 0.15625 0.28076171875 0.126953125
0 0.314453125 0.126953125 0.28515625 0.126953125 0.28515625 0.1708984375 0.314453125 0.1708984375 0.314453125 0.126953125
0 0.08984375 0.490234375 0.03515625 0.490234375 0.03515625 0.560546875 0.08984375 0.560546875 0.08984375 0.490234375
0 0 0.51708984375 0.029296875 0.51708984375 0.029296875 0.46728515625 0 0.46728515625 0 0.51708984375
0 0 0.5595703125 0.0185546875 0.5595703125 0.0185546875 0.5302734375 0 0.5302734375 0 0.5595703125
0 0.2353515625 0.53125 0.201171875 0.53125 0.201171875 0.57421875 0.2353515625 0.57421875 0.2353515625 0.53125
0 0.2255859375 0.509765625 0.1962890625 0.509765625 0.1962890625 0.5205078125 0.2255859375 0.5205078125 0.2255859375 0.509765625
0 0.19873046875 0.48876953125 0.16162109375 0.48876953125 0.16162109375 0.51416015625 0.19873046875 0.51416015625 0.19873046875 0.48876953125
0 0.234375 0.4169921875 0.2041015625 0.4169921875 0.2041015625 0.4423828125 0.234375 0.4423828125 0.234375 0.4169921875
0 0.2255859375 0.4443359375 0.173828125 0.4443359375 0.173828125 0.490234375 0.2255859375 0.490234375 0.2255859375 0.4443359375
0 0.2763671875 0.45263671875 0.2236328125 0.45263671875 0.2236328125 0.50830078125 0.2763671875 0.50830078125 0.2763671875 0.45263671875
0 0.31103515625 0.50830078125 0.25146484375 0.50830078125 0.25146484375 0.53076171875 0.31103515625 0.53076171875 0.31103515625 0.50830078125
0 0.41015625 1 0.41015625 0.9150390625 0.2958984375 0.9150390625 0.2958984375 1 0.41015625 1
0 0.40966796875 0.89404296875 0.37646484375 0.89404296875 0.37646484375 0.93115234375 0.40966796875 0.93115234375 0.40966796875 0.89404296875
0 0.41357421875 0.84423828125 0.37939453125 0.84423828125 0.37939453125 0.88037109375 0.41357421875 0.88037109375 0.41357421875 0.84423828125
0 0.67333984375 0.9296875 0.62646484375 0.9296875 0.62646484375 0.986328125 0.67333984375 0.986328125 0.67333984375 0.9296875
0 0.076171875 1 0.076171875 0.9697265625 0.0322265625 0.9697265625 0.0322265625 1 0.076171875 1
0 0 0.9423828125 0.0341796875 0.9423828125 0.0341796875 0.90625 0 0.90625 0 0.9423828125
0 0.408203125 0.7578125 0.34375 0.7578125 0.34375 0.8173828125 0.408203125 0.8173828125 0.408203125 0.7578125
0 0.3466796875 0.77197265625 0.3291015625 0.77197265625 0.3291015625 0.79248046875 0.3466796875 0.79248046875 0.3466796875 0.77197265625
0 0.9482421875 0.84033203125 0.89453125 0.84033203125 0.89453125 0.89404296875 0.9482421875 0.89404296875 0.9482421875 0.84033203125
0 0.8857421875 0.84228515625 0.8544921875 0.84228515625 0.8544921875 0.89306640625 0.8857421875 0.89306640625 0.8857421875 0.84228515625
0 0.82373046875 0.78271484375 0.75439453125 0.78271484375 0.75439453125 0.88623046875 0.82373046875 0.88623046875 0.82373046875 0.78271484375
0 0.75341796875 0.80224609375 0.69482421875 0.80224609375 0.69482421875 0.86474609375 0.75341796875 0.86474609375 0.75341796875 0.80224609375
0 0.72705078125 0.767578125 0.69677734375 0.767578125 0.69677734375 0.7978515625 0.72705078125 0.7978515625 0.72705078125 0.767578125
0 0.73388671875 0.7265625 0.67138671875 0.7265625 0.67138671875 0.787109375 0.73388671875 0.787109375 0.73388671875 0.7265625
0 0.74267578125 0.677734375 0.69873046875 0.677734375 0.69873046875 0.7197265625 0.74267578125 0.7197265625 0.74267578125 0.677734375
0 0.7607421875 0.68310546875 0.74609375 0.68310546875 0.74609375 0.70556640625 0.7607421875 0.70556640625 0.7607421875 0.68310546875
0 0.7412109375 0.61279296875 0.7080078125 0.61279296875 0.7080078125 0.64697265625 0.7412109375 0.64697265625 0.7412109375 0.61279296875
0 0.3056640625 0.7587890625 0.26171875 0.7587890625 0.26171875 0.80859375 0.3056640625 0.80859375 0.3056640625 0.7587890625
0 0.25 0.7333984375 0.2060546875 0.7333984375 0.2060546875 0.7802734375 0.25 0.7802734375 0.25 0.7333984375
0 0.26708984375 0.7060546875 0.22119140625 0.7060546875 0.22119140625 0.75 0.26708984375 0.75 0.26708984375 0.7060546875
0 0.27099609375 0.75634765625 0.23486328125 0.75634765625 0.23486328125 0.80322265625 0.27099609375 0.80322265625 0.27099609375 0.75634765625
0 0.2685546875 0.67431640625 0.2373046875 0.67431640625 0.2373046875 0.70556640625 0.2685546875 0.70556640625 0.2685546875 0.67431640625
0 0.2236328125 0.6513671875 0.20703125 0.6513671875 0.20703125 0.666015625 0.2236328125 0.666015625 0.2236328125 0.6513671875
0 0.1884765625 0.68896484375 0.16015625 0.68896484375 0.16015625 0.70654296875 0.1884765625 0.70654296875 0.1884765625 0.68896484375
0 0.169921875 0.63818359375 0.1396484375 0.63818359375 0.1396484375 0.66357421875 0.169921875 0.66357421875 0.169921875 0.63818359375
0 0.15869140625 0.65234375 0.12255859375 0.65234375 0.12255859375 0.6875 0.15869140625 0.6875 0.15869140625 0.65234375
0 0.1279296875 0.6416015625 0.0947265625 0.6416015625 0.0947265625 0.6806640625 0.1279296875 0.6806640625 0.1279296875 0.6416015625
0 0.12890625 0.693359375 0.080078125 0.693359375 0.080078125 0.73828125 0.12890625 0.73828125 0.12890625 0.693359375
0 0.06298828125 0.6484375 0.01123046875 0.6484375 0.01123046875 0.7578125 0.06298828125 0.7578125 0.06298828125 0.6484375
0 0.138671875 0.7412109375 0.0869140625 0.7412109375 0.0869140625 0.7802734375 0.138671875 0.7802734375 0.138671875 0.7412109375
0 0.216796875 0.7294921875 0.1484375 0.7294921875 0.1484375 0.8037109375 0.216796875 0.8037109375 0.216796875 0.7294921875
0 0.17138671875 0.78564453125 0.08544921875 0.78564453125 0.08544921875 0.87158203125 0.17138671875 0.87158203125 0.17138671875 0.78564453125
0 0.0908203125 0.826171875 0.0166015625 0.826171875 0.0166015625 0.9052734375 0.0908203125 0.9052734375 0.0908203125 0.826171875
0 0.08447265625 0.7666015625 0.04345703125 0.7666015625 0.04345703125 0.8203125 0.08447265625 0.8203125 0.08447265625 0.7666015625
0 0 0.80322265625 0.0341796875 0.80322265625 0.0341796875 0.76611328125 0 0.76611328125 0 0.80322265625
0 0 0.87451171875 0.0068359375 0.87451171875 0.0068359375 0.84228515625 0 0.84228515625 0 0.87451171875
0 0 0.837890625 0.015625 0.837890625 0.015625 0.8115234375 0 0.8115234375 0 0.837890625
0 0.9462890625 0.76318359375 0.8876953125 0.76318359375 0.8876953125 0.83349609375 0.9462890625 0.83349609375 0.9462890625 0.76318359375
0 0.97412109375 0.751953125 0.95263671875 0.751953125 0.95263671875 0.7890625 0.97412109375 0.7890625 0.97412109375 0.751953125
0 1 0.7763671875 0.9560546875 0.7763671875 0.9560546875 0.837890625 1 0.837890625 1 0.7763671875
0 0.88818359375 0.72998046875 0.85400390625 0.72998046875 0.85400390625 0.75439453125 0.88818359375 0.75439453125 0.88818359375 0.72998046875
0 0.80419921875 0.72705078125 0.76806640625 0.72705078125 0.76806640625 0.75537109375 0.80419921875 0.75537109375 0.80419921875 0.72705078125
0 0.84375 0.67333984375 0.7890625 0.67333984375 0.7890625 0.73291015625 0.84375 0.73291015625 0.84375 0.67333984375
0 0.916015625 0.56884765625 0.884765625 0.56884765625 0.884765625 0.60986328125 0.916015625 0.60986328125 0.916015625 0.56884765625
0 0.99755859375 0.5517578125 0.94189453125 0.5517578125 0.94189453125 0.6015625 0.99755859375 0.6015625 0.99755859375 0.5517578125
0 0.93115234375 0.61767578125 0.87646484375 0.61767578125 0.87646484375 0.65478515625 0.93115234375 0.65478515625 0.93115234375 0.61767578125
0 0.95166015625 0.65576171875 0.87255859375 0.65576171875 0.87255859375 0.72021484375 0.95166015625 0.72021484375 0.95166015625 0.65576171875
0 0.99609375 0.61669921875 0.9580078125 0.61669921875 0.9580078125 0.66064453125 0.99609375 0.66064453125 0.99609375 0.61669921875
0 0.9990234375 0.66552734375 0.9580078125 0.66552734375 0.9580078125 0.72021484375 0.9990234375 0.72021484375 0.9990234375 0.66552734375
0 0.7939453125 0.6708984375 0.76953125 0.6708984375 0.76953125 0.6953125 0.7939453125 0.6953125 0.7939453125 0.6708984375
0 0.8662109375 0.5615234375 0.740234375 0.5615234375 0.740234375 0.6708984375 0.8662109375 0.6708984375 0.8662109375 0.5615234375
0 0.98486328125 0.39013671875 0.91357421875 0.39013671875 0.91357421875 0.44482421875 0.98486328125 0.44482421875 0.98486328125 0.39013671875
0 0.97802734375 0.32177734375 0.93408203125 0.32177734375 0.93408203125 0.36865234375 0.97802734375 0.36865234375 0.97802734375 0.32177734375
0 0.962890625 0.28515625 0.935546875 0.28515625 0.935546875 0.318359375 0.962890625 0.318359375 0.962890625 0.28515625
0 1 0.27734375 0.9755859375 0.27734375 0.9755859375 0.3251953125 1 0.3251953125 1 0.27734375
0 0.88623046875 0.29541015625 0.84228515625 0.29541015625 0.84228515625 0.33056640625 0.88623046875 0.33056640625 0.88623046875 0.29541015625
0 0.92822265625 0.31640625 0.87255859375 0.31640625 0.87255859375 0.3759765625 0.92822265625 0.3759765625 0.92822265625 0.31640625
0 0.83251953125 0.3349609375 0.80517578125 0.3349609375 0.80517578125 0.365234375 0.83251953125 0.365234375 0.83251953125 0.3349609375
0 0.86767578125 0.3388671875 0.84326171875 0.3388671875 0.84326171875 0.3740234375 0.86767578125 0.3740234375 0.86767578125 0.3388671875
0 0.748046875 0.3369140625 0.720703125 0.3369140625 0.720703125 0.35546875 0.748046875 0.35546875 0.748046875 0.3369140625
0 0.79541015625 0.33349609375 0.76416015625 0.33349609375 0.76416015625 0.35205078125 0.79541015625 0.35205078125 0.79541015625 0.33349609375
0 0.81689453125 0.22216796875 0.67529296875 0.22216796875 0.67529296875 0.32666015625 0.81689453125 0.32666015625 0.81689453125 0.22216796875
0 0.76123046875 0.203125 0.73583984375 0.203125 0.73583984375 0.2373046875 0.76123046875 0.2373046875 0.76123046875 0.203125
0 0.78466796875 0.18701171875 0.75244140625 0.18701171875 0.75244140625 0.22216796875 0.78466796875 0.22216796875 0.78466796875 0.18701171875
0 0.74755859375 0.087890625 0.70556640625 0.087890625 0.70556640625 0.126953125 0.74755859375 0.126953125 0.74755859375 0.087890625
0 0.77880859375 0.13525390625 0.72412109375 0.13525390625 0.72412109375 0.16455078125 0.77880859375 0.16455078125 0.77880859375 0.13525390625
0 0.837890625 0 0.837890625 0.0458984375 0.91015625 0.0458984375 0.91015625 0 0.837890625 0
0 0.93310546875 0.0107421875 0.90478515625 0.0107421875 0.90478515625 0.0380859375 0.93310546875 0.0380859375 0.93310546875 0.0107421875
0 0.96728515625 0.01953125 0.94189453125 0.01953125 0.94189453125 0.044921875 0.96728515625 0.044921875 0.96728515625 0.01953125
0 0.9345703125 0 0.9345703125 0.01171875 0.974609375 0.01171875 0.974609375 0 0.9345703125 0
0 0.8984375 0.0673828125 0.8720703125 0.0673828125 0.8720703125 0.10546875 0.8984375 0.10546875 0.8984375 0.0673828125
0 0.93212890625 0.16015625 0.88720703125 0.16015625 0.88720703125 0.20703125 0.93212890625 0.20703125 0.93212890625 0.16015625
0 0.921875 0.22021484375 0.8671875 0.22021484375 0.8671875 0.27294921875 0.921875 0.27294921875 0.921875 0.22021484375
0 0.88232421875 0.1572265625 0.79345703125 0.1572265625 0.79345703125 0.2392578125 0.88232421875 0.2392578125 0.88232421875 0.1572265625
0 0.99609375 0.1884765625 0.921875 0.1884765625 0.921875 0.255859375 0.99609375 0.255859375 0.99609375 0.1884765625
0 0.99169921875 0.14453125 0.91455078125 0.14453125 0.91455078125 0.177734375 0.99169921875 0.177734375 0.99169921875 0.14453125
0 0.96142578125 0.08251953125 0.89208984375 0.08251953125 0.89208984375 0.13623046875 0.96142578125 0.13623046875 0.96142578125 0.08251953125
0 1 0.04296875 0.9638671875 0.04296875 0.9638671875 0.1298828125 1 0.1298828125 1 0.04296875
0 0.24609375 0.18994140625 0.197265625 0.18994140625 0.197265625 0.24365234375 0.24609375 0.24365234375 0.24609375 0.18994140625
0 0.29931640625 0.19482421875 0.26904296875 0.19482421875 0.26904296875 0.22119140625 0.29931640625 0.22119140625 0.29931640625 0.19482421875
0 0.34228515625 0.15283203125 0.31201171875 0.15283203125 0.31201171875 0.18408203125 0.34228515625 0.18408203125 0.34228515625 0.15283203125
0 0.38916015625 0.1533203125 0.35302734375 0.1533203125 0.35302734375 0.197265625 0.38916015625 0.197265625 0.38916015625 0.1533203125
0 0.4208984375 0.14501953125 0.3857421875 0.14501953125 0.3857421875 0.18212890625 0.4208984375 0.18212890625 0.4208984375 0.14501953125
0 0.39599609375 0.19873046875 0.34033203125 0.19873046875 0.34033203125 0.26318359375 0.39599609375 0.26318359375 0.39599609375 0.19873046875
0 0.31298828125 0.37646484375 0.23876953125 0.37646484375 0.23876953125 0.44091796875 0.31298828125 0.44091796875 0.31298828125 0.37646484375
0 0.37353515625 0.4033203125 0.30908203125 0.4033203125 0.30908203125 0.4697265625 0.37353515625 0.4697265625 0.37353515625 0.4033203125
0 0.35546875 0.23974609375 0.3076171875 0.23974609375 0.3076171875 0.28759765625 0.35546875 0.28759765625 0.35546875 0.23974609375
0 0.42578125 0.30615234375 0.3232421875 0.30615234375 0.3232421875 0.39990234375 0.42578125 0.39990234375 0.42578125 0.30615234375