0 0.7959229328124999 0.44621765625 0.8141002875 0.481892721875 0.834983253125 0.47125232031250003 0.8168058984375 0.43557725312500006 0.7959229328124999 0.44621765625
0 0.7732475812499999 0.191986059375 0.787434784375 0.21983001249999998 0.8213696031250001 0.202539359375 0.8071824 0.1746954046875 0.7732475812499999 0.191986059375
0 0.8587312671875 0.34900191875000003 0.8729184703125 0.3768458734375 0.8955416828124999 0.3653187703125 0.8813544796875 0.3374748171875 0.8587312671875 0.34900191875000003
0 0.8729722703125 0.3264014625 0.9040067765625001 0.3873101109375 0.9518635718749999 0.36292585625 0.920829065625 0.30201720625 0.8729722703125 0.3264014625
0 0.677184071875 0.396019934375 0.6878244734375001 0.4169029 0.7052269453125 0.4080358984375 0.6945865421875 0.38715293281249996 0.677184071875 0.396019934375
0 0.669330203125 0.425778190625 0.6906110078125 0.46754412187499994 0.72193545625 0.45158351874999997 0.7006546515625 0.40981758749999997 0.669330203125 0.425778190625
0 0.6333899109375001 0.40901798906250003 0.652010615625 0.445563178125 0.685945434375 0.428272525 0.6673247296875 0.39172733593750003 0.6333899109375001 0.40901798906250003
0 0.6700387796875 0.46158587031250004 0.691319584375 0.5033518 0.71568304375 0.49093799843749997 0.6944022390625 0.4491720671875 0.6700387796875 0.46158587031250004
0 0.6597713515625 0.4898338421875 0.665534903125 0.5011454484375 0.68641786875 0.4905050453125 0.6806543171875 0.4791934390625 0.6597713515625 0.4898338421875
0 0.6469473531250001 0.468967453125 0.6553710046875 0.48549980000000004 0.67712409375 0.47441604843749996 0.668700440625 0.4578837 0.6469473531250001 0.468967453125
0 0.6164246125 0.4467068171875 0.6385921171875 0.49021299531249996 0.6820982953125 0.46804549062499995 0.6599307890625 0.4245393125 0.6164246125 0.4467068171875
0 0.65675304375 0.6387866671875 0.6749303984374999 0.6744617328125 0.701904228125 0.6607178796875 0.6837268734374999 0.6250428140625 0.65675304375 0.6387866671875
0 0.75741808125 0.609415703125 0.7773688359375 0.6485712640625 0.807823159375 0.633054009375 0.78787240625 0.59389845 0.75741808125 0.609415703125
0 0.6560444671875 0.6029789890624999 0.704812978125 0.6986925796875 0.791825334375 0.6543575703125 0.7430568234375 0.558643978125 0.6560444671875 0.6029789890624999
0 0.6687751859375 0.5827920921875 0.6776421874999999 0.6001945625 0.6933044125000001 0.5922142609375001 0.684437409375 0.574811790625 0.6687751859375 0.5827920921875
0 0.4752867703125 0.7827613718750001 0.4854838234375 0.8027742140624999 0.5028862937499999 0.7939072125 0.49268924218750004 0.7738943703125 0.4752867703125 0.7827613718750001
0 0.306259015625 0.839292728125 0.3683280296875 0.9611100265625 0.4753532265625 0.9065779656249999 0.4132842140625 0.7847606671875 0.306259015625 0.839292728125
0 0.4551910453125 0.7820404390625 0.4649447484375 0.8011831562499999 0.48147709531249994 0.7927595046875 0.47172339374999994 0.7736167859374999 0.4551910453125 0.7820404390625
0 0.45743884062499995 0.76171475 0.4698526421875 0.7860782093750001 0.4968264734375 0.77233435625 0.4844126703125 0.747970896875 0.45743884062499995 0.76171475
0 0.42203095937499996 0.72879095625 0.445085165625 0.77403738125 0.4868510953125 0.7527565765625 0.463796890625 0.7075101515625 0.42203095937499996 0.72879095625
0 0.34669248750000004 0.5561936453125 0.3577762390625 0.577946734375 0.37865920468750003 0.56730633125 0.367575453125 0.5455532421875 0.34669248750000004 0.5561936453125
0 0.22953865312500002 0.6284907546875 0.2370756046875 0.6432828546875 0.2562183234375 0.633529153125 0.248681371875 0.618737053125 0.22953865312500002 0.6284907546875
0 0.208177075 0.6048503390625 0.22147757812500002 0.6309540453125 0.2528020265625 0.6149934421875 0.23950152343750003 0.588889734375 0.208177075 0.6048503390625
0 0.21750807343749998 0.568311328125 0.229478525 0.5918046640625 0.26341334375000003 0.574514009375 0.2514428921875 0.5510206734375 0.21750807343749998 0.568311328125
0 0.2021317203125 0.5564175796875 0.21809232500000003 0.587742028125 0.242455784375 0.575328225 0.22649518125 0.5440037765625 0.2021317203125 0.5564175796875
0 0.19394842968749998 0.5715473921875 0.2037021328125 0.590690109375 0.22023447968749998 0.5822664578125 0.210480778125 0.5631237390625 0.19394842968749998 0.5715473921875
0 0.2388364984375 0.58758455 0.2503636 0.6102077625 0.2747270609375 0.597793959375 0.2631999578125 0.575170746875 0.2388364984375 0.58758455
0 0.2669684328125 0.582566796875 0.2784955359375 0.605190009375 0.2976382546875 0.5954363078125 0.2861111515625 0.5728130953125 0.2669684328125 0.582566796875
0 0.220781359375 0.5392429625 0.248269065625 0.5931906234375 0.29351549062500004 0.5701364171875001 0.26602778437499996 0.5161887562499999 0.220781359375 0.5392429625
0 0.271594525 0.530340696875 0.2928753296875 0.572106628125 0.31462841875 0.561022875 0.2933476140625 0.5192569453125 0.271594525 0.530340696875
0 0.37589135625000003 0.5478922078124999 0.3838716578125 0.5635544328125001 0.40127412968750004 0.55468743125 0.39329382812499997 0.53902520625 0.37589135625000003 0.5478922078124999
0 0.2832002921875 0.5057948953125 0.3279786515625 0.5936773734374999 0.4123806375 0.5506724140625 0.367602278125 0.4627899359375 0.2832002921875 0.5057948953125
0 0.189092825 0.9674932421875001 0.2006199265625 0.9901164546875 0.22324313906249998 0.9785893531250001 0.2117160375 0.9559661390624999 0.189092825 0.9674932421875001
0 0.217164071875 1 0.2044360234375 0.975019796875 0.18703355156249998 0.9838867984374999 0.1952436375 1 0.217164071875 1
0 0.5515304796875 0.873243825 0.5639442828125001 0.897607284375 0.5830870015625 0.8878535812499999 0.5706731984375 0.8634901218750001 0.5515304796875 0.873243825
0 0.5898118484375 0.9107316234375 0.5969054500000001 0.9246536000000001 0.6099573031250001 0.9180033484375001 0.6028637015625 0.904081371875 0.5898118484375 0.9107316234375
0 0.6103595921875 1 0.6353774484375 0.987252765625 0.6194168437500001 0.9559283187500001 0.583741778125 0.9741056718750001 0.5969355968750001 1 0.6103595921875 1
0 1 0.793248134375 0.98923804375 0.7987316250000001 0.99455824375 0.8091731078125 1 0.80640039375 1 0.793248134375
0 0.5907223640625 0.11017183906250001 0.6230869203125 0.1736908578125 0.6883461875 0.1404396015625 0.65598163125 0.07692058125 0.5907223640625 0.11017183906250001
0 0.7381275328125 0.0531495109375 0.743447734375 0.06359099375 0.7556294640625 0.05738409375 0.7503092640625 0.046942610937500004 0.7381275328125 0.0531495109375
0 0.710072303125 0.0970369515625 0.714949153125 0.1066083109375 0.726260759375 0.100844759375 0.721383909375 0.0912734015625 0.710072303125 0.0970369515625
0 0.6969458546875 0.093861015625 0.7044828062499999 0.1086531171875 0.7131840421875 0.104219615625 0.7056470890625001 0.089427515625 0.6969458546875 0.093861015625
0 0.673201759375 0.044034009375 0.6798520109374999 0.057085864062500005 0.688553246875 0.05265236250000001 0.6819029953125 0.039600509374999995 0.673201759375 0.044034009375
0 0.6546184265625 0.06994301562500001 0.6643721296875 0.089085734375 0.6835148484375 0.0793320328125 0.6737611453125 0.0601893140625 0.6546184265625 0.06994301562500001
0 0.5200868375 0.0393003203125 0.5285104890625 0.0558326671875 0.5476532078125 0.046078965625 0.53922955625 0.029546617187500002 0.5200868375 0.0393003203125
0 0.5498946546875 0 0.5464432625 0.001758571875 0.5539802140625001 0.0165506734375 0.572252809375 0.0072403203125 0.56856368125 0 0.5498946546875 0
0 0.607472453125 0 0.6171077234375 0.018910284375 0.6379906890625 0.0082698828125 0.6337769734375 0 0.607472453125 0
0 0.5817159421875 0 0.59067459375 0.01758234375 0.625181884375 0 0.5817159421875 0
0 0.6277957468750001 0.017300540625 0.6388794984375 0.0390536296875 0.6615027109375 0.027526526562499997 0.6504189593749999 0.0057734390625 0.6277957468750001 0.017300540625
0 0.633461946875 0.044554064062499996 0.6480925 0.0732681421875 0.6837675671875 0.0550907875 0.6691370140624999 0.0263767109375 0.633461946875 0.044554064062499996
0 0.5851348265625 0.0357493 0.615282634375 0.0949177015625 0.6735809125000001 0.0652132453125 0.64343310625 0.00604484375 0.5851348265625 0.0357493
0 0.589689334375 0 0.5742230203124999 0.00788048125 0.5875235234375 0.0339841875 0.6136272296875 0.020683684375 0.603088365625 0 0.589689334375 0
0 0.69078933125 0 0.6337809734375 0.029047209375 0.689643084375 0.1386827765625 0.8001487765625 0.082377315625 0.7581754375 0 0.69078933125 0
0 0.5165531671875 0 0.5034612093749999 0.0066706859374999995 0.5291755140625 0.057137853125000006 0.577902434375 0.032310246875 0.561439540625 0 0.5165531671875 0
0 0.5586994859375001 0 0.57373205 0.0295030671875 0.590264396875 0.0210794140625 0.5795238984375 0 0.5586994859375001 0
0 0.7882633171875 0.09884546562499999 0.808214071875 0.138001025 0.8430190140624999 0.120267021875 0.823068259375 0.0811114609375 0.7882633171875 0.09884546562499999
0 0.8846359046875 0.194416046875 0.901168253125 0.18599239375 0.8878677500000001 0.15988868750000002 0.8713354015625001 0.1683123390625 0.8846359046875 0.194416046875
0 0.8155976140625001 0.07505375 0.8435286703125 0.12987153437500001 0.865281759375 0.11878778125 0.837350703125 0.063969996875 0.8155976140625001 0.07505375
0 0.8715570765624999 0.1687474015625 0.8880894250000001 0.16032375000000001 0.8557248671875 0.09680472968750001 0.8391925203125 0.10522838125 0.8715570765624999 0.1687474015625
0 0 0.5157127890625001 0.0113528375 0.537993984375 0.042677284375 0.52203338125 0.026716681250000002 0.4907089328125 0 0.5043217624999999 0 0.5157127890625001
0 0.0826573078125 0.43809328281250004 0.091080959375 0.4546256296875 0.10848343125 0.445758628125 0.10005977968749999 0.42922628124999995 0.0826573078125 0.43809328281250004
0 0.119991846875 0.43715474375 0.147479553125 0.49110240312500003 0.20403758437500003 0.462284646875 0.176549878125 0.40833698749999997 0.119991846875 0.43715474375
0 0.062710771875 0.45702472343749995 0.10704578281249999 0.5440370796875 0.1670843078125 0.5134459234375 0.1227492984375 0.42643356718750003 0.062710771875 0.45702472343749995
0 0.018949765625 0.474389971875 0.056191175 0.5474803515625 0.117969946875 0.5160024953125 0.08072853906250001 0.442912115625 0.018949765625 0.474389971875
0 0 0.4748425765625 0.0050526546875 0.48475897031250004 0.050299079687500005 0.46170476562499996 0.029018275 0.419938834375 0 0.43472438437500005 0 0.4748425765625
0 0 0.49312662031250004 0.00585858125 0.5046247312500001 0.0328324109375 0.49088087812500003 0.023522059375 0.472608284375 0 0.48459337187499996 0 0.49312662031250004
0 0.0145452 0.41196892968750004 0.025628951562500002 0.43372201875 0.0491222875 0.42175156718749995 0.0380385359375 0.399998478125 0.0145452 0.41196892968750004
0 0.040872690625 0.4281469890625 0.05550324375 0.45686106718749997 0.0868276921875 0.44090046406249994 0.0721971390625 0.4121863859375 0.040872690625 0.4281469890625
0 0.0289353921875 0.40902084843750003 0.0466693953125 0.44382579062499994 0.0884353265625 0.4225449859375 0.070701321875 0.38774004375 0.0289353921875 0.40902084843750003
0 0.071047321875 0.404552084375 0.0883379765625 0.438486903125 0.12227279531249999 0.42119624843750003 0.104982140625 0.3872614296875 0.071047321875 0.404552084375
0 0.10967047031249999 0.400764921875 0.13095127499999998 0.44253085312499996 0.17880807031249998 0.4181465984375 0.157527265625 0.37638066718749996 0.10967047031249999 0.400764921875
0 0.08463987656250001 0.3828300390625 0.10060047968750001 0.4141544875 0.127574309375 0.400410634375 0.11161370625 0.3690861859375 0.08463987656250001 0.3828300390625
0 0.1093472265625 0.35818477656250003 0.116884178125 0.3729768765625 0.1290659078125 0.366769975 0.12152895625 0.351977875 0.1093472265625 0.35818477656250003
0 0.140876771875 0.3404756375 0.167477778125 0.3926830515625 0.217074821875 0.3674120953125 0.19047381562500001 0.31520468125 0.140876771875 0.3404756375
0 0.278820290625 0.216484840625 0.28635724218749997 0.231276940625 0.3037597140625 0.2224099390625 0.2962227625 0.2076178390625 0.278820290625 0.216484840625
0 0.2528470875 0.2182106203125 0.2590539890625 0.23039234999999997 0.269495471875 0.2250721484375 0.26328857031249997 0.21289041874999998 0.2528470875 0.2182106203125
0 0.23548394843749998 0.20349311406249998 0.2430209 0.218285215625 0.2586831234375 0.21030491406250001 0.251146171875 0.19551281250000002 0.23548394843749998 0.20349311406249998
0 0.25133469375 0.1915806796875 0.260201696875 0.20898315156249997 0.2793444140625 0.19922945 0.2704774125 0.18182697812499998 0.25133469375 0.1915806796875
0 0.2338472296875 0.1604861953125 0.24138418125 0.1752782953125 0.2535659125 0.16907139531249998 0.24602895937499997 0.15427929375 0.2338472296875 0.1604861953125
0 0.241342740625 0.169819303125 0.25863339375 0.203754121875 0.2960487078125 0.1846900671875 0.278758053125 0.1507552484375 0.241342740625 0.169819303125
0 0.24510503749999998 0.20516705468750002 0.27347944375 0.2608549625 0.3222063625 0.2360273578125 0.29383195624999997 0.18033945 0.24510503749999998 0.20516705468750002
0 0.17642947343749998 0.2198826015625 0.21500093125 0.29558335156250004 0.27590958125 0.26454884375 0.237338121875 0.18884809375 0.17642947343749998 0.2198826015625
0 0.24139879843749998 0.263500596875 0.260019503125 0.3000457859375 0.2991750625 0.28009503125 0.280554359375 0.24354984218750003 0.24139879843749998 0.263500596875
0 0.20013423593750002 0.293294115625 0.222745090625 0.3376704171875 0.26451102187500003 0.3163896125 0.2419001671875 0.2720133109375 0.20013423593750002 0.293294115625
0 0.1876479484375 0.28814796875000004 0.20094845156250002 0.314251675 0.218350921875 0.3053846734375 0.20505041875000002 0.2792809671875 0.1876479484375 0.28814796875000004
0 0.1916236328125 0.322838984375 0.2089142859375 0.356773803125 0.2376283640625 0.34214325 0.220337709375 0.30820843125 0.1916236328125 0.322838984375
0 0.17353745 0.299173703125 0.187724653125 0.32701765625 0.204257 0.3185940046875 0.190069796875 0.2907500515625 0.17353745 0.299173703125
0 0.1092332984375 0.371943096875 0.1216471015625 0.39630655625 0.14862093125 0.38256270312499996 0.13620712968749998 0.35819924375 0.1092332984375 0.371943096875
0 0.132718346875 0.3588808453125 0.15089570000000002 0.3945559109375 0.1709085421875 0.384358859375 0.1527311890625 0.34868379374999997 0.132718346875 0.3588808453125
0 0.081693603125 0.1673189390625 0.11006800937500001 0.223006846875 0.1622754234375 0.19640584218749998 0.1339010171875 0.140717934375 0.081693603125 0.1673189390625
0 0.152117703125 0.15280849218749998 0.16098470468749998 0.1702109640625 0.1818676703125 0.1595705609375 0.17300066875 0.142168090625 0.152117703125 0.15280849218749998
0 0.19304048437500002 0.164289934375 0.2045675875 0.186913146875 0.22632067656250002 0.17582939375 0.2147935734375 0.15320618125000002 0.19304048437500002 0.164289934375
0 0.2106170109375 0.178350703125 0.21859731249999997 0.1940129265625 0.24035040156249998 0.182929175 0.23237009999999997 0.16726695 0.2106170109375 0.178350703125
0 0.13605989999999998 0.252508165625 0.1471436515625 0.27426125468749996 0.17498760625 0.2600740515625 0.163903853125 0.2383209625 0.13605989999999998 0.252508165625
0 0.117522078125 0.22688096249999998 0.12860583125 0.24863405156249999 0.15644978437499998 0.23444684843750002 0.1453660328125 0.212693759375 0.117522078125 0.22688096249999998
0 0.1565554234375 0.21959672968750002 0.165865775 0.2378693234375 0.178917628125 0.23121907187500002 0.16960727656250002 0.21294647812499998 0.1565554234375 0.21959672968750002
0 0.155407715625 0.24100592812500002 0.1758018203125 0.2810316109375 0.20625614531249997 0.2655143578125 0.185862040625 0.22548867499999997 0.155407715625 0.24100592812500002
0 0.1774983671875 0.1305602140625 0.1664146140625 0.108807125 0.1176876953125 0.1336347296875 0.128771446875 0.15538781875000002 0.1774983671875 0.1305602140625
0 0.093059159375 0.22619318124999999 0.1099064625 0.2592578765625 0.13601016875 0.24595737343750002 0.119162865625 0.212892678125 0.093059159375 0.22619318124999999
0 0.1993634234375 0.19175684375 0.207343725 0.20741906875 0.227356565625 0.197222015625 0.21937626406250002 0.1815597921875 0.1993634234375 0.19175684375
0 0.137072884375 0.1845866890625 0.1605704390625 0.2307032375 0.2145181 0.20321553125 0.19102054531249998 0.1570989828125 0.137072884375 0.1845866890625