0 0.10302734375 0 0.10302734375 0.037109375 0.13134765625 0.037109375 0.13134765625 0 0.10302734375 0
0 0.1533203125 0 0.1533203125 0.01171875 0.18359375 0.01171875 0.18359375 0 0.1533203125 0
0 0.3193359375 0 0.3193359375 0.0341796875 0.33984375 0.0341796875 0.33984375 0 0.3193359375 0
0 0.38525390625 0.00341796875 0.35693359375 0.00341796875 0.35693359375 0.02392578125 0.38525390625 0.02392578125 0.38525390625 0.00341796875
0 0.45654296875 0 0.45654296875 0.009765625 0.48681640625 0.009765625 0.48681640625 0 0.45654296875 0
0 0.5478515625 0 0.5478515625 0.01171875 0.5712890625 0.01171875 0.5712890625 0 0.5478515625 0
0 0.61181640625 0 0.61181640625 0.0048828125 0.62744140625 0.0048828125 0.62744140625 0 0.61181640625 0
0 0.83349609375 0.009765625 0.77783203125 0.009765625 0.77783203125 0.0576171875 0.83349609375 0.0576171875 0.83349609375 0.009765625
0 0.75390625 0.0205078125 0.7001953125 0.0205078125 0.7001953125 0.0576171875 0.75390625 0.0576171875 0.75390625 0.0205078125
0 0.69482421875 0.052734375 0.63427734375 0.052734375 0.63427734375 0.1083984375 0.69482421875 0.1083984375 0.69482421875 0.052734375
0 0.755859375 0.08984375 0.71875 0.08984375 0.71875 0.115234375 0.755859375 0.115234375 0.755859375 0.08984375
0 0.81494140625 0.0556640625 0.78662109375 0.0556640625 0.78662109375 0.0810546875 0.81494140625 0.0810546875 0.81494140625 0.0556640625
0 0.89111328125 0 0.89111328125 0.0576171875 0.95068359375 0.0576171875 0.95068359375 0 0.89111328125 0
0 0.96728515625 0 0.96728515625 0.0341796875 0.99755859375 0.0341796875 0.99755859375 0 0.96728515625 0
0 0.98779296875 0.05908203125 0.94384765625 0.05908203125 0.94384765625 0.10009765625 0.98779296875 0.10009765625 0.98779296875 0.05908203125
0 0.9501953125 0.08447265625 0.908203125 0.08447265625 0.908203125 0.13232421875 0.9501953125 0.13232421875 0.9501953125 0.08447265625
0 1 0.09814453125 0.9775390625 0.09814453125 0.9775390625 0.14013671875 1 0.14013671875 1 0.09814453125
0 0.9404296875 0.14404296875 0.8623046875 0.14404296875 0.8623046875 0.17919921875 0.9404296875 0.17919921875 0.9404296875 0.14404296875
0 1 0.17919921875 0.9736328125 0.17919921875 0.9736328125 0.23681640625 1 0.23681640625 1 0.17919921875
0 0.79638671875 0.1044921875 0.75048828125 0.1044921875 0.75048828125 0.15234375 0.79638671875 0.15234375 0.79638671875 0.1044921875
0 0.7841796875 0.16064453125 0.7490234375 0.16064453125 0.7490234375 0.19091796875 0.7841796875 0.19091796875 0.7841796875 0.16064453125
0 0.71337890625 0.1435546875 0.66943359375 0.1435546875 0.66943359375 0.1826171875 0.71337890625 0.1826171875 0.71337890625 0.1435546875
0 0.63720703125 0.18798828125 0.58642578125 0.18798828125 0.58642578125 0.22509765625 0.63720703125 0.22509765625 0.63720703125 0.18798828125
0 0.5849609375 0.03564453125 0.525390625 0.03564453125 0.525390625 0.08447265625 0.5849609375 0.08447265625 0.5849609375 0.03564453125
0 0.52392578125 0.08447265625 0.46337890625 0.08447265625 0.46337890625 0.11865234375 0.52392578125 0.11865234375 0.52392578125 0.08447265625
0 0.478515625 0.10693359375 0.44140625 0.10693359375 0.44140625 0.15576171875 0.478515625 0.15576171875 0.478515625 0.10693359375
0 0.47119140625 0.15234375 0.42919921875 0.15234375 0.42919921875 0.19140625 0.47119140625 0.19140625 0.47119140625 0.15234375
0 0.43603515625 0.03173828125 0.39892578125 0.03173828125 0.39892578125 0.09130859375 0.43603515625 0.09130859375 0.43603515625 0.03173828125
0 0.3955078125 0.0439453125 0.36328125 0.0439453125 0.36328125 0.064453125 0.3955078125 0.064453125 0.3955078125 0.0439453125
0 0.36328125 0.037109375 0.3349609375 0.037109375 0.3349609375 0.078125 0.36328125 0.078125 0.36328125 0.037109375
0 0.3447265625 0.0322265625 0.2783203125 0.0322265625 0.2783203125 0.0830078125 0.3447265625 0.0830078125 0.3447265625 0.0322265625
0 0.25830078125 0.0673828125 0.22998046875 0.0673828125 0.22998046875 0.08984375 0.25830078125 0.08984375 0.25830078125 0.0673828125
0 0.2939453125 0.08642578125 0.263671875 0.08642578125 0.263671875 0.11865234375 0.2939453125 0.11865234375 0.2939453125 0.08642578125
0 0.36328125 0.0830078125 0.3125 0.0830078125 0.3125 0.111328125 0.36328125 0.111328125 0.36328125 0.0830078125
0 0.388671875 0.08642578125 0.3603515625 0.08642578125 0.3603515625 0.11669921875 0.388671875 0.11669921875 0.388671875 0.08642578125
0 0.39892578125 0.1455078125 0.34814453125 0.1455078125 0.34814453125 0.1845703125 0.39892578125 0.1845703125 0.39892578125 0.1455078125
0 0.30078125 0.14404296875 0.2568359375 0.14404296875 0.2568359375 0.16748046875 0.30078125 0.16748046875 0.30078125 0.14404296875
0 0.1689453125 0.1455078125 0.083984375 0.1455078125 0.083984375 0.2060546875 0.1689453125 0.2060546875 0.1689453125 0.1455078125
0 0.08203125 0.0712890625 0.0400390625 0.0712890625 0.0400390625 0.1083984375 0.08203125 0.1083984375 0.08203125 0.0712890625
0 0 0.1455078125 0.0439453125 0.1455078125 0.0439453125 0.11328125 0 0.11328125 0 0.1455078125
0 0 0.22314453125 0.0185546875 0.22314453125 0.0185546875 0.16748046875 0 0.16748046875 0 0.22314453125
0 0.07421875 0.2197265625 0.033203125 0.2197265625 0.033203125 0.251953125 0.07421875 0.251953125 0.07421875 0.2197265625
0 0.07568359375 0.27392578125 0.03173828125 0.27392578125 0.03173828125 0.33154296875 0.07568359375 0.33154296875 0.07568359375 0.27392578125
0 0.11279296875 0.31494140625 0.08447265625 0.31494140625 0.08447265625 0.32470703125 0.11279296875 0.32470703125 0.11279296875 0.31494140625
0 0.2109375 0.26904296875 0.173828125 0.26904296875 0.173828125 0.30419921875 0.2109375 0.30419921875 0.2109375 0.26904296875
0 0.337890625 0.3046875 0.3037109375 0.3046875 0.3037109375 0.341796875 0.337890625 0.341796875 0.337890625 0.3046875
0 0.39892578125 0.3076171875 0.36865234375 0.3076171875 0.36865234375 0.3486328125 0.39892578125 0.3486328125 0.39892578125 0.3076171875
0 0.62060546875 0.23876953125 0.56298828125 0.23876953125 0.56298828125 0.26904296875 0.62060546875 0.26904296875 0.62060546875 0.23876953125
0 0.42236328125 0.21484375 0.39892578125 0.21484375 0.39892578125 0.2265625 0.42236328125 0.2265625 0.42236328125 0.21484375
0 0.72216796875 0.22314453125 0.66943359375 0.22314453125 0.66943359375 0.28076171875 0.72216796875 0.28076171875 0.72216796875 0.22314453125
0 0.7626953125 0.23046875 0.7353515625 0.23046875 0.7353515625 0.265625 0.7626953125 0.265625 0.7626953125 0.23046875
0 0.80517578125 0.251953125 0.76416015625 0.251953125 0.76416015625 0.2978515625 0.80517578125 0.2978515625 0.80517578125 0.251953125
0 0.8486328125 0.2080078125 0.8251953125 0.2080078125 0.8251953125 0.25390625 0.8486328125 0.25390625 0.8486328125 0.2080078125
0 0.8759765625 0.2265625 0.8388671875 0.2265625 0.8388671875 0.2705078125 0.8759765625 0.2705078125 0.8759765625 0.2265625
0 0.908203125 0.21337890625 0.880859375 0.21337890625 0.880859375 0.24853515625 0.908203125 0.24853515625 0.908203125 0.21337890625
0 0.95703125 0.17919921875 0.9130859375 0.17919921875 0.9130859375 0.22509765625 0.95703125 0.22509765625 0.95703125 0.17919921875
0 0.97900390625 0.26220703125 0.94677734375 0.26220703125 0.94677734375 0.30419921875 0.97900390625 0.30419921875 0.97900390625 0.26220703125
0 0.99951171875 0.25048828125 0.98779296875 0.25048828125 0.98779296875 0.28564453125 0.99951171875 0.28564453125 0.99951171875 0.25048828125
0 0.93896484375 0.2724609375 0.86083984375 0.2724609375 0.86083984375 0.3486328125 0.93896484375 0.3486328125 0.93896484375 0.2724609375
0 0.9873046875 0.31298828125 0.9384765625 0.31298828125 0.9384765625 0.33544921875 0.9873046875 0.33544921875 0.9873046875 0.31298828125
0 0.994140625 0.330078125 0.984375 0.330078125 0.984375 0.35546875 0.994140625 0.35546875 0.994140625 0.330078125
0 1 0.36572265625 0.9619140625 0.36572265625 0.9619140625 0.40771484375 1 0.40771484375 1 0.36572265625
0 0.97607421875 0.392578125 0.94384765625 0.392578125 0.94384765625 0.4521484375 0.97607421875 0.4521484375 0.97607421875 0.392578125
0 0.92529296875 0.3671875 0.87744140625 0.3671875 0.87744140625 0.416015625 0.92529296875 0.416015625 0.92529296875 0.3671875
0 0.8251953125 0.328125 0.744140625 0.328125 0.744140625 0.3740234375 0.8251953125 0.3740234375 0.8251953125 0.328125
0 0.7421875 0.28759765625 0.7236328125 0.28759765625 0.7236328125 0.32861328125 0.7421875 0.32861328125 0.7421875 0.28759765625
0 0.72021484375 0.28125 0.68798828125 0.28125 0.68798828125 0.31640625 0.72021484375 0.31640625 0.72021484375 0.28125
0 0.60009765625 0.30810546875 0.59326171875 0.30810546875 0.59326171875 0.32177734375 0.60009765625 0.32177734375 0.60009765625 0.30810546875
0 0.626953125 0.318359375 0.578125 0.318359375 0.578125 0.3857421875 0.626953125 0.3857421875 0.626953125 0.318359375
0 0.5751953125 0.314453125 0.5341796875 0.314453125 0.5341796875 0.3740234375 0.5751953125 0.3740234375 0.5751953125 0.314453125
0 0.54443359375 0.33349609375 0.49169921875 0.33349609375 0.49169921875 0.39794921875 0.54443359375 0.39794921875 0.54443359375 0.33349609375
0 0.69287109375 0.32958984375 0.64404296875 0.32958984375 0.64404296875 0.38232421875 0.69287109375 0.38232421875 0.69287109375 0.32958984375
0 0.705078125 0.38232421875 0.65234375 0.38232421875 0.65234375 0.43505859375 0.705078125 0.43505859375 0.705078125 0.38232421875
0 0.7099609375 0.3486328125 0.703125 0.3486328125 0.703125 0.3759765625 0.7099609375 0.3759765625 0.7099609375 0.3486328125
0 0.83203125 0.404296875 0.703125 0.404296875 0.703125 0.4228515625 0.83203125 0.4228515625 0.83203125 0.404296875
0 0.3818359375 0.36181640625 0.328125 0.36181640625 0.328125 0.42138671875 0.3818359375 0.42138671875 0.3818359375 0.36181640625
0 0.32763671875 0.37744140625 0.30419921875 0.37744140625 0.30419921875 0.40771484375 0.32763671875 0.40771484375 0.32763671875 0.37744140625
0 0.32421875 0.42626953125 0.26171875 0.42626953125 0.26171875 0.46728515625 0.32421875 0.46728515625 0.32421875 0.42626953125
0 0.44287109375 0.37060546875 0.40576171875 0.37060546875 0.40576171875 0.41455078125 0.44287109375 0.41455078125 0.44287109375 0.37060546875
0 0 0.42333984375 0.009765625 0.42333984375 0.009765625 0.37548828125 0 0.37548828125 0 0.42333984375
0 0.3173828125 0.111328125 0.2568359375 0.111328125 0.2568359375 0.1337890625 0.3173828125 0.1337890625 0.3173828125 0.111328125
0 0.07861328125 0.64453125 0.01806640625 0.64453125 0.01806640625 0.697265625 0.07861328125 0.697265625 0.07861328125 0.64453125
0 0.28564453125 0.52978515625 0.20263671875 0.52978515625 0.20263671875 0.58544921875 0.28564453125 0.58544921875 0.28564453125 0.52978515625
0 0.2822265625 0.62255859375 0.2158203125 0.62255859375 0.2158203125 0.68212890625 0.2822265625 0.68212890625 0.2822265625 0.62255859375
0 0.34130859375 0.66162109375 0.30224609375 0.66162109375 0.30224609375 0.72216796875 0.34130859375 0.72216796875 0.34130859375 0.66162109375
0 0.27685546875 0.68701171875 0.18212890625 0.68701171875 0.18212890625 0.76123046875 0.27685546875 0.76123046875 0.27685546875 0.68701171875
0 0.310546875 0.8359375 0.2294921875 0.8359375 0.2294921875 0.884765625 0.310546875 0.884765625 0.310546875 0.8359375
0 0.2431640625 0.861328125 0.2021484375 0.861328125 0.2021484375 0.900390625 0.2431640625 0.900390625 0.2431640625 0.861328125
0 0.212890625 0.80859375 0.16015625 0.80859375 0.16015625 0.8779296875 0.212890625 0.8779296875 0.212890625 0.80859375
0 0.1484375 0.7392578125 0.0517578125 0.7392578125 0.0517578125 0.7783203125 0.1484375 0.7783203125 0.1484375 0.7392578125
0 0 0.861328125 0.0400390625 0.861328125 0.0400390625 0.8359375 0 0.8359375 0 0.861328125
0 0.41943359375 0.544921875 0.38037109375 0.544921875 0.38037109375 0.59765625 0.41943359375 0.59765625 0.41943359375 0.544921875
0 0.541015625 0.51806640625 0.4716796875 0.51806640625 0.4716796875 0.57861328125 0.541015625 0.57861328125 0.541015625 0.51806640625
0 0.55615234375 0.4970703125 0.52783203125 0.4970703125 0.52783203125 0.5380859375 0.55615234375 0.5380859375 0.55615234375 0.4970703125
0 0.5458984375 0.41455078125 0.525390625 0.41455078125 0.525390625 0.43701171875 0.5458984375 0.43701171875 0.5458984375 0.41455078125
0 0.666015625 0.4619140625 0.5576171875 0.4619140625 0.5576171875 0.5771484375 0.666015625 0.5771484375 0.666015625 0.4619140625
0 0.7998046875 0.47216796875 0.7587890625 0.47216796875 0.7587890625 0.50048828125 0.7998046875 0.50048828125 0.7998046875 0.47216796875
0 0.8486328125 0.4599609375 0.818359375 0.4599609375 0.818359375 0.5009765625 0.8486328125 0.5009765625 0.8486328125 0.4599609375
0 0.89111328125 0.4228515625 0.84912109375 0.4228515625 0.84912109375 0.470703125 0.89111328125 0.470703125 0.89111328125 0.4228515625
0 0.95751953125 0.48388671875 0.89794921875 0.48388671875 0.89794921875 0.52294921875 0.95751953125 0.52294921875 0.95751953125 0.48388671875
0 0.93896484375 0.4619140625 0.92333984375 0.4619140625 0.92333984375 0.4775390625 0.93896484375 0.4775390625 0.93896484375 0.4619140625
0 0.845703125 0.52294921875 0.7763671875 0.52294921875 0.7763671875 0.56494140625 0.845703125 0.56494140625 0.845703125 0.52294921875
0 0.8388671875 0.57861328125 0.7626953125 0.57861328125 0.7626953125 0.63818359375 0.8388671875 0.63818359375 0.8388671875 0.57861328125
0 0.88623046875 0.60595703125 0.83837890625 0.60595703125 0.83837890625 0.64794921875 0.88623046875 0.64794921875 0.88623046875 0.60595703125
0 0.9404296875 0.58544921875 0.896484375 0.58544921875 0.896484375 0.65478515625 0.9404296875 0.65478515625 0.9404296875 0.58544921875
0 0.99609375 0.53466796875 0.9287109375 0.53466796875 0.9287109375 0.58544921875 0.99609375 0.58544921875 0.99609375 0.53466796875
0 1 0.60400390625 0.9638671875 0.60400390625 0.9638671875 0.65966796875 1 0.65966796875 1 0.60400390625
0 0.58154296875 0.74462890625 0.54931640625 0.74462890625 0.54931640625 0.78173828125 0.58154296875 0.78173828125 0.58154296875 0.74462890625
0 0.74072265625 0.658203125 0.68310546875 0.658203125 0.68310546875 0.6865234375 0.74072265625 0.6865234375 0.74072265625 0.658203125
0 0.681640625 0.6748046875 0.6474609375 0.6748046875 0.6474609375 0.7021484375 0.681640625 0.7021484375 0.681640625 0.6748046875
0 0.7607421875 0.81005859375 0.703125 0.81005859375 0.703125 0.87646484375 0.7607421875 0.87646484375 0.7607421875 0.81005859375
0 0.8876953125 0.69384765625 0.8046875 0.69384765625 0.8046875 0.73779296875 0.8876953125 0.73779296875 0.8876953125 0.69384765625
0 0.75927734375 0.73095703125 0.73388671875 0.73095703125 0.73388671875 0.75439453125 0.75927734375 0.75439453125 0.75927734375 0.73095703125
0 0.77099609375 0.70556640625 0.75048828125 0.70556640625 0.75048828125 0.73095703125 0.77099609375 0.73095703125 0.77099609375 0.70556640625
0 0.79833984375 0.72412109375 0.76416015625 0.72412109375 0.76416015625 0.75439453125 0.79833984375 0.75439453125 0.79833984375 0.72412109375
0 0.92529296875 0.67822265625 0.88623046875 0.67822265625 0.88623046875 0.71923828125 0.92529296875 0.71923828125 0.92529296875 0.67822265625
0 0.8623046875 0.64453125 0.818359375 0.64453125 0.818359375 0.6787109375 0.8623046875 0.6787109375 0.8623046875 0.64453125
0 0.95361328125 0.74951171875 0.90966796875 0.74951171875 0.90966796875 0.80224609375 0.95361328125 0.80224609375 0.95361328125 0.74951171875
0 0.99951171875 0.7392578125 0.97412109375 0.7392578125 0.97412109375 0.7783203125 0.99951171875 0.7783203125 0.99951171875 0.7392578125
0 0.85546875 0.74267578125 0.818359375 0.74267578125 0.818359375 0.77685546875 0.85546875 0.77685546875 0.85546875 0.74267578125
0 0.86572265625 0.78173828125 0.80810546875 0.78173828125 0.80810546875 0.84423828125 0.86572265625 0.84423828125 0.86572265625 0.78173828125
0 0.66259765625 0.79833984375 0.62060546875 0.79833984375 0.62060546875 0.83740234375 0.66259765625 0.83740234375 0.66259765625 0.79833984375
0 0.8017578125 0.75634765625 0.767578125 0.75634765625 0.767578125 0.79541015625 0.8017578125 0.79541015625 0.8017578125 0.75634765625
0 0.90625 0.78369140625 0.8740234375 0.78369140625 0.8740234375 0.82568359375 0.90625 0.82568359375 0.90625 0.78369140625
0 0.755859375 0.369140625 0.7255859375 0.369140625 0.7255859375 0.3994140625 0.755859375 0.3994140625 0.755859375 0.369140625
0 0.8388671875 0.88525390625 0.7880859375 0.88525390625 0.7880859375 0.93896484375 0.8388671875 0.93896484375 0.8388671875 0.88525390625
0 0.9248046875 0.86279296875 0.8759765625 0.86279296875 0.8759765625 0.90380859375 0.9248046875 0.90380859375 0.9248046875 0.86279296875
0 0.95361328125 0.86279296875 0.92138671875 0.86279296875 0.92138671875 0.89990234375 0.95361328125 0.89990234375 0.95361328125 0.86279296875
0 0.9892578125 0.8662109375 0.9521484375 0.8662109375 0.9521484375 0.9169921875 0.9892578125 0.9169921875 0.9892578125 0.8662109375
0 0.96044921875 0.9423828125 0.91162109375 0.9423828125 0.91162109375 0.9912109375 0.96044921875 0.9912109375 0.96044921875 0.9423828125
0 0.32421875 0.92724609375 0.2666015625 0.92724609375 0.2666015625 0.95751953125 0.32421875 0.95751953125 0.32421875 0.92724609375
0 0.19580078125 1 0.19580078125 0.98828125 0.13525390625 0.98828125 0.13525390625 1 0.19580078125 1
0 0.78466796875 1 0.78466796875 0.962890625 0.74365234375 0.962890625 0.74365234375 1 0.78466796875 1
0 0.7626953125 0.91552734375 0.7373046875 0.91552734375 0.7373046875 0.94091796875 0.7626953125 0.94091796875 0.7626953125 0.91552734375
0 1 0.935546875 0.9794921875 0.935546875 0.9794921875 0.9931640625 1 0.9931640625 1 0.935546875
0 0.79833984375 0.8408203125 0.75732421875 0.8408203125 0.75732421875 0.86328125 0.79833984375 0.86328125 0.79833984375 0.8408203125
0 0.88232421875 0.3876953125 0.85400390625 0.3876953125 0.85400390625 0.4111328125 0.88232421875 0.4111328125 0.88232421875 0.3876953125
0 0.7841796875 0.89697265625 0.73046875 0.89697265625 0.73046875 0.92236328125 0.7841796875 0.92236328125 0.7841796875 0.89697265625
0 0.7744140625 0.4130859375 0.7373046875 0.4130859375 0.7373046875 0.4501953125 0.7744140625 0.4501953125 0.7744140625 0.4130859375
0 0.8740234375 0.49072265625 0.845703125 0.49072265625 0.845703125 0.51806640625 0.8740234375 0.51806640625 0.8740234375 0.49072265625