0 0.29598543906249997 0.4912391078125 0.283694025 0.506417740625 0.303426246875 0.5223965781250001 0.3157176609375 0.5072179453125 0.29598543906249997 0.4912391078125
0 0.679652421875 0.51479314375 0.6661318656249999 0.5314896390625 0.6828283609375 0.5450101953125001 0.6963489171874999 0.5283137 0.679652421875 0.51479314375
0 0.686660146875 0.5418301078125001 0.676827015625 0.5539730125 0.6866931265625 0.5619624328125 0.6965262578125 0.5498195265625 0.686660146875 0.5418301078125001
0 0.7518376203125 0.48151568281249996 0.7432336296875001 0.49214072499999995 0.7553765359375 0.50197385625 0.763980525 0.49134881249999995 0.7518376203125 0.48151568281249996
0 0.7590516171874999 0.4609688390625 0.750447628125 0.47159388125 0.7656262593750001 0.4838852953125 0.77423025 0.47326025156249996 0.7590516171874999 0.4609688390625
0 0.723317846875 0.4942339578125 0.7153284281250001 0.50410006875 0.729748128125 0.5157769125 0.737737546875 0.5059108015625 0.723317846875 0.4942339578125
0 0.7295069015625 0.440813803125 0.723975765625 0.4476441875 0.7330829453125001 0.4550190359375 0.7386140812499999 0.4481886515625 0.7295069015625 0.440813803125
0 0.6842040375 0.4160659765625 0.67621461875 0.4259320875 0.684562865625 0.432692365625 0.6925522843749999 0.4228262546875 0.6842040375 0.4160659765625
0 0.68862975625 0.42844606093750004 0.6751092 0.44514255625 0.6910467640625 0.458048540625 0.70456731875 0.4413520453125 0.68862975625 0.42844606093750004
0 0.6833667046875 0.45434255312499994 0.6667732953125001 0.47483370625 0.6857465859375 0.4901979734375 0.70233999375 0.4697068203125 0.6833667046875 0.45434255312499994
0 0.6167950906249999 0.5311204421875 0.6112639546875 0.5379508265624999 0.6173354078125 0.5428673921875 0.6228665437500001 0.5360370078125001 0.6167950906249999 0.5311204421875
0 0.6030971953125001 0.5263111109375 0.5883474984375 0.5445254687500001 0.598213609375 0.5525148890625 0.61296330625 0.5343005296875 0.6030971953125001 0.5263111109375
0 0.5652330640625001 0.5459133875 0.5590873578125 0.553502703125 0.5674356046875 0.56026298125 0.5735813125 0.552673665625 0.5652330640625001 0.5459133875
0 0.5460824343749999 0.50904329375 0.5380930140625 0.5189094046875 0.5509948515625 0.52935710625 0.5589842703125 0.5194909953125 0.5460824343749999 0.50904329375
0 0.5408379453125 0.531813315625 0.5346922390625 0.53940263125 0.54455835 0.54739205 0.5507040562500001 0.539802734375 0.5408379453125 0.531813315625
0 0.627389128125 0.6220066984375 0.617555996875 0.6341496046875 0.6281810390625 0.64275359375 0.6380141703125 0.6306106890625001 0.627389128125 0.6220066984375
0 0.6083023828125 0.6385938875 0.6003129640625 0.648459996875 0.6086612125 0.655220275 0.61665063125 0.6453541640625 0.6083023828125 0.6385938875
0 0.6313033625 0.6691574234375001 0.6239285140625 0.6782646031249999 0.63303569375 0.6856394515625001 0.6404105421875 0.676532271875 0.6313033625 0.6691574234375001
0 0.6802276921875 0.6490870109375 0.6722382734375 0.658953121875 0.682104384375 0.666942540625 0.690093803125 0.6570764296875 0.6802276921875 0.6490870109375
0 0.606072984375 0.68014129375 0.598083565625 0.6900074046875 0.6064318125 0.6967676828125 0.6144212312499999 0.686901571875 0.606072984375 0.68014129375
0 0.5969307515625 0.6658267546875 0.5870976203125 0.677969659375 0.5962048 0.6853445078125 0.60603793125 0.673201603125 0.5969307515625 0.6658267546875
0 0.5493304546875 0.6555543187499999 0.5419556062499999 0.6646614984375 0.549544921875 0.67080720625 0.5569197703125 0.6617000265625 0.5493304546875 0.6555543187499999
0 0.5771469875 0.6328420625 0.5697721390625 0.641949240625 0.57963825 0.649938659375 0.587013096875 0.64083148125 0.5771469875 0.6328420625
0 0.54703924375 0.6304518125 0.5372061125 0.6425947171875 0.5470722234375 0.6505841375 0.5569053546875 0.6384412312500001 0.54703924375 0.6304518125
0 0.5907789234374999 0.59738674375 0.5809457921875001 0.60952965 0.5900529718749999 0.6169044984375 0.599886103125 0.6047615921875 0.5907789234374999 0.59738674375
0 0.659398346875 0.5995481093749999 0.6538672109375 0.6063784937500001 0.6682869109375 0.6180553375 0.6738180484375 0.611224953125 0.659398346875 0.5995481093749999
0 0.677647759375 0.6212374984375 0.6745749062499999 0.62503215625 0.681405290625 0.6305632921875 0.68447814375 0.6267686343750001 0.677647759375 0.6212374984375
0 0.67693415 0.6772066796875 0.672017584375 0.6832781328124999 0.67884796875 0.68880926875 0.6837645343750001 0.6827378171875 0.67693415 0.6772066796875
0 0.6775817 0.6965800734375 0.6708214234375001 0.7049283203125001 0.681446465625 0.7135323109375 0.6882067421875 0.7051840625 0.6775817 0.6965800734375
0 0.6931748515625 0.7161184640625 0.6851854328125 0.725984575 0.6935336796875 0.732744853125 0.7015231 0.7228787421875 0.6931748515625 0.7161184640625
0 0.70896598125 0.7408435796874999 0.69913285 0.7529864859375001 0.7097578921875 0.761590475 0.7195910234375 0.74944756875 0.70896598125 0.7408435796874999
0 0.7579295109374999 0.70132759375 0.7456380968749999 0.716506225 0.7577810031250001 0.72633935625 0.7700724171875 0.7111607234374999 0.7579295109374999 0.70132759375
0 0.7290942578124999 0.651588640625 0.7192611265625 0.663731546875 0.7314040328125 0.673564678125 0.7412371624999999 0.661421771875 0.7290942578124999 0.651588640625
0 0.9084579578125 0.6636347812500001 0.8986248265624999 0.6757776859375 0.9115266640625 0.6862253875000001 0.9213597953124999 0.6740824828124999 0.9084579578125 0.6636347812500001
0 0.9842604734375 0.6119243453125 0.9781147656250001 0.6195136609375 0.9872219453125 0.626888509375 0.9933676531250001 0.6192991937500001 0.9842604734375 0.6119243453125
0 0.5444962390625 0.8275638078125 0.5346631078125 0.8397067140625 0.54301135625 0.846466990625 0.5528444859375 0.8343240859375 0.5444962390625 0.8275638078125
0 0.51823055 0.87163753125 0.511470271875 0.8799857796874999 0.5190595890624999 0.8861314859375 0.525819865625 0.8777832390625001 0.51823055 0.87163753125
0 0.485404734375 0.8004463703125 0.475571603125 0.812589275 0.48771450937500005 0.82242240625 0.49754763906250005 0.8102795015625001 0.485404734375 0.8004463703125
0 0.511286809375 0.7824506265625 0.503297390625 0.7923167375 0.516958159375 0.803379009375 0.5249475796875 0.7935128984375 0.511286809375 0.7824506265625
0 0.3907073296875 0.797901390625 0.38517619375 0.8047317749999999 0.3950423046875 0.8127211937500001 0.400573440625 0.805890809375 0.3907073296875 0.797901390625
0 0.38560108125000003 0.7460155890625 0.3720805265625 0.762712084375 0.3834645 0.7719306453125 0.3969850546875 0.7552341499999999 0.38560108125000003 0.7460155890625
0 1 0.2615122328125 0.9808662171875 0.24601800156250003 0.91633629375 0.3257058203125 1 0.393455353125 1 0.2615122328125
0 0.7900812171875 0.462220690625 0.9713795718749999 0.2383358671875 0.7687448328125 0.0742454921875 0.5874464781250001 0.29813031562500003 0.7900812171875 0.462220690625
0 0.6257376703124999 0.09101199531250001 0.6177482515625 0.10087810625 0.62837329375 0.1094820953125 0.6363627125 0.099615984375 0.6257376703124999 0.09101199531250001
0 0.634543784375 0.059188410937500005 0.626554365625 0.069054521875 0.639456203125 0.07950222343749999 0.647445621875 0.0696361125 0.634543784375 0.059188410937500005
0 0.6068262921875001 0.02669041875 0.5988368734375 0.0365565296875 0.6124976421875 0.0476188015625 0.6204870609375 0.037752690625 0.6068262921875001 0.02669041875
0 0.5987955984375 0.0691947359375 0.5914207499999999 0.0783019140625 0.596733271875 0.08260390937499999 0.6041081187499999 0.0734967296875 0.5987955984375 0.0691947359375
0 0.682181209375 0.06320790468750001 0.6760355015624999 0.07079722031249999 0.68514268125 0.07817206875 0.6912883890625 0.070582753125 0.682181209375 0.06320790468750001
0 0.44175629531249994 0.253035596875 0.43376687656249996 0.2629017078125 0.4451508515625 0.27212026875 0.4531402703125 0.2622541578125 0.44175629531249994 0.253035596875
0 0.40938824843750005 0.25886779843749996 0.40016968750000004 0.270251771875 0.41231259375 0.280084903125 0.421531153125 0.2687009296875 0.40938824843750005 0.25886779843749996
0 0.42057217031249994 0.2760922671875 0.40766618593750004 0.29202983125 0.4281573390625 0.3086232390625 0.4410633234375 0.2926856765625 0.42057217031249994 0.2760922671875
0 0.456328553125 0.32892263593750004 0.44342256874999997 0.3448602 0.4548065421875 0.3540787609375 0.46771252656250006 0.338141196875 0.456328553125 0.32892263593750004
0 0.3565722953125 0.31788297499999996 0.3485828765625 0.32774908593749996 0.3637615078125 0.3400405 0.371750928125 0.3301743890625 0.3565722953125 0.31788297499999996
0 0.4745061265625 0 0.4696080796875 0.0060485828125 0.4825099171875 0.0164962859375 0.49111390781250003 0.0058712421874999995 0.48386352656250003 0 0.4745061265625 0
0 0.5059211546875 0 0.5014873546875 0.0054752875 0.5083177390625 0.0110064234375 0.5150780171875 0.002658175 0.51179544375 0 0.5059211546875 0
0 0.443000053125 0.04356208125 0.41780265468750005 0.0746782765625 0.4527135078125 0.102948528125 0.47791090625 0.0718323328125 0.443000053125 0.04356208125
0 0.3539842671875 0.11158954531250001 0.34660941875 0.12069672499999999 0.36178805 0.1329881390625 0.3691628984375 0.12388095937500002 0.3539842671875 0.11158954531250001
0 0.3360544828125 0.12597211875 0.3329816296875 0.1297667765625 0.33753521875 0.1334542015625 0.34060807187500003 0.12965954375 0.3360544828125 0.12597211875
0 0.145681928125 0.36261441875 0.1333905140625 0.37779305 0.148569146875 0.39008446406249997 0.1608605609375 0.3749058328125 0.145681928125 0.36261441875
0 0.2126432765625 0.33578787499999996 0.20403928593749998 0.3464129171875 0.20935180781249998 0.35071491250000003 0.21795579687500002 0.34008987031250004 0.2126432765625 0.33578787499999996
0 0.0929897 0.43932220156249996 0.08500028125 0.4491883125 0.0971431859375 0.4590214421875 0.1051326046875 0.4491553328125 0.0929897 0.43932220156249996
0 0.2809719046875 0.34839486875 0.27544076875 0.35522525312500003 0.281512221875 0.36014181875 0.2870433578125 0.353311434375 0.2809719046875 0.34839486875
0 0.330292190625 0.33869790312500003 0.3223027703125 0.34856401406250004 0.32913315625 0.35409514999999997 0.337122575 0.3442290390625 0.330292190625 0.33869790312500003
0 0.2564364734375 0.42214325312499995 0.24660334218750002 0.4342861578125 0.25571052031249997 0.44166100625000004 0.2655436515625 0.42951810156250003 0.2564364734375 0.42214325312499995
0 0.1955094515625 0.46013930312499995 0.1826034671875 0.47607686562499996 0.195505303125 0.48652456875 0.2084112890625 0.4705870046875 0.1955094515625 0.46013930312499995
0 0.21004260624999999 0.439864690625 0.2020531875 0.4497308015625 0.21116036718750003 0.45710565000000003 0.2191497859375 0.44723953906249997 0.21004260624999999 0.439864690625
0 0.365592778125 0.4169195015625 0.351457653125 0.434374928125 0.36435948906250004 0.4448226296875 0.37849461562500003 0.42736720312500004 0.365592778125 0.4169195015625
0 0.6532509640625 0.1579011625 0.6428032625 0.1708029984375 0.6519104421875 0.178177846875 0.66235814375 0.1652760109375 0.6532509640625 0.1579011625
0 0.65780040625 0.1879738515625 0.644894421875 0.203911415625 0.6638677125 0.21927568281249998 0.676773696875 0.20333811875 0.65780040625 0.1879738515625
0 0.6281134046875 0.15325268125 0.61705113125 0.16691345 0.6269172421875 0.17490286875 0.637979515625 0.1612421 0.6281134046875 0.15325268125
0 0.618008040625 0.17271474375 0.608174909375 0.18485765 0.6180410203125 0.19284706875 0.6278741515624999 0.1807041640625 0.618008040625 0.17271474375
0 0.6280988890625 0.245601109375 0.6004432078125 0.2797530328125 0.6209343609375 0.296346440625 0.6485900421874999 0.26219451875 0.6280988890625 0.245601109375
0 0.5800056703124999 0.2669728453125 0.5695579687500001 0.2798746828125 0.581700875 0.2897078140625 0.5921485765625001 0.2768059765625 0.5800056703124999 0.2669728453125
0 0.6533103046875001 0.70017260625 0.6483937390625 0.706244059375 0.65598305625 0.712389765625 0.660899621875 0.7063183125 0.6533103046875001 0.70017260625
0 0.6251617031250001 0.7659686984375 0.6177868546874999 0.775075878125 0.6276529656250001 0.783065296875 0.6350278140625 0.7739581171875 0.6251617031250001 0.7659686984375
0 0.6662945921875 0.7609511203125 0.6601488843750001 0.7685404359375 0.6700149953125 0.7765298546875 0.676160703125 0.7689405390624999 0.6662945921875 0.7609511203125
0 0.66178435 0.71143285625 0.6464200828125 0.7304061468749999 0.6585629890625 0.740239278125 0.67392725625 0.7212659875 0.66178435 0.71143285625
0 0.6197667328125 0.7113358921875 0.594569334375 0.7424520875 0.6317569828125 0.7725660515625 0.65695438125 0.74144985625 0.6197667328125 0.7113358921875
0 0.5707454375000001 0.773423921875 0.5602977359375 0.786325759375 0.58989606875 0.8102940171874999 0.6003437703125 0.7973921796875 0.5707454375000001 0.773423921875
0 0.561687728125 0.7962475609374999 0.553698309375 0.8061136718749999 0.565841215625 0.815946803125 0.5738306343749999 0.8060806921875001 0.561687728125 0.7962475609374999
0 0.75956695 0.7466346046875 0.7411298296875 0.769402553125 0.765415640625 0.7890688156250001 0.7838527625 0.7663008671875 0.75956695 0.7466346046875
0 0.921467128125 0.5661017015625001 0.8987280125 0.5941821703125 0.91238878125 0.60524444375 0.935127896875 0.5771639734375 0.921467128125 0.5661017015625001
0 0.9463860734375 0.5818825609375 0.937782084375 0.5925076046875 0.9476481953125001 0.6004970234375 0.956252184375 0.5898719812500001 0.9463860734375 0.5818825609375
0 0.9640580421875 0.598077940625 0.9529957687499999 0.611738709375 0.9621029484375001 0.6191135578125 0.9731652203125 0.6054527890625 0.9640580421875 0.598077940625
0 1 0.5951398359375 0.9933903640624999 0.5897874578125 0.9817135203125 0.6042071578125 0.9915796312499999 0.6121965765625 1 0.6017982859375001 1 0.5951398359375
0 0.9637260718749999 0.5255545515625 0.9545075109375001 0.5369385249999999 0.965891484375 0.5461570859375 0.9751100453125 0.5347731109375 0.9637260718749999 0.5255545515625
0 0.9558027109375 0.4600780875 0.9447404390624999 0.47373885624999995 0.9568833437500001 0.48357198749999997 0.9679456171874999 0.46991121874999997 0.9558027109375 0.4600780875
0 0.9371594171875 0.41482261875 0.9316282812500001 0.421653003125 0.937699734375 0.42656956875 0.9432308703125001 0.419739184375 0.9371594171875 0.41482261875
0 0.9018401656249999 0.455334715625 0.892007034375 0.4674776203125 0.9049088718749999 0.47792532187500003 0.914742003125 0.4657824171875 0.9018401656249999 0.455334715625
0 0.90660615 0.4874676578125 0.9004604421875 0.4950569734375 0.9118444171875 0.504275534375 0.9179901234375001 0.49668621875 0.90660615 0.4874676578125
0 0.9172270453125 0.5224569125 0.9030919187500001 0.539912340625 0.9137169609375 0.5485163296875 0.9278520875 0.531060903125 0.9172270453125 0.5224569125
0 0.907288753125 0.51378074375 0.9017576171874999 0.520611128125 0.9108647968750001 0.5279859765625 0.9163959328125 0.5211555921875 0.907288753125 0.51378074375
0 0.933315190625 0.4971585015625 0.9191800640625001 0.514613928125 0.92828724375 0.5219887765625 0.94242236875 0.50453335 0.933315190625 0.4971585015625
0 0.945334371875 0.48929902812500004 0.937344953125 0.4991651390625 0.9472110640625001 0.5071545578125 0.9552004828125 0.497288446875 0.945334371875 0.48929902812500004
0 0.8797981703125 0.41737984062500005 0.8773398875 0.4204155671875 0.884929203125 0.4265612734375 0.8873874859375 0.423525546875 0.8797981703125 0.41737984062500005
0 0.8051670312500001 0.49014445625 0.7928756171875 0.5053230890625 0.811089975 0.520072784375 0.8233813890624999 0.504894153125 0.8051670312500001 0.49014445625
0 0.828625878125 0.48212413125 0.8126470390625 0.501856353125 0.8308613984375001 0.51660605 0.8468402359375 0.496873828125 0.828625878125 0.48212413125
0 0.7714563875 0.529445975 0.764696109375 0.5377942234375 0.7715264937499999 0.543325359375 0.7782867718750001 0.5349771109375 0.7714563875 0.529445975
0 0.7504207703125 0.5274908828125 0.7418167796875 0.5381159249999999 0.7486471640625 0.5436470609375 0.7572511546875 0.53302201875 0.7504207703125 0.5274908828125
0 0.7578265234375 0.5517086609375 0.7479933937500001 0.563851565625 0.757100571875 0.5712264140625 0.7669337031250001 0.5590835078125 0.7578265234375 0.5517086609375
0 0.7712521875 0.56383715 0.760189915625 0.57749791875 0.7670203 0.5830290546875 0.778082571875 0.5693682859375 0.7712521875 0.56383715
0 0.25013820937500003 0.3655223734375 0.24030507812500002 0.3776652796875 0.2585194375 0.392414975 0.26835256875 0.3802720703125 0.25013820937500003 0.3655223734375
0 0.10885725625 0.322741578125 0.10271154843750001 0.33033089375 0.11333659062500001 0.3389348828125 0.1194822984375 0.33134556718749997 0.10885725625 0.322741578125
0 0.179941184375 0.28228931875 0.1737954765625 0.289878634375 0.1836615875 0.29786805312500003 0.1898072953125 0.2902787375 0.179941184375 0.28228931875
0 0.1587384953125 0.308472459375 0.15136364687499998 0.3175796375 0.15819403125 0.323110775 0.1655688796875 0.3140035953125 0.1587384953125 0.308472459375
0 0.0175420640625 0.30282984218750003 0.0095526453125 0.312695953125 0.022454482812500003 0.3231436546875 0.030443901562499997 0.31327754375 0.0175420640625 0.30282984218750003
0 0.4337481140625 0.49724262656249996 0.425144125 0.50786766875 0.44032275624999995 0.5201590828125 0.44892674687499995 0.509534040625 0.4337481140625 0.49724262656249996
0 0.344623021875 0.57083628125 0.3323316078125 0.5860149140625001 0.34371558125 0.5952334734375 0.3560069953125 0.5800548421875 0.344623021875 0.57083628125
0 0.49384609843750005 0.4447526234375 0.4870858203125 0.4531008703125 0.49695193125000003 0.4610902890625 0.5037122093749999 0.4527420421875 0.49384609843750005 0.4447526234375
0 0.8918996015625 0.6910656265624999 0.8845247531249999 0.7001728046875 0.895149796875 0.7087767953124999 0.90252464375 0.699669615625 0.8918996015625 0.6910656265624999
0 0.6771360765625001 0.8872225874999999 0.67099036875 0.894811903125 0.683133275 0.9046450343749999 0.68927898125 0.8970557187500001 0.6771360765625001 0.8872225874999999
0 0.7102197078125 0.9278357968750001 0.7040740015625 0.9354251124999999 0.7131811796874999 0.9427999609375 0.7193268875000001 0.9352106453125 0.7102197078125 0.9278357968750001
0 0.710450665625 0.9531548453124999 0.69570096875 0.971369203125 0.714674259375 0.9867334703124999 0.7294239546875 0.9685191124999999 0.710450665625 0.9531548453124999
0 0.8011472390625001 0.8846035531249999 0.7863975421875 0.9028179109375 0.797022584375 0.9114219015625 0.81177228125 0.8932075421875 0.8011472390625001 0.8846035531249999
0 0.7661295484374999 0.3862779609375 0.7403175796875 0.4181530890625 0.7752284328125 0.446423340625 0.8010404031249999 0.4145482125 0.7661295484374999 0.3862779609375
0 0.6908386171875 0.2876105328125 0.650891521875 0.3369410859375 0.7290614765625001 0.40024186874999995 0.7690085718749999 0.3509113140625 0.6908386171875 0.2876105328125
0 0.6766086984374999 0.2182837203125 0.652025871875 0.248640984375 0.680865271875 0.2719946703125 0.7054481 0.24163740625000002 0.6766086984374999 0.2182837203125
0 0.5143003234375 0.2363845234375 0.5063109046875 0.246250634375 0.516935946875 0.254854625 0.5249253656249999 0.24498851406250002 0.5143003234375 0.2363845234375
0 0.5405082484375 0.21488284375000002 0.532518828125 0.22474895468749997 0.544661734375 0.2345820859375 0.552651153125 0.22471597499999998 0.5405082484375 0.21488284375000002
0 0.5305534671875 0.1961405125 0.5188766234375 0.21056021249999998 0.5317784609375 0.2210079140625 0.5434553046875 0.2065882140625 0.5305534671875 0.1961405125
0 0.1988279765625 0.158100815625 0.188380275 0.17100265312500001 0.1990053171875 0.1796066421875 0.20945301875000003 0.16670480468749999 0.1988279765625 0.158100815625
0 0.1860394953125 0.2313088828125 0.1762063640625 0.2434517890625 0.18683140625 0.252055778125 0.1966645375 0.23991287187500002 0.1860394953125 0.2313088828125
0 0.22041417968750002 0.22144691875000003 0.21181018906250001 0.2320719625 0.2216763 0.24006138125 0.23028029062500002 0.2294363390625 0.22041417968750002 0.22144691875000003
0 0.2315795390625 0.241797859375 0.2229755484375 0.2524229015625 0.232841659375 0.2604123203125 0.24144565 0.24978727812499998 0.2315795390625 0.241797859375
0 0.26725347187500004 0.24429741562500001 0.2531183453125 0.26175284374999996 0.2652612515625 0.2715859734375 0.2793963765625 0.25413054687500003 0.26725347187500004 0.24429741562500001
0 0.3162170015625 0.2047814296875 0.3076130125 0.215406471875 0.315202328125 0.22155217968750002 0.32380631718749997 0.2109271359375 0.3162170015625 0.2047814296875
0 0.265846690625 0.571131125 0.25478441875 0.5847918937500001 0.263891596875 0.5921667421875 0.27495387031249996 0.5785059734375 0.265846690625 0.571131125
0 0.3142574625 0.599023984375 0.3050389015625 0.610407959375 0.3171818078125 0.620241090625 0.32640036875 0.608857115625 0.3142574625 0.599023984375
0 0.35848186718749997 0.47147805312499996 0.346190453125 0.4866566859375 0.358333359375 0.4964898171875 0.3706247734375 0.481311184375 0.35848186718749997 0.47147805312499996
0 0.3546252984375 0.5173625093750001 0.33372989375 0.543166184375 0.34663173125 0.5536138859374999 0.367527134375 0.5278102109375 0.3546252984375 0.5173625093750001
0 0.384227778125 0.5149455015625 0.370707221875 0.531641996875 0.38588585468750003 0.5439334109375 0.399406409375 0.527236915625 0.384227778125 0.5149455015625
0 0.4239273265625 0.5458369609375 0.40979219999999994 0.5632923875 0.4242119 0.57496923125 0.4383470265625 0.557513803125 0.4239273265625 0.5458369609375
0 0.4235065859375 0.57816788125 0.414288025 0.5895518562500001 0.4317434515625 0.60368698125 0.4409620125 0.5923030078125 0.4235065859375 0.57816788125
0 0.4473242609375 0.5867739453125 0.44056398281250003 0.5951221921875 0.4481533 0.6012679000000001 0.45491357656250003 0.5929196515624999 0.4473242609375 0.5867739453125
0 0.6252670625000001 0.555573325 0.6080590828125 0.5768234109375 0.6308270312500001 0.59526053125 0.6480350109375 0.574010446875 0.6252670625000001 0.555573325
0 0.86633320625 0.5403041484375 0.8534272203125 0.5562417125 0.873918375 0.5728351203125001 0.886824359375 0.5568975578125 0.86633320625 0.5403041484375
0 0.8499398484375 0.5527893921875 0.8351901515625 0.5710037515625 0.8518866468749999 0.58452430625 0.86663634375 0.5663099484375 0.8499398484375 0.5527893921875
0 0.82904651875 0.565400434375 0.8149113921875 0.5828558609375001 0.8331257515624999 0.5976055578125 0.8472608765625 0.58015013125 0.82904651875 0.565400434375
0 0.5788382421875 0.45074784687499997 0.57146339375 0.4598550265625 0.5836063 0.46968815781249995 0.5909811484375 0.460580978125 0.5788382421875 0.45074784687499997
0 0.585241765625 0.41258057812500004 0.5661900734375 0.4361074578125 0.604895584375 0.4674505640625 0.6239472765625 0.44392368437499996 0.585241765625 0.41258057812500004
0 0.5736783765625 0.3950488234375 0.564459815625 0.40643279843749996 0.5743259265625 0.41442221718749994 0.5835444875 0.4030382421875 0.5736783765625 0.3950488234375
0 0.6148339765624999 0.360519509375 0.6050008453125 0.372662415625 0.6201794765625 0.3849538296875 0.6300126078125 0.3728109234375 0.6148339765624999 0.360519509375
0 0.581826671875 0.29420778593749997 0.5547855609375001 0.32760077656250003 0.6139822265625 0.37553729062499996 0.6410233375 0.3421443 0.581826671875 0.29420778593749997
0 0.61945155 0.3020569921875 0.6108475609374999 0.312682034375 0.620713671875 0.320671453125 0.6293176609375 0.31004641093749996 0.61945155 0.3020569921875
0 0.4987771796875 0.34633274062499997 0.47296520937500003 0.37820786875 0.50408140625 0.4034052671875 0.529893375 0.3715301390625 0.4987771796875 0.34633274062499997
0 0.5164120203125 0.3687810609375 0.4807669203125 0.41279909375 0.5096063203125001 0.43615277968750005 0.545251421875 0.392134746875 0.5164120203125 0.3687810609375
0 0.55064234375 0.3575455953125 0.5303615109375001 0.38259033750000004 0.5592009124999999 0.405944025 0.5794817453125 0.38089928125 0.55064234375 0.3575455953125
0 0.5376621046875 0.385989040625 0.520454125 0.407239125 0.552329253125 0.43305109374999995 0.5695372328125 0.41180100937499997 0.5376621046875 0.385989040625
0 0.577959734375 0.40605540625 0.5705848859375 0.415162584375 0.579692065625 0.42253743281249995 0.5870669140625 0.41343025468750005 0.577959734375 0.40605540625
0 0.179493684375 0.2549100171875 0.167202271875 0.27008864843749997 0.180863040625 0.281150921875 0.193154453125 0.2659722890625 0.179493684375 0.2549100171875
0 0.2149388328125 0.10329066875 0.209407696875 0.110121053125 0.2200327390625 0.11872504218749999 0.22556387500000002 0.1118946578125 0.2149388328125 0.10329066875
0 0.22988858125 0.0770704015625 0.22251373281250003 0.0861775796875 0.23237984374999998 0.094167 0.2397546921875 0.0850598203125 0.22988858125 0.0770704015625
0 0.24776267500000002 0.0720672390625 0.22871098281250002 0.09559411875 0.2537557265625 0.11587495156250001 0.2728074171875 0.092348071875 0.24776267500000002 0.0720672390625
0 0.31123665 0.0417883765625 0.3020180890625 0.05317235 0.3141609953125 0.06300548125 0.3233795546875 0.0516215078125 0.31123665 0.0417883765625
0 0.3369145265625 0.0581838078125 0.3289251078125 0.0680499171875 0.33879121875 0.0760393375 0.3467806375 0.06617322656249999 0.3369145265625 0.0581838078125
0 0.284457403125 0.13382537187500002 0.2813845484375 0.13762003125 0.288214934375 0.1431511671875 0.2912877875 0.139356509375 0.284457403125 0.13382537187500002
0 0.31155005625 0.1174382359375 0.30171692499999997 0.1295811421875 0.3115830359375 0.1375705609375 0.3214161671875 0.1254276546875 0.31155005625 0.1174382359375
0 0.3302573359375 0.1005437625 0.3228824875 0.1096509421875 0.329712871875 0.115182078125 0.3370877203125 0.1060749 0.3302573359375 0.1005437625
0 0.32712464375 0.1401030984375 0.3185206546875 0.150728140625 0.3261099703125 0.156873846875 0.3347139609375 0.14624880468749998 0.32712464375 0.1401030984375
0 0.29646621562500003 0.1919290625 0.2909350796875 0.198759446875 0.29928332812499997 0.2055197234375 0.3048144640625 0.1986893390625 0.29646621562500003 0.1919290625
0 0.1320625328125 0.203306715625 0.12530225625 0.21165496250000002 0.1351683671875 0.2196443828125 0.14192864375 0.211296134375 0.1320625328125 0.203306715625
0 0.1358242125 0.18624724374999999 0.129063934375 0.1945954921875 0.13741218125000002 0.20135577031250002 0.144172459375 0.193007521875 0.1358242125 0.18624724374999999
0 0.16532153125 0.163011159375 0.1597903953125 0.1698415453125 0.16737971093749998 0.1759872515625 0.172910846875 0.1691568671875 0.16532153125 0.163011159375
0 0.17960101875 0.1469292359375 0.1734553109375 0.1545185515625 0.181044628125 0.1606642578125 0.187190334375 0.1530749421875 0.17960101875 0.1469292359375
0 0.1487486609375 0.282790434375 0.142602953125 0.29037975 0.1524690640625 0.29836916874999997 0.158614771875 0.290779853125 0.1487486609375 0.282790434375
0 0.1254011953125 0.2720519375 0.10573493281249999 0.2963377484375 0.1262260859375 0.31293115781249997 0.1458923484375 0.2886453453125 0.1254011953125 0.2720519375
0 0.4866529359375 0.21776591562499997 0.47190323906250004 0.2359802734375 0.49391225624999996 0.2538028234375 0.5086619531250001 0.23558846562500002 0.4866529359375 0.21776591562499997
0 0.3833062203125 0.1692622265625 0.3771605125 0.17685154218750002 0.3870266234375 0.1848409609375 0.39317233125 0.17725164531249998 0.3833062203125 0.1692622265625
0 0.42109195 0.188551096875 0.4137171015625 0.197658275 0.42130641718749995 0.2038039828125 0.42868126562500003 0.19469680312499998 0.42109195 0.188551096875
0 0.368042965625 0.23543985781250001 0.3594389765625 0.2460649 0.37158188124999997 0.25589803125 0.380185871875 0.2452729890625 0.368042965625 0.23543985781250001
0 0.40585347968749996 0.21202435937500003 0.39786406093750004 0.22189047031250003 0.40393551250000004 0.22680703593749998 0.4119249328125 0.216940925 0.40585347968749996 0.21202435937500003
0 0.45109660625 0.1569296375 0.4437217578125 0.16603681718750002 0.45586466249999996 0.17586994843749998 0.46323951093750004 0.16676276875 0.45109660625 0.1569296375
0 0.44310511249999995 0.17998838125 0.41975142656250003 0.20882778124999998 0.437206853125 0.2229629078125 0.46056054062499996 0.19412350625000002 0.44310511249999995 0.17998838125
0 0.50158629375 0.06587226093750001 0.46901404687500003 0.1060956359375 0.520621396875 0.14788644374999999 0.55319364375 0.10766306875000001 0.50158629375 0.06587226093750001
0 0.458310603125 0.13638279375 0.452164896875 0.143972109375 0.45899528125 0.1495032453125 0.4651409875 0.1419139296875 0.458310603125 0.13638279375
0 0.44614706093749995 0.142868765625 0.43692849999999994 0.1542527390625 0.4467946109375 0.1622421578125 0.456013171875 0.150858184375 0.44614706093749995 0.142868765625
0 0.43152938281250003 0.1260051984375 0.425998246875 0.13283558281250002 0.441176878125 0.145126996875 0.4467080140625 0.1382966125 0.43152938281250003 0.1260051984375
0 0.42713664375000004 0.13375743906249998 0.4148452296875 0.1489360703125 0.423952409375 0.15631091875 0.4362438234375 0.1411322875 0.42713664375000004 0.13375743906249998
0 0.4132593328125 0.1206349125 0.40281163124999997 0.13353675 0.41799026406250006 0.14582816406250002 0.428437965625 0.1329263265625 0.4132593328125 0.1206349125
0 0.39718975156249997 0.14280685312500002 0.3922731859375 0.14887830625 0.401380365625 0.1562531546875 0.40629693125 0.1501817015625 0.39718975156249997 0.14280685312500002
0 0.1867820359375 0.1062500671875 0.1757197640625 0.1199108359375 0.18862160156250002 0.13035853749999998 0.1996838734375 0.11669776875 0.1867820359375 0.1062500671875
0 0.193996034375 0.0857032234375 0.18354833125 0.0986050609375 0.1956912375 0.10843819218749999 0.2061389390625 0.0955363546875 0.193996034375 0.0857032234375
0 0.3218290890625 0 0.3137898234375 0.009927665625 0.3282095234375 0.0216045078125 0.337428084375 0.010220534375 0.3248067765625 0 0.3218290890625 0
0 0.39887478593750003 0.0002905375 0.388427084375 0.013192375000000001 0.4005699890625 0.02302550625 0.41101769062500004 0.01012366875 0.39887478593750003 0.0002905375
0 0.3950038 0.0229161984375 0.3777958203125 0.0441662828125 0.3899387265625 0.053999414062499994 0.40714670625 0.0327493296875 0.3950038 0.0229161984375
0 0.37208734374999997 0.029490840624999997 0.367170778125 0.03556229375 0.37400116250000004 0.0410934296875 0.378917728125 0.0350219765625 0.37208734374999997 0.029490840624999997
0 0.36050124375000003 0.041470821875 0.341449553125 0.0649977015625 0.36194070625 0.0815911109375 0.38099239687500003 0.05806423125 0.36050124375000003 0.041470821875
0 0.375440525 0.1968209421875 0.3551596921875 0.22186568593749997 0.3824812296875 0.2439902296875 0.4027620625 0.2189454875 0.375440525 0.1968209421875
0 0.776719140625 0.8503711562499999 0.8268086265625 0.890932821875 0.9079319578125 0.79075385 0.857842471875 0.750192184375 0.776719140625 0.8503711562499999
0 0.8317953984375 0.783133528125 0.8152019890625001 0.80362468125 0.8334163468750001 0.8183743781249999 0.8500097562500001 0.797883225 0.8317953984375 0.783133528125
0 0.9317332421875 0.6736865265625 0.921285540625 0.6865883640625 0.9326695140625001 0.6958069250000001 0.9431172171875 0.6829050875 0.9317332421875 0.6736865265625
0 0.9470088390625 0.6439603234375 0.92857171875 0.6667282718750001 0.9558932562500001 0.688852815625 0.9743303765625001 0.66608486875 0.9470088390625 0.6439603234375
0 0 0.4757903703125 0.0184039828125 0.4530633453125 0.0062610765625 0.44323021406249996 0 0.450962 0 0.4757903703125
0 0.018041006249999998 0.46282222187500005 0.011895300000000001 0.4704115390625 0.0217614109375 0.47840095781249997 0.027907117187500004 0.47081164218750005 0.018041006249999998 0.46282222187500005
0 0.047878492187499996 0.574946221875 0.0380453609375 0.5870891265625 0.050947198437499994 0.597536828125 0.0607803296875 0.5853939234375 0.047878492187499996 0.574946221875
0 0.0984898296875 0.5147740828125 0.0905004109375 0.52464019375 0.0965718640625 0.529556759375 0.10456128281249999 0.5196906484375 0.0984898296875 0.5147740828125
0 0.1667401578125 0.450665 0.1612090203125 0.45749538437500004 0.1725929953125 0.46671394531250004 0.17812413124999998 0.45988356093749994 0.1667401578125 0.450665
0 0.14335546562499998 0.5617866671875 0.13044948125 0.57772423125 0.1425923859375 0.5875573625 0.1554983703125 0.5716197984375 0.14335546562499998 0.5617866671875
0 0.1172216953125 0.686389690625 0.10923227656250001 0.6962558015625 0.11909838749999999 0.7042452203125 0.12708780625 0.694379109375 0.1172216953125 0.686389690625
0 0.047760790625 0.748890165625 0.0422296546875 0.75572055 0.054372559375 0.76555368125 0.059903695312500005 0.7587232968750001 0.047760790625 0.748890165625
0 0.02468763125 0.717639878125 0.011167075 0.7343363734375 0.027863570312500002 0.7478569296875001 0.0413841265625 0.731160434375 0.02468763125 0.717639878125
0 0.018059371875 0.6909102 0.012528234374999999 0.697740584375 0.017081825000000002 0.701428009375 0.022612960937500003 0.694597625 0.018059371875 0.6909102
0 0.0424607109375 0.665432375 0.019107025 0.6942717765624999 0.0350445890625 0.7071777609375001 0.058398275 0.678338359375 0.0424607109375 0.665432375
0 0.0940557171875 0.6707717546875 0.0879100109375 0.6783610703125 0.0947403953125 0.68389220625 0.1008861015625 0.6763028906249999 0.0940557171875 0.6707717546875
0 0.123447778125 0.74232381875 0.11730207031249999 0.7499131343750001 0.12565031875 0.7566734125 0.131796025 0.749084096875 0.123447778125 0.74232381875
0 0.15297185625 0.7787979578125 0.1449824375 0.7886640671875 0.15712534218750002 0.7984971984375 0.1651147609375 0.7886310875 0.15297185625 0.7787979578125
0 0.1488472015625 0.8056163046875 0.134712075 0.8230717328124999 0.1574800234375 0.8415088531249999 0.17161515 0.8240534265624999 0.1488472015625 0.8056163046875
0 0.2433385328125 0.6245306421875 0.237807396875 0.6313610265625 0.2476735078125 0.639350446875 0.25320464375 0.6325200625 0.2433385328125 0.6245306421875
0 0.22547470781249998 0.679177865625 0.2174852890625 0.6890439765624999 0.2288692625 0.6982625375 0.23685868281250003 0.6883964265625 0.22547470781249998 0.679177865625
0 0.2047360078125 0.7428064703125 0.1967465890625 0.7526725812499999 0.20433590468750001 0.7588182875 0.2123253234375 0.7489521765625 0.2047360078125 0.7428064703125
0 0.21549711718750003 0.8055544937500001 0.2038202734375 0.81997419375 0.22203463124999998 0.8347238906250001 0.233711475 0.820304190625 0.21549711718750003 0.8055544937500001
0 0.371367015625 0.7030740421874999 0.361533884375 0.715216946875 0.3713999953125 0.7232063656250001 0.3812331265625 0.7110634609375001 0.371367015625 0.7030740421874999
0 0.325251603125 0.6738984234375 0.3203350375 0.6799698765625 0.3317190109375 0.6891884375 0.3366355765625 0.683116984375 0.325251603125 0.6738984234375
0 0.30894484218749996 0.7103292140625 0.2991117109375 0.7224721203125 0.3211207265625 0.7402946703125 0.33095385781250003 0.7281517640625 0.30894484218749996 0.7103292140625
0 0.1623513671875 0.6632464234375 0.1525182359375 0.6753893296875 0.163143278125 0.68399331875 0.172976409375 0.6718504125 0.1623513671875 0.6632464234375
0 0.14687571875 0.7009785359375 0.1345843046875 0.71615716875 0.15962904687499999 0.7364380015624999 0.1719204609375 0.72125936875 0.14687571875 0.7009785359375
0 0.1094693546875 0.797604175 0.09533422968750001 0.8150596015625 0.11582538281250002 0.8316530109375 0.1299605078125 0.814197584375 0.1094693546875 0.797604175
0 0.33201178124999997 0.7811574 0.32586607343749996 0.788746715625 0.334973253125 0.7961215640625 0.34111895937500003 0.7885322484375 0.33201178124999997 0.7811574
0 0.27991358437499997 0.7578181296875 0.271924165625 0.767684240625 0.286343865625 0.779361084375 0.294333284375 0.7694949734375001 0.27991358437499997 0.7578181296875
0 0.270820821875 0.7737020765625 0.256071125 0.7919164359375 0.2742854828125 0.8066661312500001 0.28903517968750003 0.7884517734375 0.270820821875 0.7737020765625
0 0.3522574609375 0.8647801890625001 0.3424243296875 0.8769230953125 0.35912082500000003 0.8904436499999999 0.36895395625 0.8783007453125 0.3522574609375 0.8647801890625001
0 0.332007534375 0.923149890625 0.3240181140625 0.933016 0.3354020890625 0.9422345609375 0.3433915078125 0.93236845 0.332007534375 0.923149890625
0 0.2940691484375 0.9552580484375 0.28423601718749997 0.9674009546875 0.307762896875 0.9864526453125 0.317596028125 0.974309740625 0.2940691484375 0.9552580484375
0 0.5479478234374999 1 0.5366634234375 0.9908620734375001 0.5292636749999999 1 0.5479478234374999 1
0 0.559400465625 0.9759742359375 0.54833819375 0.98963500625 0.5582043046875 0.997624425 0.5692665765625 0.98396365625 0.559400465625 0.9759742359375
0 0.580768153125 0.9348454953124999 0.5746224468750001 0.9424348109375 0.58448855625 0.9504242312500001 0.5906342640625 0.9428349140625001 0.580768153125 0.9348454953124999
0 0.6326539546875 0.9297392468749999 0.6234353953125 0.9411232203125 0.6340604375 0.9497272109375 0.643278996875 0.9383432359375 0.6326539546875 0.9297392468749999
0 0.6034031453125 1 0.6100179265625 0.991831425 0.595598225 0.9801545812500001 0.580848528125 0.998368940625 0.5828627187500001 1 0.6034031453125 1
0 0.6325194609375 1 0.6202470124999999 0.9900619671875001 0.6121993515625 1 0.6325194609375 1
0 0.3922106765625 0.8914789609374999 0.3713152734375 0.9172826359374999 0.3910474953125 0.9332614734375 0.41194289843750004 0.9074578000000001 0.3922106765625 0.8914789609374999
0 0.3788303359375 0.9359342249999999 0.3714554875 0.9450414031250001 0.3805626671875 0.9524162515624999 0.387937515625 0.9433090734375 0.3788303359375 0.9359342249999999
0 0.46859883125 0.908099228125 0.4569219890625 0.9225189281249999 0.47437741562499997 0.9366540546875 0.486054259375 0.9222343546875 0.46859883125 0.908099228125
0 0.4600092578125 0.9419830656249999 0.456321834375 0.9465366546875 0.46391115000000005 0.9526823625 0.46759857499999996 0.9481287734375 0.4600092578125 0.9419830656249999
0 0.554246821875 0.8806973156250001 0.5511739671875 0.8844919734375001 0.5564864890625 0.8887939671874999 0.5595593421875 0.8849993093749999 0.554246821875 0.8806973156250001
0 0.6157100125 0.88083348125 0.60772059375 0.8906995921874999 0.614550978125 0.896230728125 0.6225403968750001 0.8863646171875 0.6157100125 0.88083348125
0 0.516327 0.909679003125 0.5126395765625 0.9142325921875001 0.518711028125 0.9191491578125 0.522398453125 0.91459556875 0.516327 0.909679003125
0 0.529224690625 0.9465119703125 0.5218498421875 0.9556191500000001 0.5301980890625 0.9623794265625 0.5375729375 0.9532722484375 0.529224690625 0.9465119703125
0 0.5608750812500001 0.9074269921875 0.55104195 0.9195698984374999 0.56622058125 0.9318613125 0.5760537125 0.91971840625 0.5608750812500001 0.9074269921875
0 0.5339659890624999 0.9057420578125001 0.5192162921875 0.923956415625 0.5359127875 0.937476971875 0.550662484375 0.9192626125000001 0.5339659890624999 0.9057420578125001
0 0.58329456875 0.8432745609375001 0.5734614375 0.8554174671875 0.586363275 0.8658651687500001 0.59619640625 0.8537222640625 0.58329456875 0.8432745609375001
0 0.7600081296875 0.9291990296874999 0.7366544421875 0.95803843125 0.7563866640625 0.9740172687499999 0.7797403515625 0.9451778671875 0.7600081296875 0.9291990296874999
0 0.7426414718750001 0.8102095921875 0.732808340625 0.8223524984375 0.7403976578125 0.8284982062499999 0.7502307874999999 0.8163553 0.7426414718750001 0.8102095921875
0 0.7703816765625 0.8131958499999999 0.7544028390624999 0.8329280718750001 0.7688225390625 0.8446049140625 0.7848013765624999 0.82487269375 0.7703816765625 0.8131958499999999
0 0.7110282078125 0.8430416296875001 0.6950493703125 0.8627738515625 0.7109869343749999 0.8756798359375001 0.726965771875 0.8559476140625 0.7110282078125 0.8430416296875001
0 0.296451203125 0.8623136125 0.27002466406250003 0.8949476703125001 0.301140859375 0.9201450687499999 0.3275673984375 0.8875110109375 0.296451203125 0.8623136125
0 0.27616010156250004 0.8377142937500001 0.252806415625 0.8665536953125 0.279369021875 0.8880636703125001 0.3027227078125 0.85922426875 0.27616010156250004 0.8377142937500001
0 0.2615423234375 0.9364579515625 0.254782046875 0.9448062 0.2676838828125 0.9552539015624999 0.2744441609375 0.9469056531250001 0.2615423234375 0.9364579515625
0 0.1857399078125 0.8725611625 0.1777504890625 0.8824272734375 0.1876166 0.8904166921875 0.19560601875 0.88055058125 0.1857399078125 0.8725611625
0 0.2317088859375 0.9135559109375 0.22617775 0.9203862953125 0.23300813437499998 0.9259174328125 0.2385392703125 0.9190870484375001 0.2317088859375 0.9135559109375
0 0.23170493749999999 0.708726728125 0.22617380156250003 0.7155571125 0.2330041859375 0.72108825 0.238535321875 0.7142578640624999 0.23170493749999999 0.708726728125
0 0.2236969546875 0.721719309375 0.2107909703125 0.7376568734375 0.21989815 0.745031721875 0.23280413437499997 0.7290941578125001 0.2236969546875 0.721719309375
0 0.058680875 0.6050560375 0.0494623140625 0.6164400125 0.06464094687500001 0.6287314265624999 0.0738595078125 0.6173474515625 0.058680875 0.6050560375
0 0.043861071875000004 0.6093910124999999 0.013747107812500001 0.6465786609374999 0.064595525 0.6877548984375 0.0947094890625 0.6505672484375 0.043861071875000004 0.6093910124999999
0 0.0761465703125 0.668835225 0.050949171875 0.6999514203125 0.0797885734375 0.72330510625 0.104985971875 0.6921889109375 0.0761465703125 0.668835225
0 0.1940451046875 0.57833060625 0.161472859375 0.61855398125 0.1812050796875 0.6345328203125 0.21377732656249998 0.5943094453125 0.1940451046875 0.57833060625
0 0.16250194843750002 0.625042028125 0.1563562421875 0.63263134375 0.1715348734375 0.6449227578125 0.17768058125 0.6373334421875 0.16250194843750002 0.625042028125
0 0.1816381625 0.6386533265625001 0.17364874375 0.6485194375 0.18579165 0.65835256875 0.19378106875 0.6484864578125 0.1816381625 0.6386533265625001
0 0.1861360625 0.6517201625 0.17814664375 0.6615862734375 0.185735959375 0.6677319796875001 0.193725378125 0.65786586875 0.1861360625 0.6517201625
0 0.24471825625000002 0.5848083843749999 0.2330414125 0.599228084375 0.253532565625 0.6158214937500001 0.26520940937500004 0.6014017921875 0.24471825625000002 0.5848083843749999
0 0.2375311171875 0.5494582265625 0.218479425 0.57298510625 0.237452715625 0.5883493734374999 0.25650440625000004 0.56482249375 0.2375311171875 0.5494582265625
0 0.221112975 0.6046478390625001 0.21312355625 0.61451395 0.22982005156250002 0.6280345046875 0.2378094703125 0.6181683953125 0.221112975 0.6046478390625001
0 0.287071990625 0.6310434734375 0.2661765875 0.656847146875 0.2760426984375 0.6648365671875001 0.2969381015625 0.6390328921874999 0.287071990625 0.6310434734375
0 0.486698059375 0.505564115625 0.35517993125 0.6679754796874999 0.4583946296875 0.75155709375 0.5899127578125001 0.5891457296875 0.486698059375 0.505564115625
0 0.80239504375 0.7643519953125 0.7802704984375 0.7916735328125 0.7992437875 0.8070378 0.8213683328125001 0.7797162625 0.80239504375 0.7643519953125
0 0.789062196875 0.736591153125 0.771239646875 0.7586001703125 0.797802253125 0.7801101453125 0.815624803125 0.7581011281250001 0.789062196875 0.736591153125
0 0.8020259453125 0.698081546875 0.7842033953125 0.7200905625 0.8077302749999999 0.7391422546874999 0.8255528249999999 0.7171332375 0.8020259453125 0.698081546875
0 0.8349508 0.7140624578125 0.8023785531250001 0.7542858328125 0.8327358171875 0.7788686609375 0.8653080640624999 0.7386452859375 0.8349508 0.7140624578125
0 0.770478740625 0.6555710078125 0.7538853328124999 0.6760621609374999 0.7880372546875 0.7037178421875 0.8046306624999999 0.6832266890625001 0.770478740625 0.6555710078125
0 0.69411744375 0.583053740625 0.684898884375 0.5944377140625 0.7084257640625 0.6134894046875 0.7176443234375001 0.6021054312499999 0.69411744375 0.583053740625
0 0.7318887578125 0.579083815625 0.708535071875 0.607923215625 0.738133403125 0.6318914734375001 0.761487090625 0.603052071875 0.7318887578125 0.579083815625
0 0.8756157515625 0.4667702328125 0.8608660546875001 0.484984590625 0.8730089609375 0.49481772187499995 0.88775865625 0.47660336406250003 0.8756157515625 0.4667702328125
0 0.85537411875 0.4723694015625 0.8449264171875001 0.4852712390625 0.8737658187499999 0.508624925 0.8842135203125 0.49572308749999994 0.85537411875 0.4723694015625
0 0.8197847093749999 0.5070080234375001 0.8007330171874999 0.530534903125 0.8219831031249999 0.5477428828125 0.8410347937499999 0.524216003125 0.8197847093749999 0.5070080234375001
0 0.7916052015624999 0.5394791578125 0.7768555046875 0.5576935171875 0.7958287953125 0.573057784375 0.8105784921874999 0.554843425 0.7916052015624999 0.5394791578125
0 0.8070127171875001 0.590282253125 0.790419309375 0.61077340625 0.8086336671875 0.625523103125 0.8252270765624999 0.60503195 0.8070127171875001 0.590282253125
0 0.7945047625 0.60340063125 0.7723802171874999 0.63072216875 0.7989428234375 0.6522321437499999 0.82106736875 0.6249106062500001 0.7945047625 0.60340063125
0 0.86878319375 0.590038953125 0.842971225 0.6219140796875 0.8831946 0.6544863265624999 0.90900656875 0.6226111999999999 0.86878319375 0.590038953125
0 0.8388816234375 0.6556721203125 0.8247464984375 0.673127546875 0.835371540625 0.6817315374999999 0.849506665625 0.6642761109374999 0.8388816234375 0.6556721203125
0 0.8116322671875 0.6342343265625 0.789507721875 0.6615558640625 0.8130346015625 0.68060755625 0.8351591468749999 0.65328601875 0.8116322671875 0.6342343265625
0 0.8389228984375 0.6230339140625001 0.8241732015625001 0.641248271875 0.86136085 0.6713622359375 0.8761105468749999 0.653147878125 0.8389228984375 0.6230339140625001
0 0.8764879390625 0.666647796875 0.83838455625 0.71370155625 0.8619114359375001 0.732753246875 0.9000148187500001 0.6856994875 0.8764879390625 0.666647796875
0 0.9071483406249999 0.7172364234375 0.8917840734375 0.7362097140625 0.9266949265625 0.764479965625 0.9420591953124999 0.745506675 0.9071483406249999 0.7172364234375
0 0.8561616843750001 0.7507160109375 0.9070101015625 0.791892246875 0.92606179375 0.7683653671874999 0.8752133750000001 0.7271891312500001 0.8561616843750001 0.7507160109375
0 0.94273785 0.566990578125 0.9347484312500001 0.5768566890625 0.941578815625 0.582387825 0.9495682343749999 0.5725217140625001 0.94273785 0.566990578125
0 0.990612453125 0.556751221875 0.977091896875 0.5734477171875 0.9854401453125 0.5802079953125 0.9989606999999999 0.5635114999999999 0.990612453125 0.556751221875
0 1 0.47701932812500003 0.992342809375 0.4708186578125 0.9751348296875 0.49206874375 1 0.5122041609375 1 0.47701932812500003
0 0.3442726859375 0.27022491406250004 0.32706470625 0.2914749984375 0.3392076125 0.3013081296875 0.35641559218749996 0.2800580453125 0.3442726859375 0.27022491406250004
0 0.2554509296875 0.1386099203125 0.2400866625 0.157583209375 0.2833457640625 0.19261373906249998 0.29871003125 0.17364045 0.2554509296875 0.1386099203125
0 0.26993659062500003 0.19055141250000002 0.25334318125 0.21104256562499998 0.29508441875 0.244843953125 0.311677828125 0.2243528 0.26993659062500003 0.19055141250000002
0 0.3230267484375 0.22663166875 0.3131936171875 0.23877457500000002 0.350381265625 0.2688885390625 0.360214396875 0.2567456328125 0.3230267484375 0.22663166875
0 0.3132843609375 0.2363348546875 0.285014109375 0.271245709375 0.31764816875 0.2976722484375 0.3459184203125 0.2627613953125 0.3132843609375 0.2363348546875
0 0.062886203125 0.2949394609375 0.0386003921875 0.2752732 0.023236125 0.2942464890625 0.047521935937499996 0.3139127515625 0.062886203125 0.2949394609375
0 0.5631670875 0.00767170625 0.554563096875 0.0182967484375 0.5644292078125 0.026286167187499997 0.5730331984375 0.015661125 0.5631670875 0.00767170625
0 0.70501106875 0.032687715625 0.709927634375 0.0266162640625 0.70309725 0.0210851265625 0.698180684375 0.027156579687499998 0.70501106875 0.032687715625
0 0.6999624843750001 0.0738370953125 0.674150515625 0.105712221875 0.7120970953125 0.13644075625000002 0.737909065625 0.10456562968750001 0.6999624843750001 0.0738370953125
0 0.66689524375 0.158897271875 0.64538526875 0.185459878125 0.6658764234375 0.20205328749999998 0.687386396875 0.17549068125 0.66689524375 0.158897271875
0 0.6661405593749999 0.0162902109375 0.6550782859375001 0.029950981249999998 0.6679801234375 0.040398682812499996 0.679042396875 0.0267379140625 0.6661405593749999 0.0162902109375
0 0.5935821156250001 0.009682490625 0.58251984375 0.023343259375 0.5901091593750001 0.029488965625000002 0.6011714312499999 0.015828196875 0.5935821156250001 0.009682490625
0 1 0.49775324843749996 0.9863765171875001 0.48672116875000004 0.9525751281250001 0.52846240625 1 0.566866309375 1 0.49775324843749996
0 0.8478136359375 0.512741284375 0.8250745203125 0.5408217546875 0.8774407999999999 0.5832271328124999 0.900179915625 0.5551466625 0.8478136359375 0.512741284375
0 0.8604659515625 0.5009964078125 0.846945396875 0.517692903125 0.8689544124999999 0.5355154546875001 0.8824749687500001 0.518818959375 0.8604659515625 0.5009964078125
0 0.8758695187500001 0.34697032031249997 0.8605052515624999 0.3659436109375 0.8787196109375 0.3806933078125 0.8940838781249999 0.3617200171875 0.8758695187500001 0.34697032031249997
0 0.970853571875 0.3654549375 0.9542601625 0.38594609062499996 0.96640306875 0.395779221875 0.982996478125 0.37528806875 0.970853571875 0.3654549375
0 0.60077270625 0.8278979515625 0.5897104343749999 0.8415587203125 0.6102015875 0.8581521296875 0.6212638593750001 0.8444913609375 0.60077270625 0.8278979515625
0 0.608555853125 0.8656156484374999 0.598722721875 0.8777585531250001 0.6085888328125 0.885747971875 0.6184219640624999 0.8736050671875001 0.608555853125 0.8656156484374999
0 0.5968068296875 0.879348596875 0.5869736984375 0.891491503125 0.5953219453124999 0.8982517796874999 0.6051550765625 0.886108875 0.5968068296875 0.879348596875
0 0.5428628468750001 0.8714787546875 0.5354879984375 0.8805859343750001 0.5423183828125 0.8861170703125 0.54969323125 0.877009890625 0.5428628468750001 0.8714787546875
0 0.64715215625 0.78691771875 0.6274858937500001 0.8112035296875 0.647977046875 0.8277969390625 0.667643309375 0.803511128125 0.64715215625 0.78691771875
0 0.6248296328125 0.8090525328125 0.6039342296875 0.8348562078124999 0.6304968359374999 0.85636618125 0.6513922390625 0.83056250625 0.6248296328125 0.8090525328125
0 0.6976458921875001 0.7850823015625 0.681052484375 0.8055734546875 0.709891884375 0.8289271406250001 0.7264852937499999 0.8084359875 0.6976458921875001 0.7850823015625
0 0.67046456875 0.7907165234375 0.6569440125 0.8074130187499999 0.6941316609375 0.8375269828125 0.7076522171875 0.8208304875 0.67046456875 0.7907165234375
0 0.6515510171875001 0.8551948046875 0.641103315625 0.8680966421875 0.67601416875 0.89636689375 0.6864618703125 0.88346505625 0.6515510171875001 0.8551948046875
0 0.684789378125 0.8312183515625 0.6614356906250001 0.860057753125 0.6766143234374999 0.8723491671874999 0.699968009375 0.8435097656250001 0.684789378125 0.8312183515625
0 0.6733538609374999 0.8049939374999999 0.6364796187499999 0.8505298328125 0.655452909375 0.8658941015625 0.69232715 0.8203582046875001 0.6733538609374999 0.8049939374999999
0 0.489648865625 0.9333131171875 0.481044875 0.9439381593749999 0.4901520546875 0.9513130078125 0.4987560453125 0.940687965625 0.489648865625 0.9333131171875
0 0.42281134062500003 0.862225040625 0.40990535625 0.8781626046875 0.42432505625 0.8898394484375001 0.43723104218750003 0.8739018843749999 0.42281134062500003 0.862225040625
0 0.245677040625 0.8086314937499999 0.234000196875 0.8230511937499999 0.246143103125 0.832884325 0.25781994531249997 0.8184646250000001 0.245677040625 0.8086314937499999
0 0.2373906046875 0.86852113125 0.22755747343750002 0.8806640375000001 0.23286999531250002 0.88496603125 0.24270312500000002 0.8728231265625 0.2373906046875 0.86852113125
0 0.226097375 0.8568628515625001 0.2181079546875 0.8667289625000001 0.224938340625 0.8722600984375 0.23292775937500002 0.8623939875 0.226097375 0.8568628515625001
0 0.2127583078125 0.8686799078125 0.20722717031250001 0.8755102921875 0.2140575546875 0.8810414296875001 0.21958869218750002 0.8742110437499999 0.2127583078125 0.8686799078125
0 0.5204674687499999 1 0.5252051953125 0.9941493937500001 0.500160453125 0.9738685609375001 0.48356704375000004 0.9943597140625 0.49053221718750006 1 0.5204674687499999 1
0 0.48025623125 1 0.4895498265625 0.9885233671875 0.47285333124999995 0.9750028109375 0.4630202 0.9871457171875001 0.47889391875 1 0.48025623125 1
0 0.690108621875 1 0.6974147359375 0.9909777015625 0.6761646515625 0.973769721875 0.6614149546875 0.9919840796875 0.6713137921875 1 0.690108621875 1
0 0.6529429828125 0.967531196875 0.641266140625 0.981950896875 0.656444771875 0.9942423109374999 0.6681216156249999 0.9798226109374999 0.6529429828125 0.967531196875
0 0.6577358249999999 0.9437671390625001 0.636840421875 0.9695708140624999 0.650501190625 0.9806330859375001 0.67139659375 0.9548294109375 0.6577358249999999 0.9437671390625001
0 0.67996345625 0.9504573093750001 0.66582833125 0.9679127359375 0.68176589375 0.980818721875 0.6959010203125 0.96336329375 0.67996345625 0.9504573093750001
0 0.7120991421875 1 0.722987453125 0.9865540562499999 0.7055320265625 0.9724189296875 0.6907823296875 0.9906332890625 0.7023492546875 1 0.7120991421875 1
0 0.726743009375 0.893465259375 0.7144515953125 0.9086438906250001 0.7326659546875 0.9233935875 0.74495736875 0.9082149562499999 0.726743009375 0.893465259375
0 0.740515159375 0.885768709375 0.7251508921875 0.904742 0.747159909375 0.92256455 0.7625241765624999 0.903591259375 0.740515159375 0.885768709375
0 0.732929990625 0.8532377375 0.7077325921875001 0.8843539328125001 0.7206344296875 0.894801634375 0.745831828125 0.8636854390625001 0.732929990625 0.8532377375
0 0.6999968421875 0.8900273562500001 0.6920074234375 0.8998934671875001 0.701873534375 0.9078828859374999 0.709862953125 0.898016775 0.6999968421875 0.8900273562500001
0 0.7533696015625 0.852825290625 0.7287867734375 0.8831825546875001 0.7507957890625 0.9010051062500001 0.7753786171875 0.870647840625 0.7533696015625 0.852825290625
0 0.778542215625 0.8644134640625 0.7551885281249999 0.893252865625 0.77567968125 0.9098462734374999 0.79903336875 0.8810068734375 0.778542215625 0.8644134640625
0 0.3855170546875 0.1308412890625 0.3775276359375 0.14070739999999998 0.387393746875 0.14869681875000001 0.39538316562500003 0.1388307078125 0.3855170546875 0.1308412890625
0 0.4139894328125 0.07473189375 0.4060000140625 0.08459800468749999 0.4128303984375 0.090129140625 0.4208198171875 0.0802630296875 0.4139894328125 0.07473189375
0 0.12771284375 0.5120497890625 0.1221817078125 0.5188801734374999 0.13204781875 0.5268695937500001 0.1375789546875 0.5200392093749999 0.12771284375 0.5120497890625
0 0.21361035468749998 0.5068404546874999 0.20807921875000002 0.5136708390625 0.21490960312500001 0.519201975 0.2204407390625 0.512371590625 0.21361035468749998 0.5068404546874999
0 0.2857686953125 0.52945999375 0.280237559375 0.536290378125 0.28782687500000004 0.542436084375 0.29335801093749997 0.5356057 0.2857686953125 0.52945999375
0 0.092863803125 0.550429453125 0.086103525 0.5587777 0.091416046875 0.5630796953125 0.0981763234375 0.554731446875 0.092863803125 0.550429453125
0 0.1159988734375 0.5327224312500001 0.1098531671875 0.5403117468749999 0.11896034687499998 0.5476865953125001 0.125106053125 0.5400972796875 0.1159988734375 0.5327224312500001
0 0.00732719375 0.5590725437499999 0.004254340625 0.5628672015625 0.0141204515625 0.5708566203125 0.0171933046875 0.5670619625 0.00732719375 0.5590725437499999
0 0.0781761171875 0.40407927812500005 0.0714158390625 0.412427525 0.08052301875 0.4198023734375 0.087283296875 0.411454125 0.0781761171875 0.40407927812500005
0 0.3162952046875 0.39710473125 0.3107640671875 0.40393511562500006 0.3175944515625 0.4094662515625 0.3231255890625 0.4026358671875 0.3162952046875 0.39710473125
0 0.3304798 0.40984779062500004 0.3249486640625 0.41667817500000004 0.3317790484375 0.4222093125 0.33731018437500004 0.415378928125 0.3304798 0.40984779062500004
0 0.2561500234375 0.1749891671875 0.2481606046875 0.184855278125 0.2603035109375 0.194688409375 0.26829292968749996 0.1848222984375 0.2561500234375 0.1749891671875
0 0.196769796875 0.1451247234375 0.1930823734375 0.1496783140625 0.1999127578125 0.15520945 0.20360018124999998 0.1506558609375 0.196769796875 0.1451247234375
0 0.6379423875 0.167495040625 0.6207344078125 0.188745125 0.6336362453125 0.199192828125 0.6508442249999999 0.1779427421875 0.6379423875 0.167495040625