0 0.091796875 0.0234375 0.017578125 0.0234375 0.017578125 0.0869140625 0.091796875 0.0869140625 0.091796875 0.0234375
0 0.17626953125 0.0625 0.12939453125 0.0625 0.12939453125 0.109375 0.17626953125 0.109375 0.17626953125 0.0625
0 0.20556640625 0.06787109375 0.17919921875 0.06787109375 0.17919921875 0.09228515625 0.20556640625 0.09228515625 0.20556640625 0.06787109375
0 0.3203125 0.03466796875 0.2744140625 0.03466796875 0.2744140625 0.08154296875 0.3203125 0.08154296875 0.3203125 0.03466796875
0 0.1416015625 0.1826171875 0.0986328125 0.1826171875 0.0986328125 0.228515625 0.1416015625 0.228515625 0.1416015625 0.1826171875
0 0.46923828125 0.08984375 0.37841796875 0.08984375 0.37841796875 0.1455078125 0.46923828125 0.1455078125 0.46923828125 0.08984375
0 0.50244140625 0.06103515625 0.48486328125 0.06103515625 0.48486328125 0.10498046875 0.50244140625 0.10498046875 0.50244140625 0.06103515625
0 0.47119140625 0.228515625 0.43212890625 0.228515625 0.43212890625 0.26953125 0.47119140625 0.26953125 0.47119140625 0.228515625
0 0.5869140625 0.21728515625 0.5634765625 0.21728515625 0.5634765625 0.24072265625 0.5869140625 0.24072265625 0.5869140625 0.21728515625
0 0.7919921875 0.189453125 0.736328125 0.189453125 0.736328125 0.251953125 0.7919921875 0.251953125 0.7919921875 0.189453125
0 0.623046875 0.318359375 0.517578125 0.318359375 0.517578125 0.455078125 0.623046875 0.455078125 0.623046875 0.318359375
0 0.447265625 0.48974609375 0.380859375 0.48974609375 0.380859375 0.56005859375 0.447265625 0.56005859375 0.447265625 0.48974609375
0 0.48486328125 0.54931640625 0.41455078125 0.54931640625 0.41455078125 0.63623046875 0.48486328125 0.63623046875 0.48486328125 0.54931640625
0 0.3271484375 0.43994140625 0.2705078125 0.43994140625 0.2705078125 0.48681640625 0.3271484375 0.48681640625 0.3271484375 0.43994140625
0 0.2568359375 0.458984375 0.224609375 0.458984375 0.224609375 0.4912109375 0.2568359375 0.4912109375 0.2568359375 0.458984375
0 0.2236328125 0.47021484375 0.158203125 0.47021484375 0.158203125 0.52587890625 0.2236328125 0.52587890625 0.2236328125 0.47021484375
0 0.08740234375 0.40966796875 0.02001953125 0.40966796875 0.02001953125 0.47705078125 0.08740234375 0.47705078125 0.08740234375 0.40966796875
0 0.1279296875 0.478515625 0.0478515625 0.478515625 0.0478515625 0.5556640625 0.1279296875 0.5556640625 0.1279296875 0.478515625
0 0.05615234375 0.650390625 0.01025390625 0.650390625 0.01025390625 0.6806640625 0.05615234375 0.6806640625 0.05615234375 0.650390625
0 0.18310546875 0.6513671875 0.09619140625 0.6513671875 0.09619140625 0.73828125 0.18310546875 0.73828125 0.18310546875 0.6513671875
0 0.1015625 0.89892578125 0.0576171875 0.89892578125 0.0576171875 0.94580078125 0.1015625 0.94580078125 0.1015625 0.89892578125
0 0.2080078125 0.9599609375 0.171875 0.9599609375 0.171875 0.994140625 0.2080078125 0.994140625 0.2080078125 0.9599609375
0 0.27978515625 0.8505859375 0.24560546875 0.8505859375 0.24560546875 0.880859375 0.27978515625 0.880859375 0.27978515625 0.8505859375
0 0.41455078125 0.923828125 0.28564453125 0.923828125 0.28564453125 0.9765625 0.41455078125 0.9765625 0.41455078125 0.923828125
0 0.57861328125 0.7607421875 0.46533203125 0.7607421875 0.46533203125 0.8662109375 0.57861328125 0.8662109375 0.57861328125 0.7607421875
0 0.57861328125 0.8671875 0.51220703125 0.8671875 0.51220703125 0.900390625 0.57861328125 0.900390625 0.57861328125 0.8671875
0 0.8525390625 0.5654296875 0.80859375 0.5654296875 0.80859375 0.6181640625 0.8525390625 0.6181640625 0.8525390625 0.5654296875
0 0.80029296875 0.48828125 0.78076171875 0.48828125 0.78076171875 0.515625 0.80029296875 0.515625 0.80029296875 0.48828125
0 0.875 0.59326171875 0.859375 0.59326171875 0.859375 0.63232421875 0.875 0.63232421875 0.875 0.59326171875
0 0.912109375 0.57958984375 0.8876953125 0.57958984375 0.8876953125 0.61865234375 0.912109375 0.61865234375 0.912109375 0.57958984375
0 0.892578125 0.66357421875 0.8525390625 0.66357421875 0.8525390625 0.70263671875 0.892578125 0.70263671875 0.892578125 0.66357421875
0 1 0.66650390625 0.951171875 0.66650390625 0.951171875 0.76318359375 1 0.76318359375 1 0.66650390625