0 0 0.966796875 0.041015625 0.966796875 0.041015625 0.8935546875 0 0.8935546875 0 0.966796875
0 0.01025390625 0.7548828125 0.01025390625 0.8291015625 0.12548828125 0.8291015625 0.12548828125 0.7548828125 0.01025390625 0.7548828125
0 0.07275390625 0.83984375 0.07275390625 0.8720703125 0.12060546875 0.8720703125 0.12060546875 0.83984375 0.07275390625 0.83984375
0 0.0576171875 0.96142578125 0.0576171875 0.98681640625 0.0947265625 0.98681640625 0.0947265625 0.96142578125 0.0576171875 0.96142578125
0 0.25390625 1 0.25390625 0.939453125 0.1455078125 0.939453125 0.1455078125 1 0.25390625 1
0 0.30810546875 0.875 0.30810546875 0.953125 0.35009765625 0.953125 0.35009765625 0.875 0.30810546875 0.875
0 0.36865234375 0.89208984375 0.36865234375 0.89404296875 0.38916015625 0.89404296875 0.38916015625 0.89208984375 0.36865234375 0.89208984375
0 0.3486328125 0.55224609375 0.3486328125 0.60986328125 0.390625 0.60986328125 0.390625 0.55224609375 0.3486328125 0.55224609375
0 0.19970703125 0.50146484375 0.19970703125 0.55908203125 0.33544921875 0.55908203125 0.33544921875 0.50146484375 0.19970703125 0.50146484375
0 0.18994140625 0.62353515625 0.18994140625 0.67236328125 0.23583984375 0.67236328125 0.23583984375 0.62353515625 0.18994140625 0.62353515625
0 0.43505859375 0.59716796875 0.43505859375 0.65673828125 0.49951171875 0.65673828125 0.49951171875 0.59716796875 0.43505859375 0.59716796875
0 0.69970703125 0.5400390625 0.69970703125 0.6357421875 0.75634765625 0.6357421875 0.75634765625 0.5400390625 0.69970703125 0.5400390625
0 0.8642578125 0.51806640625 0.8642578125 0.56591796875 0.9052734375 0.56591796875 0.9052734375 0.51806640625 0.8642578125 0.51806640625
0 0.59423828125 0.8935546875 0.59423828125 0.9345703125 0.67333984375 0.9345703125 0.67333984375 0.8935546875 0.59423828125 0.8935546875
0 0.50927734375 0.75341796875 0.50927734375 0.79541015625 0.55810546875 0.79541015625 0.55810546875 0.75341796875 0.50927734375 0.75341796875
0 0.52099609375 0.73486328125 0.52099609375 0.77197265625 0.56884765625 0.77197265625 0.56884765625 0.73486328125 0.52099609375 0.73486328125
0 0.404296875 0.81591796875 0.404296875 0.82275390625 0.44140625 0.82275390625 0.44140625 0.81591796875 0.404296875 0.81591796875
0 0.84619140625 1 0.84619140625 0.9189453125 0.77685546875 0.9189453125 0.77685546875 1 0.84619140625 1
0 0.7275390625 1 0.7275390625 0.9599609375 0.6162109375 0.9599609375 0.6162109375 1 0.7275390625 1
0 0.0517578125 0.6357421875 0.0517578125 0.669921875 0.08203125 0.669921875 0.08203125 0.6357421875 0.0517578125 0.6357421875
0 0.0556640625 0.72509765625 0.0556640625 0.74072265625 0.0751953125 0.74072265625 0.0751953125 0.72509765625 0.0556640625 0.72509765625
0 0.1572265625 0.6064453125 0.1572265625 0.650390625 0.197265625 0.650390625 0.197265625 0.6064453125 0.1572265625 0.6064453125
0 0.07470703125 0.25 0.07470703125 0.2841796875 0.10498046875 0.2841796875 0.10498046875 0.25 0.07470703125 0.25
0 0.03662109375 0.24169921875 0.03662109375 0.27587890625 0.06884765625 0.27587890625 0.06884765625 0.24169921875 0.03662109375 0.24169921875
0 0.11083984375 0.05908203125 0.11083984375 0.09814453125 0.17529296875 0.09814453125 0.17529296875 0.05908203125 0.11083984375 0.05908203125
0 0.1669921875 0.025390625 0.1669921875 0.080078125 0.21875 0.080078125 0.21875 0.025390625 0.1669921875 0.025390625
0 0.17431640625 0.0048828125 0.17431640625 0.0263671875 0.21142578125 0.0263671875 0.21142578125 0.0048828125 0.17431640625 0.0048828125
0 0.09912109375 0.142578125 0.09912109375 0.1630859375 0.14111328125 0.1630859375 0.14111328125 0.142578125 0.09912109375 0.142578125
0 0.228515625 0.2490234375 0.228515625 0.3154296875 0.3037109375 0.3154296875 0.3037109375 0.2490234375 0.228515625 0.2490234375
0 0.2744140625 0.126953125 0.2744140625 0.177734375 0.3359375 0.177734375 0.3359375 0.126953125 0.2744140625 0.126953125
0 0.23193359375 0.06396484375 0.23193359375 0.12451171875 0.30126953125 0.12451171875 0.30126953125 0.06396484375 0.23193359375 0.06396484375
0 0.27197265625 0.00732421875 0.27197265625 0.05615234375 0.31396484375 0.05615234375 0.31396484375 0.00732421875 0.27197265625 0.00732421875
0 0.3017578125 0.08935546875 0.3017578125 0.11474609375 0.3359375 0.11474609375 0.3359375 0.08935546875 0.3017578125 0.08935546875
0 0.49560546875 0.21044921875 0.49560546875 0.23974609375 0.52001953125 0.23974609375 0.52001953125 0.21044921875 0.49560546875 0.21044921875
0 0.4482421875 0.1015625 0.4482421875 0.13671875 0.4873046875 0.13671875 0.4873046875 0.1015625 0.4482421875 0.1015625
0 0.46044921875 0.65771484375 0.46044921875 0.71435546875 0.51220703125 0.71435546875 0.51220703125 0.65771484375 0.46044921875 0.65771484375
0 0.51953125 0.6650390625 0.51953125 0.7177734375 0.6162109375 0.7177734375 0.6162109375 0.6650390625 0.51953125 0.6650390625
0 0.51025390625 0.60791015625 0.51025390625 0.66943359375 0.65869140625 0.66943359375 0.65869140625 0.60791015625 0.51025390625 0.60791015625
0 0.529296875 0.56591796875 0.529296875 0.59228515625 0.552734375 0.59228515625 0.552734375 0.56591796875 0.529296875 0.56591796875
0 0.48193359375 0.552734375 0.48193359375 0.59375 0.53076171875 0.59375 0.53076171875 0.552734375 0.48193359375 0.552734375
0 0.54638671875 0.52685546875 0.54638671875 0.56103515625 0.57666015625 0.56103515625 0.57666015625 0.52685546875 0.54638671875 0.52685546875
0 0.640625 0.54296875 0.640625 0.58984375 0.69140625 0.58984375 0.69140625 0.54296875 0.640625 0.54296875
0 0.65625 0.513671875 0.65625 0.52734375 0.671875 0.52734375 0.671875 0.513671875 0.65625 0.513671875
0 0.6513671875 0.6953125 0.6513671875 0.7314453125 0.6826171875 0.7314453125 0.6826171875 0.6953125 0.6513671875 0.6953125
0 0.3603515625 0.720703125 0.3603515625 0.7470703125 0.3916015625 0.7470703125 0.3916015625 0.720703125 0.3603515625 0.720703125
0 0.40478515625 0.498046875 0.40478515625 0.521484375 0.43115234375 0.521484375 0.43115234375 0.498046875 0.40478515625 0.498046875
0 0.59130859375 0.41455078125 0.59130859375 0.46435546875 0.64404296875 0.46435546875 0.64404296875 0.41455078125 0.59130859375 0.41455078125
0 0.55810546875 0.24951171875 0.55810546875 0.30224609375 0.60693359375 0.30224609375 0.60693359375 0.24951171875 0.55810546875 0.24951171875
0 0.63330078125 0.0859375 0.63330078125 0.1416015625 0.70361328125 0.1416015625 0.70361328125 0.0859375 0.63330078125 0.0859375
0 0.63330078125 0 0.63330078125 0.046875 0.67431640625 0.046875 0.67431640625 0 0.63330078125 0
0 0.5087890625 0.013671875 0.5087890625 0.0458984375 0.5478515625 0.0458984375 0.5478515625 0.013671875 0.5087890625 0.013671875
0 1 0.947265625 0.9404296875 0.947265625 0.9404296875 1 1 1 1 0.947265625
0 1 0.869140625 0.96484375 0.869140625 0.96484375 0.90625 1 0.90625 1 0.869140625
0 1 0.802734375 0.974609375 0.802734375 0.974609375 0.83984375 1 0.83984375 1 0.802734375
0 0.86669921875 0.7978515625 0.86669921875 0.84765625 0.91943359375 0.84765625 0.91943359375 0.7978515625 0.86669921875 0.7978515625
0 0.8388671875 0.81005859375 0.8388671875 0.82568359375 0.853515625 0.82568359375 0.853515625 0.81005859375 0.8388671875 0.81005859375
0 0.77685546875 0.78564453125 0.77685546875 0.80029296875 0.79638671875 0.80029296875 0.79638671875 0.78564453125 0.77685546875 0.78564453125
0 0.82275390625 0.70458984375 0.82275390625 0.74951171875 0.86279296875 0.74951171875 0.86279296875 0.70458984375 0.82275390625 0.70458984375
0 0.78955078125 0.630859375 0.78955078125 0.6923828125 0.90283203125 0.6923828125 0.90283203125 0.630859375 0.78955078125 0.630859375
0 0.7529296875 0.58251953125 0.7529296875 0.62158203125 0.783203125 0.62158203125 0.783203125 0.58251953125 0.7529296875 0.58251953125
0 0.77587890625 0.60888671875 0.77587890625 0.63232421875 0.80517578125 0.63232421875 0.80517578125 0.60888671875 0.77587890625 0.60888671875
0 0.609375 0.28173828125 0.609375 0.31103515625 0.640625 0.31103515625 0.640625 0.28173828125 0.609375 0.28173828125
0 0.79541015625 0.232421875 0.79541015625 0.248046875 0.81201171875 0.248046875 0.81201171875 0.232421875 0.79541015625 0.232421875
0 0.8017578125 0.08544921875 0.8017578125 0.13427734375 0.8291015625 0.13427734375 0.8291015625 0.08544921875 0.8017578125 0.08544921875
0 0.84375 0.107421875 0.84375 0.1767578125 0.91015625 0.1767578125 0.91015625 0.107421875 0.84375 0.107421875
0 1 0.1376953125 0.9599609375 0.1376953125 0.9599609375 0.2041015625 1 0.2041015625 1 0.1376953125
0 0.9013671875 0.5146484375 0.9013671875 0.5537109375 0.931640625 0.5537109375 0.931640625 0.5146484375 0.9013671875 0.5146484375
0 0 0.013671875 0.0205078125 0.013671875 0.0205078125 0.00390625 0 0.00390625 0 0.013671875