0 0.19287272187499999 0.6429765484375001 0.1494649671875 0.6711658734375 0.1739311734375 0.708840528125 0.217338928125 0.6806512031249999 0.19287272187499999 0.6429765484375001
0 0.4925634671875 0.465239153125 0.477002196875 0.4753447609375 0.48763967812500003 0.4917250453125 0.5032009484375 0.4816194375 0.4925634671875 0.465239153125
0 0.378016659375 0.3614708765625 0.33460890625 0.38966020156250003 0.357479490625 0.4248778125 0.40088724375 0.39668848749999996 0.378016659375 0.3614708765625
0 0.6309423734374999 0.3107496828125 0.603914903125 0.3283015265625 0.6225304953124999 0.35696702343750003 0.649557965625 0.3394151796875 0.6309423734374999 0.3107496828125
0 0.6843091078125 0.35527329375 0.6474534671875001 0.3792076265625 0.6634096890625 0.40377805312500004 0.7002653296875 0.37984372187500004 0.6843091078125 0.35527329375
0 0.7680314796875 0.353302128125 0.741004009375 0.370853971875 0.76068335 0.4011574984375 0.78771081875 0.3836056546875 0.7680314796875 0.353302128125
0 0.672982353125 0.1262522671875 0.5910809296874999 0.1794396734375 0.6245889953125 0.2310375703125 0.70649041875 0.1778501640625 0.672982353125 0.1262522671875
0 0.3913674171875 0.39995969374999996 0.3274843078125 0.44144586874999997 0.3668429875 0.5020529218750001 0.43072609687499996 0.4605667453125 0.3913674171875 0.39995969374999996
0 0.377338159375 0.41780352968749995 0.35768181875 0.43056850625000004 0.3683193 0.44694879062500004 0.387975640625 0.43418381406249995 0.377338159375 0.41780352968749995
0 0.370957465625 0.45280425781250006 0.343929996875 0.47035610156249996 0.3561631 0.489193428125 0.3831905703125 0.47164158437500003 0.370957465625 0.45280425781250006
0 0.315868425 0.5625199953125 0.22168178906249997 0.6236855125 0.2652954625 0.6908446796875001 0.3594820984375 0.6296791625 0.315868425 0.5625199953125
0 0.27773700625000003 0.6024202546875 0.2531665796875 0.6183764765624999 0.2632721859375 0.633937746875 0.2878426125 0.617981525 0.27773700625000003 0.6024202546875
0 0.2997231703125 0.5986220265625 0.273514715625 0.615641996875 0.294789678125 0.648402565625 0.3209981328125 0.6313825953125 0.2997231703125 0.5986220265625
0 0.28196594375 0.6223800875000001 0.25166241718750004 0.6420594265624999 0.2745330015625 0.6772770390625 0.304836528125 0.6575976984375 0.28196594375 0.6223800875000001
0 0.6187333374999999 0.6272489015625 0.58023966875 0.65224698125 0.60896086875 0.69647375 0.6474545375 0.6714756687500001 0.6187333374999999 0.6272489015625
0 0.6121927234375 0.6530381453125 0.5908983531249999 0.6668668703125 0.605790828125 0.6897992687500001 0.627085196875 0.67597054375 0.6121927234375 0.6530381453125
0 0.6315752203125 0.7079872078125 0.5734252093750001 0.745750265625 0.6111882671875 0.8039002749999999 0.669338278125 0.7661372171874999 0.6315752203125 0.7079872078125
0 0.6096853671875 0.7262781046875 0.576924796875 0.7475530671875 0.6035185000000001 0.788503778125 0.6362790687500001 0.767228815625 0.6096853671875 0.7262781046875
0 0.5477328124999999 0.8998363421875 0.5190673140625 0.9184519343750001 0.546192890625 0.960221659375 0.5748583890625001 0.9416060671875 0.5477328124999999 0.8998363421875
0 0.8138524171875 0.8219162578124999 0.77863480625 0.8447868421875 0.7951229015625 0.8701762828125 0.8303405125 0.8473056984375 0.8138524171875 0.8219162578124999
0 0.8745164328125 0.744094815625 0.8442129062499999 0.76377415625 0.8686791125 0.8014488109375 0.8989826390625 0.7817694703125 0.8745164328125 0.744094815625
0 0.9242903234375 0.7158467328125 0.902995953125 0.729675459375 0.918952175 0.7542458859375001 0.9402465453125 0.7404171609375 0.9242903234375 0.7158467328125
0 0.94079603125 0.64981798125 0.918682646875 0.6641785796875 0.936234490625 0.69120605 0.958347875 0.67684545 0.94079603125 0.64981798125
0 1 0.5222925515625 0.9611242265625 0.547538775 0.991972921875 0.5950416 1 0.5898287546875001 1 0.5222925515625
0 0.64452065625 1 0.7151532953124999 0.9541306281249999 0.6710077484375 0.8861524484375 0.5907443531250001 0.9382761046875 0.63082831875 1 0.64452065625 1
0 0.6835558421875 0.9350600671875 0.6524333015625 0.9552712812499999 0.6705170203125 0.9831177640625001 0.701639559375 0.9629065499999999 0.6835558421875 0.9350600671875
0 0.6543730265625001 0.9179146734374999 0.614241328125 0.9439765031249999 0.6328569203125001 0.9726419999999999 0.6729886171875 0.9465801718750001 0.6543730265625001 0.9179146734374999
0 0.7361865796875 0.928245071875 0.7230823515625 0.9367550578125 0.7289329671875 0.9457642140625 0.74203719375 0.937254228125 0.7361865796875 0.928245071875