0 0.033203125 0 0.033203125 0.041015625 0.1064453125 0.041015625 0.1064453125 0 0.033203125 0
0 0.2451171875 0.01025390625 0.1708984375 0.01025390625 0.1708984375 0.12548828125 0.2451171875 0.12548828125 0.2451171875 0.01025390625
0 0.16015625 0.07275390625 0.1279296875 0.07275390625 0.1279296875 0.12060546875 0.16015625 0.12060546875 0.16015625 0.07275390625
0 0.03857421875 0.0576171875 0.01318359375 0.0576171875 0.01318359375 0.0947265625 0.03857421875 0.0947265625 0.03857421875 0.0576171875
0 0 0.25390625 0.060546875 0.25390625 0.060546875 0.1455078125 0 0.1455078125 0 0.25390625
0 0.125 0.30810546875 0.046875 0.30810546875 0.046875 0.35009765625 0.125 0.35009765625 0.125 0.30810546875
0 0.10791015625 0.36865234375 0.10595703125 0.36865234375 0.10595703125 0.38916015625 0.10791015625 0.38916015625 0.10791015625 0.36865234375
0 0.44775390625 0.3486328125 0.39013671875 0.3486328125 0.39013671875 0.390625 0.44775390625 0.390625 0.44775390625 0.3486328125
0 0.49853515625 0.19970703125 0.44091796875 0.19970703125 0.44091796875 0.33544921875 0.49853515625 0.33544921875 0.49853515625 0.19970703125
0 0.37646484375 0.18994140625 0.32763671875 0.18994140625 0.32763671875 0.23583984375 0.37646484375 0.23583984375 0.37646484375 0.18994140625
0 0.40283203125 0.43505859375 0.34326171875 0.43505859375 0.34326171875 0.49951171875 0.40283203125 0.49951171875 0.40283203125 0.43505859375
0 0.4599609375 0.69970703125 0.3642578125 0.69970703125 0.3642578125 0.75634765625 0.4599609375 0.75634765625 0.4599609375 0.69970703125
0 0.48193359375 0.8642578125 0.43408203125 0.8642578125 0.43408203125 0.9052734375 0.48193359375 0.9052734375 0.48193359375 0.8642578125
0 0.1064453125 0.59423828125 0.0654296875 0.59423828125 0.0654296875 0.67333984375 0.1064453125 0.67333984375 0.1064453125 0.59423828125
0 0.24658203125 0.50927734375 0.20458984375 0.50927734375 0.20458984375 0.55810546875 0.24658203125 0.55810546875 0.24658203125 0.50927734375
0 0.26513671875 0.52099609375 0.22802734375 0.52099609375 0.22802734375 0.56884765625 0.26513671875 0.56884765625 0.26513671875 0.52099609375
0 0.18408203125 0.404296875 0.17724609375 0.404296875 0.17724609375 0.44140625 0.18408203125 0.44140625 0.18408203125 0.404296875
0 0 0.84619140625 0.0810546875 0.84619140625 0.0810546875 0.77685546875 0 0.77685546875 0 0.84619140625
0 0 0.7275390625 0.0400390625 0.7275390625 0.0400390625 0.6162109375 0 0.6162109375 0 0.7275390625
0 0.3642578125 0.0517578125 0.330078125 0.0517578125 0.330078125 0.08203125 0.3642578125 0.08203125 0.3642578125 0.0517578125
0 0.27490234375 0.0556640625 0.25927734375 0.0556640625 0.25927734375 0.0751953125 0.27490234375 0.0751953125 0.27490234375 0.0556640625
0 0.3935546875 0.1572265625 0.349609375 0.1572265625 0.349609375 0.197265625 0.3935546875 0.197265625 0.3935546875 0.1572265625
0 0.75 0.07470703125 0.7158203125 0.07470703125 0.7158203125 0.10498046875 0.75 0.10498046875 0.75 0.07470703125
0 0.75830078125 0.03662109375 0.72412109375 0.03662109375 0.72412109375 0.06884765625 0.75830078125 0.06884765625 0.75830078125 0.03662109375
0 0.94091796875 0.11083984375 0.90185546875 0.11083984375 0.90185546875 0.17529296875 0.94091796875 0.17529296875 0.94091796875 0.11083984375
0 0.974609375 0.1669921875 0.919921875 0.1669921875 0.919921875 0.21875 0.974609375 0.21875 0.974609375 0.1669921875
0 0.9951171875 0.17431640625 0.9736328125 0.17431640625 0.9736328125 0.21142578125 0.9951171875 0.21142578125 0.9951171875 0.17431640625
0 0.857421875 0.09912109375 0.8369140625 0.09912109375 0.8369140625 0.14111328125 0.857421875 0.14111328125 0.857421875 0.09912109375
0 0.7509765625 0.228515625 0.6845703125 0.228515625 0.6845703125 0.3037109375 0.7509765625 0.3037109375 0.7509765625 0.228515625
0 0.873046875 0.2744140625 0.822265625 0.2744140625 0.822265625 0.3359375 0.873046875 0.3359375 0.873046875 0.2744140625
0 0.93603515625 0.23193359375 0.87548828125 0.23193359375 0.87548828125 0.30126953125 0.93603515625 0.30126953125 0.93603515625 0.23193359375
0 0.99267578125 0.27197265625 0.94384765625 0.27197265625 0.94384765625 0.31396484375 0.99267578125 0.31396484375 0.99267578125 0.27197265625
0 0.91064453125 0.3017578125 0.88525390625 0.3017578125 0.88525390625 0.3359375 0.91064453125 0.3359375 0.91064453125 0.3017578125
0 0.78955078125 0.49560546875 0.76025390625 0.49560546875 0.76025390625 0.52001953125 0.78955078125 0.52001953125 0.78955078125 0.49560546875
0 0.8984375 0.4482421875 0.86328125 0.4482421875 0.86328125 0.4873046875 0.8984375 0.4873046875 0.8984375 0.4482421875
0 0.34228515625 0.46044921875 0.28564453125 0.46044921875 0.28564453125 0.51220703125 0.34228515625 0.51220703125 0.34228515625 0.46044921875
0 0.3349609375 0.51953125 0.2822265625 0.51953125 0.2822265625 0.6162109375 0.3349609375 0.6162109375 0.3349609375 0.51953125
0 0.39208984375 0.51025390625 0.33056640625 0.51025390625 0.33056640625 0.65869140625 0.39208984375 0.65869140625 0.39208984375 0.51025390625
0 0.43408203125 0.529296875 0.40771484375 0.529296875 0.40771484375 0.552734375 0.43408203125 0.552734375 0.43408203125 0.529296875
0 0.447265625 0.48193359375 0.40625 0.48193359375 0.40625 0.53076171875 0.447265625 0.53076171875 0.447265625 0.48193359375
0 0.47314453125 0.54638671875 0.43896484375 0.54638671875 0.43896484375 0.57666015625 0.47314453125 0.57666015625 0.47314453125 0.54638671875
0 0.45703125 0.640625 0.41015625 0.640625 0.41015625 0.69140625 0.45703125 0.69140625 0.45703125 0.640625
0 0.486328125 0.65625 0.47265625 0.65625 0.47265625 0.671875 0.486328125 0.671875 0.486328125 0.65625
0 0.3046875 0.6513671875 0.2685546875 0.6513671875 0.2685546875 0.6826171875 0.3046875 0.6826171875 0.3046875 0.6513671875
0 0.279296875 0.3603515625 0.2529296875 0.3603515625 0.2529296875 0.3916015625 0.279296875 0.3916015625 0.279296875 0.3603515625
0 0.501953125 0.40478515625 0.478515625 0.40478515625 0.478515625 0.43115234375 0.501953125 0.43115234375 0.501953125 0.40478515625
0 0.58544921875 0.59130859375 0.53564453125 0.59130859375 0.53564453125 0.64404296875 0.58544921875 0.64404296875 0.58544921875 0.59130859375
0 0.75048828125 0.55810546875 0.69775390625 0.55810546875 0.69775390625 0.60693359375 0.75048828125 0.60693359375 0.75048828125 0.55810546875
0 0.9140625 0.63330078125 0.8583984375 0.63330078125 0.8583984375 0.70361328125 0.9140625 0.70361328125 0.9140625 0.63330078125
0 1 0.63330078125 0.953125 0.63330078125 0.953125 0.67431640625 1 0.67431640625 1 0.63330078125
0 0.986328125 0.5087890625 0.9541015625 0.5087890625 0.9541015625 0.5478515625 0.986328125 0.5478515625 0.986328125 0.5087890625
0 0.052734375 1 0.052734375 0.9404296875 0 0.9404296875 0 1 0.052734375 1
0 0.130859375 1 0.130859375 0.96484375 0.09375 0.96484375 0.09375 1 0.130859375 1
0 0.197265625 1 0.197265625 0.974609375 0.16015625 0.974609375 0.16015625 1 0.197265625 1
0 0.2021484375 0.86669921875 0.15234375 0.86669921875 0.15234375 0.91943359375 0.2021484375 0.91943359375 0.2021484375 0.86669921875
0 0.18994140625 0.8388671875 0.17431640625 0.8388671875 0.17431640625 0.853515625 0.18994140625 0.853515625 0.18994140625 0.8388671875
0 0.21435546875 0.77685546875 0.19970703125 0.77685546875 0.19970703125 0.79638671875 0.21435546875 0.79638671875 0.21435546875 0.77685546875
0 0.29541015625 0.82275390625 0.25048828125 0.82275390625 0.25048828125 0.86279296875 0.29541015625 0.86279296875 0.29541015625 0.82275390625
0 0.369140625 0.78955078125 0.3076171875 0.78955078125 0.3076171875 0.90283203125 0.369140625 0.90283203125 0.369140625 0.78955078125
0 0.41748046875 0.7529296875 0.37841796875 0.7529296875 0.37841796875 0.783203125 0.41748046875 0.783203125 0.41748046875 0.7529296875
0 0.39111328125 0.77587890625 0.36767578125 0.77587890625 0.36767578125 0.80517578125 0.39111328125 0.80517578125 0.39111328125 0.77587890625
0 0.71826171875 0.609375 0.68896484375 0.609375 0.68896484375 0.640625 0.71826171875 0.640625 0.71826171875 0.609375
0 0.767578125 0.79541015625 0.751953125 0.79541015625 0.751953125 0.81201171875 0.767578125 0.81201171875 0.767578125 0.79541015625
0 0.91455078125 0.8017578125 0.86572265625 0.8017578125 0.86572265625 0.8291015625 0.91455078125 0.8291015625 0.91455078125 0.8017578125
0 0.892578125 0.84375 0.8232421875 0.84375 0.8232421875 0.91015625 0.892578125 0.91015625 0.892578125 0.84375
0 0.8623046875 1 0.8623046875 0.9599609375 0.7958984375 0.9599609375 0.7958984375 1 0.8623046875 1
0 0.4853515625 0.9013671875 0.4462890625 0.9013671875 0.4462890625 0.931640625 0.4853515625 0.931640625 0.4853515625 0.9013671875
0 0.986328125 0 0.986328125 0.0205078125 0.99609375 0.0205078125 0.99609375 0 0.986328125 0