0 0.40234291093749996 0.4403230953125 0.4424889515625 0.42244892656250005 0.42739520937500003 0.38854782656250003 0.38724916875000004 0.4064219953125 0.40234291093749996 0.4403230953125
0 0.3620375609375 0.5934942578125 0.409320675 0.572442459375 0.3842968390625 0.5162380015625 0.337013725 0.5372898 0.3620375609375 0.5934942578125
0 0.321861546875 0.6413132312500001 0.34327276875 0.6317803421875 0.332945471875 0.6085848515625 0.31153425 0.6181177421874999 0.321861546875 0.6413132312500001
0 0.4770929046875 0.5721997796875 0.523483884375 0.551545184375 0.4972684375 0.49266432499999996 0.45087745625000003 0.51331891875 0.4770929046875 0.5721997796875
0 0.42461616874999997 0.6115986390625 0.4603015375 0.5957104875 0.449974240625 0.5725149984375 0.4142888703125 0.5884031484375 0.42461616874999997 0.6115986390625
0 0.4554105421875 0.6219401671875 0.4759296296875 0.6128044796875 0.46838275781250005 0.5958539296875001 0.44786367031249996 0.604989615625 0.4554105421875 0.6219401671875
0 0.47607621875 0.609532271875 0.4930267703125 0.6019854 0.4874659171875 0.589495521875 0.47051536718750003 0.5970423921875 0.47607621875 0.609532271875
0 0.4837822734375 0.6424466609375 0.5301732546875 0.621792065625 0.51706553125 0.5923516359375001 0.47067455 0.61300623125 0.4837822734375 0.6424466609375
0 0.528557615625 0.6529773453125001 0.5981440859375 0.621995453125 0.5790783046875 0.579173009375 0.509491834375 0.6101549015625001 0.528557615625 0.6529773453125001
0 0.43505403749999993 0.34932704062500003 0.4591416625 0.3386025390625 0.4508003828125 0.3198677203125 0.426712759375 0.33059222187500004 0.43505403749999993 0.34932704062500003
0 0.277704303125 0.3632621671875 0.294654853125 0.35571529687500003 0.28710798125000003 0.3387647453125 0.27015743125 0.3463116171875 0.277704303125 0.3632621671875
0 0.3219658234375 0.34622812187499996 0.34962198437500003 0.3339148046875 0.33730866718749997 0.30625864375 0.30965250625 0.318571959375 0.3219658234375 0.34622812187499996
0 0.35208089375 0.3034230578125 0.37438425 0.29349296406250003 0.364851359375 0.27208174218750003 0.3425480046875 0.2820118359375 0.35208089375 0.3034230578125
0 0.3465200421875 0.290933178125 0.389342484375 0.2718673984375 0.368687890625 0.22547641718749997 0.325865446875 0.24454219687499998 0.3465200421875 0.290933178125
0 0.33897795625 0.20556572968750003 0.3639577140625 0.1944440234375 0.3520416015625 0.167679996875 0.32706184375 0.1788017015625 0.33897795625 0.20556572968750003
0 0.243905840625 0.156496709375 0.26353279375 0.14775822656249998 0.25678032968750003 0.13259194531250001 0.23715337656250002 0.1413304265625 0.243905840625 0.156496709375
0 0.2737923375 0.14319038281250002 0.2969878265625 0.13286308593750001 0.2830856953125 0.10163838750000001 0.25989020625000003 0.1119656859375 0.2737923375 0.14319038281250002
0 0.1941543703125 0.19361322187500002 0.1552284015625 0.106184065625 0.0963475421875 0.1323995140625 0.1352735109375 0.21982866875 0.1941543703125 0.19361322187500002
0 0 0.42500504218749996 0.05894691875 0.5574019875 0.17670863750000002 0.5049710921874999 0.1131560375 0.3622296140625 0 0.4126099265625 0 0.42500504218749996
0 0 0.40245461093749996 0.0357815265625 0.3865236484375 0.0135381171875 0.33656413125 0 0.3425916890625 0 0.40245461093749996
0 0.202533178125 0.572577840625 0.3515195953125 0.5062448140625 0.2287836359375 0.23057533437500002 0.07979721875 0.2969083609375 0.202533178125 0.572577840625
0 0.1409302015625 0.605884646875 0.22033014843749998 0.5705335125000001 0.1909370703125 0.5045155796875 0.1115371234375 0.5398667140625 0.1409302015625 0.605884646875
0 0.0161402171875 0.600512825 0.0652076 0.57866661875 0.04931945 0.54298125 0.0002520671875 0.56482745625 0.0161402171875 0.600512825
0 0.026748226562499998 0.446667021875 0.06510999843750001 0.42958726093750005 0.049619053125 0.394794025 0.0112572796875 0.4118737859375 0.026748226562499998 0.446667021875
0 0.1399150265625 0.7212520609374999 0.15864984531249998 0.7129107828125 0.14792534375 0.6888231578124999 0.129190525 0.6971644375 0.1399150265625 0.7212520609374999
0 0.626569215625 0.8755159734375001 0.6515489734375 0.8643942687499999 0.6396328609374999 0.8376302421874999 0.614653103125 0.848751946875 0.626569215625 0.8755159734375001
0 0.701711753125 0.9254408578125 0.7293679140625 0.9131275421874999 0.7182462093749999 0.888147784375 0.6905900468749999 0.9004611 0.701711753125 0.9254408578125
0 0.7901859296875 0.8924635015625 0.79971881875 0.9138747234375 0.8318356515625001 0.8995753890625 0.8223027609375 0.8781641671875 0.7901859296875 0.8924635015625
0 0.66678766875 0.968249071875 0.70782584375 0.9499776984375 0.6903488796875 0.9107237921875001 0.6493107046875 0.9289951640625 0.66678766875 0.968249071875
0 0.5403531265625 1 0.52444818125 0.9642769078125 0.46913585781249995 0.9889035406250001 0.47407632031249997 1 0.5403531265625 1
0 0.696854003125 0.7752739125 0.74235285 0.7550165203125 0.7022352703125 0.6649109625 0.656736425 0.6851683546875 0.696854003125 0.7752739125
0 0.714059953125 0.7034744859375001 0.735471175 0.6939415953125 0.727924303125 0.6769910453125 0.70651308125 0.686523934375 0.714059953125 0.7034744859375001
0 0.7519079046875 0.6588299921874999 0.7875932734375 0.6429418421875 0.770910715625 0.6054722046875 0.735225346875 0.6213603546875001 0.7519079046875 0.6588299921874999
0 0.8305795609375 0.7226838328125 0.8519907828125 0.71315094375 0.8396774656250001 0.68549478125 0.8182662437499999 0.6950276718749999 0.8305795609375 0.7226838328125
0 0.8186586625000001 0.7643367046875 0.836501346875 0.7563926296875 0.8297488828124999 0.741226346875 0.8119061984375 0.7491704218749999 0.8186586625000001 0.7643367046875
0 0.8783796453124999 0.7340057765625 0.9042515375000001 0.72248686875 0.892732628125 0.6966149749999999 0.8668607359375 0.708133884375 0.8783796453124999 0.7340057765625
0 0.9125186390625 0.8551011609374999 0.9156962703125 0.8622382359375 0.9388917593749999 0.8519109374999999 0.9357141296875 0.8447738640625 0.9125186390625 0.8551011609374999
0 0.78755234375 0.5804246921875 0.807179296875 0.5716862093749999 0.7988380187499999 0.552951390625 0.779211065625 0.5616898734375 0.78755234375 0.5804246921875
0 0.8118590984375 0.5257744171875001 0.8252411125 0.5198163609375 0.819680259375 0.5073264828124999 0.8062982453125 0.5132845390624999 0.8118590984375 0.5257744171875001
0 0.922299246875 0.5733460531250001 0.9499554078125 0.5610327359375 0.9376420921875 0.533376575 0.9099859296874999 0.5456898921875 0.922299246875 0.5733460531250001
0 1 0.646718503125 0.9200404499999999 0.6823187890625 0.9573776015625001 0.76617940625 1 0.7472026921875 1 0.646718503125
0 1 0.41533045 0.9904499140624999 0.39388060625 0.923539846875 0.42367088906249994 0.9497552953125 0.48255174843750004 1 0.4601813640625 1 0.41533045
0 0.6889482124999999 0.21009604375 0.7397998640625 0.1874554296875 0.7195424734375 0.1419565828125 0.6686908218750001 0.16459719687500002 0.6889482124999999 0.21009604375
0 0.7562112812499999 0.2651325640625 0.7740539656250001 0.25718848906249997 0.762137853125 0.23042446249999998 0.7442951671875 0.23836853750000003 0.7562112812499999 0.2651325640625
0 0.866159771875 0.16754171874999998 0.893815934375 0.1552284015625 0.8755445609375 0.1141902265625 0.8478884000000001 0.12650354375 0.866159771875 0.16754171874999998
0 0.646718503125 0 0.660075378125 0.0300000328125 0.706466359375 0.009345437500000001 0.7023055015625 0 0.646718503125 0
0 0.4811819375 0.1540112265625 0.517759440625 0.13772587187500002 0.49789925312500005 0.0931191609375 0.4613217484375 0.1094045140625 0.4811819375 0.1540112265625
0 0.49278527656250004 0 0.5107548515625 0.0403603265625 0.54197955 0.0264581953125 0.530199603125 0 0.49278527656250004 0
0 0.5505102359375 0 0.569456 0.04255288125 0.60514136875 0.02666473125 0.5932694656249999 0 0.5505102359375 0
0 0.5352474875000001 0.118180903125 0.5905598109375 0.09355427031249999 0.5579891031249999 0.0203992640625 0.5026767796875 0.045025896875 0.5352474875000001 0.118180903125
0 0.463550321875 0.3328982453125 0.5938019203125 0.274906496875 0.48814572187499994 0.037598790625 0.3578941234375 0.09559053906250001 0.463550321875 0.3328982453125
0 0.5016488859375 0.2924180953125 0.5373342562500001 0.27652994531249997 0.5194600875 0.23638390468749998 0.4837747171875 0.2522720546875 0.5016488859375 0.2924180953125
0 0.5433742968749999 0.263685428125 0.5728147265625 0.2505777046875 0.5525573359375 0.20507885781250002 0.5231169062500001 0.21818658281249997 0.5433742968749999 0.263685428125
0 0.447651215625 0.20475092031250003 0.4967185984375 0.1829047140625 0.47566679843750004 0.1356215984375 0.426599415625 0.1574678046875 0.447651215625 0.20475092031250003
0 0.5756488015625 0.187315009375 0.6184712453125 0.1682492296875 0.595433428125 0.11650544375 0.552610984375 0.13557122500000002 0.5756488015625 0.187315009375
0 0.6219231656249999 0.1399878171875 0.6397658500000001 0.13204374218749998 0.6286441453125 0.107063984375 0.610801459375 0.115008059375 0.6219231656249999 0.1399878171875
0 0.8090895375 0 0.703466803125 0.047026271875 0.7523228640624999 0.1567587828125 0.87097671875 0.1039306828125 0.824703796875 0 0.8090895375 0
0 0.7028374984375 0.52460635625 0.857176721875 0.45589010781250006 0.756684171875 0.2301801453125 0.60234495 0.2988963953125 0.7028374984375 0.52460635625
0 0.566016421875 0.3925720015625 0.5972411203125 0.3786698703125 0.5853250078125 0.3519058421875 0.554100309375 0.3658079734375 0.566016421875 0.3925720015625
0 0.616997284375 0.41584003125 0.6464377140625001 0.40273230625 0.6083061546875 0.3170874203125 0.578865725 0.33019514375000003 0.616997284375 0.41584003125
0 0.58606274375 0.267127903125 0.6199638453125 0.2520341609375 0.609636546875 0.2288386703125 0.575735446875 0.24393241250000003 0.58606274375 0.267127903125
0 0.5836164265625 0.316855696875 0.6291152734375001 0.29659830625 0.6120355125 0.2582365328125 0.5665366656249999 0.278493925 0.5836164265625 0.316855696875
0 0.5151080984374999 0.32865040625 0.5383035890625 0.31832310937499997 0.5279762921875 0.29512761875 0.5047808015624999 0.3054549171875 0.5151080984374999 0.32865040625