0 0.4851757359375 0.546934128125 0.49821117968750006 0.5847918046875 0.5471491515625 0.567941109375 0.5341137078125 0.5300834328125 0.4851757359375 0.546934128125
0 0.49185544062500003 0.48834473906250003 0.5004397578125 0.5132754046875 0.5207536328125 0.5062807765625 0.5121693171875 0.4813501109375 0.49185544062500003 0.48834473906250003
0 0.4709142234375 0.5100150359375 0.4779088515625 0.5303289109375 0.5028395171875 0.5217445953125 0.4958448890625 0.50143071875 0.4709142234375 0.5100150359375
0 0.4258097453125 0.4615101265625 0.4410707515625 0.505831309375 0.4770817125 0.493431740625 0.46182070625 0.44911055781250003 0.4258097453125 0.4615101265625
0 0.42920348124999996 0.3828791171875 0.442238925 0.42073679375 0.47178638125 0.4105627890625 0.45875093749999996 0.3727051125 0.42920348124999996 0.3828791171875
0 0.3887109375 0.3792636625 0.40174638125 0.4171213390625 0.42575368906250005 0.40885496093749996 0.4127182453125 0.3709972828125 0.3887109375 0.3792636625
0 0.3458594625 0.4182901765625 0.35889490625 0.45614785312499995 0.390289078125 0.4453379734375 0.37725363437500004 0.40748029687500004 0.3458594625 0.4182901765625
0 0.345734628125 0.48391803749999995 0.35781625781250004 0.519005640625 0.398444009375 0.5050163828125 0.3863623796875 0.46992877968749996 0.345734628125 0.48391803749999995
0 0.35851304375000004 0.5270283796874999 0.3693229234375 0.5584225515625 0.411797390625 0.54379741875 0.40098751093749996 0.512403246875 0.35851304375000004 0.5270283796874999
0 0.27947273125 0.51344725 0.28932879843750003 0.542071346875 0.3225696859375 0.5306255921874999 0.31271361875000003 0.50200149375 0.27947273125 0.51344725
0 0.2499636 0.4022502171875 0.2585479171875 0.4271808828125 0.2917888046875 0.41573512656249995 0.2832044875 0.3908044609375 0.2499636 0.4022502171875
0 0.247113709375 0.3324824734375 0.26460028125 0.38326716250000004 0.3116915375 0.3670523421875 0.2942049671875 0.316267653125 0.247113709375 0.3324824734375
0 0.3070253859375 0.301008484375 0.315291765625 0.3250157921875 0.3439158625 0.315159725 0.33564948437500003 0.2911524171875 0.3070253859375 0.301008484375
0 0.3150901296875 0.24194218906249998 0.325900009375 0.2733363609375 0.35729418125 0.26252648125 0.3464843 0.231132309375 0.3150901296875 0.24194218906249998
0 0.3683744765625 0.2587112296875 0.37823054375 0.2873353265625 0.40500792499999994 0.278115134375 0.3951518578125 0.24949103749999998 0.3683744765625 0.2587112296875
0 0.383229196875 0.2148651125 0.3908597 0.2370257046875 0.41763708125 0.22780551249999997 0.41000657812499997 0.2056449203125 0.383229196875 0.2148651125
0 0.3815852921875 0.1890939203125 0.3885799203125 0.20940779687500002 0.4181273765625 0.19923379218749998 0.411132746875 0.178919915625 0.3815852921875 0.1890939203125
0 0.44858178593750003 0.2966785140625 0.45843785312499996 0.3253026109375 0.4824451609375 0.3170362328125 0.47258909375 0.288412134375 0.44858178593750003 0.2966785140625
0 0.44620394843750005 0.27477494999999996 0.45160888750000006 0.29047203593750004 0.4866964921875 0.2783904046875 0.4812915515625 0.26269331875 0.44620394843750005 0.27477494999999996
0 0.4302918375 0.2270630453125 0.4455528453125 0.27138422812499996 0.47048351093749996 0.2627999109375 0.455222503125 0.21847872812500002 0.4302918375 0.2270630453125
0 0.454109721875 0.21524697499999998 0.46332991406249996 0.24202435625000002 0.48549050468750005 0.234393853125 0.4762703140625 0.20761647187499999 0.454109721875 0.21524697499999998
0 0.485177421875 0.18699135312499998 0.49376173906250004 0.21192201718749998 0.5205391203125 0.20270182656250002 0.511954803125 0.1777711609375 0.485177421875 0.18699135312499998
0 0.5067155265625 0.147557375 0.51657159375 0.176181471875 0.53688546875 0.16918684374999998 0.5270294015625 0.140562746875 0.5067155265625 0.147557375
0 0.5722026609374999 0.0707846296875 0.5753820375 0.08001820937500001 0.591079121875 0.07461326874999999 0.5878997453125 0.0653796890625 0.5722026609374999 0.0707846296875
0 0.5671832625000001 0.0472085453125 0.575449640625 0.07121585312499999 0.5976102328125 0.06358535 0.589343853125 0.0395780421875 0.5671832625000001 0.0472085453125
0 0.4413763234375 0.035787215625 0.45345795468750005 0.07087481875 0.4866988421875 0.0594290640625 0.47461721093750003 0.0243414609375 0.4413763234375 0.035787215625
0 0.3668127390625 0.084700253125 0.3715818046875 0.098550621875 0.40943948125 0.08551517812500001 0.40467041718749996 0.071664809375 0.3668127390625 0.084700253125
0 0.3706822078125 0.11693495000000001 0.37990240000000003 0.1437123328125 0.402062990625 0.136081828125 0.3928427984375 0.109304446875 0.3706822078125 0.11693495000000001
0 0.3143451578125 0.056805234375 0.3226115375 0.0808125421875 0.3420020546875 0.0741358515625 0.333735675 0.05012854375 0.3143451578125 0.056805234375
0 0.34302163124999996 0.036602806249999995 0.3516059484375 0.061533471875 0.3894636265625 0.048498028124999995 0.380879309375 0.0235673625 0.34302163124999996 0.036602806249999995
0 0.2970449953125 0.0875501421875 0.30562931249999997 0.1124808078125 0.33055997812500004 0.1038964921875 0.3219756609375 0.0789658265625 0.2970449953125 0.0875501421875
0 0.29069293749999997 0.0541046046875 0.3021386921875 0.0873454921875 0.31968249375 0.0813046765625 0.3082367390625 0.0480637890625 0.29069293749999997 0.0541046046875
0 0.254856171875 0.06850985781249999 0.2618508 0.0888237328125 0.29047489843749996 0.078967665625 0.28348026875 0.058653790625 0.254856171875 0.06850985781249999
0 0.19306247031249998 0.1440108515625 0.1997391609375 0.16340136875 0.22928661562500002 0.15322736406249998 0.222609925 0.133836846875 0.19306247031249998 0.1440108515625
0 0.20188490781250001 0.09914331875 0.21046922499999998 0.12407398437499999 0.2233962359375 0.1196228578125 0.21481191875 0.0946921921875 0.20188490781250001 0.09914331875
0 0.149064078125 0.11371607343750001 0.161463646875 0.1497270359375 0.2039381140625 0.13510190312499998 0.1915385453125 0.0990909421875 0.149064078125 0.11371607343750001
0 0.12345369531249999 0.147322421875 0.1358532640625 0.1833333828125 0.171864225 0.1709338140625 0.15946465625 0.13492285312500002 0.12345369531249999 0.147322421875
0 0.0774886078125 0.1368122359375 0.0867088 0.1635896171875 0.12733655 0.1496003609375 0.11811635937500001 0.1228229796875 0.0774886078125 0.1368122359375
0 0.0819824015625 0.23235117187499998 0.08897703125 0.25266504843750004 0.1065208328125 0.24662423281249998 0.099526203125 0.22631035625 0.0819824015625 0.23235117187499998
0 0.137590371875 0.24986937343750001 0.14426706250000002 0.269259890625 0.169197728125 0.260675575 0.1625210375 0.24128505625000002 0.137590371875 0.24986937343750001
0 0.176601659375 0.2911768421875 0.1880474140625 0.3244177296875 0.2175948703125 0.314243725 0.20614911406249997 0.2810028375 0.176601659375 0.2911768421875
0 0.20784304374999998 0.515389009375 0.214519734375 0.534779528125 0.23668032656250002 0.5271490234375 0.2300036359375 0.50775850625 0.20784304374999998 0.515389009375
0 0.1995748265625 0.4598809390625 0.20879501718750001 0.4866583203125 0.2337256828125 0.478074003125 0.2245054921875 0.45129662187499997 0.1995748265625 0.4598809390625
0 0.1263164625 0.4375955125 0.14157746875 0.48191669531250003 0.17758843124999998 0.46951712656250005 0.1623274234375 0.42519594375 0.1263164625 0.4375955125
0 0.16363146875 0.4634781515625 0.17825660000000002 0.5059526187500001 0.20503398125 0.4967324265625 0.19040885000000002 0.454257959375 0.16363146875 0.4634781515625
0 0.0975839328125 0.405142775 0.10616824843749999 0.430073440625 0.13294563125 0.42085324843749994 0.12436131406249999 0.39592258281250003 0.0975839328125 0.405142775
0 0.0725455 0.5123997218749999 0.080811878125 0.536407028125 0.10574254375 0.5278227125 0.09747616406250001 0.5038154046875001 0.0725455 0.5123997218749999
0 0.048155665624999996 0.450565190625 0.0596014203125 0.48380607812500004 0.0891488765625 0.4736320734375 0.0777031203125 0.44039118593750004 0.048155665624999996 0.450565190625
0 0 0.5071824234375 0.00563919375 0.5235598328125 0.0361100078125 0.513067890625 0.026889815625 0.486290509375 0 0.49554941562500004 0 0.5071824234375
0 0.014849524999999999 0.2518519609375 0.021844153124999998 0.2721658375 0.04677481875 0.2635815203125 0.039780190625 0.2432676453125 0.014849524999999999 0.2518519609375
0 0.0801612875 0.2825542015625 0.0903352921875 0.3121016578125 0.1124958828125 0.304471153125 0.102321878125 0.2749236984375 0.0801612875 0.2825542015625
0 0.10179745 0.2374058796875 0.11387908124999999 0.27249348281249997 0.14342653593750002 0.262319478125 0.13134490468749999 0.22723187500000003 0.10179745 0.2374058796875
0 0.023065367187499998 0.31770639375 0.02910618125 0.3352501953125 0.0531134890625 0.3269838171875 0.047072673437500004 0.309440015625 0.023065367187499998 0.31770639375
0 0.0302189640625 0.3384819484375 0.03943915625 0.36525933125 0.0569829578125 0.35921851562499996 0.047762765624999995 0.332441134375 0.0302189640625 0.3384819484375
0 0.0717329234375 0.33606512187500004 0.079363428125 0.3582257140625 0.1107575984375 0.347415834375 0.1031270953125 0.3252552421875 0.0717329234375 0.33606512187500004
0 0.1125039046875 0.57145564375 0.1226779109375 0.6010030984375 0.1494552921875 0.5917829078125 0.1392812875 0.5622354515625 0.1125039046875 0.57145564375
0 0.1515304203125 0.61430711875 0.1601147359375 0.639237784375 0.182275328125 0.63160728125 0.1736910109375 0.606676615625 0.1515304203125 0.61430711875
0 0.2023827125 0.5880181921875 0.21764372031249998 0.632339375 0.2730452 0.6132631171875 0.25778419218750004 0.5689419328125 0.2023827125 0.5880181921875
0 0.207406965625 0.5651151328124999 0.21217603125 0.578965503125 0.23710669687500002 0.5703811859375 0.23233763125 0.5565308171875001 0.207406965625 0.5651151328124999
0 0.2341679453125 0.66383160625 0.2433881359375 0.6906089875 0.2747823078125 0.6797991078125001 0.265562115625 0.6530217265625 0.2341679453125 0.66383160625
0 0.3045320640625 0.893680140625 0.3175675078125 0.9315378171875001 0.3572719015625 0.9178664984375 0.3442364578125 0.8800088203125 0.3045320640625 0.893680140625
0 0.312667425 0.74783158125 0.3234773046875 0.779225753125 0.3548714765625 0.7684158734375 0.344061596875 0.7370217015625 0.312667425 0.74783158125
0 0.3895790578125 0.85871553125 0.40547593906249996 0.90488343125 0.456260628125 0.8873968609375 0.440363746875 0.8412289609375 0.3895790578125 0.85871553125
0 0.41341952656250003 0.9744465234374999 0.42041415468750004 0.9947604 0.4601185484375 0.9810890796875 0.4531239203125 0.9607752046875 0.41341952656250003 0.9744465234374999
0 0.3737018265625 1 0.4059955140625 0.9888803921875 0.397411196875 0.9639497265625 0.3567834453125 0.9779389828125 0.3643796625 1 0.3737018265625 1
0 0.26418694062500003 0.9519838859374999 0.277222384375 0.9898415625 0.314156703125 0.9771240578124999 0.301121259375 0.9392663796875 0.26418694062500003 0.9519838859374999
0 0.316869359375 1 0.3114475390625 0.98425389375 0.281900084375 0.9944278984375 0.2838187125 1 0.316869359375 1
0 0.195376025 0.8796239437500001 0.21286259531249999 0.9304086328125001 0.2442567671875 0.919598753125 0.226770196875 0.8688140640625001 0.195376025 0.8796239437500001
0 0.13121301875 0.949743759375 0.14043320937499998 0.976521140625 0.1644405171875 0.9682547609375 0.155220325 0.9414773796875 0.13121301875 0.949743759375
0 0.1893145203125 1 0.183423571875 0.9828914421875 0.1455658953125 0.9959268859374999 0.14696838125 1 0.1893145203125 1
0 0.12620332812499999 0.8332093890625 0.1347876453125 0.8581400546875001 0.158794953125 0.8498736765625001 0.1502106359375 0.8249430109375 0.12620332812499999 0.8332093890625
0 0.09639700625 0.8171352953125 0.105617196875 0.8439126781249999 0.13701136875 0.833102796875 0.1277911765625 0.806325415625 0.09639700625 0.8171352953125
0 0.07222705 0.76193846875 0.0814472421875 0.78871585 0.10822462343749999 0.7794956578125001 0.09900443125 0.7527182765625 0.07222705 0.76193846875
0 0.10400006875000001 0.75822796875 0.1163996375 0.79423893125 0.15610403125 0.7805676109374999 0.1437044625 0.74455665 0.10400006875000001 0.75822796875
0 0.071937728125 0.7326023578124999 0.05347056875 0.7389611109375 0.060783134375000006 0.7601983453125001 0.07925029375 0.7538395921875 0.071937728125 0.7326023578124999
0 0.054753867187500006 0.6811970203125 0.065563746875 0.7125911921875 0.103421425 0.6995557484375 0.0926115453125 0.6681615765625 0.054753867187500006 0.6811970203125
0 0.21275651406249999 0.6691384874999999 0.22134083124999998 0.694069153125 0.2453481390625 0.6858027734375 0.23676382187499997 0.6608721078124999 0.21275651406249999 0.6691384874999999
0 0.186819659375 0.6852990906249999 0.192860475 0.70284289375 0.230718153125 0.68980745 0.22467733750000002 0.6722636484375 0.186819659375 0.6852990906249999
0 0.20191985781250002 0.69765783125 0.2095503625 0.7198184234375 0.23632774374999999 0.71059823125 0.228697240625 0.688437640625 0.20191985781250002 0.69765783125
0 0.1762704859375 0.7116537828125 0.184536865625 0.7356610906250001 0.2223945421875 0.722625646875 0.2141281640625 0.6986183390625 0.1762704859375 0.7116537828125
0 0.16893783906249998 0.7353516859375 0.1759324671875 0.7556655609375 0.218406934375 0.7410404296875 0.21141230625000001 0.720726553125 0.16893783906249998 0.7353516859375
0 0.1784150578125 0.7568764015625 0.18763525 0.783653784375 0.21718270468749998 0.773479778125 0.20796251406250002 0.7467023968750001 0.1784150578125 0.7568764015625
0 0.24124422812500002 0.7863678015625 0.2511002953125 0.8149919000000001 0.2824944671875 0.8041820187500001 0.2726384 0.7755579218750001 0.24124422812500002 0.7863678015625
0 0.25778368125 0.8194040375 0.2676397484375 0.8480281359375 0.3082674984375 0.8340388796875 0.29841143125 0.80541478125 0.25778368125 0.8194040375
0 0.23107390312499998 0.819821875 0.2348891546875 0.8309021703124999 0.26997675781249997 0.8188205390625001 0.26616150625 0.80774024375 0.23107390312499998 0.819821875
0 0.1931601703125 0.7802021515625001 0.204605925 0.8134430390625 0.2516971828125 0.79722821875 0.24025142812500003 0.76398733125 0.1931601703125 0.7802021515625001
0 0.38679610625 0.6391639984374999 0.3976059875 0.67055816875 0.42715344218749995 0.6603841640625 0.4163435625 0.6289899937500001 0.38679610625 0.6391639984374999
0 0.5006907546875 0.663982553125 0.5108647609375 0.6935300078125 0.5441056468750001 0.682084253125 0.5339316421875 0.652536796875 0.5006907546875 0.663982553125
0 0.5024717062499999 0.703649796875 0.5145533375 0.7387374 0.5348672140625 0.731742771875 0.5227855828125 0.69665516875 0.5024717062499999 0.703649796875
0 0.43914186875 0.65470696875 0.45058762343750003 0.68794785625 0.485675228125 0.6758662265625001 0.47422947187500003 0.6426253390625 0.43914186875 0.65470696875
0 0.45566609218750004 0.6861992 0.4680656609375 0.7222101609375 0.4976131171875 0.71203615625 0.48521354843750003 0.6760251953124999 0.45566609218750004 0.6861992
0 0.40068730468749997 0.68550609375 0.412768934375 0.720593696875 0.44416310625 0.7097838171874999 0.4320814765625 0.6746962140625 0.40068730468749997 0.68550609375
0 0.36771867187499996 0.6932431890624999 0.3775747390625 0.7218672875000001 0.41266234218750003 0.70978565625 0.402806275 0.681161559375 0.36771867187499996 0.6932431890624999
0 0.373691884375 0.719589346875 0.38450176406250003 0.75098351875 0.41127914531250004 0.7417633265625 0.40046926562499996 0.7103691546875 0.373691884375 0.719589346875
0 0.542467109375 0.3593718125 0.5507334875 0.3833791203125 0.575664153125 0.374794803125 0.567397775 0.350787496875 0.542467109375 0.3593718125
0 0.5642061859374999 0.262030003125 0.5762878171875 0.2971176078125 0.605835271875 0.2869436015625 0.5937536406249999 0.2518559984375 0.5642061859374999 0.262030003125
0 0.5322114484375 0.2276020359375 0.5462007046874999 0.26822978750000004 0.5794415921875 0.2567840328125 0.5654523359375 0.21615628125000003 0.5322114484375 0.2276020359375
0 0.6014529234375 0.1557335640625 0.6135345546875 0.1908211671875 0.6467754421875 0.1793754125 0.6346938109375 0.14428780937500002 0.6014529234375 0.1557335640625
0 0.648108103125 0.1892448671875 0.65510273125 0.20955874218749998 0.6818801125 0.20033855156249997 0.6748854843750001 0.180024675 0.648108103125 0.1892448671875
0 0.6614158015625 0.22339388593749998 0.67063599375 0.2501712671875 0.6992600906249999 0.2403152 0.6900399 0.21353781875000002 0.6614158015625 0.22339388593749998
0 0.6151260828125 0.226938721875 0.6237104 0.2518693875 0.6569512859375 0.24042363125000002 0.6483669703125 0.21549296562500003 0.6151260828125 0.226938721875
0 0.63409575 0.271532159375 0.642362128125 0.2955394671875 0.6756030156249999 0.2840937125 0.6673366374999999 0.2600864046875 0.63409575 0.271532159375
0 0.6446857500000001 0.29628862968749997 0.6529521296875 0.3202959359375 0.6843463015625 0.30948605625000003 0.676079921875 0.2854787484375 0.6446857500000001 0.29628862968749997
0 0.630806765625 0.3294704453125 0.63843726875 0.3516310375 0.6716781562499999 0.3401852828125 0.664047653125 0.318024690625 0.630806765625 0.3294704453125
0 0.645431896875 0.3719449125 0.656241778125 0.40333908437500005 0.689482665625 0.3918933296875 0.678672784375 0.36049915781249997 0.645431896875 0.3719449125
0 0.8053445218749999 0.1464651859375 0.8104315234374999 0.1612389140625 0.8288986828124999 0.1548801609375 0.8238116812499999 0.1401064328125 0.8053445218749999 0.1464651859375
0 0.740306853125 0.14355505 0.750480859375 0.1731025046875 0.783721746875 0.16165675 0.773547740625 0.13210929531249999 0.740306853125 0.14355505
0 0.7715104265625 0.23867615 0.7778691796875 0.257143309375 0.797259696875 0.25046661875 0.79090094375 0.23199945937500002 0.7715104265625 0.23867615
0 0.767533190625 0.30511408125 0.7843838859375001 0.3540520546875 0.8296284265624999 0.338473109375 0.81277773125 0.28953513750000004 0.767533190625 0.30511408125
0 0.8415114359375 0.21250720312500002 0.8535930671875 0.24759480625000002 0.8785237328125 0.239010490625 0.8664421015625001 0.2039228875 0.8415114359375 0.21250720312500002
0 0.8633997734375001 0.208585359375 0.8824760328125001 0.2639868390625 0.9295672890625 0.24777201875000002 0.9104910296875 0.19237053906249998 0.8633997734375001 0.208585359375
0 0.8337346875 0.018946740625 0.8423190046875 0.04387740625 0.8654029546875 0.0359289640625 0.8568186375 0.010998299999999999 0.8337346875 0.018946740625
0 0.7962258203125 0 0.8055570421875 0.027099832812500002 0.8406446453124999 0.0150182015625 0.8354734640625001 0 0.7962258203125 0
0 0.7567792046874999 0 0.738489928125 0.006297503124999999 0.74325899375 0.020147871875 0.778346596875 0.0080662421875 0.7755691671875 0 0.7567792046874999 0
0 0.6133819218750001 0.8172867531250001 0.6248276765624999 0.850527640625 0.64698826875 0.8428971375 0.6355425125 0.80965625 0.6133819218750001 0.8172867531250001
0 0.6404845984375 0.9349929749999999 0.6544738546875 0.9756207265624999 0.6794045203125 0.9670364093750001 0.6654152640625 0.9264086593749999 0.6404845984375 0.9349929749999999
0 0.5774660046875 0.901951884375 0.589865571875 0.9379628468749999 0.6147962375 0.9293785296875001 0.6023966703125 0.8933675687499999 0.5774660046875 0.901951884375
0 0.5457082125 0.9072063890625 0.552384903125 0.9265969078125 0.5763922109374999 0.918330528125 0.5697155203125 0.8989400109375 0.5457082125 0.9072063890625
0 0.5583191265624999 0.93333266875 0.56976488125 0.96657355625 0.5937721890625001 0.9583071765625 0.582326434375 0.9250662890625 0.5583191265624999 0.93333266875
0 0.6352866609375 0.7054282453125 0.646096540625 0.7368224156250001 0.7014980203125 0.7177461578125001 0.6906881390625 0.6863519859375 0.6352866609375 0.7054282453125
0 0.6406343703124999 0.777950834375 0.6530339390625 0.813961796875 0.684428109375 0.8031519156250001 0.6720285421875001 0.7671409546875 0.6406343703124999 0.777950834375
0 0.6064164203125 0.5180980203125001 0.6188159890625 0.5541089828125 0.643746653125 0.545524665625 0.6313470859375 0.5095137046875 0.6064164203125 0.5180980203125001
0 0.5521983421875001 0.4536237703125 0.563008221875 0.48501794218749994 0.5851688140625 0.47738743906250003 0.5743589328125001 0.44599326718750004 0.5521983421875001 0.4536237703125
0 0.573464190625 0.41789845156250005 0.5820485078125001 0.4428291171875 0.6115959625 0.4326551125 0.603011646875 0.407724446875 0.573464190625 0.41789845156250005
0 0.583933546875 0.3208222046875 0.594107553125 0.350369659375 0.62919515625 0.3382880296875 0.6190211515625 0.3087405734375 0.583933546875 0.3208222046875
0 0.5802595328125 0.136177384375 0.5885259125 0.16018469062500001 0.6125332203125 0.1519183125 0.604266840625 0.1279110046875 0.5802595328125 0.136177384375
0 0.468301440625 0 0.4748742390625 0.0190887953125 0.49703483125 0.0114582921875 0.49308942499999997 0 0.468301440625 0
0 0.6640920078125 0.0406938390625 0.6733121984375 0.0674712203125 0.7028596546875 0.057297215624999995 0.6936394625 0.030519834375 0.6640920078125 0.0406938390625
0 0.6725106609375 0.0801412046875 0.681094978125 0.10507187031250001 0.71618258125 0.09299023906250001 0.7075982640625 0.06805957343749999 0.6725106609375 0.0801412046875
0 0.7093213203125 0.0235708890625 0.7239464531250001 0.06604535624999999 0.7433369703125 0.059368665625000004 0.7287118390625 0.0168941984375 0.7093213203125 0.0235708890625
0 0.763352990625 0.006515542187499999 0.7732090578124999 0.0351396390625 0.7907528593750001 0.029098823437499997 0.7808967921875001 0.0004747265625 0.763352990625 0.006515542187499999
0 0.7436092249999999 0.055660006250000005 0.7528294171875001 0.0824373875 0.77314329375 0.075442759375 0.7639231015625 0.048665378125 0.7436092249999999 0.055660006250000005
0 0.742525059375 0.024015500000000002 0.755560503125 0.061873178125 0.7795678109375 0.053606798437500006 0.7665323671875 0.015749121875 0.742525059375 0.024015500000000002
0 0.7059312624999999 0.16520342500000001 0.7183308312500001 0.2012143875 0.7571118671875 0.18786100625 0.7447122984375001 0.15185004375 0.7059312624999999 0.16520342500000001
0 0.7261879078125 0.21503430156249997 0.737315725 0.24735183125 0.7714799718750001 0.23558813750000002 0.760352153125 0.203270609375 0.7261879078125 0.21503430156249997
0 0.7151855890625 0.25807034687499997 0.732036284375 0.30700832031249997 0.78374433125 0.2892038109375 0.7668936359375 0.24026583750000002 0.7151855890625 0.25807034687499997
0 0.5408273953125 0.14614004375 0.549093775 0.1701473515625 0.56294414375 0.16537828593749998 0.5546777656249999 0.141370978125 0.5408273953125 0.14614004375
0 0.5547910515625001 0.13720064062499998 0.5633753687499999 0.16213130625 0.5836892437500001 0.15513667656250002 0.5751049265625 0.1302060125 0.5547910515625001 0.13720064062499998
0 0.5588194875 0.1698970171875 0.5680396796875 0.1966743984375 0.5975871359375 0.18650039375 0.58836694375 0.1597230125 0.5588194875 0.1698970171875
0 0.70749969375 0.3242360234375 0.7154481359375 0.3473199734375 0.7459189484375 0.33682802968750003 0.7379705078125001 0.31374408125 0.70749969375 0.3242360234375
0 0.608421440625 0.376942390625 0.61350844375 0.39171611875 0.631975603125 0.385357365625 0.6268886 0.3705836375 0.608421440625 0.376942390625
0 0.858370665625 0.27796756093749997 0.9423962421875001 0.24903523593750002 0.9309504859375 0.2157943484375 0.8469249109374999 0.2447266734375 0.858370665625 0.27796756093749997
0 0.878822253125 0.4258504203125 0.8870886312499999 0.449857728125 0.912019296875 0.4412734109375 0.9037529187500001 0.41726610312499995 0.878822253125 0.4258504203125
0 0.8962490890625 0.360978415625 0.9057872187499999 0.38867915468750003 0.9224076625000001 0.3829562765625 0.9128695328124999 0.3552555375 0.8962490890625 0.360978415625
0 0.9433403468750001 0.3447635953125 0.9719644437499999 0.334907528125 0.964651878125 0.31367029375 0.9360277796875 0.3235263609375 0.9433403468750001 0.3447635953125
0 0.895729515625 0.2769814546875 0.9059035203124999 0.306528909375 0.9382210499999999 0.2954010921875 0.92804704375 0.2658536359375 0.895729515625 0.2769814546875
0 0.857175053125 0.281994159375 0.86575936875 0.3069248234375 0.8943834671875001 0.29706875625 0.8857991500000001 0.27213809218749996 0.857175053125 0.281994159375
0 0.9407255625 0.283177559375 0.952729215625 0.27904437031249996 0.946052525 0.2596538515625 0.9340488718750001 0.26378704218750004 0.9407255625 0.283177559375
0 1 0.41632869687499996 0.9997839875000001 0.4157013515625 0.9785467546875 0.4230139171875 0.9868131328124999 0.447021225 1 0.44248062343749994 1 0.41632869687499996
0 0.9252460046875 0.5141815421875 0.9309688812499999 0.5308019859375 0.9531294734375001 0.5231714828125 0.9474065953125 0.5065510390625 0.9252460046875 0.5141815421875
0 0.11019735 0.6037512515625 0.115920228125 0.6203716953125 0.12700052343749998 0.61655644375 0.1212776453125 0.599936 0.11019735 0.6037512515625
0 0.1297620640625 0.5990802453125 0.1358028796875 0.6166240468749999 0.1570401125 0.60931148125 0.150999296875 0.5917676796875 0.1297620640625 0.5990802453125
0 0.694642125 0.35138555781249997 0.700365003125 0.3680060015625 0.713292015625 0.363554875 0.7075691375 0.34693443125 0.694642125 0.35138555781249997
0 0.620509765625 0.3970516140625 0.6255967671875 0.4118253421875 0.6422172109375001 0.4061024640625 0.637130209375 0.39132873749999997 0.620509765625 0.3970516140625
0 0.771345428125 0.394174284375 0.7748427421875 0.404331221875 0.7831529640625 0.40146978281249995 0.77965565 0.3913128453125 0.771345428125 0.394174284375
0 0.754566015625 0.3994354828125 0.76156064375 0.419749359375 0.7846445921874999 0.4118009171875 0.7776499640625001 0.39148704218749997 0.754566015625 0.3994354828125
0 0.7259266906249999 0.40774754375000005 0.73419306875 0.4317548515625 0.7600470921875 0.42285259843749995 0.7517807140625 0.398845290625 0.7259266906249999 0.40774754375000005
0 0.7008066000000001 0.4127821703125 0.706529478125 0.4294026140625 0.7249966375 0.42304386093749996 0.7192737609375001 0.4064234171875 0.7008066000000001 0.4127821703125
0 0.738689878125 0.44931388125 0.7475921328124999 0.47516790468750003 0.771599440625 0.46690152500000004 0.7626971859375 0.4410475015625 0.738689878125 0.44931388125
0 0.8122442578125 0.4859570390625 0.8170133234374999 0.4998074078125 0.8345571250000001 0.49376659375000004 0.8297880609374999 0.4799162234375 0.8122442578125 0.4859570390625
0 0.743271359375 0.4911153234375 0.7512198 0.5141992734375 0.776150465625 0.5056149578125 0.768202025 0.48253100781249997 0.743271359375 0.4911153234375
0 0.68745204375 0.48348180625000003 0.6934928593749999 0.5010256078124999 0.7119600187499999 0.49466685468750005 0.705919203125 0.477123053125 0.68745204375 0.48348180625000003
0 0.6776520328125 0.5075128734375001 0.683692846875 0.5250566765625 0.7077001546874999 0.516790296875 0.7016593390625 0.49924649531250004 0.6776520328125 0.5075128734375001
0 0.6872425375 0.5248672515624999 0.6926474781249999 0.5405643375 0.7120379953125 0.533887646875 0.7066330562500001 0.5181905609374999 0.6872425375 0.5248672515624999
0 1 0.62329860625 0.994572815625 0.6075369187499999 0.977952371875 0.6132597953125 0.9846290625 0.6326503140625 1 0.6273576750000001 1 0.62329860625
0 0.9275580781249999 0.5763882265625 0.93296301875 0.5920853125 0.9542002515625001 0.5847727453125 0.9487953125 0.5690756609375 0.9275580781249999 0.5763882265625
0 1 0.509614746875 0.9857801687500001 0.514511028125 0.994364484375 0.53944169375 1 0.5375012296875 1 0.509614746875
0 0.9494452390625 0.681947053125 0.9564398671875001 0.7022609281250001 0.97675374375 0.6952663 0.9697591140625 0.6749524250000001 0.9494452390625 0.681947053125
0 0.9490986859375001 0.7094364468750001 0.9573650656250001 0.7334437546875 0.9813723718749999 0.725177375 0.97310599375 0.7011700671875001 0.9490986859375001 0.7094364468750001
0 0.9040618109375 0.6521291812500001 0.9158255046875 0.6862934265625 0.9444496015625001 0.676437359375 0.9326859078125 0.6422731140625 0.9040618109375 0.6521291812500001
0 0.8582215578125 0.5759911359375 0.8664879375 0.59999844375 0.8914186031250001 0.5914141265625 0.8831522234375001 0.5674068203125 0.8582215578125 0.5759911359375
0 0.8786657874999999 0.5978709390625 0.886296290625 0.62003153125 0.9038400921875 0.613990715625 0.8962095890624999 0.5918301234375 0.8786657874999999 0.5978709390625
0 0.8595560578124999 0.6173613546875 0.8671865625 0.639521946875 0.8911938703125 0.6312555671875 0.8835633656249999 0.6090949765625 0.8595560578124999 0.6173613546875
0 0.8579225265625 0.6396133109375 0.86491715625 0.6599271875 0.8889244625 0.6516608078125 0.881929834375 0.6313469328125 0.8579225265625 0.6396133109375
0 0.8948757531249999 0.6914413390624999 0.90218831875 0.7126785734375 0.927118984375 0.70409425625 0.91980641875 0.6828570218750001 0.8948757531249999 0.6914413390624999
0 0.9065176265625 0.7132535375 0.9135122546875 0.7335674140624999 0.9384429203125 0.7249830968750001 0.9314482921874999 0.7046692218749999 0.9065176265625 0.7132535375
0 0.9128477640625 0.76013345 0.9211141421875 0.7841407578124999 0.9441980921875001 0.776192315625 0.9359317140625001 0.752185009375 0.9128477640625 0.76013345
0 0.8929791640625 0.874905775 0.8987020421875 0.8915262187499999 0.91624584375 0.8854854031249999 0.910522965625 0.868864959375 0.8929791640625 0.874905775
0 0.8762569828125001 0.82334146875 0.8816619234375 0.8390385546875001 0.9001290828125 0.8326798015625 0.8947241421875001 0.8169827156249999 0.8762569828125001 0.82334146875
0 0.8719325296875 0.7762873609375001 0.8789271578125 0.7966012359375 0.90108775 0.7889707328125 0.894093121875 0.76865685625 0.8719325296875 0.7762873609375001
0 0.8741818546875001 0.80081725625 0.8811764828124999 0.8211311328124999 0.905183790625 0.812864753125 0.8981891624999999 0.7925508781249999 0.8741818546875001 0.80081725625
0 0.8338074515624999 0.7465523203125 0.8439814562500001 0.7760997765625001 0.8670654062500001 0.7681513343749999 0.8568914015625 0.7386038796875 0.8338074515624999 0.7465523203125
0 0.8263292234374999 0.7398317875 0.8314162250000001 0.7546055140625 0.8471133109375 0.7492005749999999 0.842026309375 0.734426846875 0.8263292234374999 0.7398317875
0 0.8846682781249999 0.736785778125 0.8922987828125001 0.7589463703125 0.913536015625 0.7516338046875 0.9059055125000001 0.7294732125000001 0.8846682781249999 0.736785778125
0 0.8728741296875 0.6995335218750001 0.8792328828124999 0.71800068125 0.8930832531249999 0.7132316171874999 0.8867245 0.6947644562499999 0.8728741296875 0.6995335218750001
0 0.8513713359375 0.6955763687500001 0.8599556515625 0.720507034375 0.88211624375 0.7128765296874999 0.8735319265625 0.6879458640625 0.8513713359375 0.6955763687500001
0 0.7785070468749999 0.681934328125 0.792496303125 0.7225620796875 0.8211204015625 0.7127060125 0.8071311437500001 0.6720782609375 0.7785070468749999 0.681934328125
0 0.8559211859375001 0.8437704703125 0.8648234406249999 0.86962449375 0.8906774640625 0.8607222390624999 0.881775209375 0.834868215625 0.8559211859375001 0.8437704703125
0 0.8196008203125 0.8717690656249999 0.8253236984375001 0.888389509375 0.84656093125 0.8810769437499999 0.8408380531249999 0.8644565 0.8196008203125 0.8717690656249999
0 0.8263841031249999 0.9019676234375 0.8308352296875 0.9148946359375 0.8474556734375 0.9091717578124999 0.843004546875 0.8962447453125 0.8263841031249999 0.9019676234375
0 0.786807559375 0.772031175 0.7931663125 0.7904983359375 0.8070166828125 0.7857292703125001 0.8006579296874999 0.7672621109375 0.786807559375 0.772031175
0 0.7738726781249999 0.9009413515625001 0.77991349375 0.9184851546875 0.8039208015625 0.910218775 0.7978799859375 0.8926749734375001 0.7738726781249999 0.9009413515625001
0 0.77976121875 0.9030450953125 0.7813509078124999 0.9076618859375 0.7896611296875 0.9048004468749999 0.788071440625 0.9001836578125 0.77976121875 0.9030450953125
0 0.7858172625 0.9221329031250001 0.7883607625 0.9295197671875 0.8059045640625 0.9234789515624999 0.8033610640625 0.9160920875 0.7858172625 0.9221329031250001
0 0.7562246359375 0.6772127859375 0.7635372015625 0.69845001875 0.7801576453125 0.6927271421875 0.7728450796875 0.6714899078125 0.7562246359375 0.6772127859375
0 0.7396651015625 0.6891116875 0.743798290625 0.701115340625 0.7594953765625 0.6957104000000001 0.7553621875000001 0.683706746875 0.7396651015625 0.6891116875
0 0.7254730328125001 0.674891003125 0.7308779734375 0.6905880890625 0.7493451328125 0.6842293359375 0.7439401921875 0.6685322499999999 0.7254730328125001 0.674891003125
0 0.7383294265625 0.7572221390625 0.7453240546875 0.7775360140625 0.7674846453125 0.7699055109375 0.7604900171875 0.749591634375 0.7383294265625 0.7572221390625
0 0.726224034375 0.70406814375 0.7351262890625 0.7299221671875 0.7683671765625 0.7184764125 0.759464921875 0.6926223890625 0.726224034375 0.70406814375
0 0.7179156515625 0.738430346875 0.72554615625 0.7605909390625001 0.7541702531250001 0.750734871875 0.74653975 0.7285742796875 0.7179156515625 0.738430346875
0 0.7192720734375 0.7663661921875 0.7249949515624999 0.7829866359375 0.7453088265625001 0.7759920078125 0.7395859484375 0.7593715640625 0.7192720734375 0.7663661921875
0 0.70468776875 0.7750028859375 0.7139079609375 0.8017802671875 0.7406853421874999 0.792560075 0.7314651515625 0.7657826937500001 0.70468776875 0.7750028859375
0 0.679946528125 0.78713689375 0.68725909375 0.8083741265625 0.712189759375 0.799789809375 0.70487719375 0.7785525765625 0.679946528125 0.78713689375
0 0.7005344984375 0.80793436875 0.7072111890625 0.8273248875 0.7321418546875 0.8187405703125 0.7254651640625001 0.799350053125 0.7005344984375 0.80793436875
0 0.6819692796875 0.820007465625 0.692779159375 0.8514016375000001 0.7149397515625 0.843771134375 0.704129871875 0.8123769624999999 0.6819692796875 0.820007465625
0 0.6136560156249999 0.8450788578124999 0.6203327062499999 0.8644693765625 0.635106434375 0.8593823734375 0.62842974375 0.83999185625 0.6136560156249999 0.8450788578124999
0 0.6535418109375 0.5679727406249999 0.663397878125 0.5965968375 0.68832854375 0.5880125203125 0.6784724765625 0.5593884234375001 0.6535418109375 0.5679727406249999
0 0.6855937796875 0.5455752031250001 0.6922704703125 0.5649657203125 0.716277778125 0.5566993421875 0.7096010875000001 0.5373088234375001 0.6855937796875 0.5455752031250001
0 0.74760250625 0.5231910531249999 0.754597134375 0.5435049296875001 0.7841445890625 0.5333309234375 0.7771499609375 0.5130170484375001 0.74760250625 0.5231910531249999
0 0.23973486875 0.6020104640625 0.246093621875 0.6204776234375 0.2590206328125 0.616026496875 0.2526618796875 0.5975593375 0.23973486875 0.6020104640625
0 0.21252442343750003 0.5829768718749999 0.2185652390625 0.6005206734375 0.24072582968749998 0.5928901703125 0.234685015625 0.57534636875 0.21252442343750003 0.5829768718749999
0 0.2119427640625 0.6022845593749999 0.21830151718750002 0.62075171875 0.2349219609375 0.615028840625 0.2285632078125 0.5965616812500001 0.2119427640625 0.6022845593749999
0 0.6970907359375 0.6779503984375 0.706310928125 0.70472778125 0.7303182359375 0.6964614015625 0.72109804375 0.6696840203125001 0.6970907359375 0.6779503984375