0 0.376621503125 0.458400728125 0.35095458281249997 0.47036940937500005 0.3633359765625 0.4969213953125 0.389002896875 0.48495271406249996 0.376621503125 0.458400728125
0 0.360325321875 0.503174115625 0.3231525421875 0.5205080671875 0.3371847890625 0.55060031875 0.37435756875 0.5332663671875 0.360325321875 0.503174115625
0 0.3006823453125 0.49542801406250003 0.2759004921875 0.5069839828125 0.2862183203125 0.5291106375 0.311000175 0.5175546703125 0.3006823453125 0.49542801406250003
0 0.299693521875 0.5476099515625 0.2837623296875 0.5550387875 0.2994454296875 0.588671303125 0.3153766203125 0.5812424671875001 0.299693521875 0.5476099515625
0 0.51892278125 0.5509783828125 0.499451325 0.560058071875 0.5105945796875 0.583954859375 0.5300660359375 0.5748751703125 0.51892278125 0.5509783828125
0 0.5671016328125 0.5225858703124999 0.5538256390625 0.5287765671875 0.56042905 0.5429376265625 0.57370504375 0.5367469296875 0.5671016328125 0.5225858703124999
0 0.55428369375 0.5759737421875 0.5215362453125 0.5912441296875001 0.5368066312499999 0.623991578125 0.56955408125 0.6087211921875 0.55428369375 0.5759737421875
0 0.58474930625 0.5962479546874999 0.5555421218750001 0.6098674890625 0.5662726625000001 0.632879209375 0.595479846875 0.619259675 0.58474930625 0.5962479546874999
0 0.6049221421875 0.6094690734375 0.568634428125 0.6263903125 0.5797776828125001 0.6502871 0.6160653968750001 0.6333658609375 0.6049221421875 0.6094690734375
0 0.5515128218750001 0.6693935671875 0.5231907031249999 0.6826003890625 0.5380483765624999 0.714462771875 0.5663704953125 0.7012559515625 0.5515128218750001 0.6693935671875
0 0.5338938078125001 0.698621040625 0.52150288125 0.7043990234375 0.527693578125 0.7176750171874999 0.54008450625 0.7118970328125 0.5338938078125001 0.698621040625
0 0.43504668906250005 0.6946096453124999 0.373977121875 0.7230868515625 0.39667634375 0.7717654921875 0.45774591249999996 0.7432882859375 0.43504668906250005 0.6946096453124999
0 0.5343829062500001 0.8406252796875 0.5087159859375 0.8525939609375 0.5186211015625 0.8738355500000001 0.5442880203125 0.86186686875 0.5343829062500001 0.8406252796875
0 0.39209238125 0.8116161421875001 0.3655403953125 0.8239975375 0.3832870609375 0.8620553828125 0.409839046875 0.8496739890624999 0.39209238125 0.8116161421875001
0 0.41122390312499996 0.854954565625 0.3926375125 0.8636215421875001 0.4132731703125 0.9078748515624999 0.431859559375 0.8992078765624999 0.41122390312499996 0.854954565625
0 0.35637723593750004 0.8875338515625 0.34310124218750004 0.8937245484374999 0.3587843421875 0.9273570640625 0.372060334375 0.9211663671875 0.35637723593750004 0.8875338515625
0 0.3293838765625 0.796140621875 0.29752149375000003 0.8109982953125 0.3090774609375 0.8357801484375 0.3409398453125 0.8209224765625001 0.3293838765625 0.796140621875
0 0.295515184375 0.8124726109375 0.251261875 0.83310826875 0.2789136546875 0.8924077046875001 0.32316696562499997 0.8717720468750001 0.295515184375 0.8124726109375
0 0.26636165156249997 0.744175796875 0.21945314218749998 0.76604959375 0.2450413578125 0.8209236984375 0.291949865625 0.7990499015625 0.26636165156249997 0.744175796875
0 0.22072586875 0.751448384375 0.20213947812500002 0.7601153609375 0.21121916718749997 0.7795868171875 0.2298055578125 0.7709198421875 0.22072586875 0.751448384375
0 0.2053874703125 0.6492327718750001 0.1956517421875 0.653772615625 0.2006042984375 0.6643934109375 0.210340028125 0.659853565625 0.2053874703125 0.6492327718750001
0 0.2368383 0.529509053125 0.188159659375 0.552208275 0.20343004531250003 0.584955725 0.2521086859375 0.5622565015625 0.2368383 0.529509053125
0 0.2047778703125 0.41569573593750003 0.18973174375 0.422711859375 0.2000495734375 0.44483851406249997 0.2150956984375 0.43782239062499995 0.2047778703125 0.41569573593750003
0 0.1510608171875 0.5188644265625 0.11565816874999998 0.535372953125 0.12638871093749998 0.5583846734375 0.161791359375 0.5418761484375 0.1510608171875 0.5188644265625
0 0.103224284375 0.486756334375 0.0740171 0.5003758687500001 0.08557306718749999 0.525157721875 0.1147802515625 0.5115381890624999 0.103224284375 0.486756334375
0 0.0760055046875 0.4595805125 0.060959378125 0.4665966359375 0.06880092812500001 0.48341289375 0.0838470546875 0.4763967703125 0.0760055046875 0.4595805125
0 0.0661969984375 0.410817178125 0.053806070312499996 0.4165951625 0.05999676875 0.42987115625000005 0.0723876953125 0.42409317187499995 0.0661969984375 0.410817178125
0 0.053903903125 0.4849719046875 0.0415129765625 0.4907498875 0.046465534375 0.5013706828125 0.0588564609375 0.4955926984375 0.053903903125 0.4849719046875
0 0.13763804531249998 0.322550278125 0.12436205156249999 0.3287409765625 0.13096546250000002 0.342902034375 0.1442414546875 0.33671133750000004 0.13763804531249998 0.322550278125
0 0.1587376828125 0.29385479999999997 0.1242201015625 0.3099506125 0.13536335625 0.3338474 0.1698809375 0.3177515875 0.1587376828125 0.29385479999999997
0 0.1727687078125 0.2280485625 0.16037778125 0.23382654687499999 0.16615576406250002 0.2462174734375 0.1785466921875 0.24043949062499997 0.1727687078125 0.2280485625
0 0.15507929843749998 0.1958903640625 0.138263040625 0.20373191406250002 0.1444537390625 0.21700790625000002 0.16126999687500002 0.20916635625 0.15507929843749998 0.1958903640625
0 0.262759175 0.1564535875 0.24859811718749997 0.1630569984375 0.256439665625 0.17987325625 0.270600725 0.1732698453125 0.262759175 0.1564535875
0 0.134684584375 0.1348231796875 0.1284938875 0.1215471859375 0.0984016359375 0.1355794328125 0.104592334375 0.1488554265625 0.134684584375 0.1348231796875
0 0 0.5449911359375 0.0058300328125 0.55749368125 0.0279566875 0.547175853125 0.011860875 0.5126582703125 0 0.5181890874999999 0 0.5449911359375
0 0.042157099999999996 0.5071510499999999 0.0209155109375 0.517056165625 0.033709618749999996 0.5444932171875 0.0549512078125 0.5345881015625 0.042157099999999996 0.5071510499999999
0 0.0332122109375 0.530717434375 0.024361550000000003 0.534844565625 0.028488681249999998 0.543695228125 0.03733934375 0.539568096875 0.0332122109375 0.530717434375
0 0.072244584375 0.5092837875 0.03861206875 0.5249668875 0.05470788125 0.55948446875 0.088340396875 0.54380136875 0.072244584375 0.5092837875
0 0 0.5877398953124999 0.006171190625 0.60097405625 0.053079699999999994 0.579100259375 0.0361584609375 0.5428125453125 0 0.5596735125000001 0 0.5877398953124999
0 0.1792625578125 0.8138837437499999 0.167756696875 0.8192490156250001 0.1727092546875 0.829869809375 0.18421511562499998 0.8245045390625 0.1792625578125 0.8138837437499999
0 0.211023565625 0.8427128015625 0.18181638125 0.8563323359374999 0.1991503328125 0.8935051156249999 0.2283575171875 0.8798855812499999 0.211023565625 0.8427128015625
0 0.1146825453125 0.8429203812500001 0.10937214843750001 0.845396659375 0.11845183749999999 0.864868115625 0.123762234375 0.8623918375 0.1146825453125 0.8429203812500001
0 0.07426647656249999 0.7550924703125 0.0689560796875 0.75756875 0.072257784375 0.7646492796875 0.0775681828125 0.762173 0.07426647656249999 0.7550924703125
0 0.135730915625 0.8880587578125001 0.13042051875 0.8905350359374999 0.1357857890625 0.9020408968750001 0.1410961859375 0.8995646171875 0.135730915625 0.8880587578125001
0 0.35751039375000004 0.8460597859375 0.3495447984375 0.8497742046875001 0.3540846421875 0.8595099328125 0.3620502375 0.8557955140625 0.35751039375000004 0.8460597859375
0 0.411342021875 0.9545698546875 0.3936406984375 0.9628241171875 0.40106953437500004 0.9787553093750001 0.418770859375 0.970501046875 0.411342021875 0.9545698546875
0 0.8144014390625 0.8657517718750001 0.798470246875 0.8731806093750001 0.806311796875 0.8899968671874999 0.8222429890624999 0.8825680296874999 0.8144014390625 0.8657517718750001
0 0.885679025 0.6315574749999999 0.8697478328124999 0.6389863109375 0.8784148093749999 0.6575727015624999 0.8943460015625 0.6501438640625 0.885679025 0.6315574749999999
0 0.8343547171875001 0.6231648671875 0.815768328125 0.6318318421875 0.824022590625 0.6495331671875 0.84260898125 0.6408661906249999 0.8343547171875001 0.6231648671875
0 0.8181992656249999 0.59083013125 0.799612875 0.5994971062500001 0.8082798515625 0.618083496875 0.826866240625 0.6094165203124999 0.8181992656249999 0.59083013125
0 0.74306763125 0.5903065093750001 0.7244812406250001 0.5989734859375 0.7319100765625 0.6149046765625 0.7504964671875001 0.6062377015625 0.74306763125 0.5903065093750001
0 0.6923564671875 0.703387465625 0.6835058046875 0.7075145984375 0.6863947968749999 0.7137100609375 0.6952454593749999 0.7095829296875 0.6923564671875 0.703387465625
0 0.8320632859374999 0.49115996875 0.812591828125 0.5002396578125 0.820433378125 0.5170559156250001 0.839904834375 0.5079762265625 0.8320632859374999 0.49115996875
0 0.9081420093749999 0.4810055375 0.9019465453125 0.4838945296875 0.9040101109374999 0.4883198609375 0.910205575 0.48543086874999997 0.9081420093749999 0.4810055375
0 0.817840203125 0.5080287171875 0.7762420921875 0.527426234375 0.7910997656250001 0.5592886171875 0.8326978765625 0.5398911 0.817840203125 0.5080287171875
0 0.7231023109375 0.47354694375 0.7045159203125 0.48221392031250004 0.71483375 0.504340575 0.7334201390625 0.49567359843750003 0.7231023109375 0.47354694375
0 0.6804091703124999 0.40509864687499997 0.6529721187499999 0.41789275468750003 0.6694806453125 0.453295403125 0.696917696875 0.44050129531250004 0.6804091703124999 0.40509864687499997
0 0.6410463953125001 0.4466204375 0.618919740625 0.456938265625 0.627174003125 0.47463958906250003 0.6493006593749999 0.4643217609375 0.6410463953125001 0.4466204375
0 0.7219345046875 0.33239795 0.7121987765625 0.3369377953125 0.7146750546875 0.3422481921875 0.7244107828125 0.337708346875 0.7219345046875 0.33239795
0 0.6843931296875 0.2992604578125 0.6596112749999999 0.3108164265625 0.6703418171875 0.333828146875 0.6951236703125 0.3222721796875 0.6843931296875 0.2992604578125
0 0.7223459937500001 0.23738452968749998 0.68163295 0.256369334375 0.6989669015625 0.29354211406249997 0.739679946875 0.274557309375 0.7223459937500001 0.23738452968749998
0 0.6044329828125 0.26758536718750003 0.5831913937500001 0.2774904828125 0.5910329437499999 0.294306740625 0.6122745328125 0.284401625 0.6044329828125 0.26758536718750003
0 0.560904884375 0.22969690781250002 0.5405483609374999 0.239189309375 0.5492153375 0.2577757 0.569571859375 0.2482832984375 0.560904884375 0.22969690781250002
0 0.5492749781249999 0.25559285468750004 0.525378190625 0.266736109375 0.5385850109375 0.295058228125 0.5624817984375 0.2839149734375 0.5492749781249999 0.25559285468750004
0 0.59563120625 0.20596113593749998 0.5381019031250001 0.23278749062499998 0.5657536828125 0.292086925 0.6232829859375 0.2652605703125 0.59563120625 0.20596113593749998
0 0.6241990328125 0.1597754546875 0.5896814515625 0.17587126718749999 0.599173853125 0.196227790625 0.633691434375 0.18013197812499998 0.6241990328125 0.1597754546875
0 0.89323893125 0.20295157812500003 0.8826181375000001 0.2079041359375 0.8896342609375001 0.22295026093749998 0.9002550546875 0.217997703125 0.89323893125 0.20295157812500003
0 0.8104614109374999 0.3223651828125 0.7909899546875 0.331444871875 0.8021332093750001 0.355341659375 0.821604665625 0.3462619703125 0.8104614109374999 0.3223651828125
0 0.8425981625000001 0.37741820625 0.8293221703125001 0.38360890312499996 0.838814571875 0.4039654265625 0.852090565625 0.3977747296875 0.8425981625000001 0.37741820625
0 0.9161470828124999 0.8436286609374999 0.906411353125 0.8481685046875 0.9105384859375001 0.8570191671874999 0.9202742140625 0.8524793234375 0.9161470828124999 0.8436286609374999
0 0.66581761875 0.7712548859374999 0.656081890625 0.7757947296875 0.6606217359375 0.7855304578125 0.6703574640625 0.7809906140625 0.66581761875 0.7712548859374999
0 0.49034664531249994 0.7253925203125 0.47972585 0.7303450781249999 0.48302755625 0.7374256078125 0.49364834999999996 0.7324730500000001 0.49034664531249994 0.7253925203125
0 0.377531559375 0.2731821109375 0.36425556718749996 0.2793728078125 0.3762242484375 0.305039728125 0.389500240625 0.2988490296875 0.377531559375 0.2731821109375
0 0.495210778125 0.23554767031249998 0.456267865625 0.2537070484375 0.46864925937499996 0.280259034375 0.507592171875 0.26209965625 0.495210778125 0.23554767031249998
0 0.3724489671875 0.20335849062500003 0.3202300609375 0.22770856562500003 0.3441674234375 0.2790424046875 0.3963863296875 0.2546923296875 0.3724489671875 0.20335849062500003
0 0.3478341171875 0.248778384375 0.3124314703125 0.265286909375 0.337194259375 0.31839088125 0.37259690624999997 0.30188235625000004 0.3478341171875 0.248778384375
0 0.3468154109375 0.10217227656250001 0.3229186234375 0.11331553125 0.3328237390625 0.1345571203125 0.35672052656250003 0.12341386562500001 0.3468154109375 0.10217227656250001
0 0.5684708421875 0.08070398125 0.549884453125 0.08937095625 0.5573132890625 0.1053021484375 0.5758996796875 0.09663517187500001 0.5684708421875 0.08070398125
0 0.661471965625 0.002856284375 0.6437706421875 0.0111105484375 0.65326304375 0.0314670703125 0.67096436875 0.0232128078125 0.661471965625 0.002856284375
0 0.7380749718749999 0 0.73291661875 0.0024053796874999997 0.7444725875 0.0271872328125 0.7727947046875 0.0139804125 0.76627553125 0 0.7380749718749999 0