0 0.7091276453125 0.3965595484375 0.7279508375 0.2898079265625 0.60581159375 0.2682714828125 0.586988403125 0.3750231046875 0.7091276453125 0.3965595484375
0 0.5062453515625001 0.45895705312499996 0.51353721875 0.417602821875 0.45968054374999995 0.40810643593749996 0.452388678125 0.44946066875 0.5062453515625001 0.45895705312499996
0 0.3851400140625 0.549656828125 0.39531471093750004 0.4919532484375 0.3376111328125 0.48177855 0.327436434375 0.5394821296875 0.3851400140625 0.549656828125
0 0.49904209843749997 0.7303845015625 0.50650354375 0.68806854375 0.4622641328125 0.6802679421875 0.45480268749999997 0.7225839 0.49904209843749997 0.7303845015625
0 0.7761225484375001 0.708339890625 0.78358399375 0.6660239328124999 0.7422297609374999 0.658732065625 0.7347683171875 0.7010480234375 0.7761225484375001 0.708339890625
0 0.8937110484374999 0.752872978125 0.909990565625 0.66054725 0.814779659375 0.6437589984375001 0.79850014375 0.7360847265625 0.8937110484374999 0.752872978125
0 0.88335738125 0.7441059531249999 0.8879359953125 0.7181393421875 0.8465817625 0.7108474765625 0.8420031484375 0.7368140859375 0.88335738125 0.7441059531249999
0 0.794993871875 0.9471789578124999 0.808560134375 0.8702408515625001 0.7200813140625 0.8546396484375001 0.7065150499999999 0.9315777546874999 0.794993871875 0.9471789578124999
0 0.8916124515625 0.916617296875 0.9022958843750001 0.8560285390625 0.8532478421875 0.8473800468749999 0.842564409375 0.9079688046875001 0.8916124515625 0.916617296875
0 0.17948667812500002 0.8217907640625001 0.18898306250000002 0.7679340906250001 0.1264708515625 0.7569115 0.1169744671875 0.810768175 0.17948667812500002 0.8217907640625001
0 0.183845234375 0.43433710937500003 0.1982593890625 0.352590371875 0.1501730734375 0.34411145625 0.1357589171875 0.42585819375 0.183845234375 0.43433710937500003
0 0.44388158750000006 0.29524999687500003 0.4537171296875 0.23946986875 0.389281465625 0.22810812343750003 0.379445925 0.28388825 0.44388158750000006 0.29524999687500003
0 0.41122015625 0.3539466953125 0.41613792656250004 0.32605663125 0.38632441093750003 0.3207997046875 0.38140664062499996 0.34868976875 0.41122015625 0.3539466953125
0 0.4433858671875 0 0.43861144375 0.027077103125 0.49246811875 0.0365734875 0.4989170109375 0 0.4433858671875 0
0 1 0.3020789421875 0.9624656578125 0.295460625 0.952969271875 0.34931729843750003 0.9952852312499999 0.35677874374999996 1 0.3300399609375 1 0.3020789421875
0 0.9459006828125001 0.5721787421875 0.9540404406249999 0.5260158781250001 0.9165331140624999 0.5194023249999999 0.9083933562500001 0.5655651890625 0.9459006828125001 0.5721787421875
0 0.9537385468749999 0.5924016921875 0.9902841484374999 0.5988456671875 0.995541075 0.5690321515625001 0.958995475 0.5625881765625 0.9537385468749999 0.5924016921875
0 1 0.459747721875 0.9960914656250001 0.4590585421875 0.9879517078125 0.50522140625 1 0.5073458453125 1 0.459747721875
0 0.6926342437499999 0.3748103921875 0.7062005078125 0.2978722875 0.6369562125 0.28566265 0.6233899484375 0.36260075468749997 0.6926342437499999 0.3748103921875
0 0.277215734375 0.8439811718750001 0.2812856125 0.8208997390624999 0.24858691875 0.8151340781249999 0.2445170390625 0.8382155093750001 0.277215734375 0.8439811718750001
0 0.8415187640624999 0.7114421734375 0.8452494875 0.6902841953125 0.8240915078125 0.686553471875 0.8203607843749999 0.7077114515625 0.8415187640624999 0.7114421734375