0 0.4423828125 0.4619140625 0.3818359375 0.4619140625 0.3818359375 0.5439453125 0.4423828125 0.5439453125 0.4423828125 0.4619140625
0 0.61865234375 0.39404296875 0.57177734375 0.39404296875 0.57177734375 0.44677734375 0.61865234375 0.44677734375 0.61865234375 0.39404296875
0 0.63525390625 0.56689453125 0.59228515625 0.56689453125 0.59228515625 0.60595703125 0.63525390625 0.60595703125 0.63525390625 0.56689453125
0 0.77734375 0.5078125 0.7568359375 0.5078125 0.7568359375 0.5322265625 0.77734375 0.5322265625 0.77734375 0.5078125
0 0.75341796875 0.1328125 0.71044921875 0.1328125 0.71044921875 0.1708984375 0.75341796875 0.1708984375 0.75341796875 0.1328125
0 0.68994140625 0.06591796875 0.63134765625 0.06591796875 0.63134765625 0.11962890625 0.68994140625 0.11962890625 0.68994140625 0.06591796875
0 0.9365234375 0.11376953125 0.9140625 0.11376953125 0.9140625 0.14404296875 0.9365234375 0.14404296875 0.9365234375 0.11376953125
0 0.5712890625 0 0.5712890625 0.0498046875 0.6689453125 0.0498046875 0.6689453125 0 0.5712890625 0
0 0.681640625 0 0.681640625 0.0126953125 0.697265625 0.0126953125 0.697265625 0 0.681640625 0
0 0.55126953125 0.0009765625 0.51708984375 0.0009765625 0.51708984375 0.021484375 0.55126953125 0.021484375 0.55126953125 0.0009765625
0 0.470703125 0.21826171875 0.435546875 0.21826171875 0.435546875 0.26416015625 0.470703125 0.26416015625 0.470703125 0.21826171875
0 0.341796875 0.0009765625 0.2900390625 0.0009765625 0.2900390625 0.0361328125 0.341796875 0.0361328125 0.341796875 0.0009765625
0 0.173828125 0 0.173828125 0.087890625 0.2255859375 0.087890625 0.2255859375 0 0.173828125 0
0 0.21630859375 0.00830078125 0.20654296875 0.00830078125 0.20654296875 0.02392578125 0.21630859375 0.02392578125 0.21630859375 0.00830078125
0 0.2080078125 0.02587890625 0.17578125 0.02587890625 0.17578125 0.05908203125 0.2080078125 0.05908203125 0.2080078125 0.02587890625
0 0.14990234375 0.01220703125 0.09130859375 0.01220703125 0.09130859375 0.08447265625 0.14990234375 0.08447265625 0.14990234375 0.01220703125
0 0 0.0732421875 0.017578125 0.0732421875 0.017578125 0.0341796875 0 0.0341796875 0 0.0732421875
0 0.0009765625 0 0.0009765625 0.0576171875 0.0751953125 0.0576171875 0.0751953125 0 0.0009765625 0
0 0.03955078125 0 0.03955078125 0.0205078125 0.06787109375 0.0205078125 0.06787109375 0 0.03955078125 0
0 0.12060546875 0.14794921875 0.09619140625 0.14794921875 0.09619140625 0.18798828125 0.12060546875 0.18798828125 0.12060546875 0.14794921875
0 0.26171875 0.24951171875 0.2041015625 0.24951171875 0.2041015625 0.31591796875 0.26171875 0.31591796875 0.26171875 0.24951171875
0 0 0.3720703125 0.029296875 0.3720703125 0.029296875 0.333984375 0 0.333984375 0 0.3720703125
0 0.0302734375 0.3984375 0.0048828125 0.3984375 0.0048828125 0.4208984375 0.0302734375 0.4208984375 0.0302734375 0.3984375
0 0.12744140625 0.3642578125 0.07080078125 0.3642578125 0.07080078125 0.4384765625 0.12744140625 0.4384765625 0.12744140625 0.3642578125
0 0.07275390625 0.39453125 0.03369140625 0.39453125 0.03369140625 0.4326171875 0.07275390625 0.4326171875 0.07275390625 0.39453125
0 0.05322265625 0.431640625 0.01123046875 0.431640625 0.01123046875 0.466796875 0.05322265625 0.466796875 0.05322265625 0.431640625
0 0.1220703125 0.46044921875 0.0224609375 0.46044921875 0.0224609375 0.52978515625 0.1220703125 0.52978515625 0.1220703125 0.46044921875
0 0.0244140625 0.55078125 0.00390625 0.55078125 0.00390625 0.58203125 0.0244140625 0.58203125 0.0244140625 0.55078125
0 0.33349609375 0.61767578125 0.29931640625 0.61767578125 0.29931640625 0.64990234375 0.33349609375 0.64990234375 0.33349609375 0.61767578125
0 0.67919921875 0.64404296875 0.64306640625 0.64404296875 0.64306640625 0.67919921875 0.67919921875 0.67919921875 0.67919921875 0.64404296875
0 0.69677734375 0.7568359375 0.66455078125 0.7568359375 0.66455078125 0.791015625 0.69677734375 0.791015625 0.69677734375 0.7568359375
0 0.787109375 0.78466796875 0.755859375 0.78466796875 0.755859375 0.81591796875 0.787109375 0.81591796875 0.787109375 0.78466796875
0 0.73046875 0.86669921875 0.6923828125 0.86669921875 0.6923828125 0.90576171875 0.73046875 0.90576171875 0.73046875 0.86669921875
0 0.74365234375 0.75048828125 0.69775390625 0.75048828125 0.69775390625 0.79833984375 0.74365234375 0.79833984375 0.74365234375 0.75048828125
0 0.95947265625 0.7138671875 0.90771484375 0.7138671875 0.90771484375 0.767578125 0.95947265625 0.767578125 0.95947265625 0.7138671875
0 0.99853515625 0.70458984375 0.96435546875 0.70458984375 0.96435546875 0.76513671875 0.99853515625 0.76513671875 0.99853515625 0.70458984375
0 0.3408203125 0.73583984375 0.27734375 0.73583984375 0.27734375 0.79443359375 0.3408203125 0.79443359375 0.3408203125 0.73583984375
0 0.3115234375 0.7548828125 0.2841796875 0.7548828125 0.2841796875 0.7841796875 0.3115234375 0.7841796875 0.3115234375 0.7548828125
0 0.2451171875 0.79296875 0.2158203125 0.79296875 0.2158203125 0.8349609375 0.2451171875 0.8349609375 0.2451171875 0.79296875
0 0.25244140625 0.80029296875 0.16357421875 0.80029296875 0.16357421875 0.86767578125 0.25244140625 0.86767578125 0.25244140625 0.80029296875
0 0.21337890625 0.80810546875 0.18701171875 0.80810546875 0.18701171875 0.83349609375 0.21337890625 0.83349609375 0.21337890625 0.80810546875