0 0.6944503625 0 0.701851646875 0.041974771875 0.7326268890625001 0.0365482671875 0.72618244375 0 0.6944503625 0
0 0.613937303125 0.066401090625 0.647597725 0.06046585 0.6431886890625 0.035460965625 0.6095282671875 0.04139620625 0.613937303125 0.066401090625
0 0.682441671875 0.0865498171875 0.6968675671875 0.08400614375 0.6936455796875001 0.06573334374999999 0.679219684375 0.0682770171875 0.682441671875 0.0865498171875
0 0.6691435593749999 0.11517276406250002 0.68453118125 0.11245951093749999 0.6802917234375 0.088416353125 0.664904103125 0.09112960625 0.6691435593749999 0.11517276406250002
0 0.822370315625 0 0.8237946125000001 0.0080775921875 0.8391822343750001 0.0053643390625 0.83823635625 0 0.822370315625 0
0 0.8048655015625 0.052567848437499995 0.819291396875 0.050024175000000004 0.817086878125 0.0375217328125 0.802660984375 0.040065406250000005 0.8048655015625 0.052567848437499995
0 0.574217240625 0.119515490625 0.6117245671875 0.1129019375 0.6054501703125 0.07731806249999999 0.56794284375 0.0839316171875 0.574217240625 0.119515490625
0 0.4562556703125 0 0.4290443953125 0.00479808125 0.431079334375 0.016338796875 0.471471840625 0.009216509375 0.46984672187500004 0 0.4562556703125 0
0 0.19794196875 0.083229521875 0.19149799375 0.046683921875 0.148220309375 0.054314945312499995 0.154664284375 0.0908605453125 0.19794196875 0.083229521875
0 0.24675177656249997 0.16039881875 0.28714428281250004 0.1532765296875 0.2812090421875 0.119616109375 0.2408165359375 0.126738396875 0.24675177656249997 0.16039881875
0 0.36394068125 0.1417185078125 0.3850986609375 0.1379877859375 0.380859203125 0.11394462812499999 0.3597012234375 0.11767535 0.36394068125 0.1417185078125
0 0.4588379546875 0.14283485468749998 0.4771107546875 0.1396128671875 0.47304087499999997 0.11653143437499999 0.45476807499999994 0.119753421875 0.4588379546875 0.14283485468749998
0 0.24521852812499997 0.20231752812499998 0.27791722343749997 0.1965518671875 0.273677765625 0.172508709375 0.24097907031250002 0.17827437031249999 0.24521852812499997 0.20231752812499998
0 0.1063059921875 0.22433248749999998 0.118808434375 0.2221279703125 0.11694307343749999 0.21154898125 0.10444063125 0.21375349843749997 0.1063059921875 0.22433248749999998
0 0.059693659375 0.21023987968750002 0.0750812796875 0.20752662812499997 0.0728767625 0.19502418593749998 0.057489142187499995 0.1977374375 0.059693659375 0.21023987968750002
0 0.2819160984375 0.323270896875 0.3184616984375 0.316826921875 0.3130351921875 0.2860516796875 0.2764895921875 0.2924956546875 0.2819160984375 0.323270896875
0 0.667890203125 0.1783621140625 0.704435803125 0.1719181390625 0.6969743578125 0.1296021796875 0.6604287578125 0.13604615625 0.667890203125 0.1783621140625
0 0.5778235640625 0.22151305 0.5874408265625 0.2198172671875 0.5854058875 0.20827655156249997 0.5757886234375 0.209972334375 0.5778235640625 0.22151305
0 0.87909944375 0.161448590625 0.904104328125 0.1570395546875 0.901391075 0.141651934375 0.876386190625 0.1460609703125 0.87909944375 0.161448590625
0 0.814657909375 0.21495554218750001 0.8608207734375 0.20681578437499998 0.8538680640624999 0.1673850046875 0.8077052 0.1755247640625 0.814657909375 0.21495554218750001
0 0.6897438015625 0.2573096359375 0.7070548750000001 0.2542572265625 0.704002465625 0.23694615156249998 0.6866913921875 0.2399985609375 0.6897438015625 0.2573096359375
0 0.6104594718749999 0.2603816984375 0.63642608125 0.255803084375 0.6342215640625 0.2433006421875 0.608254953125 0.24787925624999999 0.6104594718749999 0.2603816984375
0 0.8008997625 0.29720749375 0.8182108375 0.294155084375 0.815497584375 0.2787674625 0.7981865109374999 0.281819871875 0.8008997625 0.29720749375
0 0.6856040906249999 0.3294367609375 0.7288817765625 0.32180573749999997 0.721929065625 0.282374959375 0.67865138125 0.2900059828125 0.6856040906249999 0.3294367609375
0 0.9417518843750001 0.3621137578125 0.9754123046875 0.3561785171875 0.967442125 0.3109773796875 0.9337817046874999 0.3169126203125 0.9417518843750001 0.3621137578125
0 0.4397436578125 0.3579141765625 0.5032175953125 0.3467220078125 0.49473867968749996 0.2986356921875 0.4312647421875 0.309827859375 0.4397436578125 0.3579141765625
0 0.32447116249999997 0.4268295765625 0.3629402140625 0.4200464453125 0.355309190625 0.3767687609375 0.3168401390625 0.38355189218749997 0.32447116249999997 0.4268295765625
0 0.30828552343750004 0.472819340625 0.3515632078125 0.46518831718750003 0.3488499546875 0.44980069531250005 0.3055722703125 0.45743171875 0.30828552343750004 0.472819340625
0 0.9382080453125001 0.42074884375000005 0.9497487625 0.418713903125 0.94686593125 0.40236455624999995 0.9353252140625001 0.40439949531249997 0.9382080453125001 0.42074884375000005
0 0.78721114375 0.48951784218750005 0.8064456703125 0.48612627656249996 0.8035628390625 0.46977692812500005 0.7843283125 0.4731684953125 0.78721114375 0.48951784218750005
0 0.511058678125 0.506478890625 0.5302932046875 0.503087325 0.5269016390625 0.4838527984375 0.5076671125 0.4872443640625 0.511058678125 0.506478890625
0 0.2449089859375 0.597039875 0.2679904171875 0.5929699953124999 0.263411803125 0.567003384375 0.240330371875 0.5710732640625 0.2449089859375 0.597039875
0 0.101672203125 0.5945308125000001 0.1420647078125 0.5874085250000001 0.13799482968750001 0.5643270921875 0.0976023234375 0.57144938125 0.101672203125 0.5945308125000001
0 0.0191368390625 0.58478915 0.0075961234375 0.5868240890624999 0.0135313640625 0.620484509375 0.0250720796875 0.6184495703125 0.0191368390625 0.58478915
0 0.57438034375 0.5731563359375 0.6349691015625 0.562472903125 0.626320609375 0.5134248609375 0.5657318499999999 0.52410829375 0.57438034375 0.5731563359375
0 0.5888317625 0.5904407109375 0.6099897421875 0.5867099890625 0.605411128125 0.560743378125 0.5842531484375 0.5644741 0.5888317625 0.5904407109375
0 0.4019177 0.6214154484375001 0.42596085781250004 0.6171759906250001 0.42341718281249996 0.602750096875 0.399374025 0.606989553125 0.4019177 0.6214154484375001
0 0.33249795625 0.674808565625 0.34884730468749997 0.671925734375 0.34545573749999997 0.6526912078125 0.32910639062499997 0.6555740390625 0.33249795625 0.674808565625
0 0.25557833125 0.7587771265625001 0.3113584578125 0.7489415859374999 0.30423616875000004 0.7085490796875 0.2484560421875 0.7183846218750001 0.25557833125 0.7587771265625001
0 0.2463641859375 0.7093330109375 0.258866628125 0.7071284921875 0.25445759218749997 0.6821236078124999 0.24195514999999998 0.6843281265625001 0.2463641859375 0.7093330109375
0 0.2205926765625 0.7347014015625 0.2311716671875 0.732836040625 0.2291367265625 0.721295325 0.2185577375 0.7231606859374999 0.2205926765625 0.7347014015625
0 0.47287743125 0.68079633125 0.5007674953125 0.675878559375 0.49737592968750005 0.656644034375 0.469485865625 0.6615618046875 0.47287743125 0.68079633125
0 0.719257165625 0.579342725 0.7346447875 0.576629471875 0.7334577390625 0.5698973875 0.7180701171874999 0.572610640625 0.719257165625 0.579342725
0 0.7803244390625 0.585432584375 0.8139848609375001 0.5794973437500001 0.8097454031250001 0.5554541859375 0.7760849828125 0.5613894265625 0.7803244390625 0.585432584375
0 0.667543396875 0.6375468203125 0.6935100078125 0.6329682062499999 0.68893139375 0.607001596875 0.6629647828125 0.6115802109375 0.667543396875 0.6375468203125
0 0.9323922078125 0.5452319625000001 0.9727847125 0.5381096734375 0.96922356875 0.517913421875 0.9288310624999999 0.525035709375 0.9323922078125 0.5452319625000001
0 1 0.61091015 0.9954630265625 0.58517969375 0.96276433125 0.59094535625 0.9709040906249999 0.6371082203125 1 0.6319778265625 1 0.61091015
0 0.915158878125 0.5993394828125 0.9276613203125 0.5971349640625 0.92494806875 0.58174734375 0.9124456265625 0.5839518609375001 0.915158878125 0.5993394828125
0 0.785290909375 0.66983683125 0.817027878125 0.664240746875 0.8110926375 0.6305803265625001 0.7793556703125 0.6361764109375 0.785290909375 0.66983683125
0 0.8295951531249999 0.8058107921875 0.8420975953125 0.8036062749999999 0.8400626546875 0.792065559375 0.8275602140625 0.7942700765625 0.8295951531249999 0.8058107921875
0 0.590678340625 0.735884359375 0.6185684046875 0.7309665890625 0.61415936875 0.7059617046875 0.5862693046875 0.710879475 0.590678340625 0.735884359375
0 0.5724577625 0.7703334078124999 0.6215058046874999 0.7616849140624999 0.616927190625 0.735718303125 0.5678791484375 0.744366796875 0.5724577625 0.7703334078124999
0 0.5980526484375 0.7945775375 0.624019259375 0.7899989234375 0.6216451640625 0.7765347546875 0.5956785531250001 0.78111336875 0.5980526484375 0.7945775375
0 0.521481571875 0.813037221875 0.5455247296875 0.8087977640625 0.5426418984375 0.7924484171875 0.518598740625 0.796687875 0.521481571875 0.813037221875
0 0.446248640625 0.76878841875 0.4549041765625 0.7672622140625001 0.45253008125000005 0.753798046875 0.44387454374999996 0.7553242515624999 0.446248640625 0.76878841875
0 0.3754373546875 0.8620920046875 0.386978071875 0.860057065625 0.38426481875 0.84466944375 0.37272410312500004 0.846704384375 0.3754373546875 0.8620920046875
0 0.38413689687499997 0.9507961484375 0.3947158859375 0.9489307874999999 0.3909851625 0.9277728078124999 0.3804061734375 0.92963816875 0.38413689687499997 0.9507961484375
0 0.17796630468750002 0.940047278125 0.2145119046875 0.9336033015625 0.204167628125 0.8749379968750001 0.167622028125 0.881381971875 0.17796630468750002 0.940047278125
0 0.467823040625 1 0.4825917921875 0.9973958703125 0.472586671875 0.9406540171875 0.417768271875 0.9503199812500001 0.4265282 1 0.467823040625 1
0 0.577391665625 0.88548385 0.6081669078124999 0.8800573453125 0.6025708234375 0.8483203765624999 0.57179558125 0.85374688125 0.577391665625 0.88548385
0 0.6405158796875 0.9482296 0.6464511203125001 0.9818900218750001 0.720504046875 0.9688324937499999 0.7145688078125 0.9351720718750001 0.6405158796875 0.9482296
0 0.6553390234375 0.9366912328125 0.667841465625 0.9344867156250001 0.6651282125 0.9190990937500001 0.6526257703125 0.9213036109375 0.6553390234375 0.9366912328125
0 0.79458719375 0.94188685 0.824400709375 0.9366299218749999 0.81846546875 0.9029695015625 0.788651953125 0.908226428125 0.79458719375 0.94188685
0 0.8498585859375 0.9291661296875 0.8527414171875 0.9455154765625 0.8710142171875 0.9422934890624999 0.8681313859375 0.9259441421875 0.8498585859375 0.9291661296875
0 0.9565697249999999 0.7948254671874999 0.9690721671875 0.7926209484375 0.9670372281249999 0.7810802328124999 0.9545347859375 0.7832847515625 0.9565697249999999 0.7948254671874999
0 0.9094172640625 0.8001648359375 0.9228814328125001 0.7977907390625 0.9208464921875 0.7862500234375001 0.9073823234375 0.7886241187499999 0.9094172640625 0.8001648359375