0 0.23500632656249998 0.3900401203125 0.1781108734375 0.36933187031250003 0.15807063125 0.424391984375 0.21496608281250001 0.4451002359375 0.23500632656249998 0.3900401203125
0 0.219616775 0.2353084015625 0.15721531093750002 0.2125961265625 0.1355050484375 0.2722445828125 0.1979065125 0.294956859375 0.219616775 0.2353084015625
0 0.2027646921875 0.0888778703125 0.12751586875 0.0614895390625 0.083427334375 0.182621790625 0.1586761578125 0.21001012187499998 0.2027646921875 0.0888778703125
0 0.1712249015625 0.09558495781250001 0.1354358265625 0.0825588 0.11840162031250001 0.129359896875 0.15419069531250001 0.1423860546875 0.1712249015625 0.09558495781250001
0 0.1400039484375 0.1528110421875 0.1042148734375 0.139784884375 0.0915227203125 0.17465629062500002 0.1273117953125 0.18768244843749998 0.1400039484375 0.1528110421875
0 0.3605530890625 0.176445996875 0.31191665468749996 0.15874378281249998 0.298890496875 0.19453285781250002 0.34752693125 0.212235071875 0.3605530890625 0.176445996875
0 0.3405499640625 0.2471081625 0.31669058125 0.2384240578125 0.308006475 0.262283440625 0.3318658578125 0.2709675453125 0.3405499640625 0.2471081625
0 0.3387635390625 0.222035909375 0.294715446875 0.2060037140625 0.28436132187499996 0.234451440625 0.3284094125 0.250483634375 0.3387635390625 0.222035909375
0 1 0.5536394578125 0.9555768609375 0.5374707578125 0.9271865171875 0.6154725875 0.9776582890625001 0.633842809375 1 0.5724594625 1 0.5536394578125
0 0.9481478437499999 0.6906522328125 0.960995203125 0.6953282890625 0.9753573765624999 0.655868540625 0.9625100171875 0.6511924828125 0.9481478437499999 0.6906522328125
0 0.9182578515625 0.7613531984375 0.8714567531249999 0.7443189921875 0.8514165109375 0.7993791078125 0.8982176078125 0.8164133140625 0.9182578515625 0.7613531984375
0 0.826737328125 0.8828886328125 0.7716772140625 0.8628483906250001 0.747628921875 0.928920528125 0.8026890375000001 0.9489607703124999 0.826737328125 0.8828886328125
0 0.8069146843749999 0.9073704812500001 0.775713953125 0.8960143437499999 0.764357815625 0.9272150765625 0.7955585468749999 0.9385712140625 0.8069146843749999 0.9073704812500001
0 0.8069754703124999 1 0.82070671875 0.9622737046875001 0.7151748328124999 0.9238632390625 0.68746331875 1 0.8069754703124999 1
0 0.7856711296875 1 0.793878415625 0.9774506671875001 0.7516656625 0.9620864812500001 0.73786626875 1 0.7856711296875 1
0 0.7337093265625 1 0.7468259734375 0.96396230625 0.6954365328125001 0.945258078125 0.67773431875 0.9938945140625 0.6945090031250001 1 0.7337093265625 1
0 0.77069378125 0.944070484375 0.724810353125 0.9273702828125 0.7141222234375 0.9567356765625 0.760005653125 0.973435878125 0.77069378125 0.944070484375
0 0.6419467078125 0.2684725375 0.5474268453125 0.234070121875 0.512690425 0.32950765312499997 0.6072102875 0.3639100703125 0.6419467078125 0.2684725375
0 0 0.4624687015625 0.0213515390625 0.4702400265625 0.034377696875 0.4344509515625 0 0.42193849375000003 0 0.4624687015625
0 0.6185884640625 0.682420309375 0.3974303375 0.601925334375 0.31793737499999997 0.8203304546875 0.5390955015625 0.9008254296875 0.6185884640625 0.682420309375
0 0.5013225796875 0.683386934375 0.4508508078125 0.6650167109375 0.4324805859375 0.7154884828125 0.48295235625000005 0.73385870625 0.5013225796875 0.683386934375
0 0.45581869687500004 0.6527951875 0.4117706046875 0.63676299375 0.3934003828125 0.687234765625 0.43744847499999995 0.703266959375 0.45581869687500004 0.6527951875
0 0.503331703125 0.80207149375 0.4592836109375 0.7860393 0.4465914578125 0.8209107046874999 0.49063955000000004 0.8369429 0.503331703125 0.80207149375
0 0.522015709375 0.8192642765624999 0.48989730781249996 0.807574134375 0.4735311109375 0.8525398953125001 0.5056495109375 0.8642300359374999 0.522015709375 0.8192642765624999
0 0.47933737968749995 0.8265938296875 0.43712462500000004 0.81122964375 0.4240984671875 0.8470187171875001 0.466311221875 0.8623829031250001 0.47933737968749995 0.8265938296875
0 0.4476221171875 0.7209995499999999 0.41275071093750004 0.708307396875 0.399724553125 0.7440964703125 0.434595959375 0.756788625 0.4476221171875 0.7209995499999999
0 0.42583930625 0.7437287203125 0.4001445859375 0.7343766078125 0.3901244640625 0.7619066640625001 0.415819184375 0.771258778125 0.42583930625 0.7437287203125
0 0.4530741609375 0.7645533765625 0.43747379531249997 0.7588753078125 0.42511564531249996 0.7928290437500001 0.4407160109375 0.7985071140625 0.4530741609375 0.7645533765625
0 0.48954640937500005 0.7243075296875 0.4454983171875 0.7082753359375 0.43113614375 0.747735084375 0.4751842359375 0.763767278125 0.48954640937500005 0.7243075296875
0 0.497667115625 0.7719503765625 0.45820736718750005 0.757588203125 0.4471852328125 0.787871265625 0.48664498125 0.802233440625 0.497667115625 0.7719503765625
0 0.9647484468749999 0.41662022812500005 0.935383053125 0.4059320984375 0.9256969359375 0.43254448749999996 0.9550623296874999 0.44323261562500005 0.9647484468749999 0.41662022812500005
0 0.9510306453125 0.39292110625 0.9216652515625 0.3822329765625 0.90863909375 0.4180220515625 0.9380044875 0.42871018125000004 0.9510306453125 0.39292110625
0 0.874651565625 0.237295353125 0.917404084375 0.11983377656250001 0.7604827578125 0.062719084375 0.7177302390625 0.18018066093750001 0.874651565625 0.237295353125
0 1 0.1498962296875 0.968793525 0.138538003125 0.954097346875 0.17891542031250002 0.9926394265624999 0.192943590625 1 0.17272058125 1 0.1498962296875
0 0.961357721875 0.1732440921875 0.9733818671875 0.1402080234375 0.9430988046875 0.1291858890625 0.9310746578125 0.16222195781249998 0.961357721875 0.1732440921875
0 0.927275784375 0.1712316421875 0.9426399703125 0.12901888749999998 0.899509546875 0.11332069687499999 0.8841453609375 0.1555334515625 0.927275784375 0.1712316421875
0 0.9106430296875001 0.1298437875 0.8665949375 0.1138115921875 0.8468887 0.1679540390625 0.8909367906250001 0.18398623281249998 0.9106430296875001 0.1298437875
0 0.8509439750000001 0.1382529546875 0.8289199296875 0.1302368578125 0.8192338124999999 0.156849246875 0.8412578578125001 0.16486534375 0.8509439750000001 0.1382529546875
0 0.9307120078125 0.26029777656249997 0.885746246875 0.243931578125 0.8697140531249999 0.28797966875 0.9146798140625 0.3043458671875 0.9307120078125 0.26029777656249997
0 0.9692372375 0.3314777984375 0.8664583562500001 0.2940693453125 0.834727971875 0.381247859375 0.9375068531249999 0.4186563125 0.9692372375 0.3314777984375
0 0.8870873625 0.3644514734375 0.8595573062499999 0.35443135312499996 0.8508732 0.37829073593749996 0.8784032578125001 0.38831085625 0.8870873625 0.3644514734375
0 0.8643649328125 0.31980792187499996 0.8414232187499999 0.3114578203125 0.8347431375 0.3298111921875 0.8576848515625001 0.33816129375 0.8643649328125 0.31980792187499996
0 0.871367221875 0.3405431796875 0.841084159375 0.32952104531250004 0.8330680625 0.351545090625 0.863351125 0.362567225 0.871367221875 0.3405431796875
0 0.8846885828125 0.2939495703125 0.806686753125 0.26555922656250003 0.7813024468750001 0.3353020375 0.8593042750000001 0.36369238125000003 0.8846885828125 0.2939495703125
0 0.8143857421874999 0.32863712343749996 0.7896086906249999 0.31961901406250004 0.7812585890625 0.342560728125 0.806035640625 0.3515788375 0.8143857421874999 0.32863712343749996
0 0.7912432796875 0.29371343437499997 0.74535985 0.2770132328125 0.7306636734375 0.31739065 0.7765471015625 0.33409085156249996 0.7912432796875 0.29371343437499997
0 0.742475275 0.297787290625 0.7204512281250001 0.28977119375 0.7127691359375 0.3108775703125 0.7347931812499999 0.31889366875 0.742475275 0.297787290625
0 0.7632695984375 0.3734257703125 0.7164685000000001 0.3563915640625 0.705780371875 0.385756959375 0.75258146875 0.40279116562499995 0.7632695984375 0.3734257703125
0 0.7464698421875 0.33249675 0.7079277625 0.31846857968750003 0.6955696125 0.3524223171875 0.7341116921874999 0.3664504875 0.7464698421875 0.33249675
0 0.8112970468749999 0.33426796406250003 0.748895584375 0.31155568906250003 0.726183309375 0.373957153125 0.788584771875 0.396669428125 0.8112970468749999 0.33426796406250003
0 0.9330112343750001 0.2439872296875 0.8586800796875 0.21693290312500002 0.8312917484375 0.292181725 0.905622903125 0.319236053125 0.9330112343750001 0.2439872296875
0 0.7974037734375 0.198267478125 0.7515203453125 0.181567275 0.734152134375 0.229286040625 0.7800355640625 0.24598624375 0.7974037734375 0.198267478125
0 0.8252037124999999 0.1418747171875 0.7563785703125 0.11682441406249999 0.7283222296874999 0.1939085734375 0.7971473734375001 0.2189588765625 0.8252037124999999 0.1418747171875
0 0.8986948015625 0.188368771875 0.830787328125 0.163652471875 0.8130851124999999 0.2122889078125 0.8809925875 0.23700520625000002 0.8986948015625 0.188368771875
0 0.792724303125 0.08120908125000001 0.7679472515625 0.072190971875 0.7589291421875 0.0969680234375 0.78370619375 0.1059861328125 0.792724303125 0.08120908125000001
0 0.8036030703125 0.11270838593750002 0.7705670015625 0.100684240625 0.7642209249999999 0.11811994374999998 0.79725699375 0.1301440890625 0.8036030703125 0.11270838593750002
0 0.8446417546875 0.14842996718749998 0.8623439703125 0.0997935328125 0.7953541640624999 0.07541123749999999 0.7776519484375 0.12404767187500002 0.8446417546875 0.14842996718749998