0 0.5079690921875 0.5181101328125 0.5047072218750001 0.49490072500000004 0.48343193125 0.497890771875 0.48669380156250003 0.5211001796875 0.5079690921875 0.5181101328125
0 0.5091766125 0.5337189812500001 0.5083611453125 0.5279166296875 0.49869055937500006 0.5292757421875 0.4995060265625 0.5350780937499999 0.5091766125 0.5337189812500001
0 0.5033873359375 0.5591866046875 0.5008050234375 0.540812490625 0.485332084375 0.5429870703125 0.48791439687500004 0.561361184375 0.5033873359375 0.5591866046875
0 0.502924721875 0.58045405625 0.5012937875000001 0.5688493515624999 0.49452437656250003 0.5698007296875 0.4961553125 0.5814054343749999 0.502924721875 0.58045405625
0 0.5264425484374999 0.5934204765625 0.521821565625 0.56054048125 0.4908756890625 0.5648896421875 0.4954966703125 0.5977696359375 0.5264425484374999 0.5934204765625
0 0.500480925 0.531489521875 0.499529546875 0.5247201109375 0.4917930765625 0.5258074015624999 0.49274445624999996 0.5325768125 0.500480925 0.531489521875
0 0.48148476562500003 0.564730209375 0.4782228953125 0.5415208015624999 0.45694760468749995 0.54451085 0.460209475 0.5677202578125 0.48148476562500003 0.564730209375
0 0.4686202640625 0.54336344375 0.46590204062499996 0.5240222703125 0.4426926328125 0.5272841406250001 0.44541085625 0.5466253140624999 0.4686202640625 0.54336344375
0 0.522373025 0.46973628281249996 0.5201984453125 0.4542633453125 0.49795609531249996 0.457389303125 0.5001306750000001 0.47286224218750006 0.522373025 0.46973628281249996
0 0.5014767124999999 0.4578806734375 0.49903031093749994 0.4404736171875 0.47485384374999995 0.443871396875 0.47730024687499994 0.461278453125 0.5014767124999999 0.4578806734375
0 0.46016501249999997 0.4656589734375 0.4577186109375 0.4482519171875 0.44611390625 0.4498828515625 0.448560309375 0.4672899078125 0.46016501249999997 0.4656589734375
0 0.5708409796875 0.5339280578125 0.569074134375 0.5213562953124999 0.55070001875 0.523938609375 0.552466865625 0.5365103718750001 0.5708409796875 0.5339280578125
0 0.5575792171875 0.56586975 0.5551328140625 0.54846269375 0.5251539953125001 0.5526759421875 0.5276003984375001 0.570082996875 0.5575792171875 0.56586975
0 0.5415600281249999 0.595733571875 0.5388418046875 0.5763923984375 0.5272371 0.5780233328125 0.529955325 0.59736450625 0.5415600281249999 0.595733571875
0 0.46681424531250004 0.6392747578125 0.46368828593750006 0.6170324093749999 0.4308082921875 0.6216533906249999 0.43393424999999997 0.643895740625 0.46681424531250004 0.6392747578125
0 0.43616631406249995 0.6036425750000001 0.434807203125 0.5939719875 0.4232024984375 0.5956029218750001 0.4245616109375 0.605273509375 0.43616631406249995 0.6036425750000001
0 0.42584229687499997 0.5582509328125 0.4239395390625 0.5447121109374999 0.4113677765625 0.5464789578125 0.41327053437499994 0.560017778125 0.42584229687499997 0.5582509328125
0 0.40322096875 0.5762225484375 0.4007745671875 0.55881549375 0.3882028046875 0.5605823390625 0.39064920625 0.5779893953124999 0.40322096875 0.5762225484375
0 0.3937751390625 0.5090119718749999 0.3883386890625 0.4703296265625 0.3583598703125 0.4745428734375 0.3637963203125 0.5132252203125 0.3937751390625 0.5090119718749999
0 0.347212571875 0.5180213140625 0.34354296875 0.49191072968749994 0.32130061875 0.4950366875 0.324970221875 0.521147271875 0.347212571875 0.5180213140625
0 0.3526280796875 0.44428439375 0.35099714375 0.43267968906250004 0.33842538125 0.43444653437499997 0.3400563171875 0.44605123906250005 0.3526280796875 0.44428439375
0 0.33942643125 0.48016227499999997 0.3365722953125 0.4598540421875 0.31626406406249996 0.46270817812500004 0.3191182 0.4830164109375 0.33942643125 0.48016227499999997
0 0.31828965625 0.452561903125 0.3140764078125 0.422583084375 0.2986034703125 0.4247576640625 0.30281671875 0.45473648281249995 0.31828965625 0.452561903125
0 0.32183905468749996 0.562019878125 0.31884900781250003 0.5407445875 0.3053101859375 0.5426473453125 0.308300234375 0.5639226359375 0.32183905468749996 0.562019878125
0 0.3022025390625 0.57316196875 0.30002795937500004 0.5576890296875 0.28165384531250004 0.56027134375 0.283828425 0.57574428125 0.3022025390625 0.57316196875
0 0.305090665625 0.6393218515625 0.302508353125 0.6209477359375 0.293804825 0.6221709375 0.2963871375 0.6405450515625 0.305090665625 0.6393218515625
0 0.3635741953125 0.6414572046875 0.359360946875 0.6114783859374999 0.3409868328125 0.6140606984375 0.3452000796875 0.6440395171875 0.3635741953125 0.6414572046875
0 0.3852075484375 0.6024220046875 0.37800425312499997 0.5511678953125 0.3460913171875 0.555652965625 0.3532946125 0.606907075 0.3852075484375 0.6024220046875
0 0.423800996875 0.48408275781250004 0.42189824062500003 0.4705439375 0.409326478125 0.47231078281250005 0.41122923437500003 0.48584960468749994 0.423800996875 0.48408275781250004
0 0.4110880609375 0.36555795625 0.40823392500000005 0.345249725 0.3908268703125 0.3476961265625 0.39368100625 0.368004359375 0.4110880609375 0.36555795625
0 0.3579991515625 0.3597059609375 0.355824571875 0.344233021875 0.34035163281249997 0.3464076015625 0.34252621250000004 0.36188054062499997 0.3579991515625 0.3597059609375
0 0.288770846875 0.46706517812500004 0.28646035625 0.45062518125000006 0.2729215359375 0.45252793750000003 0.2752320265625 0.46896793593749997 0.288770846875 0.46706517812500004
0 0.29702220625 0.4520992890625 0.2938962484375 0.42985693906250005 0.2726209578125 0.43284698749999995 0.275746915625 0.4550893359375 0.29702220625 0.4520992890625
0 0.2693225453125 0.57778295 0.26769160937500003 0.5661782468750001 0.2541527890625 0.568081003125 0.2557837234375 0.5796857078125 0.2693225453125 0.57778295
0 0.26947153125 0.6034021640625 0.26702512968750003 0.585995109375 0.2457498390625 0.5889851562499999 0.248196240625 0.6063922109375001 0.26947153125 0.6034021640625
0 0.20940934375000003 0.5970509578125001 0.2065552078125 0.5767427265625 0.1891481515625 0.579189128125 0.19200228749999998 0.5994973609375001 0.20940934375000003 0.5970509578125001
0 0.197012665625 0.49130178593749996 0.1911684828125 0.4497182640625 0.145716725 0.4561060921875 0.151560909375 0.49768961406249995 0.197012665625 0.49130178593749996
0 0.1870728609375 0.45916930312500004 0.1851701046875 0.4456304828125 0.174532459375 0.44712550625 0.176435215625 0.4606643265625 0.1870728609375 0.45916930312500004
0 0.22401972187500002 0.4273504484375 0.2225246984375 0.416712803125 0.21768940468750003 0.41739235937499997 0.219184428125 0.4280300046875 0.22401972187500002 0.4273504484375
0 0.27194400625 0.396454215625 0.267458934375 0.3645412796875 0.24424952656249999 0.36780314999999997 0.2487345984375 0.3997160859375 0.27194400625 0.396454215625
0 0.29157268125 0.38876478593749997 0.2877671671875 0.36168714375 0.26842599375 0.36440536875 0.2722315078125 0.3914830109375 0.29157268125 0.38876478593749997
0 0.11542691093749999 0.5668683 0.11094184062500001 0.5349553640625 0.08483125625 0.5386249671875001 0.0893163265625 0.570537903125 0.11542691093749999 0.5668683
0 0.11737149843750001 0.6228061109375 0.114653275 0.6034649375 0.09724621875 0.6059113390624999 0.09996444374999999 0.6252525125 0.11737149843750001 0.6228061109375
0 0.1260044671875 0.6526568578124999 0.12260668593749999 0.6284803906249999 0.099397278125 0.6317422609375 0.102795059375 0.655918728125 0.1260044671875 0.6526568578124999
0 0.1609204984375 0.6028794609375 0.15888183125 0.58837358125 0.1434088921875 0.5905481609375001 0.1454475609375 0.605054040625 0.1609204984375 0.6028794609375
0 0.176746290625 0.6277746843750001 0.1738921546875 0.607466453125 0.163254509375 0.6089614765625 0.1661086453125 0.6292697078125 0.176746290625 0.6277746843750001
0 0.19512040625 0.6251923703125 0.19226627031250001 0.6048841390625 0.175826271875 0.6071946296874999 0.1786804078125 0.6275028625 0.19512040625 0.6251923703125
0 0.21278100000000003 0.6631428859375 0.20897548437500002 0.63606524375 0.1528860828125 0.64394809375 0.156691596875 0.6710257375 0.21278100000000003 0.6631428859375
0 0.2059383984375 0.6355059187500001 0.20457928593750002 0.62583533125 0.1736334078125 0.630184490625 0.1749925203125 0.639855078125 0.2059383984375 0.6355059187500001
0 0.022814062500000003 0.6025658609375 0.0199599265625 0.582257628125 0.008355221875 0.5838885640625 0.0112093578125 0.6041967953125 0.022814062500000003 0.6025658609375
0 0.0598498203125 0.6836498015625 0.0579470625 0.6701109796875 0.0473094171875 0.671606003125 0.049212175000000004 0.685144825 0.0598498203125 0.6836498015625
0 0.0329367921875 0.5237296640625 0.030626300000000002 0.5072896671875 0.010318068750000001 0.510143803125 0.012628559375 0.5265837999999999 0.0329367921875 0.5237296640625
0 0.051282150000000006 0.5034005171875 0.0497871265625 0.492762871875 0.03624830625 0.49466562812500003 0.0377433296875 0.5053032734375 0.051282150000000006 0.5034005171875
0 0.0450877453125 0.4944094859375 0.0426413421875 0.47700243125 0.0223331109375 0.4798565671875 0.0247795125 0.497263621875 0.0450877453125 0.4944094859375
0 0.10162931718749998 0.5002693234375 0.1005420265625 0.492532853125 0.0879702640625 0.4942997 0.089057553125 0.50203616875 0.10162931718749998 0.5002693234375
0 0 0.44995892968750006 0.0235824359375 0.446644634375 0.0210001234375 0.42827051875000005 0 0.43122189375 0 0.44995892968750006
0 0.3443008984375 0.37099964218750003 0.3429417859375 0.3613290546875 0.327468846875 0.363503634375 0.328827959375 0.373174221875 0.3443008984375 0.37099964218750003
0 0.53831118125 0.414736775 0.5349134015625 0.39056030937499997 0.505901640625 0.3946376453125 0.509299421875 0.41881411249999995 0.53831118125 0.414736775
0 0.5419520296875 0.423100525 0.540864740625 0.41536405624999995 0.531194153125 0.41672316875000004 0.53228144375 0.42445963750000004 0.5419520296875 0.423100525
0 0.5060323171875 0.3674998875 0.5030422703124999 0.346224596875 0.48466815625 0.3488069109375 0.48765820312499997 0.3700822015625 0.5060323171875 0.3674998875
0 0.5798005984375 0.3591047515625 0.577218284375 0.3407306375 0.55594299375 0.343720684375 0.5585253078125 0.3620947984375 0.5798005984375 0.3591047515625
0 0.47646646718749996 0.40271912812500005 0.4714377515625 0.3669379578125 0.44242599218749995 0.3710152953125 0.4474547078125 0.406796465625 0.47646646718749996 0.40271912812500005
0 0.4433773703125 0.37778470625 0.44038732343750003 0.356509415625 0.418144975 0.3596353734375 0.42113502187499996 0.3809106640625 0.4433773703125 0.37778470625
0 0.44386613593749996 0.40582156718749995 0.4395169765625 0.37487569062500004 0.41727462656250003 0.3780016484375 0.4216237859375 0.408947525 0.44386613593749996 0.40582156718749995
0 0.4542529 0.51481169375 0.4508551203125 0.4906352265625 0.4334480640625 0.4930816296875 0.43684584375 0.5172580953125 0.4542529 0.51481169375
0 0.4413727203125 0.5003502484375 0.4368876484375 0.4684373125 0.41657941718749997 0.47129144843750004 0.4210644875 0.503204384375 0.4413727203125 0.5003502484375
0 0.4756693375 0.540893521875 0.473087025 0.5225194078125 0.46535055468750003 0.523606696875 0.46793286875 0.5419808109375001 0.4756693375 0.540893521875
0 0.4941715234375 0.542730928125 0.49118147656250005 0.5214556375 0.4776426546875 0.5233583953125 0.48063270156250004 0.544633684375 0.4941715234375 0.542730928125
0 0.5908617359375 0.6272648984375 0.58732804375 0.6021213734375 0.5573492250000001 0.606334621875 0.5608829171874999 0.6314781468749999 0.5908617359375 0.6272648984375
0 0.62533606875 0.6199544484375 0.621122821875 0.5899756296875001 0.6017816484375 0.592693853125 0.605994896875 0.622672671875 0.62533606875 0.6199544484375
0 0.6524816671875 0.6166324624999999 0.6505789109375 0.603093640625 0.6341389125 0.6054041328124999 0.6360416703125 0.618942953125 0.6524816671875 0.6166324624999999
0 0.64443415 0.5418291671875 0.6425313921875 0.528290346875 0.631893746875 0.5297853703125 0.6337965046875 0.543324190625 0.64443415 0.5418291671875
0 0.6492171671875 0.5337607609374999 0.6475862328125 0.52215605625 0.6350144703125 0.523922903125 0.6366454046875 0.53552760625 0.6492171671875 0.5337607609374999
0 0.6525443609375 0.49779140312500003 0.6476515578125001 0.46297729062500004 0.6302445015625 0.46542369375000003 0.6351373062500001 0.5002378046875 0.6525443609375 0.49779140312500003
0 0.6264468265625001 0.434893390625 0.6220976671875 0.4039475125 0.5959870828125 0.407617115625 0.6003362421875 0.43856299375 0.6264468265625001 0.434893390625
0 0.6053727984374999 0.470891503125 0.6000722609375 0.43317621562499997 0.5604228546875001 0.438748575 0.56572339375 0.4764638625 0.6053727984374999 0.470891503125
0 0.5990999921875 0.49642708124999996 0.5957022125 0.472250615625 0.577328096875 0.474832928125 0.580725878125 0.4990093953125 0.5990999921875 0.49642708124999996
0 0.6158510125000001 0.478787403125 0.6120454984375 0.4517097609375 0.5830337375 0.4557870984375 0.586839253125 0.482864740625 0.6158510125000001 0.478787403125
0 0.69477084375 0.48248834062499996 0.692460353125 0.46604834375 0.67602035625 0.46835883437500003 0.678330846875 0.48479883125 0.69477084375 0.48248834062499996
0 0.773625378125 0.6365878140625 0.7711789765625 0.6191807593750001 0.75087074375 0.6220348953125 0.753317146875 0.6394419499999999 0.773625378125 0.6365878140625
0 0.7569396828125 0.595048728125 0.7519109671875001 0.5592675578125 0.7277345015625001 0.5626653375 0.7327632171875 0.5984465078125 0.7569396828125 0.595048728125
0 0.7349116453125 0.5646151359375 0.72974701875 0.52786690625 0.6997682000000001 0.5320801546875 0.7049328265625 0.5688283843749999 0.7349116453125 0.5646151359375
0 0.7494724046875 0.5384078406249999 0.748385115625 0.530671371875 0.73194511875 0.5329818625 0.7330324078125 0.54071833125 0.7494724046875 0.5384078406249999
0 0.745627690625 0.528593503125 0.7445404015625 0.5208570328125 0.7358368734375 0.522080234375 0.7369241625 0.5298167031250001 0.745627690625 0.528593503125
0 0.7464300828125 0.5097436984375 0.74384776875 0.491369584375 0.7235395375 0.4942237203125 0.72612185 0.512597834375 0.7464300828125 0.5097436984375
0 0.7274234515625 0.486774753125 0.72429749375 0.4645324046875 0.6923845578125001 0.46901747499999996 0.695510515625 0.4912598234375 0.7274234515625 0.486774753125
0 0.721427678125 0.45112949375 0.7181658078125001 0.42792008593749997 0.703659928125 0.4299587546875 0.7069217984375 0.4531681625 0.721427678125 0.45112949375
0 0.7327370390625 0.457922425 0.7304265484375 0.44148242812499994 0.7207559609375 0.4428415390625 0.7230664531250001 0.4592815375 0.7327370390625 0.457922425
0 0.7398619078124999 0.4524833703125 0.7382309734375 0.4408786671875 0.7295274453125 0.44210186875 0.7311583796875001 0.453706571875 0.7398619078124999 0.4524833703125
0 0.7318144156249999 0.46889984843750004 0.7286884578125 0.44665749843749997 0.7016108156249999 0.4504630140625 0.7047367734375001 0.4727053625 0.7318144156249999 0.46889984843750004
0 0.715873628125 0.4642370609375 0.71492225 0.45746765156249997 0.7071857796875001 0.458554940625 0.708137159375 0.4653243515625 0.715873628125 0.4642370609375
0 0.67568841875 0.4624885265625 0.6735138390625 0.4470155875 0.6522385484375001 0.45000563437499996 0.6544131281250001 0.46547857343750004 0.67568841875 0.4624885265625
0 0.65380413125 0.42956933125 0.6513577296874999 0.41216227656250004 0.63201655625 0.41488050000000004 0.6344629578125 0.43228755625000004 0.65380413125 0.42956933125
0 0.69478389375 0.4159207234375 0.6911142906250001 0.38981014062499997 0.6504978265625 0.3955184125 0.6541674296875 0.4216289953125 0.69478389375 0.4159207234375
0 0.6600272921875 0.456307196875 0.656221778125 0.429229553125 0.6368806046875 0.43194777812499996 0.6406861203124999 0.45902542031250004 0.6600272921875 0.456307196875
0 0.6646979187500001 0.436913746875 0.662387428125 0.42047375000000003 0.649815665625 0.42224059687500004 0.65212615625 0.43868059375 0.6646979187500001 0.436913746875
0 0.692946540625 0.6168624546875 0.6880537359375001 0.5820483421875 0.6561408 0.5865334125 0.6610336046875 0.621347525 0.692946540625 0.6168624546875
0 0.7005288140625 0.6532709046875 0.6987619671874999 0.6406991421875 0.6823219703125 0.6430096328125 0.684088815625 0.6555813953125 0.7005288140625 0.6532709046875
0 0.611068046875 0.6692953546875 0.6086216453125 0.6518882984375 0.584445178125 0.6552860796875 0.58689158125 0.6726931359375 0.611068046875 0.6692953546875
0 0.506845259375 0.678519034375 0.5052143234375001 0.6669143296875 0.48780726874999997 0.6693607328125 0.489438203125 0.6809654359375 0.506845259375 0.678519034375
0 0.4914925515625 0.6885659937499999 0.48768703750000003 0.6614883515625001 0.469312921875 0.664070665625 0.4731184375 0.6911483078125 0.4914925515625 0.6885659937499999
0 0.444509175 0.6700220031249999 0.44260641874999995 0.6564831828125001 0.424232303125 0.6590654953125 0.42613506093750003 0.6726043171875 0.444509175 0.6700220031249999
0 0.4291433921875 0.6554168078125 0.4272406359375 0.6418779875 0.4127347546875 0.6439166546874999 0.41463751249999997 0.6574554765625 0.4291433921875 0.6554168078125
0 0.4326091296875 0.6800768046875 0.42853179218750004 0.65106504375 0.39661885625000004 0.655550115625 0.40069619375 0.684561875 0.4326091296875 0.6800768046875
0 0.377583496875 0.7060541078125 0.3750011828125 0.68767999375 0.35179177500000003 0.6909418625 0.3543740890625 0.7093159765625 0.377583496875 0.7060541078125
0 0.3256132359375 0.6941279359375 0.3246618578125 0.6873585265625 0.3149912703125 0.6887176375 0.3159426484375 0.6954870484375 0.3256132359375 0.6941279359375
0 0.33275902031250004 0.7098883781249999 0.3307203515625 0.6953824984375 0.303642709375 0.6991880125 0.30568137812499996 0.7136938921875 0.33275902031250004 0.7098883781249999
0 0.26721597343750003 0.745233084375 0.26096405625 0.7007483875 0.23582053125 0.704282078125 0.2420724484375 0.7487667765625 0.26721597343750003 0.745233084375
0 0.2245530015625 0.7398881375 0.22033975312499998 0.7099093187500001 0.18552564062500002 0.7148021234375 0.1897388890625 0.7447809421875 0.2245530015625 0.7398881375
0 0.09670523125 0.7529251718750001 0.09330745 0.7287487046875001 0.07590039374999999 0.7311951078125001 0.079298175 0.7553715734375 0.09670523125 0.7529251718750001
0 0.1817985796875 0.835637415625 0.1770416859375 0.8017903625 0.150931103125 0.805459965625 0.1556879953125 0.8393070187499999 0.1817985796875 0.835637415625
0 0.20502890312500002 0.8535750421875001 0.2035338796875 0.8429373968749999 0.188060940625 0.8451119765625 0.1895559640625 0.855749621875 0.20502890312500002 0.8535750421875001
0 0.26257149687500003 0.8139308453125 0.2603969171875 0.79845790625 0.2429898625 0.800904309375 0.24516444218750003 0.8163772484375 0.26257149687500003 0.8139308453125
0 0.23183469687499997 0.7566156375 0.2303396734375 0.7459779921874999 0.2109985 0.7486962171875 0.2124935234375 0.7593338625 0.23183469687499997 0.7566156375
0 0.21583379374999997 0.7480166609375 0.214066946875 0.7354448984374999 0.1918245984375 0.73857085625 0.19359144374999998 0.75114261875 0.21583379374999997 0.7480166609375
0 0.119472940625 0.792130246875 0.1168906265625 0.7737561328125 0.094648278125 0.776882090625 0.097230590625 0.79525620625 0.119472940625 0.792130246875
0 0.1048337796875 0.8528641515625001 0.10238737812500001 0.8354570953125 0.0869144390625 0.8376316750000001 0.0893608421875 0.85503873125 0.1048337796875 0.8528641515625001
0 0.082536525 0.7889389640625 0.080090121875 0.7715319078125 0.0694524765625 0.77302693125 0.0718988796875 0.7904339874999999 0.082536525 0.7889389640625
0 0.08019727812500001 0.7547521328125 0.0782945203125 0.7412133125 0.057986289062499995 0.7440674484375001 0.059889046875 0.75760626875 0.08019727812500001 0.7547521328125
0 0.1002441328125 0.7149537406250001 0.0984772859375 0.702381978125 0.087839640625 0.7038770015625 0.0896064875 0.7164487640625 0.1002441328125 0.7149537406250001
0 0.0543428359375 0.767261175 0.033067546875 0.770251221875 0.0353780375 0.7866912203124999 0.056653328125 0.7837011734375 0.0543428359375 0.767261175
0 0.3379079671875 0.753541928125 0.334646096875 0.7303325203125001 0.3191731578125 0.7325071000000001 0.322435028125 0.7557165078125 0.3379079671875 0.753541928125
0 0.3488827859375 0.7860220296875 0.34738776250000003 0.775384384375 0.338684234375 0.776607584375 0.34017925781249997 0.7872452296875 0.3488827859375 0.7860220296875
0 0.30052722187500003 0.7331552968749999 0.29876037499999997 0.720583534375 0.2861886125 0.7223503796874999 0.287955459375 0.7349221421875 0.30052722187500003 0.7331552968749999
0 0.343574434375 0.842979175 0.34207940937500003 0.8323415296875 0.33047470625 0.8339724640625 0.3319697296875 0.844610109375 0.343574434375 0.842979175
0 0.5076581484375 0.8070986359375001 0.5038526328125 0.78002099375 0.4796761671875 0.7834187734375 0.48348168124999996 0.8104964171875 0.5076581484375 0.8070986359375001
0 0.5190067093749999 0.7966282625 0.516424396875 0.7782541468749999 0.4970832234375 0.780972371875 0.49966553593749996 0.7993464859375 0.5190067093749999 0.7966282625
0 0.5093491984375 0.8226395296875 0.5077182640625 0.8110348265624999 0.4941794421875 0.8129375828125 0.49581037656250004 0.8245422874999999 0.5093491984375 0.8226395296875
0 0.4985207625 0.847336121875 0.4970257375 0.8366984765625001 0.4863880921875 0.8381935 0.48788311718750005 0.8488311453125 0.4985207625 0.847336121875
0 0.48958724218749994 0.8890241953125001 0.485781728125 0.861946553125 0.46934173125 0.86425704375 0.47314724531249996 0.8913346859375 0.48958724218749994 0.8890241953125001
0 0.5521481078125 0.9201713078125 0.548750328125 0.8959948421874999 0.5245738609374999 0.8993926218749999 0.5279716421875 0.9235690890624999 0.5521481078125 0.9201713078125
0 0.5605249328124999 0.9411826156249999 0.5582144421875 0.9247426187500001 0.5427415046874999 0.9269171984375 0.5450519953125 0.9433571953125 0.5605249328124999 0.9411826156249999
0 0.5472134468750001 0.751738434375 0.5457184234375 0.7411007890625 0.5360478359374999 0.7424599015625 0.537542859375 0.7530975468750001 0.5472134468750001 0.751738434375
0 0.5821608390625 0.68815039375 0.5797144359375 0.6707433390624999 0.566175615625 0.6726460953125 0.5686220171875 0.6900531515624999 0.5821608390625 0.68815039375
0 0.5589828171875 0.7688213921875 0.5570800593749999 0.7552825703125 0.5435412390625001 0.7571853281250001 0.5454439953125 0.77072415 0.5589828171875 0.7688213921875
0 0.5892178046875001 0.8646673546875 0.5864995796875 0.8453261828124999 0.5661913484375 0.8481803187500001 0.568909571875 0.867521490625 0.5892178046875001 0.8646673546875
0 0.587754140625 0.8402190656249999 0.5857154718750001 0.8257131859375001 0.57411076875 0.827344121875 0.5761494375 0.8418500015625 0.587754140625 0.8402190656249999
0 0.5969019984374999 0.8561912140624999 0.5941837734375001 0.836850040625 0.5864473046875001 0.83793733125 0.589165528125 0.8572785046875 0.5969019984374999 0.8561912140624999
0 0.635168796875 0.9425260218749999 0.63285830625 0.926086025 0.6173853671875 0.9282606046874999 0.6196958593749999 0.9447006015625 0.635168796875 0.9425260218749999
0 0.671950990625 0.8919932734374999 0.6690968546875 0.8716850421875 0.64685450625 0.874811 0.6497086421875 0.8951192328124999 0.671950990625 0.8919932734374999
0 0.620811825 0.6965245890625 0.6183654234375 0.6791175328125 0.610628953125 0.6802048234375 0.61307535625 0.697611878125 0.620811825 0.6965245890625
0 0.653529784375 0.732852009375 0.6499960921875 0.7077084828125 0.6277537421875 0.7108344421874999 0.631287434375 0.7359779671875 0.653529784375 0.732852009375
0 0.6992951671875 0.679577515625 0.69657694375 0.6602363421875 0.678202828125 0.66281865625 0.680921053125 0.6821598296875 0.6992951671875 0.679577515625
0 0.7145642390625 0.6759523484375001 0.7121178375 0.6585452921875 0.698579015625 0.6604480500000001 0.70102541875 0.6778551046875 0.7145642390625 0.6759523484375001
0 0.70924544375 0.7679196312500001 0.705439928125 0.7408419890625 0.685131696875 0.743696125 0.6889372109375 0.7707737671875 0.70924544375 0.7679196312500001
0 0.7381212921875 0.7628752359375001 0.7356748890625 0.7454681812499999 0.7163337171874999 0.7481864046875 0.71878011875 0.7655934609374999 0.7381212921875 0.7628752359375001
0 0.7794460671875 0.7797490921875 0.7780869546875 0.7700785046874999 0.763581075 0.7721171734375 0.7649401874999999 0.7817877609375 0.7794460671875 0.7797490921875
0 0.8151409718749999 0.721479875 0.8121509234375001 0.700204584375 0.7908756328125001 0.7031946312499999 0.79386568125 0.724469921875 0.8151409718749999 0.721479875
0 0.7823027812500001 0.6772800734375 0.7813514031250001 0.6705106640625 0.7755490515625 0.6713261312500001 0.7765004296875 0.678095540625 0.7823027812500001 0.6772800734375
0 0.779372903125 0.84238051875 0.7767905890625 0.8240064031250001 0.76131765 0.8261809828125 0.7638999640625 0.8445550984375 0.779372903125 0.84238051875
0 0.7609961578125 0.7853005375000001 0.7600447781249999 0.7785311265625 0.7494071328125 0.7800261500000001 0.7503585125 0.7867955609374999 0.7609961578125 0.7853005375000001
0 0.6853068343750001 0.8186196515624999 0.6834040765625 0.8050808296874999 0.6756676078125 0.8061681203125 0.6775703656250001 0.8197069406249999 0.6853068343750001 0.8186196515624999
0 0.7521201484375 0.862482278125 0.74722734375 0.8276681671875 0.7017755875 0.8340559953125 0.7066683921875 0.8688701062499999 0.7521201484375 0.862482278125
0 0.7934606046875 0.8724508125 0.791557846875 0.858911990625 0.7818872609375 0.8602711031249999 0.7837900171875 0.873809925 0.7934606046875 0.8724508125
0 0.8073601187499999 0.894165196875 0.8055932734375 0.8815934343749999 0.7968897453125 0.882816634375 0.798656590625 0.895388396875 0.8073601187499999 0.894165196875
0 0.8201958640625 0.897785128125 0.8187008406249999 0.8871474828125001 0.8128984890625001 0.8879629515625 0.8143935125 0.8986005968749999 0.8201958640625 0.897785128125
0 0.8565729281250001 0.8127937265625 0.854670171875 0.7992549062500001 0.8440325265625 0.8007499296875 0.8459352828125001 0.81428875 0.8565729281250001 0.8127937265625
0 0.8751404656249999 0.8466721406250001 0.8728299749999999 0.8302321421875 0.8554229187500001 0.8326785453125 0.857733409375 0.8491185421875 0.8751404656249999 0.8466721406250001
0 0.8458777718749999 0.7787950828125 0.8441109265625 0.7662233203125 0.8373415156249999 0.7671746984375 0.8391083625 0.7797464609375 0.8458777718749999 0.7787950828125
0 0.8521270578125 0.7636174859375 0.848593365625 0.7384739609375 0.828285134375 0.741328096875 0.8318188265625001 0.766471621875 0.8521270578125 0.7636174859375
0 0.8729632546874999 0.7715369078125 0.871196409375 0.75896514375 0.8518552359375 0.76168336875 0.8536220812499999 0.77425513125 0.8729632546874999 0.7715369078125
0 0.88504104375 0.8048481546874999 0.882594640625 0.7874411 0.8642205265625 0.7900234125 0.8666669296875 0.80743046875 0.88504104375 0.8048481546874999
0 0.8901168 0.819913359375 0.887670396875 0.8025063046875 0.8644609890625 0.8057681734375001 0.866907390625 0.8231752296874999 0.8901168 0.819913359375
0 0.9409945609375001 0.8872180171874999 0.9386840703124999 0.8707780203125 0.928046425 0.8722730437499999 0.9303569156249999 0.888713040625 0.9409945609375001 0.8872180171874999
0 0.9352183078125 0.7548982515625 0.933587371875 0.7432935484375001 0.9142462 0.7460117734375 0.9158771343750001 0.7576164765625 0.9352183078125 0.7548982515625
0 0.9202079828124999 0.73580538125 0.9187129593750001 0.7251677359375 0.9071082546874999 0.7267986703125 0.908603278125 0.737436315625 0.9202079828124999 0.73580538125
0 0.8795000171874999 0.660168334375 0.878276815625 0.65146480625 0.8715074046875 0.652416184375 0.87273060625 0.6611197125 0.8795000171874999 0.660168334375
0 0.8887053593750001 0.620414378125 0.8865307796874999 0.6049414390625001 0.8720248984375001 0.6069801078125 0.874199478125 0.622453046875 0.8887053593750001 0.620414378125
0 0.871588409375 0.5863320984375 0.8654724046875 0.5428144578125 0.8383947624999999 0.5466199734375 0.8445107671875001 0.5901376125 0.871588409375 0.5863320984375
0 0.85393565625 0.544928921875 0.8524406328125 0.5342912765625 0.8456712218750001 0.53524265625 0.8471662453125001 0.5458803015625 0.85393565625 0.544928921875
0 0.8957622453124999 0.5232720234375 0.8938594890625 0.5097332015625 0.8793536078124999 0.5117718703125 0.8812563656249999 0.525310690625 0.8957622453124999 0.5232720234375
0 0.933109 0.49780700468749994 0.9316139765625 0.487169359375 0.9151739796875 0.48947985000000005 0.9166690031250001 0.5001174953125 0.933109 0.49780700468749994
0 0.8739171593749999 0.4730895234375 0.8720144015625 0.45955070156250005 0.8594426390625 0.46131754843749995 0.8613453968749999 0.4748563703125 0.8739171593749999 0.4730895234375
0 0.900830134375 0.45057011718749995 0.8983837328125001 0.4331630609375 0.8635696203125001 0.438055865625 0.8660160234375001 0.45546292031249996 0.900830134375 0.45057011718749995
0 0.9268440078125 0.42867015 0.9223589375 0.39675721406250003 0.908820115625 0.398659971875 0.9133051859375 0.4305729078125 0.9268440078125 0.42867015
0 0.9108666234375 0.40971319062499995 0.908420221875 0.392306134375 0.891013165625 0.39475253593750004 0.89345956875 0.4121595921875 0.9108666234375 0.40971319062499995
0 0.8710133515624999 0.4138349625 0.8684310390625001 0.3954608484375 0.8548922171875001 0.39736360625 0.85747453125 0.4157377203125 0.8710133515624999 0.4138349625
0 0.8703808359374999 0.3882837046875 0.8684780796875 0.3747448828125 0.8539721984374999 0.3767835515625 0.8558749562499999 0.390322371875 0.8703808359374999 0.3882837046875
0 0.854803346875 0.37568058125000003 0.8524928562499999 0.359240584375 0.831217565625 0.36223063125 0.8335280562499999 0.37867062812499996 0.854803346875 0.37568058125000003
0 0.829351403125 0.3629859828125 0.826633178125 0.343644809375 0.8082590640625 0.3462271234375 0.8109772890625001 0.365568296875 0.829351403125 0.3629859828125
0 0.7876267343750001 0.33975829062499996 0.7861317109375 0.3291206453125 0.7687246546875001 0.331567046875 0.7702196781249999 0.3422046921875 0.7876267343750001 0.33975829062499996
0 0.78896493125 0.32822938281249997 0.7873339968749999 0.316624678125 0.7766963515625 0.3181197015625 0.7783272859375 0.32972440625 0.78896493125 0.32822938281249997
0 0.782765290625 0.291133534375 0.7797752421874999 0.26985824375 0.75753289375 0.272984203125 0.760522940625 0.29425949375 0.782765290625 0.291133534375
0 0.78769729375 0.30868434218749996 0.7848431578125 0.2883761109375 0.7645349265625 0.2912302453125 0.7673890625 0.311538478125 0.78769729375 0.30868434218749996
0 0.807082903125 0.3168076296875 0.8046365015625 0.2994005734375 0.7823941515625 0.30252653125 0.7848405546875 0.3199335875 0.807082903125 0.3168076296875
0 0.8124932015624999 0.3061856640625 0.8100468 0.2887786078125 0.79263974375 0.2912250109375 0.7950861453125 0.30863206718749997 0.8124932015624999 0.3061856640625
0 0.806149809375 0.27157541875 0.804518875 0.259970715625 0.7929141703125 0.26160165 0.7945451046875001 0.2732063546875 0.806149809375 0.27157541875
0 0.7926345078125 0.26312019375 0.79018810625 0.24571313749999998 0.771813990625 0.2482954515625 0.77426039375 0.26570250781250004 0.7926345078125 0.26312019375
0 0.7841818875000001 0.2450780171875 0.7825509515625 0.2334733140625 0.77191330625 0.2349683375 0.7735442421875 0.24657304062500002 0.7841818875000001 0.2450780171875
0 0.8028356640625001 0.2409771609375 0.7993019718750001 0.21583363437499997 0.781894915625 0.21828003749999997 0.7854286078125 0.2434235625 0.8028356640625001 0.2409771609375
0 0.83174026875 0.2536795984375 0.8287502203124999 0.2324043078125 0.8152113999999999 0.234307065625 0.818201446875 0.25558235625000003 0.83174026875 0.2536795984375
0 0.8577410921874999 0.2983472484375 0.85352784375 0.2683684296875 0.8235490249999999 0.272581678125 0.8277622734375001 0.30256049687500003 0.8577410921874999 0.2983472484375
0 0.887137065625 0.3075290703125 0.8838751953124999 0.2843196625 0.8635669640625 0.2871737984375 0.8668288328125 0.31038320625 0.887137065625 0.3075290703125
0 0.8802265078125 0.2794085734375 0.8788673953125 0.2697379875 0.86822975 0.27123301093749996 0.8695888625 0.280903596875 0.8802265078125 0.2794085734375
0 0.9078216703124999 0.3213867546875 0.9059189140624999 0.3078479328125 0.8923800921874999 0.309750690625 0.89428285 0.32328951093749997 0.9078216703124999 0.3213867546875
0 0.9107411578125 0.37373599375 0.9035378625 0.322481884375 0.8619543406249999 0.3283260671875 0.869157634375 0.3795801765625 0.9107411578125 0.37373599375
0 0.9464360609375 0.31546677500000003 0.9438537484375 0.29709266093750003 0.9167761062500001 0.300898175 0.9193584187500001 0.319272290625 0.9464360609375 0.31546677500000003
0 0.936812515625 0.29610992187499996 0.9346379359375 0.280636984375 0.9172308796875001 0.28308338593750004 0.919405459375 0.29855632499999996 0.936812515625 0.29610992187499996
0 0.9743213578125 0.4121360453125 0.9702440203125 0.38312428593750003 0.9528369640625 0.3855706890625 0.9569143015625 0.4145824484375 0.9743213578125 0.4121360453125
0 0.9654845234374999 0.3808347109375 0.9877268718750001 0.37770875312499996 0.9846009140625 0.355466403125 0.9623585640625001 0.3585923609375 0.9654845234374999 0.3808347109375
0 0.9818095250000001 0.39875665625 0.990513053125 0.3975334546875 0.987794828125 0.37819228125 0.9790913 0.3794154828125 0.9818095250000001 0.39875665625
0 0.9039142625000001 0.4304134765625 0.89657505625 0.3781923078125 0.8607938859375001 0.38322102343750003 0.8681330921875 0.435442190625 0.9039142625000001 0.4304134765625
0 0.8912667046875 0.43514945312500003 0.88963576875 0.42354475 0.8789981234375001 0.42503977343750005 0.8806290593749999 0.43664447656250005 0.8912667046875 0.43514945312500003
0 0.9178530296874999 0.6173040999999999 0.91567845 0.6018311609375 0.8953702187499999 0.604685296875 0.8975447984375 0.6201582359375 0.9178530296874999 0.6173040999999999
0 0.9418779046875001 0.6198445828125 0.9395674140624999 0.603404584375 0.9260285921875001 0.6053073421875 0.928339084375 0.6217473390625 0.9418779046875001 0.6198445828125
0 0.9663915453125 0.6504219250000001 0.9640810546875 0.633981928125 0.9457069390624999 0.6365642421875 0.94801743125 0.6530042390624999 0.9663915453125 0.6504219250000001
0 0.982128465625 0.6536341250000001 0.9799538859375 0.6381611859375 0.9635138890625001 0.6404716765625 0.96568846875 0.655944615625 0.982128465625 0.6536341250000001
0 0.9717992125 0.580137665625 0.970168278125 0.5685329625 0.9585635734375 0.570163896875 0.9601945078125 0.5817686015625 0.9717992125 0.580137665625
0 0.9822852671875 0.58458090625 0.9798388640625 0.56717385 0.9663000437499999 0.5690766078125 0.9687464453124999 0.5864836625 0.9822852671875 0.58458090625
0 1 0.5597646265625 0.9994753796875001 0.5560317593749999 0.9782000890625 0.55902180625 0.9796951125 0.5696594515625 1 0.5668057859375 1 0.5597646265625
0 1 0.5707504265625001 0.9821728750000001 0.5732558640625001 0.9850270109375 0.593564096875 1 0.5914597796875001 1 0.5707504265625001
0 1 0.49678844375000003 0.9845512953125001 0.49895961875 0.988356809375 0.5260372609374999 1 0.5244009171874999 1 0.49678844375000003
0 1 0.4720534859375 0.997904534375 0.4571434734375 0.9872668890625 0.458638496875 0.9894414687499999 0.47411143593749994 1 0.47262753125 1 0.4720534859375
0 0.9594052187500001 0.7164903328125 0.9568229046875001 0.69811621875 0.9394158484374999 0.7005626203124999 0.9419981625 0.7189367343749999 0.9594052187500001 0.7164903328125
0 0.9877060625 0.721388346875 0.9844441921874999 0.6981789390625 0.9670371359375001 0.700625340625 0.97029900625 0.7238347484375 0.9877060625 0.721388346875
0 0.9693763828125 0.734812171875 0.9666581578125 0.7154709984375 0.9511852203125001 0.717645578125 0.95390344375 0.7369867515624999 0.9693763828125 0.734812171875
0 0.9762189843750001 0.7624491390625 0.9728212046875001 0.738272671875 0.9544470890625 0.7408549859375 0.9578448703125 0.765031453125 0.9762189843750001 0.7624491390625
0 0.9756126203125 0.7862021921875 0.9743894187500001 0.7774986640625 0.96181765625 0.7792655093749999 0.9630408562499999 0.7879690375 0.9756126203125 0.7862021921875
0 0.9792979031250001 0.8054074546875001 0.97766696875 0.79380275 0.9689634406250001 0.7950259515625 0.9705943749999999 0.8066306546875 0.9792979031250001 0.8054074546875001
0 0.9702807484375 0.8535173203124999 0.9652520328125 0.81773615 0.9304379203125 0.822628953125 0.9354666359375001 0.858410125 0.9702807484375 0.8535173203124999
0 0.6829833203125 0.9599670421875001 0.6806728296875 0.9435270453125 0.6593975390625 0.9465170921875 0.6617080296875 0.9629570890625001 0.6829833203125 0.9599670421875001
0 0.6796900640625 0.8593485062499999 0.67792321875 0.8467767437499999 0.6692196906250001 0.8479999453125 0.6709865374999999 0.8605717078125 0.6796900640625 0.8593485062499999
0 0.6789137968750001 0.8362828500000001 0.6771469515625 0.8237110875000001 0.6655422468750001 0.8253420218749999 0.6673090937499999 0.837913784375 0.6789137968750001 0.8362828500000001
0 0.6641883703125 0.8437762515625 0.660790590625 0.8195997859374999 0.6395153 0.8225898328125 0.6429130796875 0.8467663 0.6641883703125 0.8437762515625
0 0.667262053125 0.8586297500000001 0.66563111875 0.847025046875 0.6462899453125 0.8497432703125 0.6479208796875 0.8613479749999999 0.667262053125 0.8586297500000001
0 0.8103710812499999 0.9366399812499999 0.8087401468750001 0.925035278125 0.7990695609375 0.9263943906250001 0.8007004953125 0.93799909375 0.8103710812499999 0.9366399812499999
0 0.71229560625 0.7931311125 0.711208315625 0.78539464375 0.7044389062499999 0.786346021875 0.7055261953125 0.7940824921875 0.71229560625 0.7931311125
0 0.427770334375 1 0.426041059375 0.9876955640625 0.41153517968750003 0.9897342328125 0.4129779390625 1 0.427770334375 1
0 0.36465611249999996 1 0.3629261046875 0.9876903562500001 0.3513214 0.989321290625 0.35282219531250003 1 0.36465611249999996 1
0 0.34110716874999997 0.98681216875 0.3392044109375 0.973273346875 0.3227644140625 0.9755838375 0.324667171875 0.989122659375 0.34110716874999997 0.98681216875
0 0.3232165828125 0.9893265265625001 0.3219933828125 0.9806229984374999 0.3142569125 0.9817102875 0.3154801140625 0.990413815625 0.3232165828125 0.9893265265625001
0 0.33935337187500003 0.9076727890624999 0.33813017031250003 0.8989692609375 0.3303937015625 0.9000565515625001 0.331616903125 0.9087600796874999 0.33935337187500003 0.9076727890624999
0 0.3836864796875 0.9073591359375 0.3830069234375 0.9025238421875 0.372369278125 0.9040188656250001 0.37304883437499997 0.9088541593749999 0.3836864796875 0.9073591359375
0 0.3773143578125 0.9462218296874999 0.3755475109375 0.933650065625 0.3687781015625 0.9346014453124999 0.370544946875 0.9471732078124999 0.3773143578125 0.9462218296874999
0 0.342719765625 0.8544401265625 0.3409529203125 0.8418683640625 0.330315275 0.8433633875 0.3320821203125 0.8559351515625 0.342719765625 0.8544401265625
0 0.20560393437500002 0.9348524046875 0.20329344374999997 0.9184124078125 0.1839522703125 0.9211306312499999 0.1862627609375 0.9375706296875 0.20560393437500002 0.9348524046875
0 0.11120332343749999 0.9367787078124999 0.10902874375 0.9213057703124999 0.095489921875 0.9232085265625001 0.09766450156249999 0.938681465625 0.11120332343749999 0.9367787078124999
0 0.0366586171875 0.3747895546875 0.0347558609375 0.361250734375 0.0250852734375 0.362609846875 0.02698803125 0.3761486671875 0.0366586171875 0.3747895546875
0 0.0510364265625 0.3683311671875 0.0496773140625 0.3586605796875 0.0332373171875 0.360971071875 0.0345964296875 0.37064165781249997 0.0510364265625 0.3683311671875
0 0.041956525 0.3528425484375 0.03991785625 0.33833666875 0.023477859375 0.340647159375 0.025516528125 0.3551530390625 0.041956525 0.3528425484375
0 0.052656890624999994 0.32372623749999996 0.0498027546875 0.30341800625 0.035296875 0.3054566734375 0.0381510109375 0.32576490625 0.052656890624999994 0.32372623749999996
0 0.0232008015625 0.310608225 0.0198030203125 0.286431759375 0.0062641984375 0.288334515625 0.009661979687499999 0.3125109828125 0.0232008015625 0.310608225
0 0.013540659375 0.2769571984375 0.011501990625 0.26245131875 0.0008643453125 0.2639463421875 0.0029030140624999997 0.27845222187499996 0.013540659375 0.2769571984375
0 0 0.07719054843749999 0.011373867187500001 0.0755920546875 0.0097429328125 0.06398735156249999 0 0.06535663124999999 0 0.07719054843749999
0 0.074308475 0.06378869375 0.073085275 0.055085165625 0.054711159375 0.0576674796875 0.055934360937500004 0.06637100625 0.074308475 0.06378869375
0 0.1199719390625 0.055398792187500004 0.11902056093749999 0.0486293828125 0.1025805640625 0.050939873437500005 0.10353194218749999 0.057709284375 0.1199719390625 0.055398792187500004
0 0.13310305312499998 0.14181463125 0.131064384375 0.12730875156250002 0.11849262187500001 0.1290755984375 0.12053129062500001 0.143581478125 0.13310305312499998 0.14181463125
0 0.12309792343749999 0.16886091406249998 0.122010634375 0.1611244453125 0.11427416406249999 0.162211734375 0.1153614546875 0.1699482046875 0.12309792343749999 0.16886091406249998
0 0.1053197296875 0.1827003140625 0.10287332812500001 0.16529325781249998 0.0835321546875 0.1680114828125 0.08597855625 0.18541853749999998 0.1053197296875 0.1827003140625
0 0.12718310156249998 0.19442001250000002 0.12528034375 0.1808811921875 0.108840346875 0.1831916828125 0.11074310312499999 0.1967305046875 0.12718310156249998 0.19442001250000002
0 0.108882178125 0.22559067187499998 0.10711533124999999 0.21301890937499998 0.085840040625 0.21600895625 0.0876068875 0.2285807203125 0.108882178125 0.22559067187499998
0 0.0754114984375 0.24705938593750001 0.07187780625 0.221915859375 0.032228401562499995 0.2274882203125 0.0357620921875 0.2526317453125 0.0754114984375 0.24705938593750001
0 0.1232626171875 0.27879457812499997 0.1210880375 0.26332164062499996 0.10368098125 0.2657680421875 0.1058555609375 0.28124098124999997 0.1232626171875 0.27879457812499997
0 0.20903025937500003 0.247017528125 0.20427336718750003 0.213170475 0.1694592546875 0.2180632796875 0.1742161484375 0.25191033281249997 0.20903025937500003 0.247017528125
0 0.186782675 0.2220386703125 0.1859672078125 0.2162363171875 0.17919779687499998 0.217187696875 0.1800132640625 0.22299004843749998 0.186782675 0.2220386703125
0 0.17827254374999998 0.168502825 0.17446702812499998 0.1414251828125 0.15802703125 0.1437356734375 0.1618325453125 0.170813315625 0.17827254374999998 0.168502825
0 0.20436486875 0.29451579375 0.202054378125 0.278075796875 0.184647321875 0.28052219843750004 0.18695781250000001 0.2969621953125 0.20436486875 0.29451579375
0 0.1569319546875 0.321891409375 0.15530101875 0.31028670625 0.13982808124999999 0.3124612859375 0.14145901562500002 0.3240659890625 0.1569319546875 0.321891409375
0 0.13918775156250002 0.381582459375 0.1323921890625 0.3332295265625 0.0869404328125 0.3396173546875 0.09373599375 0.3879702875 0.13918775156250002 0.381582459375
0 0.185342584375 0.3696719421875 0.1828961828125 0.3522648859375 0.1606538328125 0.35539084375 0.1631002359375 0.3727979 0.185342584375 0.3696719421875
0 0.20130165625 0.3358719296875 0.1988552546875 0.3184648734375 0.1785470234375 0.321319009375 0.18099342499999999 0.338726065625 0.20130165625 0.3358719296875
0 0.236403271875 0.32600792031250003 0.23490824843749997 0.315370275 0.22233648437500003 0.3171371203125 0.223831509375 0.32777476562499996 0.236403271875 0.32600792031250003
0 0.2726758109375 0.3174585875 0.270229409375 0.3000515328125 0.2383164734375 0.30453660312499997 0.24076287500000002 0.32194365937499997 0.2726758109375 0.3174585875
0 0.21162041406249998 0.26193898125000004 0.21039721249999999 0.253235453125 0.201693684375 0.2544586546875 0.20291688593749999 0.26316218281250003 0.21162041406249998 0.26193898125000004
0 0.27912109687500003 0.21596446875000003 0.2774901625 0.20435976562499997 0.2658854578125 0.2059907 0.26751639374999997 0.21759540312499998 0.27912109687500003 0.21596446875000003
0 0.291107384375 0.1679303984375 0.2896123609375 0.157292753125 0.2809088328125 0.1585159546875 0.28240385625000003 0.1691536 0.291107384375 0.1679303984375
0 0.336363140625 0.24785909374999998 0.332285803125 0.218847334375 0.3110105125 0.22183738125 0.31508785 0.250849140625 0.336363140625 0.24785909374999998
0 0.3392251421875 0.3559344375 0.33732238593749997 0.342395615625 0.3179812125 0.345113840625 0.31988396875 0.3586526609375 0.3392251421875 0.3559344375
0 0.3855446171875 0.271518040625 0.382010925 0.2463745140625 0.355900340625 0.25004411875 0.35943403281249997 0.27518764375 0.3855446171875 0.271518040625
0 0.3943056296875 0.21456873437500001 0.3922669609375 0.20006285468749999 0.376794021875 0.20223743437500002 0.378832690625 0.2167433140625 0.3943056296875 0.21456873437500001
0 0.3986939625 0.13703153437499999 0.3958398265625 0.11672330312500001 0.3774657125 0.11930561718749999 0.3803198484375 0.1396138484375 0.3986939625 0.13703153437499999
0 0.41904665625000004 0.2362386828125 0.41782345468750004 0.22753515468750002 0.40718580937500004 0.2290301796875 0.40840901093750004 0.23773370625 0.41904665625000004 0.2362386828125
0 0.43676473437499996 0.21846309375 0.43554153281249997 0.20975956562500003 0.4239368296875 0.21139049999999998 0.42516003125 0.22009402812499998 0.43676473437499996 0.21846309375
0 0.45120789375000003 0.2440457125 0.4484896703125 0.22470453906249999 0.43108261406250004 0.22715094218749998 0.4338008390625 0.246492115625 0.45120789375000003 0.2440457125
0 0.4589391546875 0.306073378125 0.45730822031249996 0.29446867499999996 0.4389341046875 0.2970509875 0.44056503906250005 0.3086556921875 0.4589391546875 0.306073378125
0 0.4399351546875 0.34276672812500003 0.437760575 0.3272937890625 0.429057046875 0.328516990625 0.4312316265625 0.343989928125 0.4399351546875 0.34276672812500003
0 0.5297304375 0.20983533593749998 0.525381278125 0.1788894578125 0.4683248171875 0.1869082203125 0.4726739765625 0.2178540984375 0.5297304375 0.20983533593749998
0 0.48553584531249994 0.1795585703125 0.484720378125 0.1737562171875 0.4653792046875 0.1764744421875 0.466194671875 0.18227679375 0.48553584531249994 0.1795585703125
0 0.513920325 0.178034790625 0.51188165625 0.1635289109375 0.49640871875 0.165703490625 0.4984473859375 0.1802093703125 0.513920325 0.178034790625
0 0.507080328125 0.11884034531250001 0.5051775703125 0.105301525 0.490671690625 0.10734019218749999 0.4925744484375 0.12087901406249998 0.507080328125 0.11884034531250001
0 0.5857780078125 0.15955349375 0.5818365828125 0.1315087921875 0.554758940625 0.1353143078125 0.558700365625 0.16335900781249998 0.5857780078125 0.15955349375
0 0.57825585 0.1270812328125 0.5764890046875 0.1145094703125 0.5677854765625 0.115732671875 0.5695523234375 0.128304434375 0.57825585 0.1270812328125
0 0.5920142453125 0.2109435140625 0.58943193125 0.1925694 0.57686016875 0.1943362453125 0.5794424828125 0.2127103609375 0.5920142453125 0.2109435140625
0 0.5674326749999999 0.2711024140625 0.564442628125 0.24982712343750002 0.5422002796875 0.25295308125 0.5451903265625 0.274228371875 0.5674326749999999 0.2711024140625
0 0.5849181578125 0.325349175 0.581520378125 0.3011727078125 0.5592780281249999 0.304298665625 0.5626758093750001 0.3284751328125 0.5849181578125 0.325349175
0 0.5856761140625 0.2956578578125 0.5847247359375001 0.2888884484375 0.5750541499999999 0.290247559375 0.5760055281249999 0.29701697031249996 0.5856761140625 0.2956578578125
0 0.6365434046875 0.30675288125 0.6328738015625001 0.2806422984375 0.605796159375 0.2844478125 0.6094657625 0.310558396875 0.6365434046875 0.30675288125
0 0.616768346875 0.25726561875 0.6150015015625 0.24469385625 0.5985615046875 0.247004346875 0.6003283500000001 0.25957610937500003 0.616768346875 0.25726561875
0 0.6793866984375 0.23268662812500002 0.6753093609375 0.20367486875 0.6356599562499999 0.20924722812500002 0.63973729375 0.23825898906249998 0.6793866984375 0.23268662812500002
0 0.6589033546875 0.25183700937500003 0.65604921875 0.231528778125 0.6367080453125 0.234247003125 0.63956218125 0.254555234375 0.6589033546875 0.25183700937500003
0 0.715795175 0.3163241265625 0.7133487734374999 0.29891707031250003 0.6969087765624999 0.3012275609375 0.699355178125 0.31863461718749997 0.715795175 0.3163241265625
0 0.7202671703125 0.32358490624999997 0.71917988125 0.3158484375 0.7095092937499999 0.31720755 0.710596584375 0.32494401875 0.7202671703125 0.32358490624999997
0 0.7379904578125001 0.2426943609375 0.7326899203125 0.20497907343750002 0.7036781609375 0.2090564109375 0.7089786984375 0.2467716984375 0.7379904578125001 0.2426943609375
0 0.69182255 0.2299527234375 0.690055703125 0.2173809609375 0.6755498234374999 0.2194196296875 0.67731666875 0.2319913921875 0.69182255 0.2299527234375
0 0.640487409375 0.21202033281250002 0.63940011875 0.2042838640625 0.622960121875 0.20659435468749998 0.6240474125000001 0.2143308234375 0.640487409375 0.21202033281250002
0 0.7073294531250001 0.182410021875 0.7040675828125 0.1592006140625 0.6798911171875 0.1625983953125 0.6831529859375001 0.185807803125 0.7073294531250001 0.182410021875
0 0.6269250421875 0.1330613015625 0.625022284375 0.1195224796875 0.60374699375 0.1225125265625 0.6056497515625 0.1360513484375 0.6269250421875 0.1330613015625
0 0.6673689984375 0.11209179843749999 0.6653303296875 0.09758591718750001 0.646956215625 0.10016823125 0.648994884375 0.11467411093749999 0.6673689984375 0.11209179843749999
0 0.6942715296874999 0.12458252968750001 0.6919610390625001 0.10814253124999999 0.6755210421875 0.1104530234375 0.6778315328125 0.1268930203125 0.6942715296874999 0.12458252968750001
0 0.6613967453125 0.06608855625 0.660445365625 0.0593191453125 0.6536759546875001 0.0602705234375 0.654627334375 0.067039934375 0.6613967453125 0.06608855625
0 0.60450231875 0.0331589171875 0.6027354734375 0.0205871546875 0.5979001796875 0.021266709375 0.5996670265625 0.0338384734375 0.60450231875 0.0331589171875
0 0.5869671921874999 0.0311855984375 0.58547216875 0.020547953125 0.5738674640625 0.022178889062500002 0.5753624890625 0.032816534375 0.5869671921874999 0.0311855984375
0 0.6652231484375 0.023145920312500002 0.662640834375 0.00477180625 0.6442667203125 0.007354120312499999 0.646849034375 0.025728234375 0.6652231484375 0.023145920312500002
0 0.6611275265625001 0.0325969609375 0.660312059375 0.026794609375 0.647740296875 0.028561454687499998 0.6485557640625 0.034363806250000004 0.6611275265625001 0.0325969609375
0 0.6799276859375001 0.08567279531250001 0.67707355 0.06536456406249999 0.65676531875 0.0682187 0.6596194546875 0.08852693125 0.6799276859375001 0.08567279531250001
0 0.7096477578125 0.1041775859375 0.707337265625 0.0877375890625 0.6937984453125 0.089640346875 0.6961089359375 0.10608034375 0.7096477578125 0.1041775859375
0 0.7189106109375001 0.0999172984375 0.7178233203125 0.092180828125 0.7062186171875 0.0938117640625 0.70730590625 0.1015482328125 0.7189106109375001 0.0999172984375
0 0.7131971296875 0.12241578906249999 0.7107507265625 0.105008734375 0.69721190625 0.10691149062500001 0.6996583078125 0.12431854687499999 0.7131971296875 0.12241578906249999
0 0.7505856875 0.0481299890625 0.7481392859375 0.0307229328125 0.7278310546875 0.03357706875 0.73027745625 0.050984125000000005 0.7505856875 0.0481299890625
0 0.781398284375 0.102476065625 0.77976735 0.0908713609375 0.77203088125 0.09195865156250001 0.7736618156249999 0.1035633546875 0.781398284375 0.102476065625
0 0.760650959375 0.11623966875 0.7577968234375 0.0959314359375 0.73845565 0.09864966093750001 0.7413097859375 0.11895789375000002 0.760650959375 0.11623966875
0 0.7417828703125 0.1539000765625 0.7387928234375 0.1326247859375 0.7039787125 0.137517590625 0.706968759375 0.15879288125 0.7417828703125 0.1539000765625
0 0.7389705656250001 0.17599083437500002 0.7370678093749999 0.16245201250000002 0.722561928125 0.16449068125 0.7244646859375 0.17802950312500002 0.7389705656250001 0.17599083437500002
0 0.7434896015625 0.16253564843749999 0.7418586671875 0.1509309453125 0.7205833765625 0.1539209921875 0.7222143109375 0.1655256953125 0.7434896015625 0.16253564843749999
0 0.7775771171875 0.1735235171875 0.774315246875 0.15031410781250001 0.7549740734375 0.1530323328125 0.75823594375 0.176241740625 0.7775771171875 0.1735235171875
0 0.7906794484375 0.15097275 0.7887766921875 0.137433928125 0.7713696359375 0.1398803296875 0.7732723921875 0.1534191515625 0.7906794484375 0.15097275
0 0.80129096875 0.19139318593750002 0.7989804781250001 0.1749531890625 0.7806063640625001 0.177535503125 0.7829168546874999 0.1939755 0.80129096875 0.19139318593750002
0 0.8727095328125 0.0926015859375 0.869855396875 0.072293353125 0.8534153999999999 0.07460384375 0.8562695359375001 0.0949120765625 0.8727095328125 0.0926015859375
0 0.8824141109375001 0.1370941234375 0.8803754421875001 0.12258824374999999 0.8649025031249999 0.1247628234375 0.866941171875 0.139268703125 0.8824141109375001 0.1370941234375
0 0.862704403125 0.1196478671875 0.8591707109375 0.0945043421875 0.840796596875 0.09708665625 0.8443302890625001 0.12223018125 0.862704403125 0.1196478671875
0 0.8228145359375001 0.10947546718750001 0.8188731109375 0.081430765625 0.7850260578125 0.086187659375 0.7889674828125 0.1142323609375 0.8228145359375001 0.10947546718750001
0 0.8085935281250001 0.0468806359375 0.8072344156250001 0.03721005 0.7965967703125 0.0387050734375 0.7979558828125 0.048375659375000005 0.8085935281250001 0.0468806359375
0 0.8102793421875001 0.034316714062499996 0.8074252062499999 0.0140084828125 0.7842157984375 0.0172703515625 0.7870699343750001 0.0375785828125 0.8102793421875001 0.034316714062499996
0 0.76748929375 0 0.7687663812500001 0.0090869484375 0.78423931875 0.00691236875 0.78326785 0 0.76748929375 0
0 0.875473784375 0 0.8779891296875 0.01789760625 0.9079679468749999 0.0136843578125 0.9060447359375001 0 0.875473784375 0
0 0.91783195625 0.048785971875 0.9123955078125 0.010103625 0.88725198125 0.013637317187500001 0.8926884312500001 0.05231966406250001 0.91783195625 0.048785971875
0 0.9471416890625 0.0959470640625 0.943336175 0.068869421875 0.9123902984375001 0.07321858125 0.9161958125 0.1002962234375 0.9471416890625 0.0959470640625
0 0.95030424375 0.1324835859375 0.949352865625 0.12571417499999998 0.9425834546875 0.12666555468750001 0.9435348328125001 0.13343496562499998 0.95030424375 0.1324835859375
0 0.9478003562499999 0.170802634375 0.9584380015624999 0.1693076109375 0.955583865625 0.14899937968750002 0.9449462203125 0.150494403125 0.9478003562499999 0.170802634375
0 0.9435453031250001 0.18964459843749998 0.9391961437499999 0.158698721875 0.9053490906249999 0.1634556140625 0.9096982499999999 0.1944014921875 0.9435453031250001 0.18964459843749998
0 0.8843221031249999 0.1787377609375 0.8811961453125001 0.15649541250000001 0.8618549718749999 0.1592136375 0.8649809296875001 0.1814559859375 0.8843221031249999 0.1787377609375
0 0.878647821875 0.1839729484375 0.876745065625 0.170434128125 0.8593380093749999 0.1728805296875 0.8612407671875 0.18641935 0.878647821875 0.1839729484375
0 0.8900068546875 0.2297122078125 0.8836190265624999 0.18426045156249998 0.8565413843749999 0.188065965625 0.8629292124999999 0.23351772187500003 0.8900068546875 0.2297122078125
0 0.9000485796875 0.21696009843750003 0.8990972015625 0.2101906875 0.8894266140625 0.2115498 0.8903779921874999 0.2183192109375 0.9000485796875 0.21696009843750003
0 0.8984254843749999 0.201902734375 0.8967945500000001 0.1902980296875 0.8813216109375 0.192472609375 0.8829525468750001 0.2040773140625 0.8984254843749999 0.201902734375
0 0.8981771828125 0.189610634375 0.8947794015625 0.16543416718749998 0.8783394046874999 0.1677446578125 0.8817371843749999 0.191921125 0.8981771828125 0.189610634375
0 0.9318830625000001 0.06456209375000001 0.9290289265625 0.0442538609375 0.9154901046875 0.04615661875 0.918344240625 0.06646484999999999 0.9318830625000001 0.06456209375000001
0 0.9412138703125 0.060785334375 0.9389033796874999 0.0443453375 0.93213396875 0.045296715625 0.9344444609375 0.0617367125 0.9412138703125 0.060785334375
0 0.9325730625 0.034387248437500004 0.9393424734375 0.03343586875 0.9374397171875 0.019897048437500002 0.93067030625 0.0208484265625 0.9325730625 0.034387248437500004
0 0.9326723796874999 0.0210601328125 0.937507671875 0.0203805765625 0.9358767374999999 0.0087758734375 0.9310414437500001 0.0094554296875 0.9326723796874999 0.0210601328125
0 0.9558766296875 0.2633527640625 0.9523429390624999 0.2382092390625 0.9281664718749999 0.24160701874999999 0.9317001640625 0.26675054375 0.9558766296875 0.2633527640625
0 0.971731178125 0.30599482031249997 0.9775335296875 0.305179353125 0.9754948609375 0.2906734734375 0.969692509375 0.29148894062499997 0.971731178125 0.30599482031249997
0 0.9620396765624999 0.28615443749999997 0.9746114390624999 0.2843875921875 0.9718932140625001 0.26504641875 0.9593214515625 0.2668132640625 0.9620396765624999 0.28615443749999997
0 0.9648389046875 0.2394115234375 0.96198476875 0.21910329218750002 0.945544771875 0.22141378281250002 0.9483989078124999 0.241722015625 0.9648389046875 0.2394115234375
0 0.942228021875 0.2223730015625 0.9654374296875 0.2191111328125 0.9619037390624999 0.19396760625 0.9386943296875 0.1972294765625 0.942228021875 0.2223730015625
0 0.8110844703125 0.44000829374999995 0.809589446875 0.4293706484375 0.7960506265625 0.4312734046875 0.79754565 0.44191105 0.8110844703125 0.44000829374999995
0 0.8346048749999999 0.3301974640625 0.8332457625 0.320526878125 0.8197069406249999 0.322429634375 0.8210660531249999 0.332100221875 0.8346048749999999 0.3301974640625
0 0.784315246875 0.4600420984375 0.7820047546875 0.4436021 0.768465934375 0.4455048578125 0.770776425 0.46194485468749996 0.784315246875 0.4600420984375
0 0.8207812078125001 0.4879534921875 0.818742540625 0.47344761249999995 0.80520371875 0.47535037031250005 0.8072423875 0.48985625 0.8207812078125001 0.4879534921875
0 0.8307837328125001 0.49246468749999994 0.8273859515625 0.46828822187499997 0.7983741921874999 0.4723655578125 0.8017719734375 0.496542025 0.8307837328125001 0.49246468749999994
0 0.8063798796875 0.5047698640625 0.80488485625 0.49413221875 0.788444859375 0.496442709375 0.7899398828125 0.5070803546875 0.8063798796875 0.5047698640625
0 0.77970213125 0.5149292140624999 0.775896615625 0.487851571875 0.75945661875 0.49016206249999994 0.7632621328125 0.51723970625 0.77970213125 0.5149292140624999
0 0.78299275625 0.55588545625 0.780546353125 0.5384784 0.7447651828125 0.543507115625 0.7472115859375 0.560914171875 0.78299275625 0.55588545625
0 0.8035440546875 0.5372186046875 0.79933080625 0.5072397859375 0.7664508125 0.5118607671875 0.7706640609375001 0.5418395859375 0.8035440546875 0.5372186046875
0 0.823321690625 0.4639286171875 0.8208752890625 0.4465215609375 0.8025011734374999 0.44910387500000004 0.8049475765624999 0.46651093125000004 0.823321690625 0.4639286171875
0 0.8327047750000001 0.467540709375 0.8314815734375 0.45883718125 0.8140745171875 0.461283584375 0.8152977187499999 0.46998711093749995 0.8327047750000001 0.467540709375
0 0.8436377625 0.45762182031250004 0.8402399812500001 0.4334453546875 0.8189646906249999 0.43643540156249994 0.8223624718749999 0.46061186718749997 0.8436377625 0.45762182031250004
0 0.8209746046875 0.43319444687499997 0.8196154921875 0.4235238609375 0.8118790234375 0.42461114999999994 0.8132381343749999 0.4342817375 0.8209746046875 0.43319444687499997
0 0.849837325 0.22105835156250003 0.8484782125000001 0.2113877640625 0.84074174375 0.2124750546875 0.8421008562500001 0.22214564062500003 0.849837325 0.22105835156250003
0 0.6503802000000001 0.356088553125 0.6490210875 0.3464179671875 0.6383834421875 0.347912990625 0.6397425546875 0.3575835765625 0.6503802000000001 0.356088553125
0 0.5408830250000001 0.37690125625 0.5393880015625 0.36626361093750004 0.52875035625 0.367758634375 0.5302453796875 0.3783962796875 0.5408830250000001 0.37690125625
0 0.04064703125 0.199678746875 0.0396956515625 0.19290933593749998 0.030992125 0.19413253749999998 0.031943503125 0.20090194687500001 0.04064703125 0.199678746875
0 0.2347801234375 0.1285110109375 0.2319259875 0.1082027796875 0.21451893281249998 0.11064918125 0.2173730671875 0.13095741249999998 0.2347801234375 0.1285110109375
0 0.2661494140625 0.12015770625 0.26465439062499996 0.1095200609375 0.24724733593749998 0.1119664625 0.248742359375 0.1226041078125 0.2661494140625 0.12015770625
0 0.2659403125 0.0906023015625 0.26390164375 0.076096421875 0.2445604703125 0.0788146453125 0.24659913906250003 0.093320525 0.2659403125 0.0906023015625
0 0.2649575734375 0.097643534375 0.26346254999999996 0.0870058890625 0.2576601984375 0.08782135625000001 0.259155221875 0.09845900156250001 0.2649575734375 0.097643534375
0 0.26922570156250003 0.1034537265625 0.2662356546875 0.0821784359375 0.235289778125 0.08652759531250001 0.238279825 0.10780288593750001 0.26922570156250003 0.1034537265625
0 0.320843109375 0.0883100953125 0.31703759531250003 0.0612324515625 0.2996305390625 0.0636788546875 0.303436053125 0.09075649687500001 0.320843109375 0.0883100953125
0 0.345827203125 0.0941673265625 0.34419626875 0.08256262343750001 0.330657446875 0.0844653796875 0.33228838125000004 0.096070084375 0.345827203125 0.0941673265625
0 0.3380462984375 0.08441310468749999 0.336143540625 0.0708742828125 0.32550589531249996 0.07236930625 0.327408653125 0.08590812812500001 0.3380462984375 0.08441310468749999
0 0.440342809375 0.0720085875 0.438983696875 0.062338000000000005 0.42834605156250005 0.0638330234375 0.4297051640625 0.07350361093749999 0.440342809375 0.0720085875
0 0.471361878125 0.09624777343749999 0.4701386765625 0.0875442453125 0.46046809062499994 0.0889033578125 0.461691290625 0.0976068859375 0.471361878125 0.09624777343749999
0 0.4833926 0.059055215625000004 0.4820334875 0.049384628125 0.473329959375 0.05060782968750001 0.474689071875 0.060278415625000005 0.4833926 0.059055215625000004
0 0.5047724421875001 0.0708428703125 0.5034133296875 0.061172284375 0.4908415671875 0.0629391296875 0.49220067968750003 0.0726097171875 0.5047724421875001 0.0708428703125
0 0.49284624375 0.031593359375000005 0.49026393125 0.013219245312499999 0.4738239328125 0.0155297359375 0.476406246875 0.03390385 0.49284624375 0.031593359375000005
0 0.415026778125 0.060281046875 0.4133958421875 0.04867634375 0.4046923140625 0.049899543750000004 0.40632324999999997 0.0615042484375 0.415026778125 0.060281046875
0 0.4627343296875 0.7330402484375 0.460831571875 0.7195014265624999 0.45212804375 0.7207246281249999 0.45403080156250003 0.7342634484375 0.4627343296875 0.7330402484375
0 0.5689644265625 0.7521330921875 0.5680130484375 0.74536368125 0.5583424609375001 0.74672279375 0.5592938390625 0.7534922046875 0.5689644265625 0.7521330921875
0 0.5998920453125 0.8774665046875001 0.5989406671874999 0.8706970937499999 0.59217125625 0.8716484734375 0.593122634375 0.8784178828125 0.5998920453125 0.8774665046875001
0 0.6182217249999999 0.8640426796874999 0.617813990625 0.861141503125 0.6091104625 0.8623647046875 0.6095181968750001 0.8652658796875 0.6182217249999999 0.8640426796874999
0 0.6157438828124999 0.58678695 0.6143847703125 0.5771163640625 0.603747125 0.5786113875 0.6051062375 0.588281975 0.6157438828124999 0.58678695
0 0.358958475 0.7279017984375 0.3577352734375 0.7191982703125 0.3480646875 0.7205573828125 0.3492878875 0.7292609109375 0.358958475 0.7279017984375
0 0.335401475 0.8234184546875 0.3340423625 0.8137478671875 0.32630589374999996 0.8148351578125 0.32766500625 0.82450574375 0.335401475 0.8234184546875
0 0.3204094875 0.948302328125 0.318778553125 0.9366976250000001 0.3071738484375 0.9383285593749999 0.30880478437500003 0.9499332624999999 0.3204094875 0.948302328125
0 0.22067678906250002 1 0.21901731562500001 0.9881922218750001 0.21224790468750002 0.9891436015625 0.213773671875 1 0.22067678906250002 1
0 0.1930643171875 1 0.19227945 0.9944153828125 0.18744415781249998 0.9950949390625 0.18813351875 1 0.1930643171875 1
0 0.5392156781249999 0.989540784375 0.53758474375 0.97793608125 0.528881215625 0.97915928125 0.5305121500000001 0.9907639859374999 0.5392156781249999 0.989540784375
0 0.22186334843750002 0.09975539375 0.22064014687500003 0.09105186562499999 0.210969559375 0.092410978125 0.2121927609375 0.10111450625 0.22186334843750002 0.09975539375