0 0.027568926562500002 0.56213385 0.0189649359375 0.5515088078125 0.009098825000000001 0.5594982265625 0.017702815625 0.57012326875 0.027568926562500002 0.56213385
0 0 0.414817571875 0.0125262609375 0.40467400624999994 0.002078559375 0.39177216875 0 0.393455353125 0 0.414817571875
0 0.0582931140625 0.342480715625 0.0460017 0.32730208437499997 0.030064137499999997 0.34020806875 0.042355551562499996 0.35538670156249996 0.0582931140625 0.342480715625
0 0.1392267625 0.5006169421875 0.126320778125 0.48467937968749997 0.11341894062499999 0.49512708125 0.1263249265625 0.5110646453125 0.1392267625 0.5006169421875
0 0.12236941718750001 0.5255771625000001 0.1156091390625 0.517228915625 0.1087787546875 0.5227600515625 0.1155390328125 0.5311082984375 0.12236941718750001 0.5255771625000001
0 0.32788525156250004 0.41004606718750003 0.3198958328125 0.40017995624999997 0.310029721875 0.40816937500000006 0.31801914062500003 0.4180354859375 0.32788525156250004 0.41004606718750003
0 0.312551890625 0.3577478203125 0.3014896171875 0.34408705156249997 0.29010564375 0.3533056109375 0.301167915625 0.3669663796875 0.312551890625 0.3577478203125
0 0.2705959859375 0.17558764531249998 0.261377425 0.164203671875 0.25378810937499996 0.170349378125 0.26300666875 0.181733353125 0.2705959859375 0.17558764531249998
0 0.2850012703125 0.1871695984375 0.2671787203125 0.16516058125 0.250482225 0.17868113593749999 0.268304775 0.200690153125 0.2850012703125 0.1871695984375
0 0.34784833125 0.25314095625 0.336786059375 0.23948018750000002 0.3223663578125 0.25115703125 0.33342863125 0.2648178 0.34784833125 0.25314095625
0 0.1364217953125 0.24654172812500003 0.129046946875 0.23743455 0.12145763125 0.24358025625000002 0.1288324796875 0.2526874359375 0.1364217953125 0.24654172812500003
0 0.251571053125 0.09235054375 0.2441962046875 0.0832433640625 0.2312943671875 0.093691065625 0.23866921562500001 0.1027982453125 0.251571053125 0.09235054375
0 0.2676035078125 0.10826954375 0.2528538109375 0.090055184375 0.234639453125 0.10480488125000001 0.24938915 0.123019240625 0.2676035078125 0.10826954375
0 0.3333192234375 0.1436443859375 0.326558946875 0.1352961375 0.3166928359375 0.14328555781250002 0.32345311250000003 0.1516338046875 0.3333192234375 0.1436443859375
0 0.33655500156249996 0.1491920125 0.331023865625 0.142361628125 0.32419348124999997 0.14789276406250002 0.3297246171875 0.15472314843749999 0.33655500156249996 0.1491920125
0 0.34040327656249997 0.1423059375 0.33487214062500004 0.13547555312499998 0.3265238921875 0.14223582968749998 0.3320550296875 0.1490662140625 0.34040327656249997 0.1423059375
0 0.3651077546875 0.14177796250000002 0.35097262812499996 0.1243225359375 0.3319993390625 0.13968680312499998 0.34613446406250004 0.1571422296875 0.3651077546875 0.14177796250000002
0 0.3523626203125 0.11440073437500001 0.3462169140625 0.10681141875 0.335591871875 0.1154154078125 0.341737578125 0.123004725 0.3523626203125 0.11440073437500001
0 0.4852788375 0.088446378125 0.47728941875 0.0785802671875 0.46438758125 0.08902797031250001 0.472377 0.09889408125 0.4852788375 0.088446378125
0 0.4874286703125 0 0.4793021765625 0.006580704687499999 0.497739296875 0.029348653125000002 0.5197483140625 0.011526103125000001 0.5104146593750001 0 0.4874286703125 0
0 0.45716909218749996 0 0.457072471875 0.0000782421875 0.474895021875 0.022087259375 0.49766296875 0.0036501390624999997 0.4947071453125 0 0.45716909218749996 0
0 0.57432796875 0 0.5630486890624999 0.0091337796875 0.5845586640625 0.035696385937500005 0.6126391328125 0.0129572703125 0.6021465421875 0 0.57432796875 0
0 0.612476209375 0.011204301562500001 0.6063305015625 0.0036149859375 0.5987411859375 0.0097606921875 0.6048868921875 0.017350009375 0.612476209375 0.011204301562500001
0 0.6055200265625 0.021235410937499997 0.5993743203124999 0.0136460953125 0.591026071875 0.020406371875000003 0.5971717796875 0.027995689062500002 0.6055200265625 0.021235410937499997
0 0.6197438234375 0.0279379234375 0.6105252625 0.01655395 0.597623425 0.0270016515625 0.6068419859375 0.038385626562500004 0.6197438234375 0.0279379234375
0 0.6354504296875 0.040350987500000005 0.6200861625 0.021377698437500002 0.5980771453125 0.0392002484375 0.6134414125000001 0.058173537500000004 0.6354504296875 0.040350987500000005
0 0.630678225 0.0329060328125 0.625761659375 0.0268345796875 0.6158955484375 0.034823998437499996 0.6208121140625 0.040895451562500004 0.630678225 0.0329060328125
0 0.61622584375 0 0.6122761578125 0.0031983921875000003 0.620880146875 0.0138234359375 0.6307462578125 0.005834015624999999 0.626021965625 0 0.61622584375 0
0 0.6107946375 0 0.5991206515624999 0.0094534078125 0.6169432015625 0.0314624234375 0.6366754234374999 0.015483585937499999 0.6241370625 0 0.6107946375 0
0 0.7360192343749999 0.024883534375 0.728029815625 0.0150174234375 0.7166458421875 0.024235984375 0.7246352609375 0.034102095312500004 0.7360192343749999 0.024883534375
0 0.6895183328125001 0.2460029890625 0.677841490625 0.23158328749999998 0.6626628578125 0.24387470156250002 0.6743397015625 0.2582944015625 0.6895183328125001 0.2460029890625
0 0.852129846875 0.2380979921875 0.8435258578125 0.22747294999999998 0.8313829515625001 0.23730608125 0.8399869421874999 0.24793112343749998 0.852129846875 0.2380979921875
0 0.840545821875 0.23931064375000002 0.83378554375 0.230962396875 0.8254372968749999 0.23772267500000002 0.832197575 0.246070921875 0.840545821875 0.23931064375000002
0 0.8383968984375001 0.24984701718750002 0.8236472015625 0.2316326578125 0.80695070625 0.24515321406249999 0.8217004031249999 0.26336757187500004 0.8383968984375001 0.24984701718750002
0 0.8195081312499999 0.22807310468750003 0.8127478531250001 0.2197248578125 0.80591746875 0.22525599375 0.8126777468749999 0.233604240625 0.8195081312499999 0.22807310468750003
0 0.8081963375000001 0.2366049140625 0.8008214890625001 0.22749773437499998 0.7909553781249999 0.2354871546875 0.7983302265625001 0.24459433281249998 0.8081963375000001 0.2366049140625
0 0.8150473593750001 0.24739288125 0.8082870812499999 0.2390446328125 0.799179903125 0.24641948125000002 0.8059401796874999 0.2547677296875 0.8150473593750001 0.24739288125
0 0.8199618515625 0.2402717015625 0.8052121546875 0.2220573421875 0.7854799328125 0.23803618124999998 0.8002296296875 0.2562505390625 0.8199618515625 0.2402717015625
0 0.8066949640625 0.22776789375 0.7993201156249999 0.2186607140625 0.7894540046875 0.2266501328125 0.796828853125 0.2357573125 0.8066949640625 0.22776789375
0 0.6792048234375 0.3969789328125 0.6675279796875 0.3825592328125 0.649313621875 0.3973089296875 0.6609904640625001 0.4117286296875 0.6792048234375 0.3969789328125
0 0.6854227109375 0.4038814984375 0.6780478624999999 0.39477431875 0.6666638890625001 0.40399287968750003 0.6740387359375 0.41310005937499994 0.6854227109375 0.4038814984375
0 0.6157658031250001 0.24415315468749998 0.6065472421875 0.23276918124999998 0.5959222 0.2413731703125 0.605140759375 0.25275714374999997 0.6157658031250001 0.24415315468749998
0 0.6073969171875 0.2345943296875 0.60002206875 0.22548715000000003 0.590914890625 0.2328619984375 0.5982897390625 0.24196917812500002 0.6073969171875 0.2345943296875
0 0.5981783578125001 0.2232103546875 0.5914180796874999 0.2148621078125 0.5838287640625001 0.22100781406249997 0.5905890406250001 0.2293560625 0.5981783578125001 0.2232103546875
0 0.5945651875 0.23116264687500002 0.587804909375 0.2228144 0.580974525 0.2283455359375 0.587734803125 0.23669378281250003 0.5945651875 0.23116264687500002
0 0.5826573859375 0.2420619953125 0.572209684375 0.2291601578125 0.5615846421875 0.2377641484375 0.57203234375 0.250665984375 0.5826573859375 0.2420619953125
0 0.5901745218750001 0.23660303906250002 0.584028815625 0.22901372343749998 0.5756805671875 0.2357740015625 0.581826275 0.24336331718749998 0.5901745218750001 0.23660303906250002
0 0.5994281359375 0.241047321875 0.5908241453125 0.2304222796875 0.5817169671875 0.23779712812499998 0.59032095625 0.24842217031249997 0.5994281359375 0.241047321875
0 0.589941490625 0.2487294546875 0.5825666421875 0.23962227656250001 0.5742183953125 0.246382553125 0.58159324375 0.2554897328125 0.589941490625 0.2487294546875
0 0.60828579375 0.2558650515625 0.5947652390625 0.23916855625000003 0.57958660625 0.2514599703125 0.5931071625000001 0.268156465625 0.60828579375 0.2558650515625
0 0.5845567890625001 0.2537182015625 0.575338228125 0.2423342265625 0.5662310500000001 0.249709075 0.575449609375 0.26109305 0.5845567890625001 0.2537182015625
0 0.5816159546875 0.28500146875 0.57239739375 0.2736174953125 0.55949555625 0.284065196875 0.5687141171875 0.2954491703125 0.5816159546875 0.28500146875
0 0.42721247343749996 0.3139049546875 0.41676477187499994 0.3010031171875 0.402345071875 0.3126799609375 0.4127927734375 0.325581796875 0.42721247343749996 0.3139049546875
0 0.407872159375 0.40873230312500003 0.3974244578125 0.395830465625 0.3830047578125 0.407507309375 0.393452459375 0.420409146875 0.407872159375 0.40873230312500003
0 0.38177156874999996 0.49521140468749997 0.3682510140625 0.478514909375 0.35307238124999996 0.49080632343749997 0.36659293593750003 0.50750281875 0.38177156874999996 0.49521140468749997
0 0.406028546875 0.5220627328125 0.3955808453125 0.5091608953125 0.37888435 0.5226814515625 0.3893320515625 0.5355832875 0.406028546875 0.5220627328125
0 0.49550407500000004 0.41065224375 0.48751465625 0.40078613281250003 0.4768896140625 0.40939012343750003 0.4848790328125 0.419256234375 0.49550407500000004 0.41065224375
0 0.44479172343749995 0.397684446875 0.4349585921875 0.38554154218750003 0.41977996093750003 0.3978329546875 0.4296130921875 0.4099758609375 0.44479172343749995 0.397684446875
0 0.45476714218750003 0.39526121718749996 0.44554858125 0.38387724375 0.43492353906250003 0.39248123281249997 0.4441421 0.40386520781249996 0.45476714218750003 0.39526121718749996
0 0.51171594375 0.41825805000000005 0.5012682421875 0.4053562125 0.48684854218750007 0.41703305625000003 0.49729624375 0.42993489374999994 0.51171594375 0.41825805000000005
0 0.2682082078125 0.6211014328125 0.26083335937499996 0.611994253125 0.2517261796875 0.6193691015625 0.259101028125 0.62847628125 0.2682082078125 0.6211014328125
0 0.2536667578125 0.5480562890625 0.244448196875 0.536672315625 0.23382315468749998 0.5452763046875 0.243041715625 0.5566602796875 0.2536667578125 0.5480562890625
0 0.2596866671875 0.560145578125 0.24923896562499998 0.547243740625 0.237096059375 0.557076871875 0.24754376093750002 0.5699787093750001 0.2596866671875 0.560145578125
0 0.2618727171875 0.555862146875 0.24650845000000002 0.5368888562499999 0.2282940921875 0.551638553125 0.243658359375 0.57061184375 0.2618727171875 0.555862146875
0 0.33080564843750004 0.5936581453125 0.3234308 0.584550965625 0.3128057578125 0.59315495625 0.32018060625 0.602262134375 0.33080564843750004 0.5936581453125
0 0.358333459375 0.6191174078125 0.34972946875 0.6084923640625 0.3406222890625 0.6158672125 0.3492262796875 0.6264922562499999 0.358333459375 0.6191174078125
0 0.338615653125 0.61183745 0.326938809375 0.59741775 0.3155548359375 0.606636309375 0.3272316796875 0.6210560109375 0.338615653125 0.61183745
0 0.3387228875 0.6042110078125 0.3313480390625 0.595103828125 0.3245176546875 0.6006349640625 0.331892503125 0.60974214375 0.3387228875 0.6042110078125
0 0.33563147031249996 0.597289878125 0.3288711921875 0.58894163125 0.3220408078125 0.5944727671875001 0.3288010859375 0.602821015625 0.33563147031249996 0.597289878125
0 0.3526579609375 0.613660525 0.342210259375 0.6007586875 0.33006735468750004 0.61059181875 0.34051505625 0.62349365625 0.3526579609375 0.613660525
0 0.354485184375 0.6260034828125 0.34526662343750003 0.6146195078125001 0.33236478593749996 0.625067209375 0.34158334687499997 0.636451184375 0.354485184375 0.6260034828125
0 0.3515691328125 0.6999911187500001 0.33989229062500004 0.6855714171875 0.327749384375 0.6954045484375 0.339426228125 0.7098242499999999 0.3515691328125 0.6999911187500001
0 0.1688603484375 0.7009234421875 0.1571835046875 0.6865037421875 0.1450405984375 0.6963368734375 0.1567174421875 0.7107565734375 0.1688603484375 0.7009234421875
0 0.17907501875 0.7259516953125 0.167398175 0.7115319953125 0.15373740625 0.7225942671875 0.16541425 0.7370139671875 0.17907501875 0.7259516953125
0 0.16765184375 0.7157246828125 0.1590478546875 0.7050996390625001 0.14918174374999998 0.713089059375 0.1577857328125 0.7237141015625 0.16765184375 0.7157246828125
0 0.1952001921875 0.6418958234375001 0.1884399140625 0.6335475749999999 0.180091665625 0.640307853125 0.18685194375 0.6486561 0.1952001921875 0.6418958234375001
0 0.209966378125 0.65004401875 0.20074781718749998 0.6386600453125 0.18936384374999998 0.64787860625 0.1985824046875 0.6592625796875 0.209966378125 0.65004401875
0 0.20405370312499999 0.6303282875 0.193606 0.61742645 0.18298095781249998 0.626030440625 0.193428659375 0.6389322765625 0.20405370312499999 0.6303282875
0 0.210523184375 0.62823090625 0.202533765625 0.6183647953125 0.19570338125 0.6238959328125 0.2036928 0.63376204375 0.210523184375 0.62823090625
0 0.205247790625 0.6387858421875 0.1978729421875 0.6296786640625001 0.1887657625 0.6370535109375 0.1961406109375 0.646160690625 0.205247790625 0.6387858421875
0 0.7145034375 0.42117192656249997 0.7089723015625 0.41434154218749997 0.700624053125 0.4211018203125 0.706155190625 0.42793220468750004 0.7145034375 0.42117192656249997
0 0.7115234015625 0.433009621875 0.7047631234375 0.4246613734375 0.6979327390625001 0.43019250937500003 0.7046930171875 0.4385407578125 0.7115234015625 0.433009621875
0 0.7134228046875 0.44466582656250003 0.7048188140625 0.43404078437500004 0.6957116359375 0.4414156328125 0.704315625 0.452040675 0.7134228046875 0.44466582656250003
0 0.72834776875 0.42818172656250003 0.7191292078125 0.4167977515625 0.7047095078125001 0.42847459531250004 0.7139280671875 0.43985856874999996 0.72834776875 0.42818172656250003
0 0.735019375 0.4472828875 0.7214988203125 0.4305863921875 0.704802325 0.444106946875 0.7183228796875001 0.46080344218749997 0.735019375 0.4472828875
0 0.73261885625 0.46681920468750004 0.7252440078125 0.457712025 0.713860034375 0.46693058593750003 0.7212348828125 0.476037765625 0.73261885625 0.46681920468750004
0 0.7407505624999999 0.46211917968750005 0.7290737203125001 0.4476994796875 0.718448678125 0.4563034703125 0.7301255203125 0.4707231703125 0.7407505624999999 0.46211917968750005
0 0.7329262421875 0.5828058953124999 0.717561975 0.5638326046875 0.7039012046875001 0.5748948765625 0.7192654734375 0.5938681671875 0.7329262421875 0.5828058953124999
0 0.740057690625 0.5380763265625 0.7296099890625001 0.5251744890625 0.7167081515625 0.535622190625 0.727155853125 0.548524028125 0.740057690625 0.5380763265625
0 0.7556921156249999 0.551176140625 0.747702696875 0.5413100296875 0.7385955171874999 0.548684878125 0.7465849375 0.5585509890625 0.7556921156249999 0.551176140625
0 0.752006765625 0.559815184375 0.7434027765625 0.5491901421875001 0.72974200625 0.5602524140625 0.738345996875 0.5708774562500001 0.752006765625 0.559815184375
0 0.745788878125 0.55291261875 0.7353411765625 0.54001078125 0.7239572015625 0.5492293421875 0.7344049046875 0.5621311796875 0.745788878125 0.55291261875
0 0.7350730921874999 0.5590768890625 0.727083671875 0.549210778125 0.7156996984374999 0.5584293390624999 0.7236891171875001 0.56829545 0.7350730921874999 0.5590768890625
0 0.7415632109375 0.5732986125 0.7305009390625 0.55963784375 0.7213937593749999 0.5670126921875001 0.73245603125 0.5806734609374999 0.7415632109375 0.5732986125
0 0.802770659375 0.5557771265625 0.796624953125 0.5481878109375 0.78979456875 0.553718946875 0.795940275 0.5613082625 0.802770659375 0.5557771265625
0 0.9034920218750001 0.476099478125 0.8930443203125 0.46319764062499996 0.8816603453124999 0.47241620156249997 0.8921080484375 0.4853180375 0.9034920218750001 0.476099478125
0 0.8992828453125 0.4864193078125 0.8906788546875 0.475794265625 0.8800538124999999 0.48439825625 0.8886578015625 0.4950232984375 0.8992828453125 0.4864193078125
0 0.9075175375000001 0.3321003515625 0.8995281187499999 0.322234240625 0.8911798718749999 0.32899451874999996 0.899169290625 0.33886062968749997 0.9075175375000001 0.3321003515625
0 0.9193181046875001 0.328827446875 0.9082558328125 0.315166678125 0.8976307890624999 0.32377066718749997 0.9086930625 0.3374314359375 0.9193181046875001 0.328827446875
0 0.9274663999999999 0.42966848437499994 0.9102584203124999 0.40841839999999996 0.885213678125 0.4286992328125 0.9024216578124999 0.4499493171875 0.9274663999999999 0.42966848437499994
0 0.940931265625 0.43698556875000005 0.9323272749999999 0.4263605265625 0.923979028125 0.433120803125 0.9325830171874999 0.4437458453125 0.940931265625 0.43698556875000005
0 0.9304320203125 0.4410895859375 0.9230571718749999 0.43198240625000006 0.9139499921875001 0.43935725468750003 0.9213248406250001 0.44846443437500005 0.9304320203125 0.4410895859375
0 0.9201678796874999 0.44625981875000004 0.91279303125 0.43715264062500003 0.9021679890625001 0.4457566296875 0.9095428374999999 0.45486380937500004 0.9201678796874999 0.44625981875000004
0 0.95473836875 0.3221352015625 0.9479780906249999 0.3137869546875 0.9365941171875001 0.3230055140625 0.9433543953125 0.3313537625 0.95473836875 0.3221352015625
0 0.978795296875 0.3409806203125 0.9597436046875 0.317453740625 0.9392524515625 0.33404715 0.9583041437500001 0.35757402968749996 0.978795296875 0.3409806203125
0 0.9913733578124999 0.340219615625 0.9870713640625001 0.33490709375 0.9802409796875 0.34043823125 0.9845429734375 0.3457507515625 0.9913733578124999 0.340219615625
0 0.9748335671874999 0.315915240625 0.9711461421875001 0.3113616515625 0.966592553125 0.315049075 0.9702799765625001 0.319602665625 0.9748335671874999 0.315915240625
0 1 0.32294071406249997 0.990591715625 0.31132245 0.98376133125 0.3168535875 0.9942090328125 0.32975542343750003 1 0.325065990625 1 0.32294071406249997
0 0.9897461875 0.3358825671875 0.9780693453125 0.3214628671875 0.964408575 0.33252513906250003 0.97608541875 0.34694484062500003 0.9897461875 0.3358825671875
0 0.9871414703125 0.32102771093750004 0.9791520515625001 0.31116160000000004 0.968527009375 0.3197655890625 0.976516428125 0.3296317 0.9871414703125 0.32102771093750004
0 0.9982759234374999 0.334001728125 0.9884427921875 0.3218588234375 0.9800945453125 0.3286191 0.989927675 0.34076200624999997 0.9982759234374999 0.334001728125
0 0.92486395625 0.6592207078125 0.9187182484375 0.6516313921875 0.9126467953124999 0.6565479578125 0.9187925031249999 0.6641372734375001 0.92486395625 0.6592207078125
0 0.9339896984375 0.65497233125 0.9247711375 0.64358835625 0.9141460953125 0.6521923468749999 0.9233646562500001 0.6635763203125 0.9339896984375 0.65497233125
0 0.8879938609375 0.640070078125 0.875702446875 0.6248914453125 0.862800609375 0.635339146875 0.8750920234375 0.6505177796875 0.8879938609375 0.640070078125
0 0.85674979375 0.656574815625 0.8450729515625 0.6421551156249999 0.8306532515624999 0.6538319593749999 0.84233009375 0.668251659375 0.85674979375 0.656574815625
0 0.8364834765625 0.723878503125 0.824806634375 0.7094588015625 0.799002959375 0.73035420625 0.810679803125 0.7447739062500001 0.8364834765625 0.723878503125
0 0.8433530625 0.7377929390625 0.8329053609375 0.7248911031249999 0.817726728125 0.737182515625 0.8281744296875001 0.750084353125 0.8433530625 0.7377929390625
0 0.8536749671875 0.75519475 0.8407689828124999 0.7392571859375 0.8240724875 0.752777740625 0.836978471875 0.7687153046875 0.8536749671875 0.75519475
0 0.61846798125 0.87906175 0.6067911390625 0.8646420499999999 0.596166096875 0.8732460390625001 0.6078429390625 0.8876657390625 0.61846798125 0.87906175
0 0.60269126875 0.8805280703125 0.5934727093750001 0.8691440953124999 0.582847665625 0.8777480859375 0.5920662265625001 0.8891320593750001 0.60269126875 0.8805280703125
0 0.5920044140625 0.9557819750000001 0.584629565625 0.9466747953124999 0.5793170453125 0.950976790625 0.5866918937500001 0.96008396875 0.5920044140625 0.9557819750000001
0 0.6206850390625 0.9570605859375 0.6083936249999999 0.941881953125 0.5924560609375 0.9547879375000001 0.604747475 0.9699665703125 0.6206850390625 0.9570605859375
0 0.623122684375 0.9437772093750001 0.61451869375 0.933152165625 0.6031347203124999 0.9423707265625 0.611738709375 0.9529957687499999 0.623122684375 0.9437772093750001
0 0.6685245328125 1 0.67467236875 0.99502158125 0.664224665625 0.9821197453125 0.6528406921875 0.9913383046875 0.65985479375 1 0.6685245328125 1