0 0.6916637265625 0.208667365625 0.6744054328125 0.12747347343749998 0.59607720625 0.14412265156249998 0.6133355015624999 0.22531654375 0.6916637265625 0.208667365625
0 0.461112334375 0 0.46844016875000005 0.0344747515625 0.5897533968750001 0.0086888296875 0.5879065296875 0 0.461112334375 0
0 0.42195245156250005 0.7387289546875 0.4032728859375 0.65084850625 0.3039297703125 0.6719645375 0.3226093359375 0.7598449859375 0.42195245156250005 0.7387289546875
0 0.25540426250000003 0.23700169999999998 0.2344912703125 0.1386138078125 0.13514815468750002 0.1597298390625 0.156061146875 0.25811773125 0.25540426250000003 0.23700169999999998
0 0.10422731874999999 0.3594886953125 0.08717206250000001 0.27925002499999996 0.027948281250000002 0.291838428125 0.0450035375 0.37207709843750003 0.10422731874999999 0.3594886953125
0 0.0799326875 0.6561794890625 0.024529796875000003 0.6679557375 0.041178975 0.7462839625 0.096581865625 0.7345077156250001 0.0799326875 0.6561794890625
0 0.1360415421875 1 0.1203417234375 0.9261381609375 0.0811776109375 0.93446275 0.0951079828125 1 0.1360415421875 1
0 0.148609584375 1 0.264106996875 0.9754502671875 0.23730588125000002 0.8493609281250001 0.108350875 0.8767711609375001 0.134543971875 1 0.148609584375 1
0 0.270731746875 1 0.34914706406249996 0.9833323093749999 0.327218878125 0.8801683046875001 0.21163698437499998 0.9047359953124999 0.2318859734375 1 0.270731746875 1
0 0.30734814843749997 0.9557760921874999 0.2984144421875 0.9137463125 0.25447421875 0.9230860953125 0.2634079234375 0.9651158750000001 0.30734814843749997 0.9557760921874999
0 0.4465375625 1 0.43467414375 0.9441869984375 0.328644471875 0.9667243015625001 0.3357174390625 1 0.4465375625 1
0 0.63048060625 0.972952803125 0.6065220328125001 0.8602365765625001 0.4985819171875 0.88317995625 0.522540490625 0.995896184375 0.63048060625 0.972952803125
0 0.5158474515625 0.8775132953125 0.48843721875 0.7485582890625 0.3566165453125 0.7765776375 0.384026778125 0.90553264375 0.5158474515625 0.8775132953125
0 0.4466332234375 0.8477973453125 0.43769951718750005 0.805767565625 0.40713240468749995 0.81226480625 0.4160661109375 0.8542945859375 0.4466332234375 0.8477973453125
0 0.3932654203125 0.8456629 0.3786466296875 0.776886896875 0.3347064046875 0.7862266796874999 0.3493251953125 0.8550026828125 0.3932654203125 0.8456629
0 0.8915427984375001 0.8061430093749999 0.873878425 0.723038671875 0.7305950859375 0.7534944859375 0.7482594578125 0.8365988234374999 0.8915427984375001 0.8061430093749999
0 0.9410477859374999 0.9169235062500001 0.92013479375 0.8185356140625 0.7930902328125 0.8455397687499999 0.8140032250000001 0.9439276624999999 0.9410477859374999 0.9169235062500001
0 0.7920078265625 0.9226450609375 0.7806376562499999 0.8691526140624999 0.7462496546875 0.8764620093750001 0.757619825 0.92995445625 0.7920078265625 0.9226450609375
0 0.4914239625 0.44791040000000004 0.45629825625000003 0.2826569484375 0.23468669062499997 0.32976194062499997 0.269812396875 0.49501539375 0.4914239625 0.44791040000000004
0 0.4785147390625 0.41770781718750005 0.464708103125 0.352752703125 0.3911559890625 0.3683866890625 0.404962625 0.433341803125 0.4785147390625 0.41770781718750005