0 0.106775340625 1 0.10025465625 0.95360291875 0.05963819218750001 0.959311190625 0.06535663124999999 1 0.106775340625 1
0 0.0504929125 0.8205617937499999 0.0608221671875 0.8940582515625 0.1749350890625 0.8780207265625 0.164605834375 0.8045242671875 0.0504929125 0.8205617937499999
0 0.12420894375 0.895997578125 0.128694015625 0.9279105140624999 0.1760798890625 0.9212508625 0.17159481875 0.889337928125 0.12420894375 0.895997578125
0 0.3217581625 1 0.317461271875 0.9694260281249999 0.2101177609375 0.9845121750000001 0.2122944328125 1 0.3217581625 1
0 0.3621628859375 0.8980570828125 0.37303578437499996 0.975421775 0.41461930625 0.9695775921875001 0.4037464078125 0.8922129 0.3621628859375 0.8980570828125
0 0.42449896875000004 0.9065541125 0.42477079218749997 0.9084882296875 0.4450790234375 0.90563409375 0.4448072015625 0.9036999765625 0.42449896875000004 0.9065541125
0 0.3573771578125 0.5728038796875 0.365395921875 0.629860340625 0.40697944374999995 0.6240161578125 0.39896068125 0.5669596968749999 0.3573771578125 0.5728038796875
0 0.20283332812500002 0.5432432921875 0.210852090625 0.6002997531250001 0.3452732453125 0.5814080921875 0.33725448281250003 0.52435163125 0.20283332812500002 0.5432432921875
0 0.2101516453125 0.6654847359375 0.21694720781250001 0.7138376703125 0.2623989640625 0.7074498421875 0.25560340312499996 0.659096909375 0.2101516453125 0.6654847359375
0 0.44921376718749995 0.605260434375 0.45750435156249997 0.6642510125000001 0.5213302234375 0.6552808703124999 0.5130396375 0.5962902921875 0.44921376718749995 0.605260434375
0 0.7033358562500001 0.5118555578125 0.7166551578125 0.6066273078125 0.772744559375 0.5987444562500001 0.759425259375 0.50397270625 0.7033358562500001 0.5118555578125
0 0.8632272390625 0.4671956953125 0.8698868890625 0.5145815703125 0.910503353125 0.5088732984375001 0.9038437015625 0.4614874234375 0.8632272390625 0.4671956953125
0 0.6480933875 0.87660920625 0.653801659375 0.9172256703125001 0.7321334109375 0.9062168609375 0.7264251390625 0.8656003968749999 0.6480933875 0.87660920625
0 0.5444560218750001 0.7496605656249999 0.5503002046875001 0.7912440875 0.5986531375 0.7844485265625 0.5928089546875001 0.7428650046875 0.5444560218750001 0.7496605656249999
0 0.5534784125 0.7296555171875 0.5586430390625 0.7664037453125 0.6060289140624999 0.7597440953125 0.6008642875 0.722995865625 0.5534784125 0.7296555171875
0 0.449195534375 0.826162778125 0.4501469125 0.8329321875 0.48689514218749996 0.8277675609375 0.4859437640625 0.82099815 0.449195534375 0.826162778125
0 0.8324670484375 0.87633733125 0.84374768125 0.9566032 0.9124088453124999 0.946953503125 0.9011282140624999 0.866687634375 0.8324670484375 0.87633733125
0 0.6790941703125 0.9393111921875 0.68466653125 0.9789605984374999 0.79491121875 0.9634667171875 0.7893388578125 0.9238173125 0.6790941703125 0.9393111921875
0 0.0750117359375 0.696804409375 0.07976862968750001 0.7306514625 0.109747446875 0.7264382140625 0.1049905546875 0.6925911609375001 0.0750117359375 0.696804409375
0 0.0913158484375 0.78474663125 0.093490428125 0.8002195703125 0.11283160156250001 0.7975013453125 0.110657021875 0.78202840625 0.0913158484375 0.78474663125
0 0.175376734375 0.6531142359375 0.18149273906250002 0.6966318765625 0.22114214531249998 0.691059515625 0.21502613906249998 0.647541875 0.175376734375 0.6531142359375
0 0.044052678125 0.3116223234375 0.0488095703125 0.3454693765625 0.07878838906249999 0.34125612968749997 0.074031496875 0.3074090765625 0.044052678125 0.3116223234375
0 0.0051821453125 0.30870286406249997 0.009939037500000001 0.3425499171875 0.0418519734375 0.33806484531250003 0.03709508125 0.3042177921875 0.0051821453125 0.30870286406249997
0 0.053263203125000005 0.117533640625 0.058699651562499996 0.15621598750000001 0.1225255234375 0.1472458453125 0.11708907500000001 0.10856349843749999 0.053263203125000005 0.117533640625
0 0.10418013749999999 0.0763552203125 0.1117911671875 0.13051050625 0.1630452765625 0.1233072109375 0.15543424687500002 0.069151925 0.10418013749999999 0.0763552203125
0 0.1085789421875 0.055027654687500004 0.11156898906249998 0.07630294531250001 0.14831721874999998 0.07113831875 0.145327171875 0.049863028125 0.1085789421875 0.055027654687500004
0 0.053278909375 0.20184809062500003 0.0561330453125 0.222156321875 0.0977165671875 0.21631213906250002 0.09486243125 0.1960039078125 0.053278909375 0.20184809062500003
0 0.19622850625 0.289249246875 0.20547047031250001 0.3550092359375 0.27993398593749996 0.3445440703125 0.2706920234375 0.27878408125 0.19622850625 0.289249246875
0 0.224691359375 0.1619790859375 0.23175874375 0.2122661359375 0.2926834390625 0.20370372812499998 0.2856160546875 0.15341667812499998 0.224691359375 0.1619790859375
0 0.1738580328125 0.105515940625 0.1822845296875 0.16547357812500002 0.25094569375 0.15582388125 0.2425191984375 0.09586624375 0.1738580328125 0.105515940625
0 0.20562458593750002 0.043854178125 0.21242014843749998 0.0922071109375 0.25400367031250004 0.086362928125 0.24720810937499998 0.0380099953125 0.20562458593750002 0.043854178125
0 0.24653641875 0.1209418125 0.2500701109375 0.1460853375 0.2839171640625 0.1413284453125 0.280383471875 0.11618492031250001 0.24653641875 0.1209418125
0 0.45535055625 0.2138787078125 0.4594278921875 0.2428904671875 0.483604359375 0.2394926859375 0.47952702187499996 0.2104809265625 0.45535055625 0.2138787078125
0 0.39329410781249996 0.1126433609375 0.3981869125 0.1474574734375 0.436869259375 0.1420210234375 0.43197645468749996 0.1072069125 0.39329410781249996 0.1126433609375
0 0.4827837875 0.661684378125 0.4906666390625 0.71777378125 0.5419207484374999 0.7105704859374999 0.5340378968749999 0.6544810828125 0.4827837875 0.661684378125
0 0.542310171875 0.6607146890625 0.549649378125 0.71293585625 0.6453881859374999 0.6994806453125 0.6380489781249999 0.6472594765624999 0.542310171875 0.6607146890625
0 0.52517230625 0.6054329140625 0.5337347140625 0.666357609375 0.68072763125 0.645699103125 0.6721652234375 0.58477440625 0.52517230625 0.6054329140625
0 0.5381857671875 0.5611991234375 0.541855371875 0.58730970625 0.5650647796875 0.5840478375 0.5613951765625 0.557937253125 0.5381857671875 0.5611991234375
0 0.489448621875 0.554735525 0.49515689375000005 0.5953519890625001 0.5435098265625 0.588556428125 0.5378015546875 0.5479399640625 0.489448621875 0.554735525
0 0.5496728453124999 0.5201383296875 0.5544297390625 0.5539853828125 0.58440855625 0.549772134375 0.5796516640625 0.51592508125 0.5496728453124999 0.5201383296875
0 0.645236540625 0.5229793640625 0.6517602796874999 0.5693981796875 0.70204733125 0.5623307953125 0.6955235921875 0.5159119796875 0.645236540625 0.5229793640625
0 0.65663214375 0.49179302500000005 0.6585349 0.5053318453125 0.6740078390625001 0.503157265625 0.67210508125 0.48961844374999997 0.65663214375 0.49179302500000005
0 0.6770763390625001 0.6723454906249999 0.6821050546875 0.7081266625 0.71305093125 0.703777503125 0.708022215625 0.66799633125 0.6770763390625001 0.6723454906249999
0 0.39242655000000004 0.7379905640625 0.396096153125 0.7641011468750001 0.4270420296875 0.7597519875 0.42337242656249996 0.7336414046875 0.39242655000000004 0.7379905640625
0 0.40543995781250003 0.511317228125 0.408701828125 0.5345266359374999 0.4348124109375 0.5308570328125 0.4315505421875 0.5076476249999999 0.40543995781250003 0.511317228125
0 0.5785277515625 0.4026746671875 0.5854592249999999 0.45199465937500005 0.6376803921875001 0.4446554515625 0.6307489203125 0.3953354609375 0.5785277515625 0.4026746671875
0 0.522678759375 0.2438627359375 0.530017965625 0.296083903125 0.5783708984375 0.28928834062500003 0.5710316921875 0.2370671734375 0.522678759375 0.2438627359375
0 0.5743771453125001 0.0714152453125 0.5821240859375 0.1265375890625 0.6517523093750001 0.1167519796875 0.64400536875 0.0616296359375 0.5743771453125001 0.0714152453125
0 0.5643403859375 0 0.5689406953125 0.032732898437500005 0.609557159375 0.027024626562499997 0.6057590953124999 0 0.5643403859375 0
0 0.441019734375 0.0171815859375 0.4455048046875 0.049094521875000005 0.4841871515625 0.043658071874999996 0.47970208124999997 0.0117451359375 0.441019734375 0.0171815859375
0 0.904583453125 0.7439182234375 0.911514925 0.793238215625 0.96373609375 0.785899009375 0.9568046203125 0.7365790171875 0.904583453125 0.7439182234375
0 0.8787211718749999 0.7598799281249999 0.8808957515625 0.775352865625 0.89540163125 0.773314196875 0.8932270515624999 0.757841259375 0.8787211718749999 0.7598799281249999
0 0.813915165625 0.7443338234375 0.815953834375 0.7588397046875001 0.8352950078125 0.7561214796875 0.8332563390625 0.7416156 0.813915165625 0.7443338234375
0 0.848086290625 0.657680128125 0.8543382078124999 0.7021648265625 0.8939876124999999 0.696592465625 0.8877356953125 0.6521077671875 0.848086290625 0.657680128125
0 0.8049449984375 0.5892881796875 0.81350740625 0.6502128765624999 0.9256862109374999 0.6344471734375 0.9171238031250001 0.573522478125 0.8049449984375 0.5892881796875
0 0.7619526921875 0.5465154484375 0.7673891421875 0.58519779375 0.797367959375 0.580984546875 0.7919315109375 0.5423022 0.7619526921875 0.5465154484375
0 0.7883481734375 0.5694321171875 0.79161004375 0.592641525 0.820621803125 0.5885641890625 0.817359934375 0.56535478125 0.7883481734375 0.5694321171875
0 0.577934409375 0.26864033125 0.582011746875 0.29765209062500003 0.6129576234375 0.29330293125 0.6088802875 0.264291171875 0.577934409375 0.26864033125
0 0.7552955671875 0.1939127796875 0.757470146875 0.20938571874999998 0.77391014375 0.2070752265625 0.7717355640625 0.19160228906250001 0.7552955671875 0.1939127796875
0 0.7411268078125001 0.047487028125000004 0.7479223703125 0.0958399609375 0.7750000125 0.092034446875 0.7682044515625 0.043681514062499996 0.7411268078125001 0.047487028125000004
0 0.7857683343749999 0.063401665625 0.79541803125 0.1320628296875 0.8611780203125001 0.12282086562500001 0.8515283218749999 0.054159701562499996 0.7857683343749999 0.063401665625
0 0.9143035265625 0.1429670359375 0.9539529312499999 0.137394675 0.9447109671874999 0.0716346859375 0.9050615625 0.07720704687499999 0.9143035265625 0.1429670359375
0 0.8994997781249999 0.45864636406250003 0.904936228125 0.4973287109375 0.9349150453125 0.49311546249999993 0.929478596875 0.454433115625 0.8994997781249999 0.45864636406250003