0 0.49853515625 0.2705078125 0.46826171875 0.2705078125 0.46826171875 0.3154296875 0.49853515625 0.3154296875 0.49853515625 0.2705078125
0 0.4501953125 0.25341796875 0.4033203125 0.25341796875 0.4033203125 0.29052734375 0.4501953125 0.29052734375 0.4501953125 0.25341796875
0 0.4384765625 0.15673828125 0.3837890625 0.15673828125 0.3837890625 0.19677734375 0.4384765625 0.19677734375 0.4384765625 0.15673828125
0 0.5087890625 0.0869140625 0.45703125 0.0869140625 0.45703125 0.125 0.5087890625 0.125 0.5087890625 0.0869140625
0 0.85302734375 0.048828125 0.79248046875 0.048828125 0.79248046875 0.080078125 0.85302734375 0.080078125 0.85302734375 0.048828125
0 0.53857421875 0.0703125 0.49560546875 0.0703125 0.49560546875 0.103515625 0.53857421875 0.103515625 0.53857421875 0.0703125
0 0.63720703125 0.25537109375 0.60595703125 0.25537109375 0.60595703125 0.28173828125 0.63720703125 0.28173828125 0.63720703125 0.25537109375
0 0.76416015625 0.26708984375 0.72900390625 0.26708984375 0.72900390625 0.31591796875 0.76416015625 0.31591796875 0.76416015625 0.26708984375
0 0.892578125 0.19677734375 0.857421875 0.19677734375 0.857421875 0.23193359375 0.892578125 0.23193359375 0.892578125 0.19677734375
0 0.9814453125 0.18701171875 0.939453125 0.18701171875 0.939453125 0.21728515625 0.9814453125 0.21728515625 0.9814453125 0.18701171875
0 0.88623046875 0.21044921875 0.79248046875 0.21044921875 0.79248046875 0.30419921875 0.88623046875 0.30419921875 0.88623046875 0.21044921875
0 0.2451171875 0.056640625 0.224609375 0.056640625 0.224609375 0.078125 0.2451171875 0.078125 0.2451171875 0.056640625
0 0.12646484375 0.0166015625 0.09814453125 0.0166015625 0.09814453125 0.037109375 0.12646484375 0.037109375 0.12646484375 0.0166015625
0 0.259765625 0.15380859375 0.228515625 0.15380859375 0.228515625 0.18212890625 0.259765625 0.18212890625 0.259765625 0.15380859375
0 0.31689453125 0.07177734375 0.25830078125 0.07177734375 0.25830078125 0.13720703125 0.31689453125 0.13720703125 0.31689453125 0.07177734375
0 0.21826171875 0.068359375 0.16455078125 0.068359375 0.16455078125 0.125 0.21826171875 0.125 0.21826171875 0.068359375
0 0.1181640625 0.22216796875 0.1015625 0.22216796875 0.1015625 0.24365234375 0.1181640625 0.24365234375 0.1181640625 0.22216796875
0 0.13134765625 0.18017578125 0.11474609375 0.18017578125 0.11474609375 0.21728515625 0.13134765625 0.21728515625 0.13134765625 0.18017578125
0 0.0712890625 0.29736328125 0.0458984375 0.29736328125 0.0458984375 0.34033203125 0.0712890625 0.34033203125 0.0712890625 0.29736328125
0 0.14501953125 0.28564453125 0.09130859375 0.28564453125 0.09130859375 0.32080078125 0.14501953125 0.32080078125 0.14501953125 0.28564453125
0 0.0380859375 0.3291015625 0.0009765625 0.3291015625 0.0009765625 0.380859375 0.0380859375 0.380859375 0.0380859375 0.3291015625
0 0.31982421875 0.29248046875 0.29638671875 0.29248046875 0.29638671875 0.32568359375 0.31982421875 0.32568359375 0.31982421875 0.29248046875
0 0.3134765625 0.25048828125 0.294921875 0.25048828125 0.294921875 0.27685546875 0.3134765625 0.27685546875 0.3134765625 0.25048828125
0 0.22314453125 0.28857421875 0.19677734375 0.28857421875 0.19677734375 0.32373046875 0.22314453125 0.32373046875 0.22314453125 0.28857421875
0 0.25146484375 0.23388671875 0.21630859375 0.23388671875 0.21630859375 0.28076171875 0.25146484375 0.28076171875 0.25146484375 0.23388671875
0 0.21484375 0.1884765625 0.1318359375 0.1884765625 0.1318359375 0.263671875 0.21484375 0.263671875 0.21484375 0.1884765625
0 0.77587890625 0.470703125 0.74755859375 0.470703125 0.74755859375 0.49609375 0.77587890625 0.49609375 0.77587890625 0.470703125
0 0.81591796875 0.4638671875 0.79052734375 0.4638671875 0.79052734375 0.4990234375 0.81591796875 0.4990234375 0.81591796875 0.4638671875
0 0.90283203125 0.42236328125 0.87744140625 0.42236328125 0.87744140625 0.44580078125 0.90283203125 0.44580078125 0.90283203125 0.42236328125
0 0.88720703125 0.4423828125 0.84423828125 0.4423828125 0.84423828125 0.5009765625 0.88720703125 0.5009765625 0.88720703125 0.4423828125
0 0.8828125 0.4990234375 0.8310546875 0.4990234375 0.8310546875 0.5625 0.8828125 0.5625 0.8828125 0.4990234375
0 0.94921875 0.61083984375 0.89453125 0.61083984375 0.89453125 0.65771484375 0.94921875 0.65771484375 0.94921875 0.61083984375
0 0.97265625 0.64599609375 0.9462890625 0.64599609375 0.9462890625 0.69287109375 0.97265625 0.69287109375 0.97265625 0.64599609375
0 1 0.6962890625 0.974609375 0.6962890625 0.974609375 0.736328125 1 0.736328125 1 0.6962890625
0 0.77880859375 0.736328125 0.72900390625 0.736328125 0.72900390625 0.818359375 0.77880859375 0.818359375 0.77880859375 0.736328125
0 0.791015625 0.67138671875 0.765625 0.67138671875 0.765625 0.70458984375 0.791015625 0.70458984375 0.791015625 0.67138671875
0 0.8642578125 0.67138671875 0.8330078125 0.67138671875 0.8330078125 0.72607421875 0.8642578125 0.72607421875 0.8642578125 0.67138671875
0 0.87744140625 0.88134765625 0.82763671875 0.88134765625 0.82763671875 0.93310546875 0.87744140625 0.93310546875 0.87744140625 0.88134765625
0 1 0.97802734375 0.97265625 0.97802734375 0.97265625 0.99658203125 1 0.99658203125 1 0.97802734375
0 0.66015625 0.783203125 0.62890625 0.783203125 0.62890625 0.814453125 0.66015625 0.814453125 0.66015625 0.783203125
0 0.70068359375 0.90283203125 0.67724609375 0.90283203125 0.67724609375 0.92822265625 0.70068359375 0.92822265625 0.70068359375 0.90283203125
0 0.60205078125 0.5126953125 0.56396484375 0.5126953125 0.56396484375 0.5439453125 0.60205078125 0.5439453125 0.60205078125 0.5126953125
0 0.6123046875 0.5322265625 0.5869140625 0.5322265625 0.5869140625 0.57421875 0.6123046875 0.57421875 0.6123046875 0.5322265625
0 0.48681640625 0.53271484375 0.44677734375 0.53271484375 0.44677734375 0.56787109375 0.48681640625 0.56787109375 0.48681640625 0.53271484375
0 0.3515625 0.52099609375 0.3251953125 0.52099609375 0.3251953125 0.54931640625 0.3515625 0.54931640625 0.3515625 0.52099609375
0 0.330078125 0.45751953125 0.296875 0.45751953125 0.296875 0.48779296875 0.330078125 0.48779296875 0.330078125 0.45751953125
0 0.28125 0.4638671875 0.2548828125 0.4638671875 0.2548828125 0.494140625 0.28125 0.494140625 0.28125 0.4638671875
0 0.28515625 0.55078125 0.216796875 0.55078125 0.216796875 0.6025390625 0.28515625 0.6025390625 0.28515625 0.55078125
0 0.07275390625 0.65625 0.02783203125 0.65625 0.02783203125 0.701171875 0.07275390625 0.701171875 0.07275390625 0.65625
0 0.087890625 0.7578125 0.056640625 0.7578125 0.056640625 0.7880859375 0.087890625 0.7880859375 0.087890625 0.7578125
0 0.271484375 0.76318359375 0.203125 0.76318359375 0.203125 0.78955078125 0.271484375 0.78955078125 0.271484375 0.76318359375
0 0.25830078125 0.80322265625 0.20458984375 0.80322265625 0.20458984375 0.82958984375 0.25830078125 0.82958984375 0.25830078125 0.80322265625
0 0.15771484375 0.90673828125 0.13134765625 0.90673828125 0.13134765625 0.93994140625 0.15771484375 0.93994140625 0.15771484375 0.90673828125
0 0.09326171875 0.78125 0.07470703125 0.78125 0.07470703125 0.8046875 0.09326171875 0.8046875 0.09326171875 0.78125
0 0.09130859375 0.91650390625 0.06982421875 0.91650390625 0.06982421875 0.93701171875 0.09130859375 0.93701171875 0.09130859375 0.91650390625
0 0.28857421875 0.96484375 0.26318359375 0.96484375 0.26318359375 0.9853515625 0.28857421875 0.9853515625 0.28857421875 0.96484375
0 0.42529296875 0.95166015625 0.34521484375 0.95166015625 0.34521484375 0.99853515625 0.42529296875 0.99853515625 0.42529296875 0.95166015625
0 0.16455078125 1 0.16455078125 0.9814453125 0.12451171875 0.9814453125 0.12451171875 1 0.16455078125 1
0 0.3818359375 0.3505859375 0.341796875 0.3505859375 0.341796875 0.3955078125 0.3818359375 0.3955078125 0.3818359375 0.3505859375
0 0.35205078125 0.34033203125 0.31005859375 0.34033203125 0.31005859375 0.38720703125 0.35205078125 0.38720703125 0.35205078125 0.34033203125
0 0.2998046875 0 0.2998046875 0.0263671875 0.3515625 0.0263671875 0.3515625 0 0.2998046875 0
0 0.64892578125 0.6865234375 0.57177734375 0.6865234375 0.57177734375 0.724609375 0.64892578125 0.724609375 0.64892578125 0.6865234375
0 0.64404296875 0.7412109375 0.58740234375 0.7412109375 0.58740234375 0.7841796875 0.64404296875 0.7841796875 0.64404296875 0.7412109375
0 0.61376953125 0.7177734375 0.55224609375 0.7177734375 0.55224609375 0.7412109375 0.61376953125 0.7412109375 0.61376953125 0.7177734375
0 0.56396484375 0.654296875 0.54052734375 0.654296875 0.54052734375 0.6796875 0.56396484375 0.6796875 0.56396484375 0.654296875
0 0.5439453125 0.6708984375 0.5205078125 0.6708984375 0.5205078125 0.701171875 0.5439453125 0.701171875 0.5439453125 0.6708984375
0 0.46533203125 0.65576171875 0.44189453125 0.65576171875 0.44189453125 0.68115234375 0.46533203125 0.68115234375 0.46533203125 0.65576171875
0 0.55078125 1 0.55078125 0.974609375 0.4853515625 0.974609375 0.4853515625 1 0.55078125 1