0 0.499243940625 0.554902015625 0.5026355078125 0.5356674890625001 0.4689750859375 0.5297322484375 0.4655835203125 0.548966775 0.499243940625 0.554902015625
0 0.49438660937499995 0.6105683078124999 0.5015088984375 0.5701758015625 0.4765040140625 0.5657667656250001 0.469381725 0.606159271875 0.49438660937499995 0.6105683078124999
0 0.5412984890625 0.5132318031249999 0.5445204765625 0.49495900312499996 0.5291328546875 0.49224575000000004 0.5259108671875 0.51051855 0.5412984890625 0.5132318031249999
0 0.56577733125 0.59935735625 0.57154299375 0.5666586609375 0.51672459375 0.5569926984375 0.51095893125 0.58969139375 0.56577733125 0.59935735625
0 0.569460528125 0.6431426015625 0.5738695640625 0.6181377171875 0.5536733109374999 0.6145765734374999 0.549264275 0.6395814578125 0.569460528125 0.6431426015625
0 0.6105894390625 0.65733613125 0.6139810046874999 0.6381016046875 0.5957082046875 0.6348796171875 0.5923166375 0.65411414375 0.6105894390625 0.65733613125
0 0.591517446875 0.6024085921875 0.5945698562499999 0.5850975187499999 0.5811056875 0.582723421875 0.578053278125 0.6000344953125001 0.591517446875 0.6024085921875
0 0.6146452296875 0.5331062046875 0.619393421875 0.50617786875 0.5934268125 0.5015992546875 0.58867861875 0.528527590625 0.6146452296875 0.5331062046875
0 0.634412840625 0.5053555015625 0.6367869374999999 0.49189133281249997 0.6175524109375 0.488499765625 0.6151783156249999 0.501963934375 0.634412840625 0.5053555015625
0 0.6566522515625 0.5563792171874999 0.6598742390625 0.5381064171875 0.6396779859375 0.5345452734375 0.6364559984375 0.5528180734375 0.6566522515625 0.5563792171874999
0 0.659033390625 0.5934892953124999 0.6620858000000001 0.576178221875 0.6466981796875 0.57346496875 0.6436457703125 0.59077604375 0.659033390625 0.5934892953124999
0 0.6228873875 0.612898096875 0.6278051578125 0.5850080328125 0.6028002734375 0.5805989968749999 0.597882503125 0.6084890609375 0.6228873875 0.612898096875
0 0.6463962859375 0.6398507828125 0.651483634375 0.61099899375 0.610129403125 0.6037071265625 0.6050420546875 0.6325589171875 0.6463962859375 0.6398507828125
0 0.6782470890625001 0.6504250765624999 0.68553895625 0.6090708453125 0.6480316296875 0.6024572921875 0.6407397625 0.6438115234375 0.6782470890625001 0.6504250765624999
0 0.6798349078125 0.677974809375 0.681869846875 0.66643409375 0.672252584375 0.6647383109375 0.67021764375 0.6762790265625 0.6798349078125 0.677974809375
0 0.732043325 0.6321452328125 0.73560446875 0.6119489812500001 0.7125230375 0.6078791015625 0.7089618921875 0.6280753546875 0.732043325 0.6321452328125
0 0.7296877078125 0.5752071046875 0.7329096953125 0.5569343046874999 0.715598621875 0.5538818953125 0.712376634375 0.5721546953125001 0.7296877078125 0.5752071046875
0 0.753946796875 0.5051125703125 0.7563208921875 0.49164840156249995 0.740933271875 0.4889351484375 0.738559175 0.5023993171875001 0.753946796875 0.5051125703125
0 0.7702741421875 0.553110575 0.7740048640625 0.5319525953124999 0.7528468859374999 0.5282218734375 0.7491161625 0.549379853125 0.7702741421875 0.553110575
0 0.6704414890625 0.4556813671875 0.6750201031249999 0.42971475625 0.6432831343750001 0.42411867187499996 0.6387045203125 0.4500852828125 0.6704414890625 0.4556813671875
0 0.66557124375 0.41862820625 0.66811491875 0.40420231093750003 0.65465075 0.40182821406249997 0.6521070765625 0.41625410937499996 0.66557124375 0.41862820625
0 0.549313846875 0.386229359375 0.552874990625 0.36603310625 0.53652564375 0.363150275 0.5329644984375 0.38334652812500003 0.549313846875 0.386229359375
0 0.5620777 0.437565534375 0.5656388437500001 0.41736928124999995 0.5444808640625001 0.413638559375 0.5409197203125 0.43383481250000006 0.5620777 0.437565534375
0 0.551925003125 0.450153940625 0.5554861484375 0.42995768749999996 0.5352898953125 0.42639654218749995 0.5317287515625 0.4465927953125 0.551925003125 0.450153940625
0 0.5122445531250001 0.47835998437500005 0.515127384375 0.46201063593749997 0.4978163109375 0.4589582265625 0.4949334796875 0.475307575 0.5122445531250001 0.47835998437500005
0 0.491372334375 0.4955038265625 0.49374643125000006 0.482039659375 0.4764353578125 0.47898725000000003 0.4740612609375 0.49245141718749996 0.491372334375 0.4955038265625
0 0.4770614484375 0.506367403125 0.4794355453125 0.4929032359375 0.462124471875 0.4898508265625 0.45975037499999993 0.50331499375 0.4770614484375 0.506367403125
0 0.47343751718749993 0.4819293453125 0.4764899265625 0.46461827187500004 0.46014057968750005 0.46173544062499994 0.4570881703125 0.4790465140625 0.47343751718749993 0.4819293453125
0 0.45686167343750006 0.47751913593750006 0.4599140828125 0.4602080625 0.4416412828125 0.456986075 0.4385888734375 0.47429714843750004 0.45686167343750006 0.47751913593750006
0 0.431204 0.4571289546875 0.43306936250000005 0.44654996562499993 0.426337278125 0.4453629171875 0.42447191562500003 0.45594190625 0.431204 0.4571289546875
0 0.4481480453125 0.46507478593749996 0.4503525640625 0.45257234375 0.43400321562500005 0.4496895125 0.43179869843749996 0.46219195468749996 0.4481480453125 0.46507478593749996
0 0.3611467296875 0.497332228125 0.3647078734375 0.47713597500000005 0.3416264421875 0.47306609687499995 0.33806529687500003 0.4932623484375 0.3611467296875 0.497332228125
0 0.341232715625 0.4893585265625 0.34428512499999997 0.47204745312499996 0.32793577812499997 0.46916462187499997 0.32488336875 0.4864756953125 0.341232715625 0.4893585265625
0 0.32428867031249997 0.481412696875 0.328867284375 0.4554460859375 0.30867103125 0.451884940625 0.3040924171875 0.47785155156250003 0.32428867031249997 0.481412696875
0 0.28896620781250004 0.5242699562500001 0.29184903906250004 0.5079206093749999 0.26780588125000004 0.5036811515624999 0.26492305 0.5200305000000001 0.28896620781250004 0.5242699562500001
0 0.291025496875 0.4844721484375 0.29611284531250004 0.455620359375 0.2720696875 0.4513809015625 0.2669823390625 0.48023269218750003 0.291025496875 0.4844721484375
0 0.2833839078125 0.45188846250000003 0.2860971609375 0.4365008421875 0.27263299218750003 0.4341267453125 0.2699197390625 0.4495143671875 0.2833839078125 0.45188846250000003
0 0.2899731125 0.44263822812500003 0.29268636406250004 0.42725060625 0.2830691015625 0.42555482343750006 0.2803558484375 0.44094244531250004 0.2899731125 0.44263822812500003
0 0.3050796671875 0.45819307968749995 0.30864081250000003 0.4379968265625 0.2903680125 0.43477483906250003 0.28680686718750004 0.4549710921875 0.3050796671875 0.45819307968749995
0 0.2776053328125 0.3918677046875 0.281844790625 0.367824546875 0.268380621875 0.36545045 0.2641411640625 0.389493609375 0.2776053328125 0.3918677046875
0 0.299836525 0.3838881328125 0.3020410421875 0.37138569062500004 0.28472996875 0.36833328125000003 0.28252545156250003 0.3808357234375 0.299836525 0.3838881328125
0 0.3171998203125 0.35571348281250004 0.3195739171875 0.3422493140625 0.301301115625 0.3390273265625 0.29892702031249996 0.3524914953125 0.3171998203125 0.35571348281250004
0 0.31479315625000004 0.3384314546875 0.31733683125 0.32400555937500003 0.30002575781249996 0.32095315 0.2974820828125 0.33537904531249996 0.31479315625000004 0.3384314546875
0 0.298183571875 0.29484600781250003 0.301405559375 0.2765732078125 0.28697966406250003 0.27402953281250003 0.2837576765625 0.2923023328125 0.298183571875 0.29484600781250003
0 0.30881478281249997 0.265484309375 0.31254550625 0.2443263296875 0.29331097968750003 0.2409347640625 0.28958025625 0.2620927421875 0.30881478281249997 0.265484309375
0 0.332291115625 0.2616908 0.3351739453125 0.2453414515625 0.3169011453125 0.2421194640625 0.3140183140625 0.2584688109375 0.332291115625 0.2616908
0 0.349014534375 0.31025445625 0.3524061 0.2910199296875 0.3341333 0.2877979421875 0.330741734375 0.30703246875 0.349014534375 0.31025445625
0 0.329810228125 0.3207510046875 0.3318451671875 0.30921028906250003 0.3222279046875 0.30751450625 0.3201929640625 0.319055221875 0.329810228125 0.3207510046875
0 0.32981375 0.346038128125 0.33405320625 0.3219949703125 0.3215507640625 0.319790453125 0.3173113078125 0.3438336109375 0.32981375 0.346038128125
0 0.34508753593749997 0.343773171875 0.34746163124999996 0.330309003125 0.33399746406249997 0.32793490625 0.3316233671875 0.341399075 0.34508753593749997 0.343773171875
0 0.3588908609375 0.3442238140625 0.360756221875 0.33364482500000003 0.344406875 0.33076199375000004 0.3425415140625 0.341340984375 0.3588908609375 0.3442238140625
0 0.3589222546875 0.3665409703125 0.3623138203125 0.34730644375 0.34211756718749997 0.34374530000000003 0.3387260015625 0.3629798265625 0.3589222546875 0.3665409703125
0 0.38155069531249997 0.36755609218749996 0.38392479062499996 0.3540919234375 0.3733458015625 0.3522265625 0.37097170468749996 0.36569073125 0.38155069531249997 0.36755609218749996
0 0.37187299218750003 0.33808408125 0.373399196875 0.32942854375 0.3628202078125 0.32756318281249996 0.361294003125 0.33621871875 0.37187299218750003 0.33808408125
0 0.3859028125 0.340062103125 0.388955221875 0.32275102968749997 0.3735676015625 0.3200377765625 0.3705151921875 0.33734885000000003 0.3859028125 0.340062103125
0 0.3794227484375 0.3205743828125 0.38247515781249997 0.303263309375 0.36324063125 0.29987174375 0.360188221875 0.3171828171875 0.3794227484375 0.3205743828125
0 0.3945524796875 0.2994431015625 0.39845278125 0.277323396875 0.378256528125 0.2737622515625 0.374356228125 0.2958819578125 0.3945524796875 0.2994431015625
0 0.4152865140625 0.305578140625 0.41715187499999995 0.29499915 0.40368770625000006 0.2926250546875 0.40182234531249994 0.30320404375 0.4152865140625 0.305578140625
0 0.41087630312499995 0.3221539828125 0.41308082187500006 0.309651540625 0.3967314734375 0.306768709375 0.39452695625 0.3192711515625 0.41087630312499995 0.3221539828125
0 0.4116708 0.34014337031249997 0.41472320937499996 0.32283229687500004 0.3906800515625 0.3185928390625 0.3876276421875 0.33590391249999996 0.4116708 0.34014337031249997
0 0.408964590625 0.4061052390625 0.41201699999999997 0.3887941640625 0.391820746875 0.3852330203125 0.3887683375 0.40254409375 0.408964590625 0.4061052390625
0 0.37414499375 0.40393211406249996 0.37872360625 0.377965503125 0.3537187234375 0.3735564671875 0.349140109375 0.399523078125 0.37414499375 0.40393211406249996
0 0.3493968234375 0.41493857187499994 0.3524492328125 0.397627496875 0.3274443484375 0.3932184609375 0.32439193906249997 0.41052953593749997 0.3493968234375 0.41493857187499994
0 0.34187024374999997 0.3957621359375 0.34305729218750003 0.3890300515625 0.3344017546875 0.387503846875 0.33321470625 0.39423593125 0.34187024374999997 0.3957621359375
0 0.3537210703125 0.39041454999999997 0.35541685312500004 0.38079728749999997 0.3429144109375 0.37859276875000003 0.341218628125 0.3882100328125 0.3537210703125 0.39041454999999997
0 0.382833096875 0.43620451562499996 0.38520719375 0.42274034687500006 0.3727047515625 0.4205358296875 0.3703306546875 0.433999996875 0.382833096875 0.43620451562499996
0 0.41890135624999997 0.467850825 0.4236495484375 0.44092248749999996 0.3851804953125 0.43413935625000005 0.380432303125 0.46106769375 0.41890135624999997 0.467850825
0 0.40254731250000003 0.4312518296875 0.40712592656249996 0.40528521875 0.376350684375 0.3998587125 0.3717720703125 0.4258253234375 0.40254731250000003 0.4312518296875
0 0.4153029484375 0.4235847171875 0.4183553578125 0.4062736421875 0.4039294625 0.40372996875 0.400877053125 0.42104104218750005 0.4153029484375 0.4235847171875
0 0.43875258281249996 0.43119021562500004 0.4426528828125 0.4090705109375 0.420533178125 0.40517020937500003 0.4166328765625 0.427289915625 0.43875258281249996 0.43119021562500004
0 0.481601625 0.407509390625 0.4853323484375 0.38635141093750003 0.4699447265625 0.383638159375 0.46621400468749996 0.4047961375 0.481601625 0.407509390625
0 0.4941342875 0.42360202343750003 0.497525853125 0.40436749687500007 0.4869468640625 0.402502134375 0.4835552984375 0.42173666093750006 0.4941342875 0.42360202343750003
0 0.4800765953125 0.42459396875 0.482111534375 0.413053253125 0.473455996875 0.41152704843750004 0.4714210578125 0.4230677640625 0.4800765953125 0.42459396875
0 0.49082751093750004 0.4423556859375 0.4938799203125 0.4250446125 0.46695158281250004 0.42029642031250003 0.4638991734375 0.43760749375 0.49082751093750004 0.4423556859375
0 0.45892096406249994 0.43772132812500003 0.461295059375 0.424257159375 0.447830890625 0.4218830640625 0.44545679531250004 0.4353472328125 0.45892096406249994 0.43772132812500003
0 0.46228465781250005 0.42145677031249995 0.46431959687499996 0.4099160546875 0.454702334375 0.408220271875 0.4526673953125 0.4197609875 0.46228465781250005 0.42145677031249995
0 0.44884836093749997 0.41611270625 0.45105287968749996 0.4036102640625 0.44335906875 0.4022536375 0.44115455 0.4147560796875 0.44884836093749997 0.41611270625
0 0.507359046875 0.3317292875 0.5115985046875 0.30768612968750003 0.48082326249999996 0.3022596234375 0.47658380468750006 0.32630278125 0.507359046875 0.3317292875
0 0.4932966578125 0.29900506875 0.4956707546875 0.2855409 0.4831683125 0.2833363828125 0.480794215625 0.29680055 0.4932966578125 0.29900506875
0 0.5316809218749999 0.3062690640625 0.53473333125 0.288957990625 0.5116519 0.2848881109375 0.508599490625 0.302199184375 0.5316809218749999 0.3062690640625
0 0.542997490625 0.32363470625 0.5453715859375 0.3101705390625 0.525175334375 0.30660939374999996 0.5228012375 0.3200735625 0.542997490625 0.32363470625
0 0.553408075 0.3348908359375 0.556460484375 0.3175797625 0.5391494109375 0.314527353125 0.5360970015625 0.3318384265625 0.553408075 0.3348908359375
0 0.5659313453125 0.28355113906249996 0.5689837546875001 0.2662400640625 0.5526344078125 0.263357234375 0.5495819984375 0.28066830781249996 0.5659313453125 0.28355113906249996
0 0.5740491015625 0.2825034484375 0.5764231984375 0.26903928125 0.570652840625 0.2680218109375 0.56827874375 0.2814859796875 0.5740491015625 0.2825034484375
0 0.5670383 0.31101608281250004 0.5717864921875 0.28408774531250003 0.5458198828125 0.27950913125 0.5410716890625 0.30643746875 0.5670383 0.31101608281250004
0 0.5698398640625 0.320434721875 0.5708573343750001 0.3146643640625 0.56412525 0.31347731562500003 0.5631077796875 0.3192476734375 0.5698398640625 0.320434721875
0 0.5779274015625 0.3054989171875 0.5799623406250001 0.2939582015625 0.5693833515625 0.29209284062499996 0.5673484109375 0.30363355625 0.5779274015625 0.3054989171875
0 0.5242599593749999 0.23306754999999998 0.5266340546875 0.21960338125 0.5131698874999999 0.21722928593750002 0.510795790625 0.2306934546875 0.5242599593749999 0.23306754999999998
0 0.5780828921875 0.203388696875 0.5811353015625 0.1860776234375 0.564785953125 0.1831947921875 0.5617335437500001 0.200505865625 0.5780828921875 0.203388696875
0 0.5740872359375 0.15012789531249998 0.5764613328125 0.1366637265625 0.559150259375 0.1336113171875 0.5567761625000001 0.1470754859375 0.5740872359375 0.15012789531249998
0 0.5887604546875 0.1006547328125 0.5913041296875 0.0862288375 0.5759165078125 0.0835155859375 0.573372834375 0.0979414796875 0.5887604546875 0.1006547328125
0 0.588612878125 0.0565012859375 0.591834865625 0.0382284859375 0.5783706984375 0.0358543890625 0.575148709375 0.054127189062500004 0.588612878125 0.0565012859375
0 0.54940976875 0.059504995312499996 0.5533100703125 0.0373852890625 0.5311903640625 0.0334849890625 0.5272900640625 0.05560469375 0.54940976875 0.059504995312499996
0 0.5410611828125 0 0.5382592578125001 0.0158905015625 0.5623024156249999 0.020129959375 0.5651852468749999 0.0037806125 0.5437443296875 0 0.5410611828125 0
0 0.5251110703124999 0.0482790859375 0.530367996875 0.0184655703125 0.496707575 0.0125303296875 0.49145064843749997 0.0423438453125 0.5251110703124999 0.0482790859375
0 0.4868429890625 0.0628513828125 0.49142160312499994 0.036884771875 0.4500673703125 0.029592904687499998 0.44548875624999995 0.055559515625 0.4868429890625 0.0628513828125
0 0.6048577828125 0.12183823593750001 0.6074014578125 0.107412340625 0.5900903828125 0.10435993125000001 0.587546709375 0.1187858265625 0.6048577828125 0.12183823593750001
0 0.641037528125 0.1416046734375 0.6425637328125 0.1329491359375 0.6290995640625 0.130575040625 0.627573359375 0.13923057656249999 0.641037528125 0.1416046734375
0 0.6529684484375 0.102060059375 0.6561904359375 0.083787259375 0.6417645421875 0.081243584375 0.6385425546875 0.099516384375 0.6529684484375 0.102060059375
0 0.6730473453125 0.07535587031249999 0.675421440625 0.0618917015625 0.6629189984375 0.059687184375 0.660544903125 0.0731513515625 0.6730473453125 0.07535587031249999
0 0.6606646078125 0.12027476875000001 0.66320828125 0.1058488734375 0.6497441125 0.1034747765625 0.6472004390625 0.117900671875 0.6606646078125 0.12027476875000001
0 0.6576330265625 0.0840416265625 0.659328809375 0.0744243640625 0.6516349984375001 0.0730677375 0.649939215625 0.082685 0.6576330265625 0.0840416265625
0 0.7161938875 0.15684002187499999 0.7195854546875 0.1376054953125 0.7013126546875 0.1343835078125 0.6979210874999999 0.153618034375 0.7161938875 0.15684002187499999
0 0.7117651984375 0.2438181625 0.7146480296875 0.227468815625 0.6944517765625 0.223907671875 0.6915689453125 0.24025701875 0.7117651984375 0.2438181625
0 0.7480796078124999 0.21501859531249998 0.7514711734375 0.19578406875 0.7283897406250001 0.19171418906249998 0.724998175 0.210948715625 0.7480796078124999 0.21501859531249998
0 0.752653525 0.15533582031249998 0.7572321390625001 0.12936920937500002 0.7322272546875 0.12496017343750002 0.727648640625 0.150926784375 0.752653525 0.15533582031249998
0 0.7325675859375 0.1314657625 0.735111259375 0.1170398671875 0.7216470921875 0.1146657703125 0.7191034171874999 0.12909166562500002 0.7325675859375 0.1314657625
0 0.7335269640625001 0.1147772578125 0.7367489515625001 0.0965044578125 0.7203996046875 0.0936216265625 0.7171776171875 0.1118944265625 0.7335269640625001 0.1147772578125
0 0.7421197140625 0.0716691515625 0.7456808578125 0.051472898437500005 0.710096984375 0.0451985015625 0.706535840625 0.0653947546875 0.7421197140625 0.0716691515625
0 0.7038759828125001 0.0579843578125 0.70896333125 0.029132567187500003 0.674341184375 0.023027748437500002 0.669253834375 0.0518795390625 0.7038759828125001 0.0579843578125
0 0.672400425 0.10151993125 0.6766398828125 0.07747677343750001 0.6583670828125 0.07425478437500001 0.654127625 0.09829794375 0.672400425 0.10151993125
0 0.6940647906249999 0.0855073921875 0.6955909953125 0.0768518546875 0.6898206375 0.0758343859375 0.6882944328125 0.084489921875 0.6940647906249999 0.0855073921875
0 0.675743290625 0.13879958750000002 0.681508953125 0.1061008921875 0.660350975 0.1023701703125 0.6545853125 0.135068865625 0.675743290625 0.13879958750000002
0 0.6908475000000001 0.13749635625 0.6947478 0.11537665156250002 0.6793601796875001 0.11266339843749999 0.6754598781250001 0.13478310468750002 0.6908475000000001 0.13749635625
0 0.6900518296875 0.11107792812499999 0.6927650828125 0.0956903078125 0.6793009140625 0.0933162109375 0.6765876609375 0.1087038328125 0.6900518296875 0.11107792812499999
0 0.7138987109375 0.127678121875 0.7252604578125 0.0632424578125 0.6954469421875 0.05798553125 0.6840851953125 0.12242119375 0.7138987109375 0.127678121875
0 0.778078834375 0.132053415625 0.7799441953125 0.1214744265625 0.7664800265625 0.11910032968749999 0.764614665625 0.1296793203125 0.778078834375 0.132053415625
0 0.7076034859375 0.21680621093750002 0.709468846875 0.206227221875 0.7017750375 0.2048705953125 0.6999096765624999 0.215449584375 0.7076034859375 0.21680621093750002
0 0.6733832828125 0.25341225 0.67592695625 0.23898635625 0.65669243125 0.2355947890625 0.65414875625 0.250020684375 0.6733832828125 0.25341225
0 0.6239101203125 0.23873903125 0.6261146390625 0.2262365890625 0.6078418375 0.2230146015625 0.6056373203125001 0.23551704375 0.6239101203125 0.23873903125
0 0.6035407671875 0.210852490625 0.6069323328125 0.1916179640625 0.589621259375 0.1885655546875 0.58622969375 0.20780008125 0.6035407671875 0.210852490625
0 0.633124265625 0.189294915625 0.641264025 0.1431320515625 0.589330803125 0.1339748234375 0.5811910453125 0.1801376875 0.633124265625 0.189294915625
0 0.4006663875 0.1269863265625 0.4027013265625 0.11544561093750001 0.3882754328125 0.1129019375 0.3862404921875 0.124442653125 0.4006663875 0.1269863265625
0 0.3994385546875 0.043968926562499996 0.40384759062500003 0.0189640421875 0.37980443125 0.014724584374999999 0.375395396875 0.039729468750000003 0.3994385546875 0.043968926562499996
0 0.3080293765625 0.10966029531249999 0.3110817859375 0.092349221875 0.29377071093749996 0.0892968125 0.2907183015625 0.1066078859375 0.3080293765625 0.10966029531249999
0 0.22881926875 0.030245998437499998 0.231871678125 0.0129349234375 0.21648405781250002 0.010221671875000001 0.2134316484375 0.027532745312500002 0.22881926875 0.030245998437499998
0 0.18754595937500002 0 0.18556828281249999 0.011215965625000001 0.20864971406250002 0.01528584375 0.21134502031250002 0 0.18754595937500002 0
0 0.17129231250000002 0.0696838203125 0.17417514375 0.053334473437499995 0.158787521875 0.05062122031250001 0.155904690625 0.0669705671875 0.17129231250000002 0.0696838203125
0 0.19143516875 0.0960429828125 0.1963529390625 0.0681529203125 0.1771184140625 0.0647613546875 0.1722006421875 0.0926514171875 0.19143516875 0.0960429828125
0 0.2414472859375 0.1217191375 0.2450084296875 0.10152288437500001 0.2238504515625 0.0977921625 0.22028930624999998 0.1179884140625 0.2414472859375 0.1217191375
0 0.2524513953125 0.1296092234375 0.2551646484375 0.114221603125 0.24073875312499998 0.11167792812499999 0.2380255 0.12706555 0.2524513953125 0.1296092234375
0 0.272475721875 0.1172740125 0.27891969687499996 0.0807284125 0.24814445468750002 0.07530190625 0.24170047968750002 0.11184750624999999 0.272475721875 0.1172740125
0 0.29569416406250004 0.08963596874999999 0.30095109062500003 0.059822453124999994 0.2788313859375 0.0559221515625 0.27357445937499997 0.0857356671875 0.29569416406250004 0.08963596874999999
0 0.2587187484375 0.043451103125 0.26177115781250004 0.0261400296875 0.2454218109375 0.0232571984375 0.24236940156250003 0.040568271875 0.2587187484375 0.043451103125
0 0.24208547500000002 0 0.23905675468749998 0.0171767296875 0.27367890156249997 0.0232815484375 0.2777840671875 0 0.24208547500000002 0
0 0.2924651328125 0.057334521875 0.29755248125 0.028482731249999997 0.258121703125 0.021530021875 0.253034353125 0.05038181093750001 0.2924651328125 0.057334521875
0 0.852108584375 0.18179707812499998 0.8555001499999999 0.1625625515625 0.83241871875 0.158492671875 0.829027153125 0.1777271984375 0.852108584375 0.18179707812499998
0 0.8460222453125 0.146016928125 0.8494138124999999 0.1267824015625 0.8301792859375 0.1233908359375 0.82678771875 0.1426253625 0.8460222453125 0.146016928125
0 0.82192451875 0.1561464484375 0.8265031328125 0.1301798375 0.7880340796875 0.1233967046875 0.783455465625 0.149363315625 0.82192451875 0.1561464484375
0 0.82233555 0.061022679687500005 0.824370490625 0.0494819625 0.8051359640625 0.046090396875 0.8031010234375 0.057631112500000005 0.82233555 0.061022679687500005
0 0.8629533781250001 0.0612433046875 0.86380126875 0.056434673437500006 0.8532222796875001 0.0545693125 0.8523743890625 0.059377943749999995 0.8629533781250001 0.0612433046875
0 0.8558903546875 0.1209829984375 0.8582644515625001 0.1075188296875 0.8371064718750001 0.10378810624999998 0.834732375 0.11725227499999999 0.8558903546875 0.1209829984375
0 0.8466099 0.10050567968749999 0.8513580921875 0.0735773421875 0.832123565625 0.0701857765625 0.8273753734374999 0.0971141140625 0.8466099 0.10050567968749999
0 0.8344677453125 0.24810045 0.8405725640625 0.213478303125 0.8107590484375 0.20822137500000001 0.8046542296875 0.24284352343750001 0.8344677453125 0.24810045
0 0.8209211359375 0.2630653 0.8238039671875 0.246715953125 0.8074546187499999 0.243833121875 0.8045717890624999 0.26018246875 0.8209211359375 0.2630653
0 0.8061651734374999 0.12461045156249999 0.813965775 0.080371040625 0.75530046875 0.0700267640625 0.7474998671875001 0.114266175 0.8061651734374999 0.12461045156249999
0 0.780675903125 0.094829503125 0.783897890625 0.076556703125 0.7665868171875 0.07350429375 0.7633648296875 0.09177709375000001 0.780675903125 0.094829503125
0 0.79513084375 0.10283225 0.797844096875 0.0874446296875 0.7853416546875 0.0852401109375 0.7826284015625 0.1006277328125 0.79513084375 0.10283225
0 0.750605975 0.2794240390625 0.7546758546875 0.2563426078125 0.7296709703125 0.251933571875 0.725601090625 0.275015003125 0.750605975 0.2794240390625
0 0.7661050828125 0.27025741875 0.7686487578125 0.255831525 0.7571080421875 0.25379658437499997 0.7545643671875 0.2682224796875 0.7661050828125 0.27025741875
0 0.643442146875 0.347295575 0.646324978125 0.330946228125 0.62997563125 0.328063396875 0.6270928 0.34441274375 0.643442146875 0.347295575
0 0.6724332953125 0.337533084375 0.6756552828125 0.319260284375 0.6612293890625 0.316716609375 0.6580074015624999 0.334989409375 0.6724332953125 0.337533084375
0 0.7108407359375 0.3081109453125 0.7135539875 0.292723325 0.6962429140624999 0.289670915625 0.6935296609375 0.3050585359375 0.7108407359375 0.3081109453125
0 0.7544913171875 0.3529937546875 0.7565262578125 0.3414530390625 0.7440238156250001 0.3392485203125 0.741988875 0.3507892375 0.7544913171875 0.3529937546875
0 0.768525834375 0.38868794218749997 0.774969809375 0.352142340625 0.738424209375 0.345698365625 0.731980234375 0.38224396562499996 0.768525834375 0.38868794218749997
0 0.7976528203125001 0.3387884859375 0.8008748078125001 0.3205156859375 0.7826020078125 0.3172936984375 0.77938001875 0.3355664984375 0.7976528203125001 0.3387884859375
0 0.839390515625 0.4591935078125 0.8419341890625001 0.4447676140625 0.8255848421875 0.4418847828125 0.8230411671875 0.4563106765625 0.839390515625 0.4591935078125
0 0.86704234375 0.3782934890625 0.870094753125 0.3609824140625 0.852783678125 0.35793000468749997 0.8497312687499999 0.3752410796875 0.86704234375 0.3782934890625
0 0.8722804875 0.21361531406249998 0.875332896875 0.19630424062500001 0.8580218234375 0.19325183125 0.8549694140625 0.2105629046875 0.8722804875 0.21361531406249998
0 0.9141226265625001 0.2715662171875 0.9166662999999999 0.257140321875 0.9032021312499999 0.25476622656250003 0.9006584578125001 0.2691921203125 0.9141226265625001 0.2715662171875
0 0.959888240625 0.27071128125 0.9642972765625 0.245706396875 0.9383306671874999 0.24112778281249997 0.9339216312499999 0.2661326671875 0.959888240625 0.27071128125
0 0.9602960546875 0.3555673453125 0.9643659343750001 0.3324859140625 0.9480165859374999 0.3296030828125 0.9439467078125 0.3526845140625 0.9602960546875 0.3555673453125
0 0.99158003125 0.358108671875 0.9934453937500001 0.34752968281249996 0.9799812250000001 0.3451555859375 0.9781158640625 0.3557345765625 0.99158003125 0.358108671875
0 0.9667529437500001 0.4117411984375 0.9686183046875 0.40116220937499997 0.9638096734375001 0.4003143171875 0.9619443125 0.4108933078125 0.9667529437500001 0.4117411984375
0 0.9904592921875001 0.434762190625 0.9935117015625 0.41745111718750005 0.9742771765624999 0.41405955156249996 0.9712247671875 0.431370625 0.9904592921875001 0.434762190625
0 0.9725268234375 0.4380457921875 0.97676628125 0.41400263437499996 0.9479144906249999 0.408915284375 0.9436750343750001 0.4329584421875 0.9725268234375 0.4380457921875
0 0.9853162 0.46955391718749995 0.9893860796875 0.4464724859375 0.9701515531249999 0.44308091875000005 0.9660816734375001 0.4661623515625 0.9853162 0.46955391718749995
0 1 0.26290965312500003 0.9845516218749999 0.26018568750000004 0.9799730078125 0.2861522984375 1 0.289683596875 1 0.26290965312500003
0 0.9058807718749999 0.3970412828125 0.9094419171875 0.3768450296875 0.8873222109375 0.372944728125 0.8837610671875 0.39314098125 0.9058807718749999 0.3970412828125
0 0.9312028109374999 0.4446420390625 0.9335769078125 0.43117787031250004 0.9153041078124999 0.4279558828125 0.9129300109375 0.44142005156249997 0.9312028109374999 0.4446420390625
0 0.938730565625 0.472247515625 0.9431396015625 0.44724263124999997 0.9162112640625001 0.44249443906249997 0.9118022281249999 0.4674993234375 0.938730565625 0.472247515625
0 0.9345225015624999 0.5186078296875001 0.9374053328124999 0.5022584812499999 0.9172090796875001 0.4986973375 0.9143262484375001 0.515046684375 0.9345225015624999 0.5186078296875001
0 0.8777873890624999 0.35391 0.8820268468749999 0.3298668421875 0.8550985093750001 0.32511865 0.8508590515625001 0.3491618078125 0.8777873890624999 0.35391
0 0.8748405968749999 0.3171959953125 0.87721469375 0.30373182656250003 0.85894189375 0.3005098390625 0.8565677968750001 0.3139740078125 0.8748405968749999 0.3171959953125
0 0.9159962046875 0.31999051562499997 0.918200721875 0.3074880734375 0.9047365546874999 0.3051139765625 0.9025320359375 0.31761641875 0.9159962046875 0.31999051562499997
0 0.9210360281250001 0.35608195 0.9234101234375001 0.34261778125000003 0.90994595625 0.3402436859375 0.9075718593750001 0.3537078546875 0.9210360281250001 0.35608195
0 0.8866705953125 0.365392625 0.890570896875 0.34327291875 0.8799919062500001 0.3414075578125 0.8760916062499999 0.3635272625 0.8866705953125 0.365392625
0 0.9090156234375 0.3623912625 0.9134246578124999 0.337386378125 0.8932284062500001 0.333825234375 0.8888193703124999 0.35883011875 0.9090156234375 0.3623912625
0 0.911134178125 0.34194064218750003 0.9158823703125 0.31501230625 0.8793367703125 0.30856832968750003 0.8745885781249999 0.33549666718750004 0.911134178125 0.34194064218750003
0 0.6215442421875 0.31120648906250004 0.6257837 0.28716332968749997 0.605587446875 0.28360218593750003 0.6013479890625 0.30764534375 0.6215442421875 0.31120648906250004
0 0.6098433390625 0.3775656046875 0.6122174359375 0.3641014359375 0.5939446359375 0.36087944843750003 0.5915705390625 0.3743436171875 0.6098433390625 0.3775656046875
0 0.581556028125 0.363653140625 0.584438859375 0.34730379375 0.575783321875 0.3457775890625 0.572900490625 0.3621269359375 0.581556028125 0.363653140625
0 0.57049735 0.37013203125 0.574567228125 0.3470506 0.5370599015625 0.34043704531249996 0.5329900234375 0.363518478125 0.57049735 0.37013203125
0 0.49422229531250006 0.24314132656249998 0.5099930765625 0.153700778125 0.471524025 0.146917646875 0.4557532421875 0.23635819531250002 0.49422229531250006 0.24314132656249998
0 0.492072346875 0.24127479218749998 0.49563349062500006 0.2210785390625 0.47928414375 0.2181957078125 0.475723 0.23839196093749998 0.492072346875 0.24127479218749998
0 0.41990913125 0.18938118125 0.42296154062499997 0.1720701078125 0.40661219375 0.16918727656250002 0.40355978437499995 0.18649834999999998 0.41990913125 0.18938118125
0 0.42032838124999994 0.1532607015625 0.423041634375 0.1378730796875 0.4076540125 0.1351598265625 0.4049407609375 0.1505474484375 0.42032838124999994 0.1532607015625
0 0.42251207187500006 0.1943024734375 0.432178034375 0.1394840734375 0.3975558875 0.1333792546875 0.3878899234375 0.1881976546875 0.42251207187500006 0.1943024734375
0 0.340536490625 0.1615028578125 0.3446063703125 0.13842142500000001 0.32344839062499997 0.134690703125 0.31937851093749997 0.15777213437499998 0.340536490625 0.1615028578125
0 0.3615527625 0.16322533749999998 0.3688446296875 0.12187110625 0.34191629218749997 0.1171229140625 0.3346244265625 0.15847714531249998 0.3615527625 0.16322533749999998
0 0.3439512328125 0.10558219843750001 0.348869003125 0.077692134375 0.3190554875 0.0724352078125 0.314137715625 0.1003252703125 0.3439512328125 0.10558219843750001
0 0.36886780625000004 0.0851849734375 0.3714114796875 0.070759078125 0.3550621328125 0.0678762484375 0.3525184578125 0.08230214218750001 0.36886780625000004 0.0851849734375
0 0.356110996875 0.0844230453125 0.35916340625 0.067111971875 0.3370437 0.0632116703125 0.333991290625 0.08052274375 0.356110996875 0.0844230453125
0 0.38121827812500003 0.21478683593749998 0.383761953125 0.20036094062499998 0.3693360578125 0.197817265625 0.366792384375 0.2122431609375 0.38121827812500003 0.21478683593749998
0 0.3724826484375 0.24745765937500003 0.37841788906249996 0.2137972375 0.3582216359375 0.21023609375 0.3522863953125 0.2438965140625 0.3724826484375 0.24745765937500003
0 0.43283904062499995 0.21446850624999997 0.43419566718749997 0.206774696875 0.423616678125 0.204909334375 0.4222600515625 0.2126031453125 0.43283904062499995 0.21446850624999997
0 0.44220898125 0.2681811265625 0.452044521875 0.212401 0.4049199328125 0.2040916625 0.395084390625 0.259871790625 0.44220898125 0.2681811265625
0 0.4426874953125 0.2514078328125 0.4450615921875 0.23794366406249998 0.4354443296875 0.23624788125 0.43307023281249996 0.24971205 0.4426874953125 0.2514078328125
0 0.43222351562499994 0.2629497234375 0.43476718906249995 0.248523828125 0.417456115625 0.24547141875 0.4149124421875 0.2598973140625 0.43222351562499994 0.2629497234375
0 0.20194463125 0.20796674375 0.20618408906250002 0.183923584375 0.18310265625 0.17985370625 0.1788631984375 0.2038968640625 0.20194463125 0.20796674375
0 0.17790499531249998 0.229014409375 0.1833315 0.1982391671875 0.158326615625 0.19383013124999998 0.1529001109375 0.22460537343750003 0.17790499531249998 0.229014409375
0 0.1349652921875 0.2110308921875 0.13920475000000002 0.186987734375 0.11804677187499998 0.1832570109375 0.1138073140625 0.20730016875 0.1349652921875 0.2110308921875
0 0.09339513125 0.2780730171875 0.0947517578125 0.27037920625 0.0793641359375 0.26766595312499997 0.07800750937499999 0.27535976406249996 0.09339513125 0.2780730171875
0 0.1919709046875 0.2870257515625 0.1950233140625 0.269714678125 0.177712240625 0.26666226875 0.17465983125 0.28397334218750003 0.1919709046875 0.2870257515625
0 0.246760259375 0.2912326421875 0.2506605609375 0.2691129359375 0.23431121250000003 0.2662301046875 0.2304109125 0.2883498109375 0.246760259375 0.2912326421875
0 0.23912688750000002 0.31765224375 0.2460795984375 0.2782214640625 0.199916734375 0.27008170625 0.192964025 0.30951248593749997 0.23912688750000002 0.31765224375
0 0.0821249140625 0.1873351078125 0.0870426859375 0.15944504531249998 0.07454024375 0.1572405265625 0.06962247187500001 0.18513059062499998 0.0821249140625 0.1873351078125
0 0.0677791125 0.15059440625 0.054314945312499995 0.148220309375 0.0482101265625 0.1828424578125 0.06167429375 0.18521655312500002 0.0677791125 0.15059440625
0 0.08111566249999999 0.2521087546875 0.0856942765625 0.22614214375000002 0.056842487500000004 0.2210547953125 0.0522638734375 0.24702140468749997 0.08111566249999999 0.2521087546875
0 0.06504385781250001 0.21109720156249998 0.043885879687500004 0.20736647812500003 0.039985578125 0.229486184375 0.061143557812500006 0.23321690624999997 0.06504385781250001 0.21109720156249998
0 0.0966253359375 0.3188035046875 0.0989994328125 0.30533933750000003 0.0768797265625 0.3014390359375 0.07450563125000001 0.3149032046875 0.0966253359375 0.3188035046875
0 0.10079291718750001 0.3879606640625 0.10316701406249999 0.3744964953125 0.085855940625 0.3714440859375 0.08348184374999999 0.3849082546875 0.10079291718750001 0.3879606640625
0 0.0804341296875 0.4359354921875 0.0828082265625 0.4224713234375 0.0674206046875 0.419758071875 0.06504650937499999 0.43322223906249996 0.0804341296875 0.4359354921875
0 0.09398778437500001 0.471544890625 0.09704019375 0.45423381718750006 0.081652571875 0.4515205640625 0.0786001625 0.4688316375 0.09398778437500001 0.471544890625
0 0.06465865312499999 0.491659875 0.067202328125 0.47723398125000005 0.0508529796875 0.47435115000000005 0.0483093046875 0.48877704531250005 0.06465865312499999 0.491659875
0 0 0.5134783328125 0.0070445578125 0.5147204796875 0.0090794984375 0.5031797640625 0 0.5015788031249999 0 0.5134783328125
0 0.1978680109375 0.385740884375 0.2007508421875 0.3693915375 0.176707684375 0.36515207968749996 0.173824853125 0.38150142656249997 0.1978680109375 0.385740884375
0 0.2017102203125 0.3527030328125 0.20544094375 0.33154505312500004 0.1910150484375 0.3290013796875 0.187284325 0.3501593578125 0.2017102203125 0.3527030328125
0 0.19346014843749998 0.419174809375 0.1956646671875 0.4066723671875 0.1822004984375 0.404298271875 0.17999598125 0.41680071406249997 0.19346014843749998 0.419174809375
0 0.1950550109375 0.4972987890625 0.196581215625 0.48864325312499995 0.1860022265625 0.4867778921875 0.184476021875 0.495433428125 0.1950550109375 0.4972987890625
0 0.193469540625 0.48660713906249997 0.19787857656250002 0.46160225468749994 0.1642181546875 0.4556670140625 0.15980911874999998 0.4806718984375 0.193469540625 0.48660713906249997
0 0.044587671875 0.37210039687499996 0.0488271296875 0.34805723906249997 0.027669149999999997 0.344326515625 0.0234296921875 0.3683696734375 0.044587671875 0.37210039687499996
0 0.0307576484375 0.3830487625 0.013446574999999999 0.379996353125 0.009376695312499999 0.403077784375 0.02668776875 0.40613019375 0.0307576484375 0.3830487625
0 0.055152876562499994 0.47808422031250003 0.059901068749999994 0.45115588281249996 0.026240648437500003 0.4452206421875 0.021492454687500002 0.47214897968749997 0.055152876562499994 0.47808422031250003
0 0.237463975 0.563282659375 0.24068596250000002 0.545009859375 0.2204897109375 0.541448715625 0.2172677234375 0.5597215156249999 0.237463975 0.563282659375
0 0.34231884218749997 0.5703676843750001 0.344014625 0.560750421875 0.32958873125 0.558206746875 0.327892946875 0.5678240109375 0.34231884218749997 0.5703676843750001
0 0.38873255156250003 0.5517777296874999 0.39348074375 0.5248493937500001 0.35693514375 0.51840541875 0.3521869515625 0.5453337546875 0.38873255156250003 0.5517777296874999
0 0.43371188906249997 0.5919366968750001 0.436085984375 0.578472528125 0.41685145781250005 0.5750809625 0.4144773625 0.58854513125 0.43371188906249997 0.5919366968750001
0 0.39821280312499996 0.5851814359375 0.40126521249999997 0.5678703625 0.3676047921875 0.561935121875 0.3645523828125 0.5792461953125 0.39821280312499996 0.5851814359375
0 0.3839309640625 0.6015040859375 0.3864746375 0.587078190625 0.35762284843750003 0.5819908421875 0.3550791734375 0.5964167375 0.3839309640625 0.6015040859375
0 0.5271489625 0.464130365625 0.5313884203125 0.44008720781250005 0.5015749046875 0.4348302796875 0.49733544687500003 0.4588734375 0.5271489625 0.464130365625
0 0.5107403500000001 0.44190034687499996 0.5139623375 0.423627546875 0.4985747171875 0.42091429375 0.49535272968750005 0.43918709375000003 0.5107403500000001 0.44190034687499996
0 0.5983991515625 0.4593402140625 0.6004340921875 0.4477994984375 0.5869699234375 0.4454254015625 0.5849349828125 0.4569661171875 0.5983991515625 0.4593402140625
0 0.6227814671874999 0.46165621874999996 0.6270209234374999 0.4376130609375 0.602977765625 0.433373603125 0.598738309375 0.45741676093750006 0.6227814671874999 0.46165621874999996
0 0.6105019984375 0.43569195625 0.6162676609375 0.4029932609375 0.5777986078125 0.396210128125 0.5720329453125 0.4289088234375 0.6105019984375 0.43569195625
0 0.62203684375 0.3955816890625 0.6235630484375 0.386926153125 0.612984059375 0.385060790625 0.6114578546875 0.393716328125 0.62203684375 0.3955816890625
0 0.6523881406250001 0.4034125109375 0.6576450687500001 0.37359899531249996 0.6364870890625001 0.36986827187500004 0.6312301625 0.3996817875 0.6523881406250001 0.4034125109375
0 0.67105349375 0.38191302656250004 0.67529295 0.35786986875000004 0.6550966984375 0.354308725 0.6508572406249999 0.3783518828125 0.67105349375 0.38191302656250004
0 0.6515285093750001 0.32393073125 0.6550896546875 0.303734478125 0.6329699484375 0.2998341765625 0.6294088046875 0.3200304296875 0.6515285093750001 0.32393073125
0 0.7986679421875 0.3161600453125 0.8030769765624999 0.2911551609375 0.7828807249999999 0.2875940171875 0.7784716890625 0.31259890156250003 0.7986679421875 0.3161600453125
0 0.79065815 0.28004073906250004 0.793710559375 0.262729665625 0.77351430625 0.2591685203125 0.770461896875 0.2764795953125 0.79065815 0.28004073906250004
0 0.764607925 0.28437202968749997 0.7669820203125 0.2709078609375 0.75640303125 0.26904249999999996 0.754028934375 0.2825066671875 0.764607925 0.28437202968749997
0 0.77578748125 0.3334455953125 0.7851142875 0.2805506484375 0.737027971875 0.2720717328125 0.727701165625 0.32496668125 0.77578748125 0.3334455953125
0 1 0.1781254984375 0.9827012187499999 0.17507525625 0.9791400734375 0.19527150937499999 1 0.1989496765625 1 0.1781254984375
0 0.9695703359375001 0.1286325015625 0.9714356984375 0.1180535125 0.948354265625 0.11398363281249999 0.9464889046874999 0.124562621875 0.9695703359375001 0.1286325015625
0 0.9322314140625 0.11262817968750001 0.936470871875 0.088585021875 0.9172363453125 0.08519345625 0.9129968875 0.1092366140625 0.9322314140625 0.11262817968750001
0 0.8992179124999999 0.0805288796875 0.9022703218749999 0.0632178046875 0.8763037109375 0.058639190625000004 0.8732513015625001 0.075950265625 0.8992179124999999 0.0805288796875
0 0.9038675312500001 0.1581998671875 0.90895488125 0.129348078125 0.888758628125 0.125786934375 0.8836712796875 0.15463872343750001 0.9038675312500001 0.1581998671875
0 0.9302871343750001 0.1658332390625 0.9362223734375 0.1321728171875 0.912179215625 0.12793336093750002 0.906243975 0.16159378124999998 0.9302871343750001 0.1658332390625
0 0.9580633625000001 0.1657728 0.9594199890624999 0.1580789890625 0.9478792734375 0.15604405 0.946522646875 0.16373785937500002 0.9580633625000001 0.1657728
0 0.978882184375 0.17142697499999998 0.9804083890624999 0.1627714375 0.9640590421875 0.15988860625 0.9625328375000001 0.16854414375 0.978882184375 0.17142697499999998
0 0.9798741312500001 0.1854846671875 0.9817394921875 0.174905678125 0.971160503125 0.1730403171875 0.969295140625 0.18361930625 0.9798741312500001 0.1854846671875
0 0.9541915390625 0.59545645 0.9897754125 0.601730846875 0.9945236046874999 0.574802509375 0.9589397312499999 0.5685281125 0.9541915390625 0.59545645
0 0.9247717484375 0.5739070921875 0.92833289375 0.5537108390625 0.9042897359375001 0.5494713828125 0.9007285906250001 0.569667634375 0.9247717484375 0.5739070921875
0 0.9028483203125001 0.5576460562500001 0.905222415625 0.5441818875 0.8850261640625 0.54062074375 0.8826520671875 0.5540849125 0.9028483203125001 0.5576460562500001
0 0.8818960078125 0.6089869265625001 0.8849484171875 0.591675853125 0.86763734375 0.58862344375 0.864584934375 0.6059345171875 0.8818960078125 0.6089869265625001
0 0.8841841421875 0.58757458125 0.8865582375000001 0.5741104125 0.8596299000000001 0.5693622203125 0.8572558046875001 0.5828263890625001 0.8841841421875 0.58757458125
0 0.789996575 0.6071611765625 0.793048984375 0.5898501031250001 0.7709292796875 0.585949803125 0.7678768703125 0.6032608765624999 0.789996575 0.6071611765625
0 0.7863820359375 0.6501554484375001 0.7899431796874999 0.6299591953125 0.77263210625 0.6269067859375 0.7690709609375 0.6471030390625 0.7863820359375 0.6501554484375001
0 0.8139050703124999 0.659966640625 0.8169574796875001 0.6426555656249999 0.79964640625 0.63960315625 0.796593996875 0.65691423125 0.8139050703124999 0.659966640625
0 0.858654390625 0.673311103125 0.8623851124999999 0.652153125 0.832571596875 0.646896196875 0.8288408734375 0.6680541765625 0.858654390625 0.673311103125
0 0.862902065625 0.708271234375 0.8656153171875 0.6928836125 0.8511894234374999 0.6903399390625 0.8484761703125001 0.705727559375 0.862902065625 0.708271234375
0 0.881253784375 0.668867153125 0.8854932421875 0.6448239953125 0.866258715625 0.641432428125 0.8620192578125 0.6654755859375 0.881253784375 0.668867153125
0 0.92730985625 0.7226029484375001 0.930023109375 0.7072153265625001 0.9050182250000001 0.702806290625 0.902304971875 0.7181939125000001 0.92730985625 0.7226029484375001
0 0.9134276124999999 0.7647783734375 0.919023696875 0.7330414046875 0.8997891703124999 0.7296498390624999 0.8941930859375 0.7613868078125 0.9134276124999999 0.7647783734375
0 0.8319419828125 0.5942289187500001 0.836181440625 0.5701857609375 0.8150234609375 0.5664550390625 0.8107840046874999 0.5904981968749999 0.8319419828125 0.5942289187500001
0 0.7979679296875 0.57038908125 0.8011899171874999 0.55211628125 0.7877257484375 0.549742184375 0.7845037609375 0.568014984375 0.7979679296875 0.57038908125
0 0.8150234609375 0.5664550390625 0.8189237625000001 0.5443353328125 0.798727509375 0.5407741890625 0.794827209375 0.5628938953125 0.8150234609375 0.5664550390625
0 0.820111984375 0.546032290625 0.8221469234375001 0.534491575 0.8134913875 0.5329653703125 0.8114564468750001 0.5445060859375 0.820111984375 0.546032290625
0 0.8371396453125 0.545068215625 0.8401920546874999 0.5277571421875 0.8257661593750001 0.5252134671875 0.8227137499999999 0.5425245421875 0.8371396453125 0.545068215625
0 0.849531775 0.5675816484375 0.8539408093749999 0.5425767640625 0.8241272937499999 0.5373198359375 0.8197182578125 0.5623247203124999 0.849531775 0.5675816484375
0 0.7942859062500001 0.5350328765625 0.79682958125 0.5206069828125 0.7833654125 0.5182328859374999 0.7808217375 0.53265878125 0.7942859062500001 0.5350328765625
0 0.797850875 0.7453907046875 0.8022599109374999 0.7203858203125 0.7811019328125 0.7166550968750001 0.776692896875 0.74165998125 0.797850875 0.7453907046875
0 0.77610289375 0.770313146875 0.7800031953125 0.7481934421875 0.762692121875 0.7451410328125 0.7587918203124999 0.7672607375 0.77610289375 0.770313146875
0 0.751722928125 0.784855225 0.7540970234375 0.7713910562499999 0.7377476765625001 0.7685082249999999 0.7353735796875001 0.78197239375 0.751722928125 0.784855225
0 0.79704494375 0.8483778624999999 0.80026693125 0.8301050609375 0.7819941312500001 0.8268830734374999 0.7787721421875 0.8451558734375 0.79704494375 0.8483778624999999
0 0.725425378125 0.8412033515624999 0.7298344140624999 0.8161984671875 0.7105998875 0.8128069015625 0.7061908515625 0.8378117859374999 0.725425378125 0.8412033515624999
0 0.722047596875 0.7563194156249999 0.72645663125 0.73131453125 0.691834484375 0.7252097125 0.6874254484375 0.750214596875 0.722047596875 0.7563194156249999
0 0.7119576875 0.81354213125 0.72060618125 0.7644940890624999 0.6725198640625 0.756015175 0.663871371875 0.8050632171875 0.7119576875 0.81354213125
0 0.644655325 0.731269353125 0.6483860484374999 0.710111375 0.6310749734375001 0.707058965625 0.6273442515625 0.72821694375 0.644655325 0.731269353125
0 0.49738005625000004 0.7791770031249999 0.5007716234374999 0.7599424765625 0.48730745468750003 0.7575683796875 0.4839158890625 0.77680290625 0.49738005625000004 0.7791770031249999
0 0.45364703281249996 0.7516331390625 0.45551239375 0.74105415 0.4430099515625 0.7388496328125 0.441144590625 0.749428621875 0.45364703281249996 0.7516331390625
0 0.472566753125 0.7286910671875 0.475788740625 0.7104182671875 0.4584776671875 0.7073658578125 0.45525567968749997 0.7256386578125 0.472566753125 0.7286910671875
0 0.46508213125 0.8076931578125001 0.47016948125 0.7788413671875001 0.431700428125 0.7720582359375 0.4266130796875 0.800910025 0.46508213125 0.8076931578125001
0 0.3929734859375 0.7414305703124999 0.39568673906249996 0.7260429484375 0.383184296875 0.72383843125 0.38047104374999996 0.7392260515625 0.3929734859375 0.7414305703124999
0 0.41748928906250005 0.6867515281250001 0.4208808546875 0.6675170015624999 0.4026080546875 0.6642950140625 0.39921648906249996 0.683529540625 0.41748928906250005 0.6867515281250001
0 0.42920310468749995 0.713111865625 0.433272984375 0.6900304328125 0.40634464687499994 0.685282240625 0.40227476875 0.7083636734375001 0.42920310468749995 0.713111865625
0 0.433817809375 0.7431785750000001 0.4367006390625 0.7268292265625 0.4174661140625 0.7234376609375001 0.4145832828125 0.7397870078125 0.433817809375 0.7431785750000001
0 0.4100847609375 0.731556590625 0.41313717031249997 0.7142455171875 0.39390264531249997 0.7108539515625 0.3908502359375 0.728165025 0.4100847609375 0.731556590625
0 0.40830536406249995 0.750083759375 0.41084903749999996 0.7356578640625 0.394499690625 0.7327750328125 0.39195601562500004 0.747200928125 0.40830536406249995 0.750083759375
0 0.3521338578125 0.7733987296875 0.3546775328125 0.7589728359375 0.330634375 0.754733378125 0.3280907 0.769159271875 0.3521338578125 0.7733987296875
0 0.330558978125 0.8226465703124999 0.331915603125 0.8149527593749999 0.317489709375 0.8124090859375 0.3161330828125 0.8201028953125 0.330558978125 0.8226465703124999
0 0.332089878125 0.8477071984375 0.335651021875 0.8275109453124999 0.3183399484375 0.8244585359375 0.3147788046875 0.8446547890625 0.332089878125 0.8477071984375
0 0.2762006125 0.8666096109374999 0.2785747078125 0.8531454437500001 0.261263634375 0.850093034375 0.2588895390625 0.8635572015624999 0.2762006125 0.8666096109374999
0 0.2803623234375 0.8936215640625 0.2823972640625 0.8820808484375 0.265086190625 0.8790284390625 0.26305125 0.8905691546875 0.2803623234375 0.8936215640625
0 0.27476506562499997 0.9169294906250001 0.277817475 0.8996184171875001 0.26146812812500003 0.8967355859374999 0.25841571874999997 0.9140466609375 0.27476506562499997 0.9169294906250001
0 0.3111642640625 0.887649059375 0.31336878281249997 0.8751466171875 0.29509598125 0.8719246296875 0.2928914640625 0.884427071875 0.3111642640625 0.887649059375
0 0.30780174374999997 0.912342659375 0.31085415312500003 0.8950315859375 0.292581353125 0.8918095984375001 0.28952894375 0.909120671875 0.30780174374999997 0.912342659375
0 0.37044979218749996 0.8832282843750001 0.372654309375 0.8707258421875 0.3486111515625 0.8664863859375 0.34640663437499997 0.878988828125 0.37044979218749996 0.8832282843750001
0 0.39694948750000003 0.856664628125 0.4022064140625 0.8268511125 0.3829718875 0.8234595468749999 0.3777149609375 0.8532730624999999 0.39694948750000003 0.856664628125
0 0.3442646 0.7308586234375001 0.3483344796875 0.7077771921875 0.3271765 0.7040464703125 0.32310662031250004 0.7271279015625 0.3442646 0.7308586234375001
0 0.3361142765625 0.7011601171875 0.3395058421875 0.681925590625 0.31834786249999997 0.6781948671875 0.31495629687500004 0.69742939375 0.3361142765625 0.7011601171875
0 0.3255945515625 0.7186419421875 0.3284773828125 0.7022925953125 0.30924285625 0.6989010296875 0.306360025 0.7152503765625 0.3255945515625 0.7186419421875
0 0.3501417484375 0.68628005625 0.3547203625 0.6603134453124999 0.333562384375 0.6565827234375 0.3289837703125 0.682549334375 0.3501417484375 0.68628005625
0 0.3819065890625 0.688906171875 0.386315625 0.6639012875 0.356502109375 0.6586443609375 0.35209307343749996 0.6836492453125 0.3819065890625 0.688906171875
0 0.3657778671875 0.6454055140625 0.36967816875000004 0.623285809375 0.34563501093750004 0.6190463515625 0.341734709375 0.64116605625 0.3657778671875 0.6454055140625
0 0.3443631734375 0.6262592984375 0.3489417875 0.6002926875 0.33355416718750003 0.5975794359375 0.328975553125 0.6235460453125 0.3443631734375 0.6262592984375
0 0.3752789484375 0.6252650046875 0.38053587499999997 0.5954514890625 0.345913728125 0.5893466703125 0.3406568015625 0.6191601859375 0.3752789484375 0.6252650046875
0 0.38984655 0.6298169203125 0.3922206453125 0.6163527531249999 0.383565109375 0.6148265484375 0.3811910125 0.628290715625 0.38984655 0.6298169203125
0 0.2886564 0.7369194390625 0.291708809375 0.719608365625 0.264780471875 0.7148601718750001 0.26172806249999997 0.732171246875 0.2886564 0.7369194390625
0 0.25802521093749997 0.7503592578125 0.262095090625 0.727277825 0.24286056406249998 0.7238862593750001 0.23879068593750002 0.7469676921875 0.25802521093749997 0.7503592578125
0 0.1800837234375 0.8437118453125001 0.1827969765625 0.828324225 0.15875381875 0.8240847671875 0.156040565625 0.8394723875000001 0.1800837234375 0.8437118453125001
0 0.24780416249999998 0.8814351015625 0.2506869921875 0.8650857546875 0.2410697296875 0.863389971875 0.23818689843750002 0.8797393187500001 0.24780416249999998 0.8814351015625
0 0.25885784218749996 0.6359730906250001 0.2620798296875 0.617700290625 0.2466922078125 0.6149870375 0.2434702203125 0.6332598375 0.25885784218749996 0.6359730906250001
0 0.28744939375 0.6003578234375 0.290501803125 0.5830467500000001 0.276075909375 0.580503075 0.2730235 0.5978141484374999 0.28744939375 0.6003578234375
0 0.3090638859375 0.6324304265625 0.3180515359375 0.58145893125 0.28439111562499997 0.5755236906250001 0.275403465625 0.6264951859375001 0.3090638859375 0.6324304265625
0 0.3253516203125 0.5991079874999999 0.329591078125 0.5750648296875001 0.309394825 0.5715036859375 0.30515536875 0.59554684375 0.3253516203125 0.5991079874999999
0 0.33519303125 0.5854730671875 0.33773670624999996 0.571047171875 0.3204256328125 0.5679947624999999 0.3178819578125 0.5824206578125 0.33519303125 0.5854730671875
0 0.1985199296875 0.5985599453125 0.2015723390625 0.5812488703125 0.17464400156249998 0.576500678125 0.1715915921875 0.5938117515625 0.1985199296875 0.5985599453125
0 0.19379960937500001 0.6225183140625 0.197360753125 0.6023220609375 0.179087953125 0.5991000734374999 0.17552680781250002 0.6192963265625 0.19379960937500001 0.6225183140625
0 0.1618918875 0.6094549140625001 0.1659617671875 0.5863734828125 0.14961241875 0.5834906515625 0.145542540625 0.606572084375 0.1618918875 0.6094549140625001
0 0.109595159375 0.63047823125 0.112477990625 0.6141288828125 0.0913200125 0.6103981609375 0.08843718125 0.6267475078125 0.109595159375 0.63047823125
0 0.097465615625 0.6655254984375001 0.10272254375 0.6357119828125 0.07002384843750001 0.6299463203125 0.0647669203125 0.6597598359375 0.097465615625 0.6655254984375001
0 0.10556254375 0.7180220234375 0.108445375 0.7016726765625 0.0892108484375 0.6982811109375 0.0863280171875 0.7146304578125 0.10556254375 0.7180220234375
0 0.13171956093749998 0.668094696875 0.1356198625 0.645974990625 0.115423609375 0.642413846875 0.1115233078125 0.6645335515624999 0.13171956093749998 0.668094696875
0 0.18133325625000002 0.6763471156249999 0.1867597609375 0.6455718734375 0.14636725625 0.638449584375 0.14094075 0.6692248265625 0.18133325625000002 0.6763471156249999
0 0 0.613136903125 0.0164494140625 0.6160373781249999 0.02187591875 0.5852621359375 0 0.5814048203125 0 0.613136903125
0 0 0.6468522390625 0.0154923828125 0.6495839640625001 0.01990141875 0.6245790796875 0 0.621069921875 0 0.6468522390625
0 0.031632540625 0.5721080781250001 0.03468495 0.5547970046875 0.0106417921875 0.550557546875 0.007589382812500001 0.5678686203125001 0.031632540625 0.5721080781250001
0 0.0350745859375 0.915322321875 0.0405010921875 0.8845470796875 0.0068406703125 0.8786118390625001 0.001414165625 0.90938708125 0.0350745859375 0.915322321875
0 0.064256140625 0.8510538890625 0.069682646875 0.8202786468750001 0.03121359375 0.8134955156249999 0.0257870875 0.8442707578125 0.064256140625 0.8510538890625
0 0.046545471875 0.822148703125 0.0485804109375 0.8106079875000001 0.0254989796875 0.806538109375 0.0234640390625 0.8180788250000001 0.046545471875 0.822148703125
0 0.059780796875 0.8061373390625001 0.06402025312500001 0.78209418125 0.0322832859375 0.7764980968749999 0.028043828124999996 0.8005412546875 0.059780796875 0.8061373390625001
0 0.0473074 0.80939189375 0.0491727609375 0.7988129046875 0.0357085921875 0.7964388078125 0.03384323125 0.8070177984375 0.0473074 0.80939189375
0 0.05225186875 0.770102821875 0.055473856249999995 0.751830021875 0.032392425 0.7477601421875 0.0291704359375 0.7660329421875 0.05225186875 0.770102821875
0 0.0465058609375 0.7408282609375 0.0502365828125 0.71967028125 0.014652709375 0.713395884375 0.0109219859375 0.7345538625 0.0465058609375 0.7408282609375
0 0.05810349375 0.7453523046874999 0.0603080109375 0.7328498625 0.0372265796875 0.7287799828125 0.0350220625 0.741282425 0.05810349375 0.7453523046874999
0 0.8329298390625001 0.985104359375 0.8361518265625 0.966831559375 0.8178790265625 0.963609571875 0.8146570390625 0.981882371875 0.8329298390625001 0.985104359375
0 0.7960921859375001 1 0.7968674499999999 0.9956032562500001 0.7814798296875 0.9928900031250001 0.78022614375 1 0.7960921859375001 1
0 0.7385777874999999 1 0.7401546421874999 0.991057209375 0.724767021875 0.9883439562499999 0.7227117468750001 1 0.7385777874999999 1
0 0.6950940390625 0.9766662296874999 0.6984856046875 0.957431703125 0.677327625 0.9537009812499999 0.673936059375 0.9729355078124999 0.6950940390625 0.9766662296874999
0 0.6314820125 1 0.6331510015624999 0.9905346906249999 0.61872510625 0.987991015625 0.6166076 1 0.6314820125 1
0 0.6450308734375 0.990646178125 0.6463875 0.9829523671875 0.6386936890625 0.981595740625 0.6373370640625 0.9892895515625 0.6450308734375 0.990646178125
0 0.6545249109375 0.9199314203125001 0.6577468984375 0.9016586203125 0.633703740625 0.8974191640625 0.630481753125 0.9156919640625001 0.6545249109375 0.9199314203125001
0 0.4913427203125 0.8921496250000001 0.4935472390625 0.8796471828125 0.4800830703125 0.8772730875000001 0.47787855312499994 0.8897755296875 0.4913427203125 0.8921496250000001
0 0.4794593265625 0.866751015625 0.48098553125 0.858095478125 0.4704065421875 0.8562301171875 0.4688803375 0.8648856546875001 0.4794593265625 0.866751015625
0 0.54090419375 0.9316291046874999 0.549383109375 0.8835427890625001 0.5157226875 0.8776075484374999 0.5072437734374999 0.9256938640625 0.54090419375 0.9316291046874999
0 0.5662411921875 0.8835404406249999 0.5686152875 0.8700762718749999 0.5464955828125 0.866175971875 0.5441214859375 0.8796401406250001 0.5662411921875 0.8835404406249999
0 0.5064492765625 0.9077044765625001 0.5086537953125 0.895202034375 0.4903809953125 0.8919800468749999 0.4881764765625 0.9044824890625 0.5064492765625 0.9077044765625001
0 0.5788829921875001 0.87089511875 0.582613715625 0.8497371390625 0.565302640625 0.8466847296875001 0.56157191875 0.8678427093750001 0.5788829921875001 0.87089511875
0 0.553340328125 0.8639121875000001 0.5563927375 0.8466011140624999 0.5400433890625 0.8437182828124999 0.5369909796875 0.8610293578125001 0.553340328125 0.8639121875000001
0 0.539196671875 0.85695595625 0.542418659375 0.8386831562499999 0.5164520484375 0.8341045421875 0.5132300609375 0.8523773421874999 0.539196671875 0.85695595625
0 0.5214663484375001 0.8900240265624999 0.5279103234375 0.8534784265625 0.48847954375 0.8465257171875 0.48203556875000003 0.8830713171875001 0.5214663484375001 0.8900240265624999
0 0.53724886875 0.884873890625 0.53979254375 0.8704479968750001 0.5263283750000001 0.8680739000000001 0.5237847 0.8824997953124999 0.53724886875 0.884873890625
0 0.49159004531250006 0.8401327890625 0.49430329687499996 0.82474516875 0.47795395 0.8218623375 0.475240696875 0.8372499578125 0.49159004531250006 0.8401327890625
0 0.4835303796875 0.852098625 0.484717428125 0.8453665406249999 0.47606189062500004 0.8438403359375 0.47487484375 0.8505724203125 0.4835303796875 0.852098625
0 0.41469155 0.90788696875 0.41859185156249995 0.8857672640625 0.4003190515625 0.8825452765625 0.39641875 0.90466498125 0.41469155 0.90788696875
0 0.3956823453125 0.8975937406250001 0.3982260203125 0.8831678453125 0.380914946875 0.8801154359375 0.37837127187499997 0.8945413312499999 0.3956823453125 0.8975937406250001
0 0.41788331875000007 0.8757260546875001 0.4202574140625 0.8622618859375001 0.40198461406249997 0.8590398984375 0.39961051875 0.8725040671875 0.41788331875000007 0.8757260546875001
0 0.53361789375 0.8098615859375 0.5380269296875 0.7848567015625 0.5110985921875 0.780108509375 0.5066895578125 0.8051133937499999 0.53361789375 0.8098615859375
0 0.5480681390625 0.78414816875 0.549763921875 0.77453090625 0.5372614796875 0.7723263874999999 0.535565696875 0.7819436515625 0.5480681390625 0.78414816875
0 0.5667672328125 0.8018239234375001 0.5696500640625 0.7854745750000001 0.5494538109375 0.78191343125 0.5465709796875 0.798262778125 0.5667672328125 0.8018239234375001
0 0.570753496875 0.7876523953125 0.574314640625 0.76745614375 0.5598887453125 0.76491246875 0.5563276015625 0.785108721875 0.570753496875 0.7876523953125
0 0.1696904453125 0.7536243781249999 0.1734211671875 0.7324663984375 0.1503397359375 0.7283965203125 0.1466090125 0.7495544984375 0.1696904453125 0.7536243781249999
0 0.1889493203125 0.728758853125 0.1909842609375 0.7172181359375001 0.1755966390625 0.7145048843749999 0.17356169999999999 0.7260456 0.1889493203125 0.728758853125
0 0.199809375 0.717782615625 0.20235305 0.7033567203125 0.186003703125 0.7004738890625 0.183460028125 0.714899784375 0.199809375 0.717782615625
0 0.23405745156250002 0.6782066078125 0.2359228125 0.6676276171875 0.21861173906250003 0.6645752078125 0.216746378125 0.6751541984375 0.23405745156250002 0.6782066078125
0 0.24933006406249997 0.667512609375 0.25204331562500004 0.6521249874999999 0.2347322421875 0.649072578125 0.23201898906250001 0.6644602 0.24933006406249997 0.667512609375
0 0.23312829218750003 0.708783225 0.237537328125 0.683778340625 0.21541762343749998 0.679878040625 0.2110085875 0.7048829249999999 0.23312829218750003 0.708783225
0 0.182731840625 0.76683183125 0.1868017203125 0.7437503999999999 0.1771844578125 0.7420546171875 0.173114578125 0.7651360484375 0.182731840625 0.76683183125
0 0.20730925781249998 0.748358059375 0.2107008234375 0.7291235328125001 0.1837724875 0.724375340625 0.1803809203125 0.7436098671875 0.20730925781249998 0.748358059375
0 0.19639815625 0.7989903984375 0.200128878125 0.77783241875 0.181856078125 0.77461043125 0.17812535625 0.795768409375 0.19639815625 0.7989903984375
0 0.203097671875 0.7694312484375 0.2064892390625 0.7501967234375 0.18629298593750002 0.746635578125 0.1829014203125 0.7658701046874999 0.203097671875 0.7694312484375
0 0.211223646875 0.8273868484375001 0.2171588859375 0.7937264265625 0.1998478125 0.7906740171875 0.193912571875 0.8243344390624999 0.211223646875 0.8273868484375001
0 0.23342579218749998 0.8139482031249999 0.23512157656250002 0.804330940625 0.2168487765625 0.8011089531250001 0.2151529921875 0.810726215625 0.23342579218749998 0.8139482031249999
0 0.2428432578125 0.8027175984375001 0.249965546875 0.7623250921875 0.231692746875 0.7591031046875 0.22457045781249999 0.7994956109375 0.2428432578125 0.8027175984375001
0 0.222729446875 0.7818175093749999 0.2271384828125 0.756812625 0.2069422296875 0.7532514796875 0.20253319374999998 0.7782563640625 0.222729446875 0.7818175093749999
0 0.2002081 0.94047330625 0.20241261875 0.9279708640625 0.1879867234375 0.9254271890625001 0.18578220625 0.93792963125 0.2002081 0.94047330625
0 0.21763183593750002 0.940074884375 0.22000593125 0.926610715625 0.203656584375 0.923727884375 0.20128248750000002 0.937192053125 0.21763183593750002 0.940074884375
0 0.22517572187499998 0.8804199796875001 0.2273802390625 0.8679175375 0.20526053437499997 0.8640172375 0.203056015625 0.8765196796874999 0.22517572187499998 0.8804199796875001
0 0.22962202031249998 0.9198774578125001 0.2369138875 0.878523225 0.2013300140625 0.8722488281249999 0.194038146875 0.9136030609375 0.22962202031249998 0.9198774578125001
0 0.16827485625 0.9472379578125001 0.1708185296875 0.9328120625 0.148698825 0.9289117625 0.14615514999999998 0.94333765625 0.16827485625 0.9472379578125001
0 0.1479322 0.9079524062500001 0.1518325015625 0.8858327015624999 0.13259797499999998 0.8824411359375001 0.128697675 0.9045608406250001 0.1479322 0.9079524062500001
0 0.13234478125 0.892312765625 0.137601709375 0.8624992499999999 0.110673371875 0.8577510578125 0.10541644531250001 0.8875645734375001 0.13234478125 0.892312765625
0 0.173640921875 0.8886864875 0.17771080156250002 0.8656050546875 0.15366764375 0.8613655984375 0.1495977640625 0.8844470296875 0.173640921875 0.8886864875
0 0.1732471953125 0.9049789171875 0.1766387625 0.885744390625 0.149710425 0.8809961984375001 0.146318859375 0.9002307249999999 0.1732471953125 0.9049789171875
0 0.0901995765625 0.8923186359375 0.09342156406249999 0.8740458359375 0.0741870375 0.8706542703125001 0.07096505 0.8889270703125 0.0901995765625 0.8923186359375
0 0.0777842703125 0.9064913375 0.08032794531250001 0.8920654421875 0.0582082390625 0.8881651421875001 0.055664565624999995 0.9025910359375 0.0777842703125 0.9064913375
0 0.09651006250000001 0.9127680828125 0.0988841578125 0.8993039140624999 0.074841 0.8950644562500001 0.0724669046875 0.908528625 0.09651006250000001 0.9127680828125
0 0.0661018484375 0.90244815625 0.061184078125 0.93033821875 0.112155571875 0.9393258687499999 0.11707334375 0.9114358062499999 0.0661018484375 0.90244815625
0 0.1408456984375 0.7991112765625 0.1464417828125 0.7673743078124999 0.10989618281249999 0.7609303328125 0.10430009843750002 0.7926673015625 0.1408456984375 0.7991112765625
0 0.10155545156250001 0.7857377671875 0.10392954843749999 0.7722735984375 0.079886390625 0.768034140625 0.07751229375 0.7814983093750001 0.10155545156250001 0.7857377671875
0 0.090560734375 0.8452800093749999 0.0948001921875 0.8212368515625 0.080374296875 0.8186931765625 0.0761348390625 0.8427363343750001 0.090560734375 0.8452800093749999
0 0.08119196875 0.7999964312500001 0.0850922703125 0.7778767249999999 0.06585774375 0.774485159375 0.0619574421875 0.796604865625 0.08119196875 0.7999964312500001
0 0.11216700937499999 0.818349325 0.11589773125 0.7971913453125 0.1014718375 0.7946476703124999 0.0977411140625 0.81580565 0.11216700937499999 0.818349325
0 0.0982788953125 0.8183795437500001 0.10268793125 0.793374659375 0.073836140625 0.7882873109374999 0.06942710468749999 0.8132921953125001 0.0982788953125 0.8183795437500001
0 0.28540684375 0.9634291640624999 0.2906637703125 0.933615646875 0.2541181703125 0.9271716718749999 0.2488612421875 0.9569851875 0.28540684375 0.9634291640624999
0 0.3009616953125 0.9483226078125 0.3021487421875 0.9415905234374999 0.2983018375 0.940912209375 0.2971147890625 0.94764429375 0.3009616953125 0.9483226078125
0 0.35473475312499997 0.9667288968750001 0.36457029531249996 0.9109487703125 0.30975189375 0.90128280625 0.299916353125 0.9570629328125 0.35473475312499997 0.9667288968750001
0 0.36714536249999996 0.91884003125 0.37070650625 0.8986437781250001 0.3437781703125 0.8938955859375 0.340217025 0.9140918375 0.36714536249999996 0.91884003125
0 0.33235950625 0.95584214375 0.3352423375 0.939492796875 0.314084359375 0.9357620734375001 0.311201528125 0.952111421875 0.33235950625 0.95584214375
0 0.6265127953125 0.8510321515625 0.6287173125 0.8385297093749999 0.6085210609375 0.8349685656249999 0.6063165421875001 0.8474710078125 0.6265127953125 0.8510321515625
0 0.637604040625 0.8752994578125 0.6416739203125 0.8522180265625 0.6234011203125001 0.8489960390625001 0.619331240625 0.8720774703125 0.637604040625 0.8752994578125
0 0.6792149890625 0.8980068171875001 0.6851502296875001 0.864346396875 0.6534132609375 0.8587503125 0.6474780203125 0.8924107343750001 0.6792149890625 0.8980068171875001
0 0.7192149421875 0.929850578125 0.7229456640625 0.9086925984375 0.694093875 0.90360525 0.6903631515625 0.924763228125 0.7192149421875 0.929850578125
0 0.771294565625 0.9747322125 0.7787560109375 0.9324162546875 0.7499042203124999 0.9273289046875 0.7424427765625 0.9696448625 0.771294565625 0.9747322125
0 0.7943096875 0.90888065625 0.7963446281250001 0.897339940625 0.7771101015624999 0.8939483750000001 0.7750751625000001 0.9054890906249999 0.7943096875 0.90888065625
0 0.7933224375 0.9285391296875 0.79552695625 0.9160366874999999 0.7676368921875001 0.9111189156249999 0.7654323749999999 0.9236213578125 0.7933224375 0.9285391296875
0 0.8548124828124999 0.9116159125 0.86430886875 0.8577592375 0.8094904671875 0.8480932749999999 0.7999940828125001 0.9019499484375 0.8548124828124999 0.9116159125
0 0.84296165625 0.9169634984374999 0.845674909375 0.9015758765624999 0.8360576468750001 0.89988009375 0.83334439375 0.915267715625 0.84296165625 0.9169634984374999
0 0.8670617328124999 0.9236920609375 0.8714707671875 0.8986871765625001 0.8387720734374999 0.8929215140625001 0.8343630375 0.9179263984375 0.8670617328124999 0.9236920609375
0 0.8700921390625 0.9514961609375 0.8722966578125 0.9389937187499999 0.8549855828125 0.935941309375 0.8527810656250001 0.9484437515625 0.8700921390625 0.9514961609375
0 0.906439115625 0.9534427890625 0.9113568859375001 0.9255527265625 0.882505096875 0.9204653765625 0.8775873265625 0.9483554406250001 0.906439115625 0.9534427890625
0 0.9026816953125 0.985999778125 0.9064124171874999 0.9648417984375 0.87948408125 0.9600936062500001 0.8757533578125001 0.981251584375 0.9026816953125 0.985999778125
0 0.861539603125 1 0.863732953125 0.987560896875 0.8464218796875 0.9845084875 0.8436903078125001 1 0.861539603125 1
0 0.9041066750000001 0.8598185265625 0.9081765546874999 0.8367370953125001 0.8831716703125 0.8323280593750001 0.8791017906249999 0.8554094921875001 0.9041066750000001 0.8598185265625
0 0.9268140359375 0.8182075796875001 0.9300360234375 0.7999347796875 0.9117632234374999 0.7967127921875 0.9085412359375 0.8149855921875 0.9268140359375 0.8182075796875001
0 0.9394059625000001 0.8536474000000001 0.9419496374999999 0.8392215046875 0.9294471953125001 0.8370169875 0.9269035203125 0.85144288125 0.9394059625000001 0.8536474000000001
0 0.9490590125 0.7061095468749999 0.952789734375 0.6849515671875 0.9364403875 0.6820687359375001 0.9327096640624999 0.7032267156249999 0.9490590125 0.7061095468749999
0 0.24566886875 0.5786121890625 0.248042965625 0.565148021875 0.2403491546875 0.5637913953125 0.2379750578125 0.5772555625 0.24566886875 0.5786121890625
0 0.2572629796875 0.5578491109375 0.26082412499999996 0.5376528578124999 0.24639822968749997 0.5351091828125 0.24283708593750003 0.5553054359375 0.2572629796875 0.5578491109375
0 0.267617821875 0.575045175 0.27067023125 0.5577341015624999 0.245665346875 0.553325065625 0.2426129375 0.570636140625 0.267617821875 0.575045175
0 0.6248674546874999 0.41045940156249994 0.62690239375 0.3989186859375 0.6124764984375 0.3963750109375 0.610441559375 0.40791572656249997 0.6248674546874999 0.41045940156249994
0 0.5864506234375 0.372449209375 0.58814640625 0.362831946875 0.57949086875 0.3613057421875 0.5777950859375001 0.3709230046875 0.5864506234375 0.372449209375
0 0.3108078015625 0.9684038515625 0.30979033125 0.974174209375 0.3261396796875 0.977057040625 0.3271571484375 0.9712866828125 0.3108078015625 0.9684038515625