0 0.6904296875 0.0703125 0.572265625 0.0703125 0.572265625 0.1767578125 0.6904296875 0.1767578125 0.6904296875 0.0703125
0 0.82080078125 0.1337890625 0.69873046875 0.1337890625 0.69873046875 0.240234375 0.82080078125 0.240234375 0.82080078125 0.1337890625
0 0.927734375 0.16357421875 0.8212890625 0.16357421875 0.8212890625 0.25341796875 0.927734375 0.25341796875 0.927734375 0.16357421875
0 0.99755859375 0.23388671875 0.87744140625 0.23388671875 0.87744140625 0.35205078125 0.99755859375 0.35205078125 0.99755859375 0.23388671875
0 0.82080078125 0.296875 0.68896484375 0.296875 0.68896484375 0.4375 0.82080078125 0.4375 0.82080078125 0.296875
0 0.69384765625 0.21337890625 0.57373046875 0.21337890625 0.57373046875 0.32373046875 0.69384765625 0.32373046875 0.69384765625 0.21337890625
0 0.60205078125 0.16552734375 0.48681640625 0.16552734375 0.48681640625 0.29052734375 0.60205078125 0.29052734375 0.60205078125 0.16552734375
0 0.4990234375 0.2421875 0.38671875 0.2421875 0.38671875 0.380859375 0.4990234375 0.380859375 0.4990234375 0.2421875
0 0.64892578125 0.2919921875 0.49560546875 0.2919921875 0.49560546875 0.4306640625 0.64892578125 0.4306640625 0.64892578125 0.2919921875
0 0.708984375 0.43212890625 0.5634765625 0.43212890625 0.5634765625 0.57763671875 0.708984375 0.57763671875 0.708984375 0.43212890625
0 0.89453125 0.40087890625 0.7373046875 0.40087890625 0.7373046875 0.57763671875 0.89453125 0.57763671875 0.89453125 0.40087890625
0 0.77587890625 0.55419921875 0.67431640625 0.55419921875 0.67431640625 0.65771484375 0.77587890625 0.65771484375 0.77587890625 0.55419921875
0 0.90087890625 0.58251953125 0.76708984375 0.58251953125 0.76708984375 0.74462890625 0.90087890625 0.74462890625 0.90087890625 0.58251953125
0 1 0.458984375 0.89453125 0.458984375 0.89453125 0.6279296875 1 0.6279296875 1 0.458984375
0 1 0.66943359375 0.951171875 0.66943359375 0.951171875 0.78955078125 1 0.78955078125 1 0.66943359375
0 1 0.7998046875 0.9111328125 0.7998046875 0.9111328125 0.9619140625 1 0.9619140625 1 0.7998046875
0 0.78076171875 0 0.78076171875 0.1181640625 0.95263671875 0.1181640625 0.95263671875 0 0.78076171875 0
0 0.37353515625 0 0.37353515625 0.0302734375 0.47216796875 0.0302734375 0.47216796875 0 0.37353515625 0
0 0.01123046875 0 0.01123046875 0.0732421875 0.12939453125 0.0732421875 0.12939453125 0 0.01123046875 0
0 0.11279296875 0.0869140625 0.00634765625 0.0869140625 0.00634765625 0.2216796875 0.11279296875 0.2216796875 0.11279296875 0.0869140625
0 0 0.42236328125 0.04296875 0.42236328125 0.04296875 0.32861328125 0 0.32861328125 0 0.42236328125
0 0 0.7578125 0.04296875 0.7578125 0.04296875 0.65625 0 0.65625 0 0.7578125
0 0.11767578125 1 0.11767578125 0.830078125 0.02294921875 0.830078125 0.02294921875 1 0.11767578125 1
0 0.33837890625 0.67578125 0.15673828125 0.67578125 0.15673828125 0.83984375 0.33837890625 0.83984375 0.33837890625 0.67578125
0 0.46533203125 0.6025390625 0.32861328125 0.6025390625 0.32861328125 0.7412109375 0.46533203125 0.7412109375 0.46533203125 0.6025390625
0 0.4267578125 0.45703125 0.3232421875 0.45703125 0.3232421875 0.5859375 0.4267578125 0.5859375 0.4267578125 0.45703125
0 0.38037109375 0.37060546875 0.26513671875 0.37060546875 0.26513671875 0.49951171875 0.38037109375 0.49951171875 0.38037109375 0.37060546875
0 0.37158203125 0.251953125 0.26318359375 0.251953125 0.26318359375 0.37890625 0.37158203125 0.37890625 0.37158203125 0.251953125
0 0.34521484375 0.10009765625 0.21630859375 0.10009765625 0.21630859375 0.24169921875 0.34521484375 0.24169921875 0.34521484375 0.10009765625
0 0.5068359375 0.05517578125 0.3466796875 0.05517578125 0.3466796875 0.18994140625 0.5068359375 0.18994140625 0.5068359375 0.05517578125
0 0.62890625 0.611328125 0.52734375 0.611328125 0.52734375 0.712890625 0.62890625 0.712890625 0.62890625 0.611328125
0 0.55908203125 0.4423828125 0.44873046875 0.4423828125 0.44873046875 0.572265625 0.55908203125 0.572265625 0.55908203125 0.4423828125
0 0.25 0.26220703125 0.11328125 0.26220703125 0.11328125 0.40576171875 0.25 0.40576171875 0.25 0.26220703125
0 0.18017578125 0.400390625 0.06298828125 0.400390625 0.06298828125 0.5244140625 0.18017578125 0.5244140625 0.18017578125 0.400390625
0 0.31689453125 0.45068359375 0.15966796875 0.45068359375 0.15966796875 0.59228515625 0.31689453125 0.59228515625 0.31689453125 0.45068359375
0 0.1533203125 0.50732421875 0.0009765625 0.50732421875 0.0009765625 0.66455078125 0.1533203125 0.66455078125 0.1533203125 0.50732421875
0 0.5908203125 0.734375 0.38671875 0.734375 0.38671875 0.8681640625 0.5908203125 0.8681640625 0.5908203125 0.734375
0 0.7421875 0.64599609375 0.6005859375 0.64599609375 0.6005859375 0.78955078125 0.7421875 0.78955078125 0.7421875 0.64599609375
0 0.89111328125 0.74755859375 0.72412109375 0.74755859375 0.72412109375 0.90478515625 0.89111328125 0.90478515625 0.89111328125 0.74755859375
0 0.8525390625 1 0.8525390625 0.9111328125 0.685546875 0.9111328125 0.685546875 1 0.8525390625 1
0 0.6875 1 0.6875 0.9384765625 0.5869140625 0.9384765625 0.5869140625 1 0.6875 1
0 0.4736328125 1 0.4736328125 0.9599609375 0.373046875 0.9599609375 0.373046875 1 0.4736328125 1
0 0.4521484375 0.802734375 0.259765625 0.802734375 0.259765625 0.9716796875 0.4521484375 0.9716796875 0.4521484375 0.802734375
0 0.259765625 0.82958984375 0.11328125 0.82958984375 0.11328125 0.99365234375 0.259765625 0.99365234375 0.259765625 0.82958984375