0 1 0.6100193859374999 0.96954018125 0.5612734859375 0.7682943921875001 0.6870258109375 0.8723117484375 0.8534883765625001 1 0.7736999015625 1 0.6100193859374999
0 0.520783909375 0.7415034234375 0.6170387749999999 0.895543409375 0.7876422 0.7889385578125 0.691387334375 0.634898571875 0.520783909375 0.7415034234375
0 0.7359818359375 0.8546142375000001 0.7722067859374999 0.912586275 0.81444355625 0.8861938125 0.7782186062500001 0.8282217734374999 0.7359818359375 0.8546142375000001
0 0.550513296875 0.5237097765625001 0.5784582578124999 0.5684310625 0.620695028125 0.5420385999999999 0.5927500671875 0.49731731406249996 0.550513296875 0.5237097765625001
0 0.39426700625 0 0.47736460625 0.1329839578125 0.611528465625 0.0491490734375 0.5808167156249999 0 0.39426700625 0
0 0 0.34114505 0.026013912500000003 0.38277601250000004 0.1477551921875 0.30670361874999996 0.0892777734375 0.21312018593749998 0 0.26890713125 0 0.34114505
0 0.1359500625 0.35323269062499996 0.20011997343750001 0.4559260140625 0.270514590625 0.41193857500000003 0.2063446796875 0.3092452515625 0.1359500625 0.35323269062499996
0 0.21827311875 0.6029196140625 0.26329555625 0.674970575 0.3328620015625 0.6315006359375 0.2878395640625 0.559449675 0.21827311875 0.6029196140625
0 0.27240414999999996 0.6830973921875 0.3541690359375 0.8139485625 0.424563653125 0.7699611234375 0.3427987671875 0.639109953125 0.27240414999999996 0.6830973921875
0 0.0972470765625 0.77872918125 0.1443395109375 0.8540928296875 0.21224961250000002 0.8116578890625 0.165157178125 0.736294240625 0.0972470765625 0.77872918125
0 0.19770684375 0.7994417031250001 0.1256558828125 0.844464140625 0.2063857703125 0.97365896875 0.27843673281250003 0.9286365312499999 0.19770684375 0.7994417031250001
0 0.399837921875 0.6161348890625 0.417432896875 0.6442927359375 0.45221611875 0.622557765625 0.43462114375 0.59439991875 0.399837921875 0.6161348890625
0 1 0.43917712187499997 0.9592494765625 0.464640875 1 0.5298553453125 1 0.43917712187499997