0 0.53642295625 0.6478498390625 0.5157395593749999 0.7542566921875 0.6374843375 0.7779214796875 0.658167734375 0.6715146265625 0.53642295625 0.6478498390625
0 0.437439325 0.530120159375 0.4294268375 0.57134083125 0.48310957343750005 0.5817756984375 0.49112206093750005 0.540555025 0.437439325 0.530120159375
0 0.3530471625 0.4012990046875 0.3418669484375 0.4588162234375 0.399384165625 0.46999643750000003 0.41056437968750004 0.41247922031249995 0.3530471625 0.4012990046875
0 0.537571609375 0.27600275937499996 0.5293727859375 0.31818205312500003 0.57346931875 0.32675355 0.58166814375 0.2845742578125 0.537571609375 0.27600275937499996
0 0.7912242734375 0.396438940625 0.7830254484375 0.4386182328125 0.824246121875 0.4466307203125 0.8324449453125 0.4044514265625 0.7912242734375 0.396438940625
0 0.863279090625 0.3865688046875 0.8453907468749999 0.47859635312500004 0.94029415625 0.4970437078125 0.9581825 0.405016159375 0.863279090625 0.3865688046875
0 0.9041540250000001 0.401477971875 0.8991229281249999 0.42736071875 0.9403436 0.43537320625 0.945374696875 0.4094904578125 0.9041540250000001 0.401477971875
0 0.8474620421875001 0.17109583125 0.8325550906249999 0.24778545468750002 0.9207481578125 0.26492845 0.9356551109375 0.1882388265625 0.8474620421875001 0.17109583125
0 1 0.2484985515625 0.9660143703124999 0.2418924140625 0.9542751453125 0.30228549375 1 0.3111735046875 1 0.2484985515625
0 0.2537842125 0.072608840625 0.24334934531250002 0.1262915765625 0.305659665625 0.138403475 0.3160945328125 0.0847207390625 0.2537842125 0.072608840625
0 0.1333816078125 0.438685009375 0.11754297031250001 0.520167734375 0.1654739859375 0.5294845796875001 0.18131262343750001 0.4480018546875 0.1333816078125 0.438685009375
0 0.31000554999999996 0.6585549828125 0.299198009375 0.714154959375 0.36342556875 0.7266395328125 0.374233109375 0.67103955625 0.31000554999999996 0.6585549828125
0 0.3350588234375 0.5987602125 0.329655053125 0.6265602 0.35937228125 0.63233664375 0.3647760515625 0.60453665625 0.3350588234375 0.5987602125
0 0.2732084375 0.9195118687500001 0.26463693906249997 0.9636084031250001 0.318319675 0.9740432703125 0.3268911734375 0.9299467359375001 0.2732084375 0.9195118687500001
0 0.8688833953125 0.8030040906250001 0.8584485296875 0.8566868265625001 0.9006278218749999 0.8648856500000001 0.9110626890625 0.8112029140624999 0.8688833953125 0.8030040906250001
0 0.9047645062499999 0.5851447125 0.895820334375 0.6311584875 0.9332065249999999 0.6384256265625 0.942150696875 0.592411853125 0.9047645062499999 0.5851447125
0 0.9509387874999999 0.6060581703125 0.9873663593750001 0.6131389734375 0.993142803125 0.58342174375 0.9567152312499999 0.5763409421875 0.9509387874999999 0.6060581703125
0 0.9484691765625 0.716005425 0.9666829625 0.7195458265625 0.975627134375 0.6735320515625001 0.9574133484375 0.6699916499999999 0.9484691765625 0.716005425
0 0.5659549562499999 0.6724922484375 0.551048003125 0.7491818718750001 0.6200686640625 0.7625981296875 0.6349756171875 0.68590850625 0.5659549562499999 0.6724922484375
0 0.38269170625000004 0.092691715625 0.37821962187499997 0.115698603125 0.41081271093750005 0.12203405781250001 0.415284796875 0.0990271703125 0.38269170625000004 0.092691715625
0 0.8735196859375 0.4208916921875 0.8694202734375001 0.44198133906250003 0.8905099203125 0.44608074999999997 0.8946093312500001 0.4249911046875 0.8735196859375 0.4208916921875