0 0.474892625 0.45116944999999997 0.4809281140625 0.469744771875 0.5134349281249999 0.4591826671875 0.5073994390625 0.4406073453125 0.474892625 0.45116944999999997
0 0.45304765312499995 0.3997386515625 0.46572217812499994 0.4387468296875 0.4898700984375 0.4309006953125 0.477195571875 0.39189251718749996 0.45304765312499995 0.3997386515625
0 0.45732364375 0.5077054765625 0.4630573578125 0.525352034375 0.477917615625 0.52052364375 0.4721839015625 0.5028770859375 0.45732364375 0.5077054765625
0 0.39527660937500003 0.44315324843750004 0.40553694062499995 0.47473129687500004 0.458476609375 0.4575301546875 0.44821627968750005 0.42595210625 0.39527660937500003 0.44315324843750004
0 0.3714686125 0.40622232656249996 0.379314746875 0.43037024687500003 0.3988188359375 0.424032984375 0.3909727015625 0.3998850640625 0.3714686125 0.40622232656249996
0 0.32849048281250004 0.4129990375 0.3345259703125 0.43157436093749996 0.35217252656250003 0.42584064687499995 0.3461370390625 0.407265325 0.32849048281250004 0.4129990375
0 0.37111696875 0.45254341875000004 0.3765489078125 0.46926120937500004 0.389551634375 0.46503636718749997 0.3841196953125 0.44831857656249996 0.37111696875 0.45254341875000004
0 0.3832318484375 0.5245916312500001 0.39168153125 0.5505970828125 0.4167582171875 0.5424491734375 0.40830853281249996 0.516443721875 0.3832318484375 0.5245916312500001
0 0.37880625 0.5583743796875 0.38303109218750003 0.57137710625 0.4016064140625 0.5653416171875 0.397381571875 0.5523388921875 0.37880625 0.5583743796875
0 0.3352158328125 0.5237638828125 0.340949546875 0.5414104390625 0.360453634375 0.5350731765625001 0.354719921875 0.5174266203125 0.3352158328125 0.5237638828125
0 0.315691284375 0.49211550624999995 0.3211232234375 0.508833296875 0.33598348125 0.5040049062499999 0.3305515421875 0.48728711562499993 0.315691284375 0.49211550624999995
0 0.33849443125 0.45800903125000003 0.3472458890625 0.4849432484375 0.371393809375 0.4770971140625 0.3626423515625 0.45016289687500005 0.33849443125 0.45800903125000003
0 0.3050837859375 0.44524798125 0.31413701875 0.47311096406250003 0.3540739609375 0.46013466562499994 0.34502072968749997 0.43227168125000004 0.3050837859375 0.44524798125
0 0.271996865625 0.4508644796875 0.28497316562499997 0.4908014234375 0.32119504375 0.479032221875 0.30821874375 0.43909527812500004 0.271996865625 0.4508644796875
0 0.2576610890625 0.42728494531249994 0.2612823828125 0.43843013906249995 0.27057004375 0.43541239374999996 0.26694874999999996 0.4242672015625 0.2576610890625 0.42728494531249994
0 0.2330794765625 0.4922604265625 0.2394167390625 0.511764515625 0.2617071265625 0.5045219296875 0.2553698625 0.48501784062500003 0.2330794765625 0.4922604265625
0 0.26189019375 0.541427915625 0.2676239078125 0.559074471875 0.2843416984375 0.5536425328125001 0.278607984375 0.5359959765625 0.26189019375 0.541427915625
0 0.27337808125 0.61470666875 0.27760292343750004 0.62770939375 0.29246318125 0.622881003125 0.28823833906249996 0.609878278125 0.27337808125 0.61470666875
0 0.2364281921875 0.57999216875 0.2430672296875 0.6004250250000001 0.263500084375 0.5937859875 0.256861046875 0.5733531328125 0.2364281921875 0.57999216875
0 0.3703154359375 0.6191484625 0.37846334375 0.6442251484375 0.4091126265625 0.6342665921874999 0.4009647171875 0.6091899078125 0.3703154359375 0.6191484625
0 0.3920110125 0.6495780203125 0.39653762812500004 0.6635095125 0.409540353125 0.6592846703124999 0.4050137375 0.6453531796875 0.3920110125 0.6495780203125
0 0.5098705390625 0.6236049625 0.5162078015625 0.64310905 0.531996825 0.6379788859375 0.5256595625 0.618474796875 0.5098705390625 0.6236049625
0 0.47449985000000006 0.5842700749999999 0.4808371125 0.6037741640625 0.50126996875 0.5971351265625 0.4949327046875 0.5776310390625 0.47449985000000006 0.5842700749999999
0 0.47755425 0.568388771875 0.48389151249999995 0.5878928609375 0.5033956015625 0.581555596875 0.4970583390625 0.562051509375 0.47755425 0.568388771875
0 0.4993480734375 0.5248554703125 0.5044782390625 0.54064449375 0.5211960296875 0.5352125546875001 0.5160658640625 0.5194235296875 0.4993480734375 0.5248554703125
0 0.5097286015625 0.4999194421875 0.51395344375 0.5129221671875 0.5306712328125001 0.507490228125 0.5264463921875 0.4944875015625 0.5097286015625 0.4999194421875
0 0.5172642234375 0.48360891875 0.521489065625 0.49661164375 0.53820685625 0.4911797046875 0.5339820140625 0.47817697968750006 0.5172642234375 0.48360891875
0 0.5319369390625 0.5034851109375 0.537368878125 0.5202029015625 0.5531579015625 0.5150727359375 0.5477259625 0.49835494531249996 0.5319369390625 0.5034851109375
0 0.5486430078125 0.4995972078125 0.5540749468749999 0.5163149984375 0.571721503125 0.5105812843749999 0.5662895640625 0.49386349375 0.5486430078125 0.4995972078125
0 0.5808699984375 0.5055551203124999 0.5841895171875 0.5157715484375001 0.5906908796875 0.5136591265625 0.5873713609375 0.5034427 0.5808699984375 0.5055551203124999
0 0.562178953125 0.5064941171874999 0.5661020203125 0.5185680765625 0.5818910453125 0.5134379109375 0.577967978125 0.5013639515625 0.562178953125 0.5064941171874999
0 0.6238526046875 0.437167840625 0.6301898671874999 0.45667192968750003 0.652480253125 0.44942934375 0.646142990625 0.4299252546875 0.6238526046875 0.437167840625
0 0.6451790609375 0.43485913906249996 0.6506109999999999 0.451576928125 0.666400025 0.4464467640625 0.660968084375 0.4297289734375 0.6451790609375 0.43485913906249996
0 0.66387010625 0.43392014218749997 0.672018015625 0.458996828125 0.6915221046875 0.452659565625 0.6833741953125 0.42758287968750003 0.66387010625 0.43392014218749997
0 0.674937725 0.3794965359375 0.6800678890625 0.395285559375 0.7032870421874999 0.3877412 0.698156878125 0.371952175 0.674937725 0.3794965359375
0 0.69180341875 0.4156026921875 0.7008566515625 0.4434656765625 0.7240758046875 0.435921315625 0.715022571875 0.40805833125 0.69180341875 0.4156026921875
0 0.7138476546875 0.4407848703125 0.7186760453125001 0.455645128125 0.731678771875 0.45142028749999996 0.72685038125 0.436560028125 0.7138476546875 0.4407848703125
0 0.71237245625 0.4520457875 0.717200846875 0.46690604531249996 0.7264885078125001 0.4638883015625 0.7216601171875 0.44902804218750003 0.71237245625 0.4520457875
0 0.6917315984375 0.44540376718749997 0.6980688609375 0.46490785468749996 0.7157154171875 0.45917414218749997 0.7093781546875 0.43967005312499996 0.6917315984375 0.44540376718749997
0 0.7471278734375 0.49106717812499995 0.754672234375 0.51428633125 0.7676749593750001 0.5100614890624999 0.7601306 0.4868423359375 0.7471278734375 0.49106717812499995
0 0.731245078125 0.508549634375 0.7351681453125 0.52062359375 0.7518859359375 0.5151916546875001 0.74796286875 0.5031176937499999 0.731245078125 0.508549634375
0 0.7291413953125 0.541577946875 0.7333662375000001 0.5545806718749999 0.75101279375 0.5488469593749999 0.7467879515625 0.5358442328125 0.7291413953125 0.541577946875
0 0.7393797734375 0.5557072125 0.7439063906250001 0.569638703125 0.7606241796875 0.5642067640625 0.7560975640625001 0.550275271875 0.7393797734375 0.5557072125
0 0.7745072953125 0.5863931499999999 0.780241009375 0.60403970625 0.7941725 0.599513090625 0.7884387875 0.581866534375 0.7745072953125 0.5863931499999999
0 0.778904975 0.6173090421875 0.7855440125 0.6377418968749999 0.804119334375 0.631706409375 0.797480296875 0.6112735546875 0.778904975 0.6173090421875
0 0.75995755 0.6316799828125 0.7650877140625 0.6474690062499999 0.7827342703125 0.6417352937499999 0.77760410625 0.62594626875 0.75995755 0.6316799828125
0 0.7223923906249999 0.5966519875 0.728427878125 0.6152273109374999 0.746074434375 0.6094935968749999 0.740038946875 0.590918275 0.7223923906249999 0.5966519875
0 0.7344209562499999 0.5783682109375 0.7380422484375 0.589513403125 0.747329909375 0.5864956593749999 0.7437086171875 0.5753504656249999 0.7344209562499999 0.5783682109375
0 0.7225462609375 0.556042659375 0.7300906203124999 0.5792618125 0.7421645812500001 0.5753387453125 0.7346202203125001 0.5521195921875 0.7225462609375 0.556042659375
0 0.710123640625 0.56521310625 0.7143484828125 0.57821583125 0.7273512078125 0.5739909890625 0.7231263671875 0.5609882640625 0.710123640625 0.56521310625
0 0.6977244640625 0.5712954796874999 0.7010439828125 0.58151190625 0.71683300625 0.5763817421875 0.7135134875 0.5661653140625 0.6977244640625 0.5712954796874999
0 0.687219475 0.5516053390625 0.6932549640625 0.5701806625 0.7127590515625 0.5638434 0.7067235640625 0.5452680765625 0.687219475 0.5516053390625
0 0.666763178125 0.5613324484375 0.6709880187499999 0.5743351750000001 0.681204446875 0.57101565625 0.6769796046875001 0.5580129312500001 0.666763178125 0.5613324484375
0 0.689144353125 0.582811284375 0.691860321875 0.5911701796875 0.70207675 0.5878506609375 0.6993607796875 0.579491765625 0.689144353125 0.582811284375
0 0.6758281312500001 0.587651396875 0.6812600703125 0.6043691875 0.696120328125 0.5995407968750001 0.6906883890625 0.58282300625 0.6758281312500001 0.587651396875
0 0.69069861875 0.6018158265625 0.6961305578125 0.618533615625 0.71470588125 0.612498128125 0.7092739421875 0.5957803375 0.69069861875 0.6018158265625
0 0.68726039375 0.62757661875 0.69420120625 0.6489382390625 0.71370529375 0.6426009765625 0.7067644828125 0.62123935625 0.68726039375 0.62757661875
0 0.666073103125 0.631893740625 0.6693926218749999 0.6421101671875 0.6823953484375 0.6378853265625 0.6790758296875 0.6276688984375001 0.666073103125 0.631893740625
0 0.6621851999999999 0.615187671875 0.6661082671874999 0.62726163125 0.6818972921875 0.622131465625 0.677974225 0.61005750625 0.6621851999999999 0.615187671875
0 0.6530381968750001 0.599676978125 0.6584701359375 0.61639476875 0.6816892890624999 0.608850409375 0.67625735 0.59213261875 0.6530381968750001 0.599676978125
0 0.624460415625 0.5401656171875 0.6298923546874999 0.5568834078125 0.6493964437499999 0.5505461453125 0.6439645046875 0.5338283546875 0.624460415625 0.5401656171875
0 0.6562245156250001 0.5257375625 0.664372425 0.550814246875 0.68852034375 0.5429681125 0.6803724359375 0.5178914265625 0.6562245156250001 0.5257375625
0 0.6729086343749999 0.504400875 0.6783405734375 0.521118665625 0.7024884921875 0.5132725312499999 0.697056553125 0.496554740625 0.6729086343749999 0.504400875
0 0.6885570000000001 0.5177991468750001 0.690669421875 0.524300509375 0.6990283171875 0.5215845406249999 0.6969158953125 0.515083178125 0.6885570000000001 0.5177991468750001
0 0.6806038812499999 0.5280844109375 0.683621625 0.5373720734375 0.695695584375 0.5334490062499999 0.692677840625 0.52416134375 0.6806038812499999 0.5280844109375
0 0.6334024 0.501321540625 0.6376272421875 0.5143242671875 0.6497012015625 0.5104011984375 0.6454763609375 0.4973984734375 0.6334024 0.501321540625
0 0.586698975 0.49031252968750005 0.595148659375 0.5163179812500001 0.6322993046875001 0.5042470046875 0.6238496203125 0.478241553125 0.586698975 0.49031252968750005
0 0.6183209265625 0.5149497671875001 0.6264688359374999 0.5400264515625001 0.6561893515625 0.5303696703125 0.6480414421875 0.5052929859375 0.6183209265625 0.5149497671875001
0 0.6106578593750001 0.5277078328125 0.6160898 0.5444256234375 0.6300212921874999 0.5398990078125 0.6245893515625001 0.5231812171875 0.6106578593750001 0.5277078328125
0 0.586382496875 0.5320015125 0.5933233078125 0.5533631328124999 0.614684928125 0.546422321875 0.6077441171875 0.5250607015625001 0.586382496875 0.5320015125
0 0.5596665109375001 0.573026846875 0.5663055484374999 0.5934597015625 0.58116580625 0.5886313109375 0.57452676875 0.56819845625 0.5596665109375001 0.573026846875
0 0.5410457953125001 0.564701625 0.5470812828125 0.583276946875 0.5572977109374999 0.5799574296875 0.551262221875 0.56138210625 0.5410457953125001 0.564701625
0 0.552992309375 0.5572261015625 0.556613603125 0.5683712953125 0.5649724984375 0.565655325 0.5613512046875 0.55451013125 0.552992309375 0.5572261015625
0 0.53516119375 0.5465906859375 0.5405931328125 0.563308475 0.566598584375 0.5548587921875 0.5611666453125 0.5381410015625 0.53516119375 0.5465906859375
0 0.5655087015625 0.5357033640625 0.56973354375 0.5487060890625 0.58273626875 0.5444812484375 0.5785114265625 0.531478521875 0.5655087015625 0.5357033640625
0 0.5701744828125 0.551643275 0.5737957765624999 0.56278846875 0.5830834375 0.559770725 0.5794621453125 0.54862553125 0.5701744828125 0.551643275
0 0.584546915625 0.5500538453125 0.5884699828125 0.5621278046875 0.5959001125000001 0.5597136093749999 0.59197704375 0.54763965 0.584546915625 0.5500538453125
0 0.5725006625 0.652029084375 0.580045021875 0.6752482375 0.6097655375000001 0.6655914562499999 0.602221178125 0.6423723031249999 0.5725006625 0.652029084375
0 0.600280103125 0.6743209625000001 0.6045049453125 0.6873236890625 0.6165789046875 0.683400621875 0.6123540640625 0.6703978953124999 0.600280103125 0.6743209625000001
0 0.562978571875 0.68592755625 0.5684105109375001 0.702645346875 0.5907008984375001 0.6954027609375 0.5852689578125 0.6786849703125 0.562978571875 0.68592755625
0 0.544833959375 0.6759074093749999 0.5490588015625 0.6889101359375001 0.5685628890625 0.6825728734375 0.5643380484375 0.669570146875 0.544833959375 0.6759074093749999
0 0.530357525 0.6708563125 0.535789465625 0.6875741015625 0.5525072546875001 0.6821421625 0.547075315625 0.665424371875 0.530357525 0.6708563125
0 0.5434026625 0.72206589375 0.5488346015625 0.7387836828125 0.5646236265625 0.73365351875 0.5591916859375 0.716935728125 0.5434026625 0.72206589375
0 0.53672696875 0.726802003125 0.5409518109375 0.7398047296875 0.5465244078125 0.7379940828125 0.542299565625 0.7249913578125 0.53672696875 0.726802003125
0 0.52953126875 0.6983354703125 0.537980953125 0.7243409234375 0.5630576375 0.7161930140625 0.5546079546875 0.6901875625 0.52953126875 0.6983354703125
0 0.5226358515625 0.6913345609375 0.5244464984375 0.6969071578125 0.5309478609375 0.6947947359375 0.5291372156249999 0.689222140625 0.5226358515625 0.6913345609375
0 0.522506915625 0.7083189609375 0.526128209375 0.7194641546875 0.5363446359374999 0.7161446359375 0.5327233437500001 0.7049994421875 0.522506915625 0.7083189609375
0 0.603896921875 0.747076725 0.6081217640625 0.76007945 0.6211244890625001 0.755854609375 0.616899646875 0.7428518828125 0.603896921875 0.747076725
0 0.5703074703125 0.7985499328125 0.575739409375 0.8152677234375 0.591528434375 0.8101375578125 0.5860964953125001 0.79341976875 0.5703074703125 0.7985499328125
0 0.5988398562499999 0.8437005828125 0.6030646984375 0.856703309375 0.6197824890625 0.8512713703125 0.6155576468749999 0.83826864375 0.5988398562499999 0.8437005828125
0 0.6091104171875 0.8942714515624999 0.6136370328125 0.9082029437499999 0.628497290625 0.903374553125 0.623970675 0.8894430609375 0.6091104171875 0.8942714515624999
0 0.6299695062499999 0.9331873484375001 0.6357032203124999 0.95083390625 0.648705946875 0.9466090640625 0.6429722328125 0.9289625078125001 0.6299695062499999 0.9331873484375001
0 0.6631736421875 0.9121304859375 0.670114453125 0.9334921062499999 0.6914760734375001 0.9265512953125 0.6845352625000001 0.9051896749999999 0.6631736421875 0.9121304859375
0 0.6702755703125 0.952949309375 0.6754057343750001 0.968738334375 0.6986248890625 0.9611939734374999 0.6934947234375 0.94540495 0.6702755703125 0.952949309375
0 0.6898983656250001 0.9106348265624999 0.699253371875 0.9394265765625001 0.7317601859375 0.9288644734375 0.7224051796875 0.9000727234375001 0.6898983656250001 0.9106348265624999
0 0.7168457953125 0.8798024765625 0.7249937046875 0.9048791625 0.7649306484375 0.8919028625 0.7567827390625 0.8668261765624999 0.7168457953125 0.8798024765625
0 0.5849522671875 0.8831247671875 0.5894788828124999 0.8970562578125 0.6061966734374999 0.8916243187499999 0.6016700578124999 0.8776928265624999 0.5849522671875 0.8831247671875
0 0.5437276671875 0.8826574 0.5464436375 0.8910162953125 0.5594463625 0.886791453125 0.55673039375 0.8784325578125 0.5437276671875 0.8826574
0 0.5517583625 0.92317445 0.5574920765625 0.94082100625 0.57142356875 0.9362943890625001 0.5656898546875 0.9186478328125001 0.5517583625 0.92317445
0 0.5465666062500001 0.9561793203125 0.5507914484375 0.9691820453125001 0.5628654078124999 0.9652589781250001 0.5586405671875 0.952256253125 0.5465666062500001 0.9561793203125
0 0.5364117703125 0.9107049437500001 0.5409383859375 0.9246364359375001 0.5539411125 0.9204115937499999 0.5494144953125 0.9064801015624999 0.5364117703125 0.9107049437500001
0 0.5560989265625 0.9412736671875 0.5591166703125 0.9505613281249999 0.5665468 0.9481471328125 0.5635290562499999 0.938859471875 0.5560989265625 0.9412736671875
0 0.470215978125 0.904489159375 0.476251465625 0.92306448125 0.49389802187500004 0.9173307671875 0.48786253437499993 0.8987554453125 0.470215978125 0.904489159375
0 0.433292515625 0.825612875 0.4384226796875 0.8414018984375 0.45792676875 0.8350646359375 0.4527966046875 0.8192756125 0.433292515625 0.825612875
0 0.41474937343749996 0.8680899656250001 0.42078486249999997 0.8866652890625 0.44307524843749996 0.8794227031249999 0.43703976093749997 0.8608473812499999 0.41474937343749996 0.8680899656250001
0 0.43873020937499996 0.9229340531249999 0.44687811875000005 0.9480107390624999 0.4710260375 0.9401646046875 0.462878128125 0.91508791875 0.43873020937499996 0.9229340531249999
0 0.4676713546875 0.9345802859375001 0.4721979703125 0.9485117781250001 0.48520069687499995 0.9442869359375001 0.48067408125 0.9303554453125 0.4676713546875 0.9345802859375001
0 0.4746590515625 0.9497657625 0.480392765625 0.9674123187499999 0.496181790625 0.9622821531250001 0.4904480765625 0.944635596875 0.4746590515625 0.9497657625
0 0.5279466140625 1 0.52167448125 0.980696359375 0.48731013437500004 0.9918620125000001 0.4899543265625 1 0.5279466140625 1
0 0.5690193578125 1 0.560937546875 0.9751267453124999 0.5275019671875001 0.9859906234375 0.5320538890625001 1 0.5690193578125 1
0 0.5348545203125 0.9327741156249999 0.54239888125 0.95599326875 0.5600454375 0.9502595546875 0.5525010765625 0.9270404015624999 0.5348545203125 0.9327741156249999
0 0.5232434515625 0.9570831515625 0.525959421875 0.965442046875 0.53153201875 0.9636314 0.5288160484375 0.9552725046875 0.5232434515625 0.9570831515625
0 0.51440120625 0.9014275125 0.5246615359375 0.9330055609375 0.545094390625 0.9263665234375 0.5348340609375 0.894788475 0.51440120625 0.9014275125
0 0.5016768109374999 0.9096691921875 0.5086176234375 0.9310308140625001 0.52347788125 0.9262024234374999 0.5165370703125001 0.904840803125 0.5016768109374999 0.9096691921875
0 0.514782046875 0.9326217359375001 0.5196104375 0.94748199375 0.5326131640625 0.943257153125 0.5277847734375001 0.9283968937499999 0.514782046875 0.9326217359375001
0 0.48593318124999996 0.9291600687500001 0.5061520671874999 0.9913873984375 0.5349438171875 0.9820323921874999 0.51472493125 0.9198050625 0.48593318124999996 0.9291600687500001
0 0.4272114203125 0.9554276546875 0.4305309390625 0.9656440828124999 0.44353366562499996 0.961419240625 0.440214146875 0.9512028140625001 0.4272114203125 0.9554276546875
0 0.4496484328125 0.8475092078124999 0.45296795 0.8577256343749999 0.46039807968749996 0.8553114390625 0.4570785609375 0.8450950125000001 0.4496484328125 0.8475092078124999
0 0.462677584375 0.79912258125 0.4672042 0.813054071875 0.48577952343749997 0.807018584375 0.48125290625000006 0.7930870921875 0.462677584375 0.79912258125
0 0.513248453125 0.7888520203125 0.5171715203125 0.80092598125 0.5348180765625 0.7951922671875 0.530895009375 0.7831183078125 0.513248453125 0.7888520203125
0 0.5443254625 0.80391154375 0.55036095 0.8224868656250001 0.567078740625 0.8170549265625 0.5610432515625 0.7984796046875 0.5443254625 0.80391154375
0 0.5283254515625 0.8368343640625 0.5428106234375 0.8814151375 0.59296399375 0.8651193203125 0.578478821875 0.8205385453125 0.5283254515625 0.8368343640625
0 0.7628256859375 0.78271721875 0.7664469781250001 0.7938624125 0.7803784703125001 0.7893357953125 0.776757178125 0.7781906015625 0.7628256859375 0.78271721875
0 0.8028841078125 0.8554408 0.8107302421875 0.87958871875 0.8339493953125 0.872044359375 0.8261032609375001 0.8478964390625 0.8028841078125 0.8554408
0 0.8527533921874999 0.7545247546875 0.85818533125 0.77124254375 0.874903121875 0.7658106046875 0.8694711828124999 0.7490928140625 0.8527533921874999 0.7545247546875
0 0.95997451875 0.7874565234375 0.9654064578125 0.8041743140625 0.9802667156249999 0.7993459234375 0.9748347765625001 0.7826281328125 0.95997451875 0.7874565234375
0 1 0.7862598703125 0.9848065453125001 0.7911965234375 0.9932562296875 0.817201975 1 0.8150107906249999 1 0.7862598703125
0 1 0.723110528125 0.992252871875 0.7256277234375 0.9973830359375 0.7414167468749999 1 0.7405664437499999 1 0.723110528125
0 0.96209290625 0.7118104625 0.9708443640625 0.7387446796875 0.9894196875000001 0.7327091921875 0.9806682296875 0.7057749734375001 0.96209290625 0.7118104625
0 0.9058806046875001 0.7126190296875 0.9122178671875 0.7321231187499999 0.9326507218750001 0.7254840828125 0.926313459375 0.70597999375 0.9058806046875001 0.7126190296875
0 0.8924603812499999 0.7108186140625 0.897288771875 0.725678871875 0.9112202640625 0.72115225625 0.9063918734374999 0.706291996875 0.8924603812499999 0.7108186140625
0 0.88057098125 0.7311108109375 0.892038409375 0.7664039234375 0.921758925 0.7567471421875 0.9102914984374999 0.7214540296874999 0.88057098125 0.7311108109375
0 0.8730455890625001 0.766414153125 0.8824005953125 0.7952059031250001 0.9037622171875 0.7882650921875001 0.8944072109375 0.7594733421875 0.8730455890625001 0.766414153125
0 0.9273754249999999 0.7898340640625 0.9328073640625 0.806551853125 0.9485963875 0.8014216890625001 0.9431644484374999 0.7847038984375 0.9273754249999999 0.7898340640625
0 0.9420788281249999 0.8666887140625 0.9466054453125 0.88062020625 0.967967065625 0.8736793953124999 0.96344045 0.8597479031249999 0.9420788281249999 0.8666887140625
0 0.9344406968750001 0.855821853125 0.9389673125 0.8697533453125 0.9538275703125001 0.8649249546875 0.9493009546875 0.8509934625 0.9344406968750001 0.855821853125
0 0.923635425 0.8146660906250001 0.9372152734375 0.8564605656250001 0.9706508546875 0.8455966874999999 0.95707100625 0.8038022109374999 0.923635425 0.8146660906250001
0 0.8910612656250001 0.7934186999999999 0.9001144984374999 0.8212816843749999 0.938193909375 0.8089089328125001 0.9291406765625 0.78104595 0.8910612656250001 0.7934186999999999
0 0.33849379687500003 0.946261471875 0.34452928437499997 0.96483679375 0.366819671875 0.9575942078124999 0.3607841828125 0.9390188859374999 0.33849379687500003 0.946261471875
0 0.36066547656250003 0.9749961062500001 0.366700965625 0.993571428125 0.3852762875 0.987535940625 0.3792408 0.9689606171875 0.36066547656250003 0.9749961062500001
0 0.3771869859375 0.9547390734375 0.3853348953125 0.9798157578125 0.422485540625 0.9677447812500001 0.41433763125 0.9426680968750001 0.3771869859375 0.9547390734375
0 0.322942184375 0.8794371953125 0.3338060625 0.9128727765625 0.3625978125 0.9035177703124999 0.351733934375 0.8700821890625001 0.322942184375 0.8794371953125
0 0.32787755937499996 0.8598642703125 0.333007725 0.8756532937499999 0.34879674843749997 0.8705231296875 0.34366658437500003 0.8547341046874999 0.32787755937499996 0.8598642703125
0 0.474904871875 1 0.476443271875 0.99950014375 0.46256164999999994 0.9567769015625001 0.405906915625 0.975185140625 0.41396975312500006 1 0.474904871875 1
0 0.46428386250000003 1 0.45911170312499994 0.9840817312500001 0.44239391250000004 0.9895136703125 0.445801128125 1 0.46428386250000003 1
0 0.44272067187499997 1 0.4379478546875 0.9853107796874999 0.42587389531250003 0.9892338468749999 0.42937203124999995 1 0.44272067187499997 1
0 0.3822821984375 0.8124093921875 0.389524784375 0.8346997796875 0.41367270312500004 0.8268536453124999 0.4064301171875 0.8045632578124999 0.3822821984375 0.8124093921875
0 0.37290076562499996 0.8277794281249999 0.37742738125 0.8417109203124999 0.38857257500000003 0.8380896265625 0.38404595937499997 0.824158134375 0.37290076562499996 0.8277794281249999
0 0.4450384859375 0.7021720124999999 0.45016865156249997 0.7179610375000001 0.465957675 0.7128308718749999 0.46082751093749996 0.6970418484375001 0.4450384859375 0.7021720124999999
0 0.424024034375 0.7244023015625001 0.429757746875 0.7420488578125 0.4436892390625 0.7375222421875 0.437955525 0.7198756859375 0.424024034375 0.7244023015625001
0 0.403925134375 0.7684117078125 0.408753525 0.783271965625 0.425471315625 0.7778400265625 0.420642925 0.76297976875 0.403925134375 0.7684117078125
0 0.3443127546875 0.749275246875 0.34793404843750003 0.760420440625 0.3600080078125 0.7564973734375 0.356386715625 0.7453521796875 0.3443127546875 0.749275246875
0 0.31516360625 0.7243479578125 0.32663103437499996 0.7596410703124999 0.36192414687499996 0.7481736421875 0.3504567203125 0.7128805296875 0.31516360625 0.7243479578125
0 0.31287238125 0.782080853125 0.3186060953125 0.799727409375 0.3362526515625 0.7939936953125 0.3305189375 0.7763471390625 0.31287238125 0.782080853125
0 0.21949344843750002 0.6953641890625 0.224020065625 0.70929568125 0.23980908906249998 0.704165515625 0.2352824734375 0.6902340234375 0.21949344843750002 0.6953641890625
0 0.2330585921875 0.7797764140625 0.2384905328125 0.7964942046875 0.255208321875 0.7910622640625 0.2497763828125 0.774344475 0.2330585921875 0.7797764140625
0 0.30574530625 0.927637771875 0.3111772453125 0.9443555625 0.3278950359375 0.938923621875 0.322463096875 0.9222058328125 0.30574530625 0.927637771875
0 0.24159458906250003 0.8961138546875 0.24612120625 0.910045346875 0.25912393125 0.9058205062500001 0.254597315625 0.8918890140625001 0.24159458906250003 0.8961138546875
0 0.2015873171875 0.9183543734375 0.20943345156249998 0.9425022921874999 0.2345101375 0.9343543828125 0.226664003125 0.9102064640625 0.2015873171875 0.9183543734375
0 0.1613897296875 0.843622371875 0.168632315625 0.865912759375 0.18442134062499999 0.8607825953124999 0.1771787546875 0.8384922078124999 0.1613897296875 0.843622371875
0 0.13257453749999998 0.8560654515625 0.13589405625 0.8662818796874999 0.14889678125 0.8620570375 0.1455772625 0.8518406109375001 0.13257453749999998 0.8560654515625
0 0.129316609375 0.7970551296874999 0.132636128125 0.8072715578125 0.13727995937499998 0.8057626859375 0.133960440625 0.7955462578125 0.129316609375 0.7970551296874999
0 0.09757744375 0.7878582578125 0.10300938281250001 0.8045760468750001 0.12158470625 0.798540559375 0.1161527671875 0.78182276875 0.09757744375 0.7878582578125
0 0.1118693171875 0.776540225 0.11941367812499999 0.799759378125 0.1472766625 0.7907061453125 0.1397323015625 0.7674869921874999 0.1118693171875 0.776540225
0 0.08578480000000001 0.7547244515625 0.093027384375 0.7770148375 0.1116027078125 0.77097935 0.10436012187499999 0.7486889624999999 0.08578480000000001 0.7547244515625
0 0.1496701859375 0.9229014484375 0.1578180953125 0.947978134375 0.1847523125 0.9392266765624999 0.176604403125 0.9141499906250001 0.1496701859375 0.9229014484375
0 0.17353529843749999 0.97264904375 0.1786654640625 0.9884380687500001 0.1916681890625 0.9842132265625001 0.186538025 0.9684242031249999 0.17353529843749999 0.97264904375
0 0.1899647390625 0.7814566328125 0.1963020015625 0.800960721875 0.2176636234375 0.794019909375 0.2113263609375 0.7745158203125 0.1899647390625 0.7814566328125
0 0.14525950468749999 0.7513156359375001 0.14948434531250002 0.7643183609374999 0.167130903125 0.7585846484375 0.16290606093749999 0.745581921875 0.14525950468749999 0.7513156359375001
0 0.12565290625 0.7304755140625 0.133499040625 0.7546234328125 0.1595044921875 0.74617375 0.1516583578125 0.7220258296875001 0.12565290625 0.7304755140625
0 0.10760355625 0.6875662203124999 0.112733721875 0.70335524375 0.1322378109375 0.6970179812499999 0.12710764531250002 0.6812289578125 0.10760355625 0.6875662203124999
0 0.23501863437499998 0.80635025 0.2425629953125 0.8295694031249999 0.268568446875 0.8211197203125 0.26102408593750004 0.797900565625 0.23501863437499998 0.80635025
0 0.2548566796875 0.8373833562499999 0.2590815203125 0.8503860828124999 0.2767280765625 0.8446523687499999 0.27250323593750003 0.8316496421874999 0.2548566796875 0.8373833562499999
0 0.21720648593749997 0.8542373296875001 0.221129553125 0.8663112890625 0.2341322796875 0.862086446875 0.2302092125 0.8500124874999999 0.21720648593749997 0.8542373296875001
0 0.195812684375 0.8247365375 0.20003752656249998 0.8377392625000001 0.2130402515625 0.8335144218749999 0.208815409375 0.8205116953125 0.195812684375 0.8247365375
0 0.2217844625 0.8003821062500001 0.228725275 0.821743728125 0.2389417015625 0.8184242093749999 0.232000890625 0.7970625890624999 0.2217844625 0.8003821062500001
0 0.20346402968750002 0.81352250625 0.2113101640625 0.8376704265624999 0.230814253125 0.8313331640625 0.22296811875000003 0.80718524375 0.20346402968750002 0.81352250625
0 0.211194440625 0.8325739343749999 0.219644125 0.8585793859375 0.25493723749999997 0.8471119578125 0.2464875546875 0.8211065062499999 0.211194440625 0.8325739343749999
0 0.4813159890625 0.7237563421875 0.48886035000000005 0.7469754953125001 0.5083644375 0.7406382328125 0.5008200781250001 0.7174190796875 0.4813159890625 0.7237563421875
0 0.4604935546875 0.659671478125 0.46471839687500005 0.6726742046874999 0.482364953125 0.6669404906249999 0.47814011093750003 0.6539377656250001 0.4604935546875 0.659671478125
0 0.49200127499999996 0.6586753671875 0.4971314390625 0.6744643921875 0.505490334375 0.6717484218750001 0.5003601703125 0.6559593984375 0.49200127499999996 0.6586753671875
0 0.498723853125 0.6477631109375 0.5059664390624999 0.6700534984375001 0.54218831875 0.658284296875 0.5349457328125 0.635993909375 0.498723853125 0.6477631109375
0 0.625689253125 0.7240802796875 0.6537542734375 0.8104555296875 0.69090491875 0.798384553125 0.6628398984375 0.712009303125 0.625689253125 0.7240802796875
0 0.6284638296875 0.7247189921875 0.6348010921875 0.74422308125 0.6505901171875 0.739092915625 0.6442528546874999 0.719588828125 0.6284638296875 0.7247189921875
0 0.7165427421875 0.736659753125 0.7219746812500001 0.75337754375 0.7377637046875 0.7482473781250001 0.732331765625 0.7315295875000001 0.7165427421875 0.736659753125
0 0.7331301046875 0.7687490703125001 0.7379584953125 0.7836093281250001 0.752818753125 0.7787809375 0.7479903625000001 0.7639206796875 0.7331301046875 0.7687490703125001
0 0.711934075 0.733536515625 0.7291352171875001 0.7864761859375 0.762570796875 0.77561230625 0.7453696562500001 0.7226726375 0.711934075 0.733536515625
0 0.7997127046875 0.7240116546875 0.8069552906249999 0.746302040625 0.8273881453125 0.7396630046875 0.820145559375 0.7173726171875 0.7997127046875 0.7240116546875
0 0.7803477812499999 0.7323573359375 0.79332408125 0.7722942796875001 0.8193295328125 0.7638445968750001 0.8063532328124999 0.723907653125 0.7803477812499999 0.7323573359375
0 0.822950825 0.7749897906250001 0.8317022828124999 0.8019240078125 0.8604940328125 0.7925690015625 0.851742575 0.7656347828125 0.822950825 0.7749897906250001
0 0.8105267140624999 0.8046970921875 0.8150533296875 0.818628584375 0.8308423546875 0.8134984203125001 0.8263157375000001 0.799566928125 0.8105267140624999 0.8046970921875
0 0.8221480124999999 0.7993808765625 0.8275799515625 0.8160986671874999 0.848941571875 0.8091578546875 0.8435096328125 0.7924400656249999 0.8221480124999999 0.7993808765625
0 0.7387775046875 0.6960636375 0.7433041203124999 0.709995128125 0.7572356124999999 0.7054685125 0.752708996875 0.6915370203125 0.7387775046875 0.6960636375
0 0.7311525859375 0.6631158828125 0.7417146906250001 0.695622696875 0.7612187796875001 0.689285434375 0.750656675 0.65677861875 0.7311525859375 0.6631158828125
0 0.6933485234375001 0.720579184375 0.69576271875 0.7280093125 0.7059791453125001 0.7246897953125 0.70356495 0.717259665625 0.6933485234375001 0.720579184375
0 0.6598588109375 0.6775526765625 0.6773617265625 0.7314211109375 0.722871265625 0.716634165625 0.70536835 0.6627657296875 0.6598588109375 0.6775526765625
0 0.667310890625 0.6925872640625 0.6715357328125 0.7055899906249999 0.68082339375 0.702572246875 0.6765985515625 0.6895695203125001 0.667310890625 0.6925872640625
0 0.6711314484375001 0.6774838390625 0.6756580640625 0.69141533125 0.6923758546875 0.6859833921875 0.6878492390625001 0.6720519 0.6711314484375001 0.6774838390625
0 0.9002685796875 0.617921540625 0.907812940625 0.6411406937499999 0.930103328125 0.633898109375 0.9225589671875 0.6106789546875 0.9002685796875 0.617921540625
0 0.9116130390625001 0.5880516296875 0.9212698187499999 0.6177721453125 0.9454177390625 0.6099260109375 0.9357609578125 0.5802054953125 0.9116130390625001 0.5880516296875
0 0.9579692953125001 0.5837711640625 0.9655136546875 0.6069903171875 0.985946509375 0.6003512796875 0.97840215 0.5771321265625 0.9579692953125001 0.5837711640625
0 0.9631991984375 0.505060471875 0.96561339375 0.5124906015625 0.9804736515625001 0.5076622109375 0.9780594562499999 0.50023208125 0.9631991984375 0.505060471875
0 0.8719589015625001 0.5434342 0.877390840625 0.5601519890625 0.89410863125 0.55472005 0.8886766921874999 0.538002259375 0.8719589015625001 0.5434342
0 0.8216077578125001 0.5654417796875 0.8285485687499999 0.5868034015625 0.8443375937500001 0.5816732359375 0.83739678125 0.560311615625 0.8216077578125001 0.5654417796875
0 0.8159443718749999 0.5385310046875 0.8283171234375001 0.576610415625 0.8728978968750001 0.5621252453125 0.8605251468749999 0.5240458328125001 0.8159443718749999 0.5385310046875
0 1 0.5177468125 0.9862308078125 0.52222069375 0.9943787171875 0.5472973796875 1 0.5454709140625 1 0.5177468125
0 0.941225290625 0.470614075 0.94545013125 0.4836168015625 0.9668117531249999 0.47667598906249997 0.9625869109374999 0.4636732640625 0.941225290625 0.470614075
0 0.9050782140625 0.4115084890625 0.90930305625 0.42451121562500005 0.926020846875 0.4190792765625 0.9217960046875 0.40607655 0.9050782140625 0.4115084890625
0 0.9005311390624999 0.35959135781249996 0.9047559812499999 0.372594084375 0.9196162390625 0.36776569375 0.915391396875 0.3547629671875 0.9005311390624999 0.35959135781249996
0 0.8718463734374999 0.33451318125 0.8772783125 0.351230971875 0.8921385718750001 0.34640258125 0.88670663125 0.329684790625 0.8718463734374999 0.33451318125
0 0.8882990453125 0.302983509375 0.8928256625 0.3169150015625 0.9086146859375 0.31178483749999997 0.9040880703124999 0.29785334531249996 0.8882990453125 0.302983509375
0 0.9283429734374999 0.2555740265625 0.9319642671875 0.2667192203125 0.9449669921874999 0.262494378125 0.9413457 0.251349184375 0.9283429734374999 0.2555740265625
0 0.82040811875 0.459042434375 0.8255382828125001 0.4748314578125 0.8487574359375 0.4672870984375 0.8436272718750001 0.45149807343750004 0.82040811875 0.459042434375
0 0.8325259796875001 0.490016934375 0.8391650171875 0.5104497890624999 0.853096509375 0.505923171875 0.8464574718750001 0.48549031718749996 0.8325259796875001 0.490016934375
0 0.8086037515625 0.4274526640625 0.81252681875 0.4395266234375 0.8255295453124999 0.4353017828125 0.8216064781249999 0.423227821875 0.8086037515625 0.4274526640625
0 0.7705185859375 0.3592220265625 0.7732345546875 0.367580921875 0.7834509828125 0.364261403125 0.7807350125 0.3559025078125 0.7705185859375 0.3592220265625
0 0.7769378984374999 0.3679178609375 0.7847840328125 0.3920657796875 0.817290846875 0.381503675 0.8094447125 0.35735575625 0.7769378984374999 0.3679178609375
0 0.9621504453125 0.399125509375 0.96969480625 0.4223446625 0.9901276609374999 0.415705625 0.9825832999999999 0.39248647187499996 0.9621504453125 0.399125509375
0 0.969221684375 0.3829658734375 0.985939475 0.377533934375 0.9786968890625 0.35524354687500004 0.9619790984375 0.3606754859375 0.969221684375 0.3829658734375
0 0.9030655328125 0.3105074109375 0.9115152156249999 0.3365128625 0.9440220296874999 0.3259507578125 0.935572346875 0.29994530625000004 0.9030655328125 0.3105074109375
0 0.7020961421874999 0.3208715296875 0.7078298546874999 0.3385180859375 0.7273339437499999 0.3321808234375 0.7216002296874999 0.3145342671875 0.7020961421874999 0.3208715296875
0 0.606188571875 0.36384220312500004 0.609206315625 0.3731298640625 0.6231378078125 0.368603246875 0.6201200640625 0.3593155859375 0.606188571875 0.36384220312500004
0 0.573935153125 0.402046075 0.5823848375 0.42805152656249995 0.61767795 0.41658409843750005 0.6092282671875 0.390578646875 0.573935153125 0.402046075
0 0.5153672640625 0.38770433125000003 0.51959210625 0.4007070578125 0.538167428125 0.39467156875 0.5339425859375 0.38166884375 0.5153672640625 0.38770433125000003
0 0.5498824984375 0.3770030625 0.5553144375 0.39372085156250003 0.5878212515625 0.3831587484375 0.5823893124999999 0.36644095781249997 0.5498824984375 0.3770030625
0 0.5548295953125 0.3558861 0.5593562109375 0.3698175921875 0.5872191953125 0.360764359375 0.582692578125 0.3468328671875 0.5548295953125 0.3558861
0 0.4928686625 0.5444166734375 0.500413021875 0.5676358265625 0.529204771875 0.5582808203125 0.5216604125 0.5350616671874999 0.4928686625 0.5444166734375
0 0.51779296875 0.5563412375000001 0.5235266828125 0.57398779375 0.5383869406249999 0.5691594046875 0.5326532265624999 0.551512846875 0.51779296875 0.5563412375000001
0 0.43220731875 0.5820960640624999 0.43582861250000005 0.5932412578124999 0.4488313375 0.589016415625 0.4452100453125 0.577871221875 0.43220731875 0.5820960640624999
0 0.40959171406249995 0.59149795625 0.417136075 0.614717109375 0.44035522812499994 0.6071727499999999 0.43281086718750006 0.583953596875 0.40959171406249995 0.59149795625
0 0.43262332499999995 0.608658178125 0.4428836546875 0.6402362265625 0.48003429999999997 0.6281652515625 0.4697739703125 0.596587203125 0.43262332499999995 0.608658178125
0 0.4412692890625 0.6494887234375 0.44398525937500005 0.65784761875 0.4542016859375 0.6545281000000001 0.45148571718749997 0.64616920625 0.4412692890625 0.6494887234375
0 0.41079433749999994 0.656823590625 0.42014934375 0.685615340625 0.44058219843749996 0.678976303125 0.43122719218750005 0.650184553125 0.41079433749999994 0.656823590625
0 0.40440720625 0.684569359375 0.411951565625 0.7077885125 0.4314556546875 0.7014512500000001 0.42391129375 0.678232096875 0.40440720625 0.684569359375
0 0.44886778125 0.7265982640625 0.45520504375000004 0.7461023531250001 0.47656666562499994 0.739161540625 0.470229403125 0.719657453125 0.44886778125 0.7265982640625
0 0.322599490625 0.80253715 0.33044562499999997 0.8266850703124999 0.3499497140625 0.8203478078125 0.3421035796875 0.7961998875 0.322599490625 0.80253715
0 0.3466287046875 0.8306682359374999 0.35206064375 0.8473860265625 0.37156473125 0.8410487640625 0.3661327921875 0.8243309734375 0.3466287046875 0.8306682359374999
0 0.36759627031250003 0.81461409375 0.3718211125 0.8276168187499999 0.38203753906250004 0.8242973015624999 0.3778126984375 0.811294575 0.36759627031250003 0.81461409375
0 0.33468666406250003 0.776533190625 0.35128425625 0.827615328125 0.3977225625 0.8125266078125 0.38112497031250003 0.7614444703125 0.33468666406250003 0.776533190625
0 0.3282304 1 0.32337566562500003 0.9850586625 0.303871578125 0.991395925 0.3066672109375 1 0.3282304 1
0 0.3035867546875 1 0.30017995625 0.98951495 0.27696080312500004 0.9970593109375001 0.277916290625 1 0.3035867546875 1
0 0.20090489687500002 1 0.1965903515625 0.98672119375 0.17337119843749998 0.9942655531250001 0.1752344328125 1 0.20090489687500002 1
0 0.1316530171875 0.916433759375 0.13587785937500002 0.9294364843749999 0.1498093515625 0.92490986875 0.145584509375 0.9119071421875 0.1316530171875 0.916433759375
0 0.1183031234375 0.9053691234375 0.1258474828125 0.9285882765625001 0.14070774218749998 0.9237598859375 0.13316338125 0.9005407328125001 0.1183031234375 0.9053691234375
0 0.144687925 0.9486505203125001 0.1223975375 0.9558931062499999 0.13175254375 0.98468485625 0.15404293125 0.9774422703125 0.144687925 0.9486505203125001
0 0.126380703125 0.9397100281249999 0.1180218078125 0.9424259968750001 0.12315197343749999 0.958215021875 0.13151086875 0.9554990515625 0.126380703125 0.9397100281249999
0 0.0541585859375 0.62894696875 0.0197942390625 0.640112621875 0.028243921875 0.6661180734375 0.06260826875 0.6549524203125 0.0541585859375 0.62894696875
0 0.09025152812500001 0.6341621671875 0.096588790625 0.65366625625 0.11980794374999999 0.6461218953125 0.11347068125 0.6266178078125 0.09025152812500001 0.6341621671875
0 0.1172428609375 0.638227384375 0.12146770312499999 0.6512301093749999 0.1409717921875 0.644892846875 0.13674694999999998 0.6318901218749999 0.1172428609375 0.638227384375
0 0.11163957499999999 0.5830595703125 0.117071515625 0.5997773609375 0.1337893046875 0.5943454218750001 0.128357365625 0.57762763125 0.11163957499999999 0.5830595703125
0 0.1196717625 0.6030397640625 0.12389660312499999 0.616042490625 0.1499020546875 0.60759280625 0.1456772140625 0.59459008125 0.1196717625 0.6030397640625
0 0.193639096875 0.5415274421875 0.1990710359375 0.5582452328125 0.22043265625 0.5513044203125 0.2150007171875 0.53458663125 0.193639096875 0.5415274421875
0 0.1766459578125 0.5018688296875 0.1829832203125 0.52137291875 0.19970101093749998 0.5159409796875 0.19336374843749998 0.49643689062499996 0.1766459578125 0.5018688296875
0 0.1477384859375 0.50612734375 0.153170425 0.522845134375 0.169888215625 0.5174131953125001 0.16445627499999999 0.5006954046875001 0.1477384859375 0.50612734375
0 0.10196233437499999 0.515353415625 0.108601371875 0.5357862703125 0.137393121875 0.5264312624999999 0.130754084375 0.5059984078124999 0.10196233437499999 0.515353415625
0 0.08179907343750001 0.486479615625 0.0866274640625 0.5013398734375001 0.10055895625 0.49681325625 0.095730565625 0.48195299843750006 0.08179907343750001 0.486479615625
0 0.0840945625 0.5298869640625 0.09163892343749999 0.5531061171875 0.11021424531249999 0.5470706296875 0.10266988437499999 0.5238514765625 0.0840945625 0.5298869640625
0 0.0182020359375 0.5040630890625 0.0230304265625 0.5189233468750001 0.047178346875 0.5110772125 0.04234995625 0.4962169546875 0.0182020359375 0.5040630890625
0 0.01065916875 0.46030707968750006 0.0206177234375 0.49095636249999997 0.0391930453125 0.4849208734375 0.029234490624999998 0.454271590625 0.01065916875 0.46030707968750006
0 0.1626748265625 0.5726381234375 0.1702191875 0.5958572765625 0.1906520421875 0.589218240625 0.18310768125000002 0.5659990875 0.1626748265625 0.5726381234375
0 0.2038642625 0.5777376000000001 0.2095979765625 0.59538415625 0.2226007015625 0.5911593140625 0.2168669875 0.5735127578125 0.2038642625 0.5777376000000001
0 0.1906520421875 0.589218240625 0.197592853125 0.6105798609375 0.21709694218750003 0.6042425984375 0.21015613125 0.5828809781250001 0.1906520421875 0.589218240625
0 0.1957470421875 0.6096393734375 0.1993683359375 0.6207845671875 0.20772723124999998 0.6180685968749999 0.2041059375 0.6069234046875 0.1957470421875 0.6096393734375
0 0.18116511562499998 0.618484603125 0.1865970546875 0.63520239375 0.200528546875 0.6306757765625 0.1950966078125 0.6139579875 0.18116511562499998 0.618484603125
0 0.1596541 0.604424175 0.167500234375 0.62857209375 0.196291984375 0.6192170875 0.18844585 0.59506916875 0.1596541 0.604424175
0 0.223714028125 0.6072266703125 0.22824064375000003 0.6211581625 0.2412433703125 0.6169333203125 0.23671675312499998 0.603001828125 0.223714028125 0.6072266703125
0 0.1218093296875 0.423165384375 0.1296554640625 0.44731330312499995 0.15008831875 0.44067426718749997 0.142242184375 0.416526346875 0.1218093296875 0.423165384375
0 0.129311278125 0.3909501140625 0.13625209062500002 0.4123117359375 0.1529698796875 0.40687979687500003 0.14602906875 0.38551817499999996 0.129311278125 0.3909501140625
0 0.1440104203125 0.36666452031249996 0.1482352609375 0.37966724687500003 0.16402428593750001 0.37453708125 0.15979944375 0.36153435625 0.1440104203125 0.36666452031249996
0 0.07417138281249999 0.331854759375 0.079905096875 0.34950131562500003 0.097551653125 0.3437676015625 0.09181793906249999 0.32612104531249997 0.07417138281249999 0.331854759375
0 0.140775934375 0.30456612656250004 0.14862206875 0.32871404531250004 0.16719739218750002 0.3226785578125 0.15935125781249998 0.2985306375 0.140775934375 0.30456612656250004
0 0.1836089328125 0.3779284203125 0.1914550671875 0.40207634062500003 0.2248906484375 0.3912124609375 0.2170445140625 0.3670645421875 0.1836089328125 0.3779284203125
0 0.1656533546875 0.3226668359375 0.18104385 0.37003390937499997 0.22748215625 0.3549451890625 0.2120916625 0.30757811562500004 0.1656533546875 0.3226668359375
0 0.26370254375 0.3637128421875 0.27034158124999996 0.384145696875 0.28705937187499997 0.3787137578125 0.28042033437499997 0.358280903125 0.26370254375 0.3637128421875
0 0.371247609375 0.2522713484375 0.377283096875 0.270846671875 0.3902858234375 0.2666218296875 0.384250334375 0.24804650781249998 0.371247609375 0.2522713484375
0 0.4227926375 0.25605972499999996 0.42611215625 0.266276153125 0.43818611562500004 0.2623530859375 0.43486659687499996 0.2521366578125 0.4227926375 0.25605972499999996
0 0.41685816718749996 0.28519864375 0.42259188124999997 0.30284520000000004 0.439309671875 0.2974132609375 0.43357595781249997 0.2797667046875 0.41685816718749996 0.28519864375
0 0.38637746093750003 0.2119301203125 0.39543069218750004 0.2397931046875 0.4325813375 0.227722128125 0.4235281046875 0.1998591453125 0.38637746093750003 0.2119301203125
0 0.48115401562500004 0.2365835546875 0.48598240625000005 0.2514438125 0.498056365625 0.24752074531249998 0.4932279765625 0.2326604875 0.48115401562500004 0.2365835546875
0 0.48517810156249996 0.2963717546875 0.49121358906249996 0.314947078125 0.508860146875 0.3092133640625 0.5028246578125 0.2906380421875 0.48517810156249996 0.2963717546875
0 0.46245998750000006 0.27859626249999997 0.4697025734375 0.30088665 0.495708025 0.2924369671875 0.4884654390625 0.2701465796875 0.46245998750000006 0.27859626249999997
0 0.44426998125 0.25421540625 0.44940014531249994 0.2700044296875 0.46797546875 0.2639689421875 0.46284530312500005 0.24817991875 0.44426998125 0.25421540625
0 0.4706812078125 0.2533350171875 0.4761131484375 0.2700528078125 0.49468847031249996 0.26401732031249997 0.48925653125 0.24729952968750002 0.4706812078125 0.2533350171875
0 0.4635543453125 0.2361411234375 0.4680809609375 0.2500726140625 0.48386998593749997 0.24494245 0.4793433703125 0.2310109578125 0.4635543453125 0.2361411234375
0 0.5022051249999999 0.1891843015625 0.506731740625 0.20311579218750003 0.5299508937499999 0.1955714328125 0.525424278125 0.181639940625 0.5022051249999999 0.1891843015625
0 0.498134153125 0.1355722453125 0.5005483484375 0.143002375 0.514479840625 0.138475759375 0.5120656453125 0.1310456296875 0.498134153125 0.1355722453125
0 0.485017196875 0.11416373906249999 0.491354459375 0.133667828125 0.50807225 0.12823588749999998 0.5017349875 0.1087318 0.485017196875 0.11416373906249999
0 0.52549034375 0.071235478125 0.529715184375 0.084238203125 0.546432975 0.07880626406249999 0.542208134375 0.0658035375 0.52549034375 0.071235478125
0 0.5091344265625 0.0493391453125 0.51275571875 0.0604843390625 0.529473509375 0.055052398437500004 0.5258522171875 0.0439072046875 0.5091344265625 0.0493391453125
0 0.5031341031250001 0.026131712499999998 0.5085660421875 0.042849503125 0.524355065625 0.0377193390625 0.5189231265625 0.0210015484375 0.5031341031250001 0.026131712499999998
0 0.4847418484375 0.0690731875 0.488664915625 0.08114714687499999 0.5063114718749999 0.0754134328125 0.5023884046875 0.0633394734375 0.4847418484375 0.0690731875
0 0.476117834375 0.045691425 0.48154977343749994 0.062409215625 0.49919633125 0.056675501562499994 0.493764390625 0.0399577125 0.476117834375 0.045691425
0 0.43447126249999996 0.1008093703125 0.4383943296875 0.11288332968749999 0.46161348281250003 0.10533896875 0.457690415625 0.093265009375 0.43447126249999996 0.1008093703125
0 0.4235443015625 0.1367045390625 0.4328993078125 0.1654962890625 0.45147463125 0.1594608015625 0.442119625 0.1306690515625 0.4235443015625 0.1367045390625
0 0.5291246375 0.22305059218749998 0.5363672234375 0.2453409796875 0.556800078125 0.2387019421875 0.5495574921874999 0.2164115546875 0.5291246375 0.22305059218749998
0 0.5502635515625001 0.24544647187500002 0.5562990390625 0.26402179531250003 0.57673189375 0.2573827578125 0.57069640625 0.23880743437500002 0.5502635515625001 0.24544647187500002
0 0.5513446953125001 0.225072225 0.5564748609375 0.24086124843749998 0.5750501828125001 0.23482576093750002 0.56992001875 0.2190367359375 0.5513446953125001 0.225072225
0 0.5448637921875 0.265170284375 0.5530117015625 0.2902469703125 0.57344455625 0.28360793281249996 0.565296646875 0.2585312484375 0.5448637921875 0.265170284375
0 0.5155842171875 0.2777642515625 0.5234303515625001 0.301912171875 0.5522221015625 0.2925571640625 0.5443759671875 0.2684092453125 0.5155842171875 0.2777642515625
0 0.5502473546875 0.3086010765625 0.5571881656250001 0.32996269843750003 0.5804073187500001 0.3224183375 0.5734665078125001 0.3010567171875 0.5502473546875 0.3086010765625
0 0.5781440109375 0.3154525921875 0.5862919203125 0.340529278125 0.601152178125 0.3357008875 0.59300426875 0.3106242015625 0.5781440109375 0.3154525921875
0 0.5513137953125 0.330844578125 0.5606688015625 0.359636328125 0.59410438125 0.34877245 0.584749375 0.3199807 0.5513137953125 0.330844578125
0 0.5363143703125 0.33366455 0.5405392124999999 0.346667275 0.5488981078124999 0.34395130625000003 0.544673265625 0.3309485796875 0.5363143703125 0.33366455
0 0.575378384375 0.1915927421875 0.5808103234375 0.20831053125 0.6068157750000001 0.19986084843750002 0.6013838359375 0.1831430578125 0.575378384375 0.1915927421875
0 0.5961145046875 0.16534561406249998 0.603357090625 0.1876360015625 0.6219324140625 0.1816005125 0.6146898281250001 0.15931012656250002 0.5961145046875 0.16534561406249998
0 0.62110636875 0.046328859374999996 0.625934759375 0.061189117187499996 0.6491539125 0.05364475625 0.644325521875 0.038784498437499995 0.62110636875 0.046328859374999996
0 0.543602775 0.0448140203125 0.5487329390625 0.060603043749999995 0.5580206015625 0.05758529999999999 0.5528904359375 0.0417962765625 0.543602775 0.0448140203125
0 0.6490803890625 0.2667335015625 0.654814103125 0.28438005781250003 0.6696743609375 0.2795516671875 0.663940646875 0.2619051109375 0.6490803890625 0.2667335015625
0 0.6405559015625 0.3116028375 0.6459878406249999 0.3283206265625 0.6599193328124999 0.32379401093750004 0.65448739375 0.30707622031250004 0.6405559015625 0.3116028375
0 0.6064142625 0.2934317984375 0.62240830625 0.342656403125 0.6549151203125 0.3320942984375 0.6389210765625 0.28286969375000004 0.6064142625 0.2934317984375
0 0.6076769843750001 0.33050039375 0.61522134375 0.35371954687499996 0.6347254328124999 0.34738228437499996 0.6271810734375001 0.32416313125 0.6076769843750001 0.33050039375
0 0.605388740625 0.3471595765625 0.6099153578125 0.36109106875 0.6266331484375 0.3556591296875 0.62210653125 0.3417276375 0.605388740625 0.3471595765625
0 0.7199200109375 0.2714404140625 0.7253519515625 0.28815820468750003 0.751357403125 0.2797085203125 0.7459254625 0.26299073125 0.7199200109375 0.2714404140625
0 0.712840034375 0.2480703734375 0.719177296875 0.2675744625 0.736823853125 0.2618407484375 0.730486590625 0.24233665937499999 0.712840034375 0.2480703734375
0 0.7471457734375 0.244624903125 0.754388359375 0.2669152890625 0.7701773843749999 0.261785125 0.7629347984375 0.2394947375 0.7471457734375 0.244624903125
0 0.7834511953125001 0.20151058906250002 0.788581359375 0.2172996140625 0.8090142140625 0.21066057656249998 0.80388405 0.19487155312499999 0.7834511953125001 0.20151058906250002
0 0.7777072515625 0.1648712140625 0.7870622578125 0.1936629640625 0.8186403062500001 0.1834026328125 0.8092853 0.1546108828125 0.7777072515625 0.1648712140625
0 0.7459124625 0.122320809375 0.7510426265625 0.138109834375 0.76961795 0.1320743453125 0.764487784375 0.116285321875 0.7459124625 0.122320809375
0 0.746256646875 0.1786839984375 0.7531974578125 0.2000456203125 0.772701546875 0.1937083578125 0.7657607359374999 0.1723467359375 0.746256646875 0.1786839984375
0 0.698576078125 0.1946897640625 0.708232859375 0.2244102796875 0.7472410375 0.2117357546875 0.73758425625 0.1820152390625 0.698576078125 0.1946897640625
0 0.866023575 0.10485753281250002 0.874473259375 0.130862984375 0.8967636453125 0.1236204 0.8883139625 0.0976149484375 0.866023575 0.10485753281250002
0 0.872473578125 0.17053182656250002 0.8821303578125 0.20025234374999998 0.9137084062499999 0.1899920125 0.9040516265624999 0.160271496875 0.872473578125 0.17053182656250002
0 0.8575694171875 0.14046265 0.8654155515624999 0.16461057031249998 0.896064834375 0.1546520140625 0.8882186984375 0.1305040953125 0.8575694171875 0.14046265
0 0.879691228125 0.21644714375000002 0.8851231687500001 0.2331649328125 0.908342321875 0.2256205734375 0.9029103812500001 0.2089027828125 0.879691228125 0.21644714375000002
0 0.72465075625 0 0.7295859546875 0.015188979687500001 0.7667366 0.003118003125 0.7657235 0 0.72465075625 0
0 0.7573714921875 0 0.7491369296875 0.0026755718750000003 0.752758221875 0.0138207640625 0.775048609375 0.0065781796875000005 0.772911228125 0 0.7573714921875 0
0 0.7449677109375 0.0230263765625 0.752512071875 0.046245529687499995 0.783161353125 0.036286973437499995 0.77561699375 0.0130678203125 0.7449677109375 0.0230263765625
0 0.7544531453125 0.01429686875 0.7577726640625 0.024513296875 0.7707753890625 0.0202884546875 0.767455871875 0.010072028125 0.7544531453125 0.01429686875
0 0.768532540625 0.0513083484375 0.7742662546875 0.0689549046875 0.7965566421875 0.061712318749999995 0.790822928125 0.0440657625 0.768532540625 0.0513083484375
0 0.7873495390625 0.074458665625 0.7939885765625 0.0948915203125 0.8283529234375001 0.0837258671875 0.8217138859374999 0.0632930125 0.7873495390625 0.074458665625
0 0.7749855265625001 0.0759089296875 0.77890859375 0.0879828890625 0.80119898125 0.080740303125 0.7972759140625 0.06866634375 0.7749855265625001 0.0759089296875
0 0.0021922203125 0.1924914625 0.0052099640625 0.2017791234375 0.020070221875 0.1969507328125 0.017052478125 0.187663071875 0.0021922203125 0.1924914625
0 0.052288475 0.16337897031249998 0.057418640624999996 0.17916799375 0.0722788984375 0.17433960312500002 0.06714873437499999 0.1585505796875 0.052288475 0.16337897031249998
0 0.10396094843749999 0.17071980312499999 0.1099964359375 0.189295125 0.1304292921875 0.1826560875 0.124393803125 0.164080765625 0.10396094843749999 0.17071980312499999
0 0.1167703765625 0.11059615468749999 0.12220231562499999 0.1273139453125 0.139848871875 0.12158023124999999 0.1344169328125 0.10486244062500001 0.1167703765625 0.11059615468749999
0 0.147314165625 0.11453392656250001 0.15214255625 0.129394184375 0.1660740484375 0.12486756875 0.1612456578125 0.1100073109375 0.147314165625 0.11453392656250001
0 0.1416009109375 0.134873009375 0.14401510625 0.1423031390625 0.15144523593749998 0.13988894375 0.149031040625 0.13245881406249999 0.1416009109375 0.134873009375
0 0 0.1685601125 0.033957812500000004 0.15752655 0.026111676562500002 0.13337863125 0 0.1418628296875 0 0.1685601125
0 0.1664167421875 0.2017676140625 0.1721504546875 0.21941417031250002 0.19536960781249998 0.21186981093749999 0.1896358953125 0.194223253125 0.1664167421875 0.2017676140625
0 0.3235408265625 0.1496880859375 0.32746389374999996 0.1617620453125 0.34046661875 0.157537203125 0.33654355156250004 0.14546324375 0.3235408265625 0.1496880859375
0 0.345957165625 0.1665348125 0.3486731359375 0.1748937078125 0.35888956250000004 0.1715741890625 0.35617359375 0.16321529375 0.345957165625 0.1665348125
0 0.26124615 0.1380974765625 0.27633487031250004 0.1845357828125 0.30884168437500004 0.1739736796875 0.2937529640625 0.127535371875 0.26124615 0.1380974765625
0 0.26145116874999996 0.192452246875 0.2656760109375 0.205454971875 0.2870376328125 0.19851416093750002 0.28281279062500003 0.1855114359375 0.26145116874999996 0.192452246875
0 0.30289996874999997 0.143046065625 0.30682303593750004 0.155120025 0.3244695921875 0.14938631093750002 0.320546525 0.1373123515625 0.30289996874999997 0.143046065625
0 0.25622574062500003 0.2095523703125 0.26286477812500003 0.229985225 0.27958256875 0.22455328593749999 0.27294353125000004 0.20412043125 0.25622574062500003 0.2095523703125
0 0.2820568625 0.2037263765625 0.2874888015625 0.2204441671875 0.3032778265625 0.2153140015625 0.29784588749999996 0.1985962109375 0.2820568625 0.2037263765625
0 0.297810721875 0.2032283203125 0.3035444359375 0.22087487656250002 0.32862112187500003 0.2127269671875 0.3228874078125 0.1950804109375 0.297810721875 0.2032283203125
0 0.29794115 0.1657070640625 0.309408578125 0.20100017656250002 0.3474879890625 0.1886274265625 0.3360205609375 0.15333431250000001 0.29794115 0.1657070640625
0 0.28642385312499996 0.17766380937499998 0.2909504703125 0.1915953015625 0.3039531953125 0.18737045937500002 0.2994265796875 0.17343896718750001 0.28642385312499996 0.17766380937499998
0 0.347742878125 0.19573233750000002 0.35257126875 0.2105925953125 0.3683602921875 0.20546243125000002 0.3635319015625 0.19060217343750002 0.347742878125 0.19573233750000002
0 0.3492415203125 0.18138334843749998 0.351353940625 0.1878847109375 0.35971283593750003 0.18516874218749999 0.357600415625 0.178667378125 0.3492415203125 0.18138334843749998
0 0.3838315578125 0.099807290625 0.39077236875 0.12116891249999999 0.408418925 0.11543519843750001 0.4014781140625 0.094073578125 0.3838315578125 0.099807290625
0 0.4054480671875 0.0999713921875 0.40997468281250005 0.113902884375 0.42669247343750005 0.10847094374999999 0.4221658578125 0.09453945312499999 0.4054480671875 0.0999713921875
0 0.396112028125 0.12970213749999998 0.4003368703125 0.1427048640625 0.4179834265625 0.13697114999999999 0.413758584375 0.1239684234375 0.396112028125 0.12970213749999998
0 0.3248459578125 0.242191103125 0.3326920921875 0.2663390234375 0.35869754375 0.2578893390625 0.35085140937500003 0.23374142031249998 0.3248459578125 0.242191103125
0 0.32415886718750003 0.2716786828125 0.3271766109375 0.28096634374999996 0.33925057187499996 0.2770432765625 0.3362328265625 0.267755615625 0.32415886718750003 0.2716786828125
0 0.299350284375 0.2648506109375 0.3044804484375 0.280639634375 0.3239845375 0.274302371875 0.318854371875 0.2585133484375 0.299350284375 0.2648506109375
0 0.30248375156249996 0.27923476406250003 0.3088210140625 0.29873885312500004 0.3227525046875 0.2942122375 0.3164152421875 0.2747081484375 0.30248375156249996 0.27923476406250003
0 0.67257659375 0.1209920234375 0.6792156312500001 0.141424878125 0.7015060171874999 0.1341822921875 0.69486698125 0.1137494375 0.67257659375 0.1209920234375
0 0.6672456718750001 0.1519884734375 0.6708669656249999 0.1631336671875 0.6857272234375 0.15830527656249999 0.68210593125 0.14716008281249998 0.6672456718750001 0.1519884734375
0 0.6628098453125 0.166778403125 0.6673364609375 0.18070989531249998 0.683125484375 0.1755797296875 0.67859886875 0.16164823749999999 0.6628098453125 0.166778403125
0 0.6511503984375 0.21780044062499998 0.6544699171875 0.22801686875 0.6711877078125 0.2225849296875 0.6678681890625 0.2123685015625 0.6511503984375 0.21780044062499998
0 0.6426860109375 0.23441273906250001 0.6475144015625001 0.24927299687499999 0.6642321921875001 0.24384105625000002 0.6594038015625 0.2289807984375 0.6426860109375 0.23441273906250001
0 0.6376159453125 0.1903666765625 0.6454620796875 0.2145145953125 0.6668237 0.207573784375 0.658977565625 0.1834258640625 0.6376159453125 0.1903666765625
0 0.6548612 0.1154530984375 0.6621037859375 0.13774348593750002 0.671391446875 0.1347257421875 0.6641488609375 0.11243535468750002 0.6548612 0.1154530984375
0 0.6418335390625 0.14330286875 0.6478690281249999 0.1618781921875 0.6738744796875 0.1534285078125 0.6678389921875 0.1348531859375 0.6418335390625 0.14330286875
0 0.627697028125 0.09347471562500001 0.634336065625 0.11390757031250001 0.651982621875 0.10817385625 0.6453435843750001 0.0877410015625 0.627697028125 0.09347471562500001
0 0.6356588859375 0.12271912656249999 0.6416943734375 0.14129445000000002 0.6611984625 0.13495718750000002 0.655162975 0.11638186406249999 0.6356588859375 0.12271912656249999
0 0.601275571875 0.075362284375 0.6118376750000001 0.1078690984375 0.6285554656250001 0.102437159375 0.6179933609375 0.0699303453125 0.601275571875 0.075362284375
0 0.5879813015625001 0.0976511796875 0.5909990453125 0.106938840625 0.6086456015625 0.101205128125 0.6056278578125001 0.091917465625 0.5879813015625001 0.0976511796875
0 0.584938621875 0.1119884484375 0.597613146875 0.150996625 0.615259703125 0.1452629109375 0.602585178125 0.10625473437499999 0.584938621875 0.1119884484375
0 0.6125100609375 0.12099926875 0.6203561953125 0.1451471890625 0.639860284375 0.1388099265625 0.63201415 0.11466200625 0.6125100609375 0.12099926875
0 0.564059071875 0.0350869109375 0.5679821390625001 0.0471608703125 0.5893437609375 0.040220059375 0.5854206937499999 0.0281460984375 0.564059071875 0.0350869109375
0 0.5487967968749999 0 0.541609059375 0.0023354375 0.5545853593750001 0.042272381250000005 0.58894970625 0.031106728125 0.5788425171875 0 0.5487967968749999 0
0 0.6167415828125 0 0.605680709375 0.0035938953125 0.6129232953125 0.0258842828125 0.6361424484375 0.018339921875 0.630183446875 0 0.6167415828125 0
0 0.6766901875 0.0672876875 0.68664874375 0.09793697031250001 0.72194185625 0.0864695421875 0.7119833 0.055820259375 0.6766901875 0.0672876875
0 0.7176598984375 0.0606501421875 0.721884740625 0.07365286875 0.74510389375 0.0661085078125 0.7408790515625 0.05310578125 0.7176598984375 0.0606501421875
0 0.7083880406249999 0 0.69941426875 0.0029157546875 0.706958628125 0.026134907812500004 0.7208901203125 0.0216082921875 0.7138691609375 0 0.7083880406249999 0
0 0.7289457500000001 0.0385004125 0.7358865609375 0.0598620328125 0.7544618843750001 0.053826545312499995 0.7475210718749999 0.032464925 0.7289457500000001 0.0385004125
0 0.6929802515625 0.0368376703125 0.6996192875 0.057270525 0.7135507796875 0.052743909374999995 0.7069117421875 0.032311053125 0.6929802515625 0.0368376703125
0 0.7052285406250001 0.0302909125 0.713074675 0.054438832812500004 0.740937659375 0.0453856 0.7330915250000001 0.02123768125 0.7052285406250001 0.0302909125
0 0.47513384218750004 0 0.4812627046875 0.0188627015625 0.5165558171875 0.0073952734375 0.514152946875 0 0.47513384218750004 0
0 0.465265678125 0.0107118078125 0.4673780984375 0.017213171875 0.4710931625 0.0160060734375 0.46898074218749997 0.009504710937499999 0.465265678125 0.0107118078125
0 0.4091456546875 0.019704942187499998 0.42664857031250003 0.073573378125 0.47958824062499994 0.0563722359375 0.462085325 0.0025038 0.4091456546875 0.019704942187499998
0 0.4206701984375 0.06781472968749999 0.4270074609375 0.0873188171875 0.45301291250000003 0.07886913437500001 0.44667565 0.059365045312499996 0.4206701984375 0.06781472968749999
0 0.43401284687499997 0.018812831250000002 0.4391430109375 0.03460185625 0.459575865625 0.02796281875 0.4544457015625 0.012173795312500001 0.43401284687499997 0.018812831250000002
0 0.22349621874999998 0.24945116562499997 0.2274192859375 0.261525125 0.246923375 0.25518786250000003 0.24300030781249998 0.24311390312499997 0.22349621874999998 0.24945116562499997
0 0.2023104203125 0.23323143124999998 0.20955300625 0.25552181875 0.2271995625 0.24978810468749998 0.21995697656250002 0.22749771718749998 0.2023104203125 0.23323143124999998
0 0.154909675 0.2327171796875 0.165471778125 0.26522399375 0.19612106093749998 0.25526543749999997 0.18555895625000002 0.2227586234375 0.154909675 0.2327171796875
0 0.104642071875 0.2233796484375 0.11128110937499999 0.24381250312499997 0.13914409375 0.234759271875 0.13250505625 0.214326415625 0.104642071875 0.2233796484375
0 0.0375878421875 0.2082014203125 0.0508659171875 0.2490671296875 0.0787289 0.240013896875 0.0654508265625 0.19914818750000002 0.0375878421875 0.2082014203125
0 0.048182128125 0.2771498375 0.0518034203125 0.28829503125 0.07037874375 0.2822595421875 0.06675745 0.27111435 0.048182128125 0.2771498375
0 0.039824725 0.2593289515625 0.0437477921875 0.2714029109375 0.070682009375 0.262651453125 0.0667589421875 0.25057749375 0.039824725 0.2593289515625
0 0 0.32321418749999997 0.0103765734375 0.3551499953125 0.06331624218750001 0.3379488546875 0.0464168765625 0.2859379515625 0 0.3010197078125 0 0.32321418749999997
0 0.0014303265625000001 0.292853828125 0.0062587156249999994 0.3077140859375 0.015546378125 0.3046963421875 0.0107179875 0.28983608437499997 0.0014303265625000001 0.292853828125
0 0 0.31744880625 0.016416535937499997 0.31211475 0.0085704015625 0.2879668296875 0 0.290751521875 0 0.31744880625
0 0.0067418546875 0.5288365078124999 0.013380892187499998 0.5492693640625 0.029169917187499998 0.5441391984374999 0.022530879687499998 0.52370634375 0.0067418546875 0.5288365078124999
0 0.834295071875 0.9078706921874999 0.8370110421874999 0.9162295874999999 0.857443896875 0.9095905500000001 0.8547279265625001 0.9012316546875001 0.834295071875 0.9078706921874999
0 0.687654871875 0.3111883234375 0.6918797140625 0.3241910484375 0.6993098437499999 0.321776853125 0.6950850015625 0.308774128125 0.687654871875 0.3111883234375
0 0.6871655546875 0.3349641390625 0.6935028171875001 0.354468228125 0.707434309375 0.3499416109375 0.701097046875 0.3304375234375 0.6871655546875 0.3349641390625
0 0.669949709375 0.32464221875 0.6753816484375 0.341360009375 0.6995295671874999 0.333513875 0.694097628125 0.316796084375 0.669949709375 0.32464221875
0 0.43178534687500003 0.637681375 0.43540663906250004 0.64882656875 0.44933813125000005 0.6442999515625 0.44571683906250004 0.6331547578125 0.43178534687500003 0.637681375
0 0.4835501 0.653206771875 0.48656784374999995 0.6624944328125 0.49492673906249995 0.6597784640625 0.4919089953125 0.6504908015625 0.4835501 0.653206771875