0 0.324545434375 0.6682759640625 0.3128849484375 0.534996009375 0.21657315625 0.5434221984375001 0.22823364218750003 0.676702153125 0.324545434375 0.6682759640625
0 0.552987271875 0.7134793640625 0.5454122124999999 0.6268960359375 0.48898712343749995 0.6318325921875 0.49656218281250003 0.7184159203125 0.552987271875 0.7134793640625
0 0.653341934375 0.751263378125 0.6415963359375 0.6170105765625 0.5336103875 0.6264581234375 0.545355984375 0.7607109249999999 0.653341934375 0.751263378125
0 0.5061799546875 0.8283475625 0.5037116765625 0.8001350171875 0.48036336406249996 0.8021777296874999 0.48283164218749997 0.8303902750000001 0.5061799546875 0.8283475625
0 0.2476625671875 0.46178865625 0.236342534375 0.3324000875 0.1283565859375 0.341847634375 0.13967661874999998 0.471236203125 0.2476625671875 0.46178865625
0 0.20788743906249998 0.2760720171875 0.19554605 0.1350092921875 0.0379449359375 0.148797603125 0.050286325 0.289860328125 0.20788743906249998 0.2760720171875
0 0.9334414328125 0.2944487171875 0.91718484375 0.1086350578125 0.7430453406249999 0.12387029062499999 0.7593019296875 0.30968395000000004 0.9334414328125 0.2944487171875
0 0.8658958609375 0.2675183796875 0.8552567328125 0.1459125828125 0.777429021875 0.152721625 0.78806815 0.2743274234375 0.8658958609375 0.2675183796875
0 0.983758228125 0.6174643671875 0.9669909609375 0.4258136296875 0.8152269249999999 0.4390912625 0.8319941921874999 0.6307419999999999 0.983758228125 0.6174643671875
0 0.9259415609375001 0.5504711484375 0.9173451453125001 0.45221366406249996 0.8327075109375001 0.459618496875 0.8413039265625001 0.5578759828125001 0.9259415609375001 0.5504711484375
0 0.9577998546875 0.7633483265625001 0.9458840296875 0.6271498328125 0.8096855359375 0.6390656578125 0.8216013609375 0.7752641515625001 0.9577998546875 0.7633483265625001
0 0.992225209375 0.8711095859375 0.9864375234375 0.8049560328125 0.92028396875 0.8107437187500001 0.9260716562500001 0.876897271875 0.992225209375 0.8711095859375
0 1 0.7831833203125 0.8815284328124999 0.7935482390625 0.8962529874999999 0.9618506640625 1 0.9527739765625001 1 0.7831833203125
0 0.8127350515625 0.886812940625 0.8049046531249999 0.7973110734375 0.7270769421875001 0.8041201156250001 0.734907340625 0.8936219828124999 0.8127350515625 0.886812940625
0 0.761290396875 0.8310257562500001 0.753289771875 0.7395781968749999 0.6715706765625 0.746727690625 0.6795713 0.8381752515625 0.761290396875 0.8310257562500001
0 0.8487244140625 0.8723909125 0.8329785031249999 0.69241433125 0.6530019234375 0.708160240625 0.6687478328124999 0.888136821875 0.8487244140625 0.8723909125
0 0.7422092015625 0.9434682328124999 0.7356554984375 0.8685590609375 0.63934370625 0.8769852515625001 0.6458974093750001 0.9518944234375001 0.7422092015625 0.9434682328124999
0 0.8010787546874999 0.9216528359374999 0.7974188953125 0.8798204421875001 0.7390481125 0.8849272234375001 0.742707971875 0.92675961875 0.8010787546874999 0.9216528359374999
0 0.8044105109374999 0.9429277875000001 0.7962396609375 0.8495345343749999 0.5783220703125 0.868599853125 0.586492921875 0.9619931062499999 0.8044105109374999 0.9429277875000001
0 0.836760521875 0.685221396875 0.8233977749999999 0.532484515625 0.68233505 0.5448259046875 0.6956977953125 0.6975627875 0.836760521875 0.685221396875
0 0.7714420015625 0.5100720046875 0.7665054453125 0.4536469140625 0.6984061984375 0.459604825 0.7033427546875 0.516029915625 0.7714420015625 0.5100720046875
0 0.610021825 0.581051421875 0.6021914265625 0.49154955468750006 0.5272822546875 0.49810325781250003 0.5351126546875 0.587605125 0.610021825 0.581051421875
0 0.6717558968749999 0.4967368203125 0.658818715625 0.34886416875 0.5206745296874999 0.3609502203125 0.5336117109375 0.5088228703125 0.6717558968749999 0.4967368203125
0 0.5294649859375 0.5062447828125001 0.5229112828125 0.43133561093750006 0.468431884375 0.43610194062499996 0.4749855875 0.5110111125000001 0.5294649859375 0.5062447828125001
0 0.4710278328125 0.46577375625000006 0.4605589296875 0.34611365 0.34576305625 0.3561569875 0.35623195937499996 0.47581709375000003 0.4710278328125 0.46577375625000006
0 0.44121137031249996 0.3546683921875 0.432444728125 0.2544652140625 0.3225130859375 0.26408298750000003 0.331279728125 0.36428616406250003 0.44121137031249996 0.3546683921875
0 0.36210056874999996 0.37482364375 0.352482796875 0.2648920015625 0.269790853125 0.272126609375 0.2794086265625 0.3820582515625 0.36210056874999996 0.37482364375
0 0.361336315625 0.209221021875 0.35537840468750004 0.141121775 0.2853334640625 0.1472499125 0.2912913765625 0.2153491609375 0.361336315625 0.209221021875
0 0.2994465734375 0.07886511874999999 0.296212278125 0.04189695625 0.2631355 0.0447907984375 0.2663697953125 0.0817589625 0.2994465734375 0.07886511874999999
0 0.3008687984375 0.1287356234375 0.29814518125 0.0976045390625 0.253394246875 0.1015197390625 0.25611786406250003 0.1326508234375 0.3008687984375 0.1287356234375
0 0.227589121875 0.13710735000000002 0.2243548265625 0.10013918749999999 0.17960389375000002 0.1040543875 0.1828381890625 0.14102255 0.227589121875 0.13710735000000002
0 0.2706684453125 0.091675953125 0.2642849671875 0.018712475 0.1582447109375 0.0279897953125 0.1646281890625 0.1009532734375 0.2706684453125 0.091675953125
0 0.3381472046875 0.1122402328125 0.329465675 0.0130099015625 0.081389846875 0.034713723437499996 0.0900713765625 0.13394405468749998 0.3381472046875 0.1122402328125
0 0.1649928953125 0.11072429375 0.15971588750000001 0.05040781875 0.0964808734375 0.055940165625 0.10175788125 0.116256640625 0.1649928953125 0.11072429375
0 0.48384859062499996 0.152918971875 0.48138031249999996 0.1247064265625 0.4531677671875 0.1271747046875 0.4556360453125 0.15538724843750001 0.48384859062499996 0.152918971875
0 0.45109352343750003 0.20430916250000003 0.4387521328125 0.0632464359375 0.28115101875000004 0.077034746875 0.29349240781249997 0.2180974734375 0.45109352343750003 0.20430916250000003
0 0.46610120000000005 0.067715753125 0.4603135140625 0.0015621984375 0.3007667078125 0.015520735937499999 0.30655439375000004 0.081674290625 0.46610120000000005 0.067715753125
0 0.5036889671875 0.11638276875 0.50181648125 0.0949801484375 0.470685396875 0.09770376562500001 0.4725578828125 0.1191063859375 0.5036889671875 0.11638276875
0 0.569989375 0.028237639062499997 0.5679466625 0.004889325 0.5397341171875001 0.007357603125000001 0.5417768296875 0.030705915625000003 0.569989375 0.028237639062499997
0 0.9156863234375001 0.35481965781249997 0.9113455593750001 0.3052044921875 0.8714588578125 0.30869412500000004 0.8757996218749999 0.358309290625 0.9156863234375001 0.35481965781249997
0 0.920677784375 0.3950651125 0.9108897859375 0.28318777812499996 0.80776806875 0.29220975937500004 0.8175560671875 0.40408709375 0.920677784375 0.3950651125
0 0.7237555515625 0.4020005015625 0.7166060562500001 0.3202814046875 0.6465611171875 0.3264095421875 0.6537106109375 0.4081286390625 0.7237555515625 0.4020005015625
0 0.823983425 0.35990174218750004 0.8133442953125 0.23829594531249998 0.6401776390625 0.2534460640625 0.65081676875 0.3750518625 0.823983425 0.35990174218750004
0 0.8336863093750001 0.47080623125 0.8264517031249999 0.3881142875 0.7564067624999999 0.3942424265625 0.7636413703125 0.47693436875 0.8336863093750001 0.47080623125
0 0.728330928125 0.1349605625 0.7174364609375 0.010436226562500001 0.583183659375 0.0221818234375 0.5940781281249999 0.1467061609375 0.728330928125 0.1349605625
0 0.6395704234374999 0 0.6437065234375 0.047275835937499996 0.80325333125 0.0333173 0.8003384453125 0 0.6395704234374999 0
0 0.9151566546875 0 0.8761197890625001 0.0034152828125 0.891355021875 0.17755478593750001 0.9730741187499999 0.1704052921875 0.9581655874999999 0 0.9151566546875 0
0 0.3520970875 1 0.3395129796875 0.8561629859375 0.17607478593749998 0.8704619750000001 0.1874078953125 1 0.3520970875 1
0 0.1001574890625 0.7702519609375 0.022329778124999998 0.777061003125 0.031607098437499995 0.883101259375 0.10943480937500001 0.8762922171874999 0.1001574890625 0.7702519609375
0 0.1045297859375 0.7193843546875 0.098401646875 0.649339415625 0.041976556250000005 0.654275971875 0.0481046953125 0.7243209109375 0.1045297859375 0.7193843546875
0 0 0.5218304781249999 0.004115589062499999 0.5688718781250001 0.1617167046875 0.5550835671875001 0.1483539578125 0.402346684375 0 0.4153259734375 0 0.5218304781249999
0 0.1768520515625 0.4199494265625 0.16561713125 0.291533703125 0.01774448125 0.30447088437500003 0.0289794 0.43288660781250005 0.1768520515625 0.4199494265625
0 0.2435251015625 0.71702676875 0.23118371249999997 0.57596404375 0.1047136828125 0.5870287375000001 0.117055071875 0.7280914625 0.2435251015625 0.71702676875
0 0.2415547140625 0.7505291109375001 0.235767028125 0.68437555625 0.1939346328125 0.6880354171875 0.19972231875 0.754188971875 0.2415547140625 0.7505291109375001
0 0.45990889375000005 0.8372972187500001 0.4462056953125 0.6806689515625 0.3168171265625 0.691988984375 0.3305203234375 0.8486172515625 0.45990889375000005 0.8372972187500001
0 0.482729109375 0.7563871375 0.4644298078125 0.547225165625 0.3350412390625 0.5585451984375001 0.353340540625 0.7677071703125 0.482729109375 0.7563871375
0 0.524292715625 0.3238726890625 0.513228021875 0.19740265937499998 0.3682739109375 0.2100845 0.37933860468749997 0.3365545296875 0.524292715625 0.3238726890625
0 0.650416340625 0.2976437625 0.6360322375 0.13323272343749998 0.49983374375 0.1451485484375 0.514217846875 0.3095595875 0.650416340625 0.2976437625
0 1 0.5566031125 0.9683494625 0.19483581875 0.9138700656250001 0.1996021484375 0.9479152765625001 0.588740703125 1 0.5841838796875 1 0.5566031125
0 0.6425206718750001 0.6051661937499999 0.64107375 0.58862780625 0.6041055875 0.5918621 0.605552509375 0.6084004890625 0.6425206718750001 0.6051661937499999
0 0.521830465625 1 0.632593315625 0.99030950625 0.6220393 0.8696765546874999 0.46443818593749997 0.8834648656249999 0.4746336890625 1 0.521830465625 1
0 0.5736404125 0.8543050531249999 0.560958571875 0.7093509421874999 0.443244159375 0.71964961875 0.455926 0.8646037296875001 0.5736404125 0.8543050531249999
0 0.1653236421875 0.9772742015624999 0.1520460109375 0.825510165625 0.0343315984375 0.8358088421875 0.0476092296875 0.987572878125 0.1653236421875 0.9772742015624999
0 0 0.27416380937499996 0.032975965625 0.2712787859375 0.019442993750000002 0.11659621093750001 0 0.11829725312499999 0 0.27416380937499996
0 0 0.136922815625 0.071648153125 0.1306544140625 0.0633921890625 0.036288315625 0 0.0418344125 0 0.136922815625
0 0.489158671875 0.51614303125 0.4752001359375 0.356596225 0.35164864375 0.3674055796875 0.36560718125 0.5269523859375 0.489158671875 0.51614303125
0 0.29991844218749997 0.291547375 0.2878323921875 0.1534031890625 0.1993033703125 0.161148475 0.211389421875 0.2992926609375 0.29991844218749997 0.291547375
0 0.2227714125 0.86637655 0.21289830156249998 0.75352636875 0.116586509375 0.761952559375 0.1264596203125 0.8748027390625 0.2227714125 0.86637655
0 0.3033661796875 0.8127615125000001 0.2986849625 0.7592549609375 0.24906979687500003 0.763595725 0.2537510140625 0.8171022765625 0.3033661796875 0.8127615125000001
0 0.309805884375 0.751910103125 0.306146025 0.7100777093749999 0.275014940625 0.712801325 0.2786748 0.7546337203125 0.309805884375 0.751910103125
0 0.286529709375 1 0.45472074687499997 0.9852851906250001 0.427825028125 0.6778657328125 0.14472673125 0.702633625 0.1707429171875 1 0.286529709375 1
0 0.13279679375 0.73994819375 0.11943404843750001 0.5872113109375 0.0133937921875 0.59648863125 0.0267565375 0.7492255140624999 0.13279679375 0.73994819375
0 0 0.4001314359375 0.0390487578125 0.3967151109375 0.014025526562499998 0.110698275 0 0.11192534999999999 0 0.4001314359375
0 0.8236268765625001 0.16534481406249998 0.8109450359375 0.020390703125 0.6796107734375 0.0318809609375 0.6922926140625 0.1768350734375 0.8236268765625001 0.16534481406249998
0 1 0.6091813453125 0.8498824812500001 0.622314928125 0.8648623750000001 0.7935358906250001 1 0.78171288125 1 0.6091813453125
0 0.69199824375 0.9409990718750001 0.69582833125 0.984777159375 0.9205558453125 0.96511605 0.916725759375 0.9213379625 0.69199824375 0.9409990718750001
0 0.7841375140625 0.5207248046874999 0.776307115625 0.4312229375 0.6595655500000001 0.4414365 0.6673959484374999 0.5309383671875 0.7841375140625 0.5207248046874999