0 0.65771484375 0.18115234375 0.65771484375 0.08447265625 0.54931640625 0.08447265625 0.54931640625 0.18115234375 0.65771484375 0.18115234375
0 0.6962890625 0.53857421875 0.6962890625 0.45166015625 0.609375 0.45166015625 0.609375 0.53857421875 0.6962890625 0.53857421875
0 0.609375 0.59716796875 0.609375 0.51513671875 0.5361328125 0.51513671875 0.5361328125 0.59716796875 0.609375 0.59716796875
0 0.5556640625 0.6806640625 0.5556640625 0.59375 0.4755859375 0.59375 0.4755859375 0.6806640625 0.5556640625 0.6806640625
0 0.57763671875 0.78076171875 0.57763671875 0.69384765625 0.49560546875 0.69384765625 0.49560546875 0.78076171875 0.57763671875 0.78076171875
0 0.9150390625 0.98291015625 0.9150390625 0.90087890625 0.79296875 0.90087890625 0.79296875 0.98291015625 0.9150390625 0.98291015625
0 0.95654296875 1 0.95654296875 0.982421875 0.89013671875 0.982421875 0.89013671875 1 0.95654296875 1
0 0.35546875 0.78759765625 0.35546875 0.70068359375 0.2822265625 0.70068359375 0.2822265625 0.78759765625 0.35546875 0.78759765625
0 0 0.50048828125 0.05859375 0.50048828125 0.05859375 0.42041015625 0 0.42041015625 0 0.50048828125
0 0.2421875 0.26806640625 0.2421875 0.18310546875 0.1689453125 0.18310546875 0.1689453125 0.26806640625 0.2421875 0.26806640625
0 0.4423828125 0 0.4423828125 0.029296875 0.53125 0.029296875 0.53125 0 0.4423828125 0