0 0.6347364718749999 0.0395461328125 0.631878271875 0.012352175 0.6007994625 0.0156186890625 0.6036576625000001 0.042812646875 0.6347364718749999 0.0395461328125
0 0.661522115625 0.03280308125 0.658663915625 0.0056091234375 0.62952753125 0.00867148125 0.6323857312500001 0.0358654390625 0.661522115625 0.03280308125
0 0.64530913125 0 0.6466506203125 0.012763421875 0.670930940625 0.0102114578125 0.6698576734375 0 0.64530913125 0
0 0.5873745718750001 0 0.58873659375 0.01295878125 0.6139881265625 0.0103047375 0.6129050546875 0 0.5873745718750001 0
0 0.6639661359375 0.0934265890625 0.6622308 0.076915971875 0.6476626078125001 0.07844715 0.64939794375 0.0949577671875 0.6639661359375 0.0934265890625
0 0.6520549203125 0.10155209999999999 0.6499112703125001 0.08115663125 0.6304870140625 0.08319820312500001 0.6326306640625 0.10359367187499999 0.6520549203125 0.10155209999999999
0 0.633091484375 0.09863552812500001 0.6314582265625 0.08309612499999999 0.6081491203125 0.085546009375 0.6097823765625 0.1010854140625 0.633091484375 0.09863552812500001
0 0.557899784375 0.10261072812500001 0.5556540562500001 0.081244046875 0.5304025234374999 0.083898090625 0.532648253125 0.10526477187500001 0.557899784375 0.10261072812500001
0 0.6389478046875 0.23843766406250003 0.6361916843750001 0.21221492031250003 0.6060840875 0.21537935468749997 0.608840209375 0.24160210000000001 0.6389478046875 0.23843766406250003
0 0.6183452468749999 0.2572960890625 0.61681406875 0.2427278984375 0.5993322375 0.24456531250000002 0.6008634171875 0.25913350468749996 0.6183452468749999 0.2572960890625
0 0.5596204578124999 0.21240734687499999 0.557885121875 0.195896728125 0.5394320796875001 0.197836221875 0.5411674140625 0.2143468390625 0.5596204578124999 0.21240734687499999
0 0.40250134062500004 0.1469291015625 0.4002556109375 0.12556241875000002 0.3779177171875 0.1279102265625 0.3801634453125 0.1492769078125 0.40250134062500004 0.1469291015625
0 0.40998093593749996 0.040584232812499996 0.406714421875 0.0095054234375 0.37952046250000004 0.0123636234375 0.382786978125 0.0434424328125 0.40998093593749996 0.040584232812499996
0 0.39071273125 0.0254254234375 0.38897739531250003 0.00891480625 0.3578985859375 0.0121813203125 0.359633921875 0.028691937499999997 0.39071273125 0.0254254234375
0 0.39538928281249996 0.1913730125 0.39324563281249997 0.17097754375000002 0.3815910796875 0.1722024875 0.3837347296875 0.19259795625 0.39538928281249996 0.1913730125
0 0.48227337812500004 0.270615878125 0.4806401203125 0.2550764734375 0.4573310140625 0.257526359375 0.45896427187500005 0.2730657640625 0.48227337812500004 0.270615878125
0 0.5699916968750001 0.24568524374999998 0.5680522046875 0.22723220156249999 0.5466855234375 0.22947792968749997 0.548625015625 0.24793097187500002 0.5699916968750001 0.24568524374999998
0 0.8961952296875 0 0.8978578453124999 0.015818729687499998 0.9163108875000001 0.013879235937500001 0.914852121875 0 0.8961952296875 0
0 0.873610571875 0 0.875213715625 0.0152528984375 0.9014364609375001 0.0124967765625 0.900122996875 0 0.873610571875 0
0 0.7521961734375 0.2275167234375 0.74954213125 0.202265190625 0.7155496828125 0.205837940625 0.7182037265625001 0.23108947343750003 0.7521961734375 0.2275167234375
0 0.7887872265625 0.2766957 0.786541496875 0.25532901875 0.764203603125 0.257676825 0.7664493328125 0.27904350624999996 0.7887872265625 0.2766957
0 0.7771822453125 0.2877348484375 0.7751406750000001 0.26831059375 0.747946715625 0.27116879374999997 0.7499882875 0.2905930484375 0.7771822453125 0.2877348484375
0 0.7692608921875 0.27776605781249997 0.7673213984375 0.259313015625 0.75081078125 0.2610483515625 0.752750275 0.27950139375 0.7692608921875 0.27776605781249997
0 0.9726905218749999 0.34475949375 0.9695260859375001 0.314651896875 0.9413609140625001 0.3176121765625 0.9445253499999999 0.34771977187499997 0.9726905218749999 0.34475949375
0 0.964156696875 0.3289634265625 0.9845521640625 0.3268197765625 0.981898121875 0.30156824375 0.961502653125 0.30371189374999996 0.964156696875 0.3289634265625
0 0.9660554140625001 0.2816306625 0.97965239375 0.2802015625 0.9772025078125001 0.2568924546875 0.963605528125 0.25832155625 0.9660554140625001 0.2816306625
0 0.96630914375 0.29338729375 0.9646758875 0.27784789062500004 0.9491364828125001 0.279481146875 0.9507697390625 0.2950205515625 0.96630914375 0.29338729375
0 0.958026115625 0.308005059375 0.9823064359375 0.3054530953125 0.9794482359375 0.2782591375 0.9551679156249999 0.2808111015625 0.958026115625 0.308005059375
0 0.9712643546875 0.3125053140625 0.9693248609375 0.294052271875 0.9382460515625001 0.2973187859375 0.9401855453125 0.3157718296875 0.9712643546875 0.3125053140625
0 0.8791041500000001 0.3045167921875 0.87747089375 0.2889773875 0.860960275 0.2907127234375 0.8625935328125 0.306252128125 0.8791041500000001 0.3045167921875
0 0.9236749281250001 0.3175071640625 0.9222458281250001 0.3039101859375 0.905735209375 0.305645521875 0.9071643093749999 0.3192425 0.9236749281250001 0.3175071640625
0 0.9046968281250001 0.40787659375 0.9021448640624999 0.38359627500000004 0.87786454375 0.3861482390625 0.8804165093749999 0.410428559375 0.9046968281250001 0.40787659375
0 0.8601726921875 0.42335762812500005 0.8582331984374999 0.4049045859375 0.84075136875 0.40674200000000005 0.8426908609374999 0.4251950421875 0.8601726921875 0.42335762812500005
0 0.915350984375 0.42983242656250004 0.9131052546875 0.40846574531249996 0.8946522124999999 0.41040523906250004 0.896897940625 0.4317719203125 0.915350984375 0.42983242656250004
0 0.891174209375 0.4240270046875 0.8881118515624999 0.3948906203125 0.8609178937499999 0.39774882031250003 0.8639802515625 0.42688520468749996 0.891174209375 0.4240270046875
0 0.9284754124999999 0.5079902703125 0.9265359203125 0.48953722656250004 0.9080828765625 0.4914767203125 0.9100223703125 0.5099297625 0.9284754124999999 0.5079902703125
0 0.913369109375 0.51841548125 0.9108171437499999 0.4941351625 0.886536825 0.49668712656249997 0.8890887890625001 0.5209674468750001 0.913369109375 0.51841548125
0 0.917482903125 0.5248566968749999 0.915849646875 0.5093172921875 0.8993390281250001 0.5110526281250001 0.9009722859375 0.5265920328125 0.917482903125 0.5248566968749999
0 0.9946476796875 0.4882700421875 0.9926061078125 0.4688457875 0.9702682140625001 0.47119359375 0.9723097859375001 0.49061785 0.9946476796875 0.4882700421875
0 1 0.4827977828125 0.9921948609375001 0.48361813593749997 0.993930196875 0.500128753125 1 0.4994907921875 1 0.4827977828125
0 0.9921205015625001 0.46889682656250004 0.990385165625 0.452386209375 0.9738745484375 0.4541215453125 0.975609884375 0.4706321625 0.9921205015625001 0.46889682656250004
0 0.9798024375000001 0.4638088859375 0.978985809375 0.45603918437499996 0.9653888296875 0.457468284375 0.966205459375 0.46523798593750004 0.9798024375000001 0.4638088859375
0 0.7903794265624999 0.55343590625 0.7878274625 0.5291555859375 0.7596622921875 0.532115865625 0.7622142562499999 0.5563961843749999 0.7903794265624999 0.55343590625
0 0.8277973718749999 0.5450843843750001 0.8258578796875 0.526631340625 0.8064336234375 0.5286729125 0.808373115625 0.5471259546875 0.8277973718749999 0.5450843843750001
0 0.8215895 0.5280619078125001 0.8196500078125 0.5096088640625 0.7934272625000001 0.5123649859375 0.7953667546875 0.530818028125 0.8215895 0.5280619078125001
0 0.7971050234375 0.528671446875 0.7944509796875 0.5034199140625 0.7711418734375 0.5058697999999999 0.7737959171875 0.5311213312499999 0.7971050234375 0.528671446875
0 0.7229167953125 0.32731536562499997 0.7206710671875001 0.305948684375 0.7051316625 0.307581940625 0.7073773906249999 0.328948621875 0.7229167953125 0.32731536562499997
0 0.7069180375 0.324578165625 0.7049785453124999 0.30612512187499996 0.6855542890625 0.30816669375 0.6874937812499999 0.3266197359375 0.7069180375 0.324578165625
0 0.683832009375 0.3711919796875 0.6812800453125 0.3469116609375 0.6599133640625 0.3491573890625 0.6624653281249999 0.373437709375 0.683832009375 0.3711919796875
0 0.66604394375 0.37011575625000004 0.664002371875 0.3506915 0.6474917546875 0.3524268359375 0.6495333249999999 0.3718510921875 0.66604394375 0.37011575625000004
0 0.6159418609375 0.42595169374999997 0.61400236875 0.40749864999999996 0.595549325 0.40943814375 0.59748881875 0.42789118593750003 0.6159418609375 0.42595169374999997
0 0.6034385609374999 0.46114283125 0.600988675 0.43783372500000006 0.568938653125 0.4412023171875 0.5713885390625 0.464511425 0.6034385609374999 0.46114283125
0 0.63175245 0.487625171875 0.6305275078125 0.47597061875 0.6169305281249999 0.47739971875 0.618155471875 0.489054271875 0.63175245 0.487625171875
0 0.6422024484375 0.5076385796875 0.6397525625 0.48432947187500003 0.6183858812499999 0.4865752 0.6208357671875 0.5098843078125 0.6422024484375 0.5076385796875
0 0.5700747140625 0.3679282578125 0.5673185921874999 0.34170551250000003 0.541095846875 0.344461634375 0.5438519687500001 0.3706843796875 0.5700747140625 0.3679282578125
0 0.57807189375 0.38328975781249996 0.57592824375 0.3628942890625 0.5526191359375 0.365344175 0.5547627875 0.38573964374999997 0.57807189375 0.38328975781249996
0 0.5601525640625 0.40432101718749996 0.55831515 0.3868391875 0.53986210625 0.38877868125 0.5416995203125 0.40626051093750004 0.5601525640625 0.40432101718749996
0 0.5274157109375001 0.38714102499999997 0.524965825 0.3638319171875 0.49777186718750005 0.3666901171875 0.5002217531250001 0.389999225 0.5274157109375001 0.38714102499999997
0 0.5396550171875 0.4054934546875 0.53720513125 0.3821843484375 0.5119535984375 0.384838390625 0.514403484375 0.40814749843750003 0.5396550171875 0.4054934546875
0 0.5437469578125 0.3883703671875 0.54190954375 0.3708885359375 0.5273413515625001 0.372419715625 0.529178765625 0.3899015453125 0.5437469578125 0.3883703671875
0 0.5558871171875001 0.387094384375 0.554662175 0.37543983124999997 0.5400939828125 0.376971009375 0.541318925 0.3886255625 0.5558871171875001 0.387094384375
0 0.514606175 0.4194185234375 0.511135503125 0.3863972890625 0.47811426875 0.3898679609375 0.481584940625 0.4228891953125 0.514606175 0.4194185234375
0 0.4883294578125 0.44034623906250003 0.48577749375 0.4160659203125 0.4605259609375 0.4187199625 0.463077925 0.4430002828125 0.4883294578125 0.44034623906250003
0 0.47458229375 0.42166132031250003 0.47172409374999996 0.39446736250000003 0.4455013484375 0.3972234828125 0.4483595484375 0.4244174421875 0.47458229375 0.42166132031250003
0 0.4584552046875 0.42237440312499996 0.45671986875000004 0.40586378593749994 0.44020925 0.40759912187499997 0.4419445859375 0.4241097390625 0.4584552046875 0.42237440312499996
0 0.45356995468749994 0.44596349375 0.4509159109375 0.42071196093749996 0.422750740625 0.42367224062500003 0.42540478437499996 0.448923771875 0.45356995468749994 0.44596349375
0 0.5055225078125 0.487145290625 0.5019497578125 0.45315284218749996 0.46310124531249997 0.45723598593750003 0.4666739953125 0.49122843281249995 0.5055225078125 0.487145290625
0 0.497035321875 0.49982062968749996 0.495402065625 0.484281225 0.47403538437500004 0.486526953125 0.475668640625 0.5020663578125 0.497035321875 0.49982062968749996
0 0.48338290468749995 0.5287499234374999 0.4810350984375 0.5064120296875 0.456754778125 0.50896399375 0.4591025859375 0.5313018875 0.48338290468749995 0.5287499234374999
0 0.4651165640625 0.4810817375 0.46276875625 0.45874384375000005 0.4365460125 0.461499965625 0.43889381875 0.483837859375 0.4651165640625 0.4810817375
0 0.5168460390625 0.47809960625 0.515314859375 0.4635314140625 0.50074666875 0.4650625921875 0.502277846875 0.479630784375 0.5168460390625 0.47809960625
0 0.457758109375 0.46712601718749996 0.4553082234375 0.4438169109375 0.4261718390625 0.44687926874999995 0.428621725 0.47018837500000005 0.457758109375 0.46712601718749996
0 0.4669772984375 0.512799271875 0.46493572656250004 0.493375015625 0.445511471875 0.4954165875 0.44755304375 0.5148408437499999 0.4669772984375 0.512799271875
0 0.4928253140625 0.4550938015625 0.49088582187499996 0.436640759375 0.474375203125 0.4383760953125 0.476314696875 0.45682913750000004 0.4928253140625 0.4550938015625
0 0.42651738437500003 0.5249073140625 0.42498620468750004 0.510339121875 0.40264831093750003 0.5126869296875001 0.40417949062499997 0.5272551203125 0.42651738437500003 0.5249073140625
0 0.403103265625 0.5450431874999999 0.4019804015625 0.5343598453125 0.39032584843749996 0.5355847890625001 0.3914487125 0.5462681296875 0.403103265625 0.5450431874999999
0 0.3332799125 0.053555543750000004 0.33215704687500003 0.042872203125 0.31856006875 0.044301303125000004 0.31968293281250004 0.05498464374999999 0.3332799125 0.053555543750000004
0 0.3288233640625 0.1139223890625 0.3273942640625 0.10032540937500001 0.311854859375 0.10195866718749999 0.313283959375 0.1155556453125 0.3288233640625 0.1139223890625
0 0.23349872500000002 0.07582626875000001 0.2316613109375 0.058344439062499996 0.21515069375 0.060079775 0.2169881078125 0.0775616046875 0.23349872500000002 0.07582626875000001
0 0.23306855624999998 0.048377115625 0.23123114218750002 0.030895284375 0.21180688593750002 0.03293685625 0.21364430156249997 0.0504186859375 0.23306855624999998 0.048377115625
0 0.06356420625 0.0799399234375 0.060501848437500005 0.050803540625 0.0265094015625 0.054376290625000004 0.0295717578125 0.08351267343749999 0.06356420625 0.0799399234375
0 0 0.067472928125 0.005243332812499999 0.06692183125 0.0034059171875000004 0.0494400015625 0 0.049797978124999996 0 0.067472928125
0 0 0.1632122421875 0.023936907812499998 0.16069637187500002 0.020772471875 0.130588775 0 0.13277205 0 0.1632122421875
0 0.40199960468749996 0.249594740625 0.40026426875 0.23308412343749998 0.388609715625 0.23430906562499998 0.39034504999999997 0.250819684375 0.40199960468749996 0.249594740625
0 0.38706973906250003 0.275712475 0.38400738125 0.246576090625 0.35292857187500004 0.24984260625000002 0.3559909296875 0.27897898906249996 0.38706973906250003 0.275712475
0 0.36897836875 0.2530654125 0.3673451125 0.23752600781250002 0.34792085625 0.2395675796875 0.3495541140625 0.255106984375 0.36897836875 0.2530654125
0 0.39256745937500004 0.2579506625 0.390423809375 0.23755519375 0.37197076562500003 0.2394946859375 0.374114415625 0.2598901546875 0.39256745937500004 0.2579506625
0 0.3583446015625 0.2640024828125 0.35589471562499997 0.24069337656249998 0.33258560937500004 0.24314326249999998 0.3350354953125 0.26645236875 0.3583446015625 0.2640024828125
0 0.334628646875 0.25323891718749997 0.332587075 0.2338146625 0.3160764578125 0.23554999843750002 0.3181180296875 0.254974253125 0.334628646875 0.25323891718749997
0 0.390667275 0.314612025 0.3889319390625 0.2981014078125 0.372421321875 0.29983674374999997 0.3741566578125 0.3163473609375 0.390667275 0.314612025
0 0.39061476875 0.32345501875 0.3893898265625 0.311800465625 0.374821634375 0.3133316453125 0.37604657812500003 0.3249861984375 0.39061476875 0.32345501875
0 0.421975028125 0.318195040625 0.4209542421875 0.30848291250000004 0.40929968906249997 0.3097078546875 0.41032047499999996 0.3194199828125 0.421975028125 0.318195040625
0 0.33586517968749996 0.353757975 0.334334 0.3391897828125 0.319765809375 0.3407209625 0.3212969875 0.355289153125 0.33586517968749996 0.353757975
0 0.2568513984375 0.2839982953125 0.2551160625 0.2674876765625 0.23666302031250003 0.2694271703125 0.23839835625 0.2859377875 0.2568513984375 0.2839982953125
0 0.2660035609375 0.2683072390625 0.2639619890625 0.24888298281250001 0.23871045624999998 0.251537025 0.24075202812500002 0.27096128125 0.2660035609375 0.2683072390625
0 0.299457896875 0.273628521875 0.296701775 0.2474057765625 0.27145024218749997 0.25005981875 0.2742063640625 0.2762825640625 0.299457896875 0.273628521875
0 0.2874183484375 0.28520431562500004 0.2857850921875 0.2696649109375 0.269274475 0.271400246875 0.27090773125 0.2869396515625 0.2874183484375 0.28520431562500004
0 0.3105014453125 0.2572477015625 0.3092765015625 0.24559314843750002 0.2985931609375 0.2467160125 0.29981810468750003 0.258370565625 0.3105014453125 0.2572477015625
0 0.31714388437499996 0.2737335328125 0.315204390625 0.2552804890625 0.29578013593749997 0.2573220609375 0.29771962812499997 0.2757751046875 0.31714388437499996 0.2737335328125
0 0.310215596875 0.28722696718749996 0.30848026093750003 0.27071634843750003 0.2871135796875 0.272962078125 0.288848915625 0.28947269531250003 0.310215596875 0.28722696718749996
0 0.2968460953125 0.3048341953125 0.295314915625 0.290266003125 0.28074672500000003 0.2917971828125 0.282277903125 0.3063653734375 0.2968460953125 0.3048341953125
0 0.048288514062499996 0.35501622187500004 0.0452261578125 0.3258798375 0.009291284375 0.3296567453125 0.012353640624999999 0.35879312812499997 0.048288514062499996 0.35501622187500004
0 0 0.35616378125 0.016315784375 0.3544489234375 0.014988762499999999 0.3418231578125 0 0.343398540625 0 0.35616378125
0 0.0548084875 0.3376379359375 0.05388977968749999 0.3288970203125 0.0412640140625 0.3302240421875 0.0421827203125 0.33896495781249997 0.0548084875 0.3376379359375
0 0.128918096875 0.388765203125 0.126876525 0.369340946875 0.1074522703125 0.37138251875 0.109493840625 0.390806775 0.128918096875 0.388765203125
0 0.13354081874999998 0.40939108125 0.1310909328125 0.386081975 0.10972425156250001 0.388327703125 0.1121741375 0.411636809375 0.13354081874999998 0.40939108125
0 0.131128775 0.47052498125 0.1285768109375 0.44624466093750004 0.102354065625 0.4490007828125 0.1049060296875 0.473281103125 0.131128775 0.47052498125
0 0.0767671125 0.471819884375 0.0743172265625 0.448510778125 0.051979331250000003 0.450858584375 0.054429217187500004 0.47416769218750004 0.0767671125 0.471819884375
0 0.11637388125 0.5216638375 0.1137198375 0.4964123046875 0.08943951875 0.4989642703125 0.0920935609375 0.5242158031249999 0.11637388125 0.5216638375
0 0.1834007609375 0.430663015625 0.1821758171875 0.4190084625 0.1705212640625 0.42023340468750003 0.17174620625 0.4318879578125 0.1834007609375 0.430663015625
0 0.2031253859375 0.4688494828125 0.20179836562500003 0.456223715625 0.183345321875 0.458163209375 0.18467234375 0.47078897499999994 0.2031253859375 0.4688494828125
0 0.3629759796875 0.392150065625 0.360219859375 0.3659273203125 0.33788196406250004 0.36827512812499996 0.3406380859375 0.3944978734375 0.3629759796875 0.392150065625
0 0.4014088453125 0.430825071875 0.398754803125 0.40557353906250004 0.3725320578125 0.4083296609375 0.37518609999999997 0.43358119375 0.4014088453125 0.430825071875
0 0.31702420937500003 0.3847055203125 0.3142680875 0.35848277500000003 0.28998776875 0.3610347390625 0.292743890625 0.38725748437499996 0.31702420937500003 0.3847055203125
0 0.263269153125 0.4291421015625 0.2610234234375 0.4077754203125 0.2396567421875 0.41002114843750004 0.24190247187499997 0.4313878296875 0.263269153125 0.4291421015625
0 0.265299134375 0.35970185312499997 0.2632575625 0.340277596875 0.24383330781249998 0.34231916875 0.24587487812500003 0.361743425 0.265299134375 0.35970185312499997
0 0.290218178125 0.35855566875 0.288687 0.3439874765625 0.2721763828125 0.3457228125 0.27370756093750004 0.36029100468749997 0.290218178125 0.35855566875
0 0.29860035156250003 0.3635663171875 0.297375409375 0.3519117625 0.2837784296875 0.35334086249999996 0.28500337343750004 0.3649954171875 0.29860035156250003 0.3635663171875
0 0.30275932031249997 0.4078075375 0.297451234375 0.357304471875 0.26345878749999996 0.3608772234375 0.2687668734375 0.4113802875 0.30275932031249997 0.4078075375
0 0.2933563609375 0.3930847609375 0.2924376546875 0.384343846875 0.2807831015625 0.38556878906250003 0.2817018078125 0.39430970468750004 0.2933563609375 0.3930847609375
0 0.29213141875000004 0.3814302078125 0.29141686875 0.37463171875 0.2778198890625 0.37606081874999997 0.2785344390625 0.3828593078125 0.29213141875000004 0.3814302078125
0 0.27784174375 0.399625121875 0.27671887968750003 0.38894178125 0.2670067515625 0.3899625671875 0.26812961562500004 0.40064590781250004 0.27784174375 0.399625121875
0 0.27355004374999997 0.3868199859375 0.2726313375 0.3780790703125 0.26583284687500003 0.3787936203125 0.2667515546875 0.3875345359375 0.27355004374999997 0.3868199859375
0 0.25632047812500003 0.40974263125 0.2546872203125 0.3942032265625 0.23817660312500002 0.3959385625 0.23980986093749998 0.41147796718749996 0.25632047812500003 0.40974263125
0 1 0.606522434375 0.9613521859375 0.6105844828125 0.9643124656250001 0.6387496546875 1 0.63499874375 1 0.606522434375
0 0.969321646875 0.6396960796875 0.96636136875 0.611530909375 0.937224984375 0.6145932671875001 0.9401852640625 0.6427584375000001 0.969321646875 0.6396960796875
0 0.9576189875000001 0.6217782171875 0.9558836515625 0.6052676 0.9364593953125 0.6073091703125 0.93819473125 0.6238197890625 0.9576189875000001 0.6217782171875
0 0.9477552078124999 0.6120135828125 0.945305321875 0.5887044765625 0.922967428125 0.591052284375 0.9254173140624999 0.614361390625 0.9477552078124999 0.6120135828125
0 0.9350258968749999 0.6216979921875 0.9326780890625 0.5993600984375 0.9103401953124999 0.6017079046875 0.912688003125 0.6240458 0.9350258968749999 0.6216979921875
0 0.9283834578124999 0.6052121609375 0.92603565 0.5828742671875 0.8998129046875001 0.5856303890625 0.9021607125 0.6079682828124999 0.9283834578124999 0.6052121609375
0 0.9045639578125 0.6028059828125001 0.9009912078125 0.5688135359375 0.8669987593749999 0.5723862859375 0.8705715093749999 0.6063787328125 0.9045639578125 0.6028059828125001
0 0.891605703125 0.6056408625 0.88956413125 0.5862166078125 0.86819745 0.5884623359375001 0.870239021875 0.6078865921875 0.891605703125 0.6056408625
0 0.8909100734375001 0.6410638765625001 0.8858061453125 0.5925032375 0.8333606546875 0.59801548125 0.8384645828125 0.6465761203125 0.8909100734375001 0.6410638765625001
0 0.8843653140625 0.653535059375 0.882629978125 0.6370244421875 0.856407234375 0.6397805640625001 0.85814256875 0.6562911812500001 0.8843653140625 0.653535059375
0 0.7254846078125 0.57596769375 0.72293264375 0.5516873734375001 0.6947674734375 0.5546476515625 0.6973194375 0.578927971875 0.7254846078125 0.57596769375
0 0.7265782875 0.6097297312500001 0.7230055375 0.5757372828125 0.692897940625 0.57890171875 0.696470690625 0.6128941671875 0.7265782875 0.6097297312500001
0 0.739689659375 0.6083516703125 0.7379543234375 0.591841053125 0.71853006875 0.5938826234375 0.7202654046875 0.6103932421875 0.739689659375 0.6083516703125
0 0.805122590625 0.5769258500000001 0.8028768625 0.55555916875 0.7785965421875 0.5581111328125 0.7808422703125 0.5794778140625 0.805122590625 0.5769258500000001
0 0.8209930171875 0.583113334375 0.8194618390624999 0.5685451421875001 0.8019800078125 0.57038255625 0.8035111875000001 0.5849507484375 0.8209930171875 0.583113334375
0 0.8016445875 0.590547615625 0.79827599375 0.5584975937500001 0.7691396109374999 0.56155995 0.772508203125 0.5936099734375 0.8016445875 0.590547615625
0 0.80488045 0.6540337218750001 0.8036555078125 0.64237916875 0.791029740625 0.6437061890625 0.792254684375 0.65536074375 0.80488045 0.6540337218750001
0 0.8070386234375 0.7446364937500001 0.80479289375 0.7232698125 0.784397425 0.7254134624999999 0.7866431546875 0.74678014375 0.8070386234375 0.7446364937500001
0 0.8348377203125 0.7942485703125 0.831673284375 0.764140975 0.8035081140625 0.767101253125 0.80667255 0.79720885 0.8348377203125 0.7942485703125
0 0.6331494328125 0.5429580484375001 0.6317203328125001 0.52936106875 0.618123353125 0.5307901687500001 0.6195524531250001 0.5443871484375 0.6331494328125 0.5429580484375001
0 0.62162174375 0.5500613078125001 0.6190697796875 0.5257809875 0.5957606734375 0.5282308734375001 0.5983126375000001 0.5525111921875 0.62162174375 0.5500613078125001
0 0.5999750796875001 0.5449719 0.5985459796875 0.531374921875 0.5868914265625 0.5325998640625 0.5883205265625 0.54619684375 0.5999750796875001 0.5449719
0 0.5690697765625 0.5825881374999999 0.566824046875 0.56122145625 0.545457365625 0.563467184375 0.5477030953125 0.5848338656250001 0.5690697765625 0.5825881374999999
0 0.583842125 0.582999384375 0.581596396875 0.561632703125 0.563143353125 0.563572196875 0.5653890828125 0.584938878125 0.583842125 0.582999384375
0 0.5706272078125 0.5927348328125001 0.5691981078125 0.579137853125 0.554629915625 0.5806690328124999 0.556059015625 0.5942660109375 0.5706272078125 0.5927348328125001
0 0.6092612984375 0.6520094640625 0.60630101875 0.6238442937500001 0.5800782734375 0.626600415625 0.583038553125 0.6547655859375 0.6092612984375 0.6520094640625
0 0.5585089015625 0.61757511875 0.556773565625 0.6010645015625 0.5383205234374999 0.60300399375 0.540055859375 0.6195146109375 0.5585089015625 0.61757511875
0 0.6320789328124999 0.68692501875 0.6291186546875001 0.658759846875 0.602895909375 0.6615159687500001 0.6058561874999999 0.6896811390625001 0.6320789328124999 0.68692501875
0 0.5967040265625 0.7053721953125 0.594968690625 0.688861578125 0.5804004984375 0.6903927578125 0.582135834375 0.706903375 0.5967040265625 0.7053721953125
0 0.5815204296875 0.7197332984375 0.579478859375 0.7003090421875 0.561997028125 0.70214645625 0.5640386000000001 0.7215707124999999 0.5815204296875 0.7197332984375
0 0.63510770625 0.7671258984375 0.6338827640625 0.7554713453125 0.6231994234375 0.756594209375 0.624424365625 0.7682487640625 0.63510770625 0.7671258984375
0 0.6833694421875001 0.71246533125 0.6818382625 0.6978971390625001 0.6624140078125 0.6999387109375 0.6639451859375 0.714506903125 0.6833694421875001 0.71246533125
0 0.518853884375 0.7120816624999999 0.51711855 0.6955710453124999 0.49672308125000003 0.6977146953125 0.49845841718750006 0.7142253125 0.518853884375 0.7120816624999999
0 0.5298901015624999 0.74234384375 0.5275422953125 0.72000595 0.5061756125 0.722251678125 0.5085234203125 0.744589571875 0.5298901015624999 0.74234384375
0 0.832542559375 0.599574378125 0.8299905953125 0.575294059375 0.792113296875 0.5792751234375 0.7946652609375 0.60355544375 0.832542559375 0.599574378125
0 0.3059324140625 0.5454368374999999 0.3029721359375 0.5172716671875001 0.276749390625 0.5200277890625 0.27970966875 0.548192959375 0.3059324140625 0.5454368374999999
0 0.28702148437499997 0.5336772734374999 0.28549030468750003 0.51910908125 0.2689796875 0.5208444171875 0.27051086562500004 0.535412609375 0.28702148437499997 0.5336772734374999
0 0.3020154453125 0.58758105 0.2996676375 0.5652431546875001 0.27732974375 0.5675909625 0.27967755 0.58992885625 0.3020154453125 0.58758105
0 0.3076093796875 0.6081048499999999 0.30505741406250003 0.5838245296875 0.2836907328125 0.5860702578125 0.2862426984375 0.610350578125 0.3076093796875 0.6081048499999999
0 0.32169343125 0.597296109375 0.319651859375 0.5778718546875 0.3031412421875 0.579607190625 0.30518281406250003 0.5990314453125001 0.32169343125 0.597296109375
0 0.3238895859375 0.608848584375 0.32215425 0.5923379671875 0.307586059375 0.5938691453125 0.30932139531249997 0.6103797640625 0.3238895859375 0.608848584375
0 0.371356546875 0.56998261875 0.368600425 0.5437598734375 0.34432010625 0.5463118375 0.3470762265625 0.5725345828124999 0.371356546875 0.56998261875
0 0.361406678125 0.620125475 0.358038084375 0.588075453125 0.326959275 0.59134196875 0.33032786875000003 0.623391990625 0.361406678125 0.620125475
0 0.34448774531250004 0.6179759609375 0.3430586453125 0.60437898125 0.3314040921875 0.605603925 0.33283319218749996 0.619200903125 0.34448774531250004 0.6179759609375
0 0.3346735390625 0.6180255328125 0.3331423609375 0.6034573421875 0.31566053125 0.60529475625 0.31719170937499996 0.6198629484375 0.3346735390625 0.6180255328125
0 0.3565258265625 0.615728765625 0.35519880625 0.6031029984375 0.344515465625 0.6042258640625 0.3458424859375 0.6168516296875 0.3565258265625 0.615728765625
0 0.3677706 0.6199475718749999 0.366443578125 0.6073218046875 0.3528466 0.6087509046874999 0.3541736203125 0.621376671875 0.3677706 0.6199475718749999
0 0.3575976515625 0.6259265 0.3561685515625 0.6123295203125 0.346456425 0.61335030625 0.34788552500000003 0.6269472859375 0.3575976515625 0.6259265
0 0.3295812 0.6583293984374999 0.32743755 0.6379339296875 0.30801329375000003 0.6399755 0.31015694531250004 0.66037096875 0.3295812 0.6583293984374999
0 0.3412634734375 0.6433543578124999 0.3395281375 0.626843740625 0.32107509375 0.6287832328125 0.32281042968749996 0.6452938515625 0.3412634734375 0.6433543578124999
0 0.3666899765625 0.6657214375 0.36393385624999997 0.6394986921875 0.33576868437499996 0.6424589703125 0.33852480625000003 0.668681715625 0.3666899765625 0.6657214375
0 0.355468525 0.675738334375 0.353426953125 0.6563140796875 0.334002696875 0.6583556500000001 0.33604426875 0.67777990625 0.355468525 0.675738334375
0 0.3695044703125 0.6457867890625 0.3671566625 0.6234488953125 0.338020278125 0.6265112515625 0.3403680859375 0.6488491468750001 0.3695044703125 0.6457867890625
0 0.3790153734375 0.6241663765625 0.377382115625 0.6086269734374999 0.3599002859375 0.6104643875 0.3615335421875 0.6260037921875 0.3790153734375 0.6241663765625
0 0.3905430609375 0.61706311875 0.3890118828125 0.6024949265624999 0.374443690625 0.6040261046875 0.37597486875 0.618594296875 0.3905430609375 0.61706311875
0 0.38205880937500003 0.6110812578125 0.3803234734375 0.594570640625 0.36672649375 0.595999740625 0.3684618296875 0.6125103578125 0.38205880937500003 0.6110812578125
0 0.39330358125 0.6153000640624999 0.3908536953125 0.59199095625 0.3675445890625 0.5944408421875 0.369994475 0.61774995 0.39330358125 0.6153000640624999
0 0.4339705859375 0.586477246875 0.43203109375000004 0.5680242046874999 0.4155204765625 0.569759540625 0.41745996874999997 0.5882125828125 0.4339705859375 0.586477246875
0 0.45093909062500004 0.5984409687500001 0.448795440625 0.5780455 0.42548633437500005 0.5804953859374999 0.42762998437500005 0.6008908546875 0.45093909062500004 0.5984409687500001
0 0.4345028328125 0.6148976140625 0.43041969062499996 0.576049103125 0.40128330625 0.579111459375 0.40536645 0.617959971875 0.4345028328125 0.6148976140625
0 0.4040161078125 0.5910985015625 0.401362065625 0.5658469703125 0.3799953828125 0.5680926984375 0.3826494265625 0.59334423125 0.4040161078125 0.5910985015625
0 0.4711697109375 0.6694693 0.4681073546875 0.6403329171875 0.44382703437500004 0.64288488125 0.4468893921875 0.6720212640625001 0.4711697109375 0.6694693
0 0.42590330625000006 0.691901940625 0.423147184375 0.6656791953125001 0.3940108 0.668741553125 0.39676692187499996 0.6949642984375 0.42590330625000006 0.691901940625
0 0.42717635468750004 0.7226993015625001 0.4256451765625 0.708131109375 0.411076984375 0.7096622875 0.4126081640625 0.7242304796875 0.42717635468750004 0.7226993015625001
0 0.42844074687499994 0.6459749578125 0.4265012546875 0.6275219140625 0.409019425 0.629359328125 0.4109589171875 0.647812371875 0.42844074687499994 0.6459749578125
0 0.45202983750000003 0.65086020625 0.4495799515625 0.6275511 0.42335720625000006 0.630307221875 0.4258070921875 0.653616328125 0.45202983750000003 0.65086020625
0 0.44573734218750005 0.6844166203125 0.44400200625 0.6679060031249999 0.4255489625 0.6698454968750001 0.4272842984375 0.6863561140625001 0.44573734218750005 0.6844166203125
0 0.4309927125 0.6702552765625 0.42905321875 0.6518022343750001 0.4144850265625 0.6533334125 0.4164245203125 0.67178645625 0.4309927125 0.6702552765625
0 0.439937784375 0.6712789953125 0.438508684375 0.6576820156250001 0.42588291875 0.6590090375 0.42731201875 0.6726060171875 0.439937784375 0.6712789953125
0 0.39799919687499996 0.6599758515625 0.396774253125 0.6483212984375 0.3822060609375 0.6498524765625 0.3834310046875 0.6615070296875001 0.39799919687499996 0.6599758515625
0 0.387188990625 0.6552203999999999 0.3855557328125 0.6396809953125 0.3709875421875 0.6412121734375 0.37262079843749996 0.656751578125 0.387188990625 0.6552203999999999
0 0.3777305921875 0.6679978171875 0.37507655 0.6427462859374999 0.35468108125 0.6448899359375 0.357335125 0.67014146875 0.3777305921875 0.6679978171875
0 0.3718245578125 0.6818747796875 0.370089221875 0.6653641625 0.3535786046875 0.6670994984374999 0.355313940625 0.683610115625 0.3718245578125 0.6818747796875
0 0.42115811875000003 0.637411946875 0.418504075 0.6121604140625 0.3903389046875 0.6151206921875 0.392992946875 0.640372225 0.42115811875000003 0.637411946875
0 0.4578381921875 0.60802623125 0.4564090921875 0.5944292531250001 0.44184090156250005 0.59596043125 0.44327000156249996 0.6095574109374999 0.4578381921875 0.60802623125
0 0.334561196875 0.6823545203125 0.3327237828125 0.664872690625 0.316213165625 0.6666080265625001 0.3180505796875 0.68408985625 0.334561196875 0.6823545203125
0 0.401916165625 0.617831640625 0.40018082968749996 0.6013210234375 0.38658385 0.6027501234375 0.38831918593750003 0.6192607406249999 0.401916165625 0.617831640625
0 0.4205761578125 0.7626706765625 0.41782003593750006 0.7364479312500001 0.38868365312500003 0.7395102890625 0.3914397734375 0.765733034375 0.4205761578125 0.7626706765625
0 0.2618982828125 0.5328810328125 0.2604691828125 0.519284053125 0.24978584218750002 0.5204069171875 0.25121494218749996 0.534003896875 0.2618982828125 0.5328810328125
0 0.271568028125 0.63889634375 0.26881190625 0.6126735984375 0.2455028 0.615123484375 0.24825892187499998 0.6413462296875 0.271568028125 0.63889634375
0 0.2541124515625 0.6363122609375 0.252377115625 0.61980164375 0.23780892343749999 0.6213328234375 0.23954425937499998 0.637843440625 0.2541124515625 0.6363122609375
0 0.250840071875 0.642547853125 0.249410971875 0.6289508734375 0.229986715625 0.6309924453125 0.231415815625 0.644589425 0.250840071875 0.642547853125
0 0.1666785140625 0.6405922296875 0.164432784375 0.6192255484375 0.143066103125 0.621471278125 0.14531183281249999 0.642837959375 0.1666785140625 0.6405922296875
0 0.1291584890625 0.6479725390625 0.12803562500000001 0.6372891984375 0.11638107187499999 0.6385141421875 0.1175039359375 0.6491974828125 0.1291584890625 0.6479725390625
0 0.15011539062499998 0.651170559375 0.1471551125 0.6230053890625 0.1345293453125 0.6243324109375 0.137489625 0.65249758125 0.15011539062499998 0.651170559375
0 0.1374663046875 0.638261878125 0.1362413609375 0.6266073249999999 0.12555802031250002 0.6277301890625 0.1267829640625 0.6393847421875 0.1374663046875 0.638261878125
0 0.1755215078125 0.6406447359375 0.17388825000000002 0.62510533125 0.162233696875 0.626330275 0.163866953125 0.6418696796875001 0.1755215078125 0.6406447359375
0 0.1054440015625 0.6278803749999999 0.10391282187499999 0.6133121828125 0.09225826875000001 0.614537125 0.0937894484375 0.6291053171875001 0.1054440015625 0.6278803749999999
0 0.1882827953125 0.752717734375 0.1867516171875 0.7381495421875 0.172183425 0.739680721875 0.173714603125 0.7542489125 0.1882827953125 0.752717734375
0 0.15188563593749999 0.770781384375 0.15086485 0.76106925625 0.140181509375 0.7621921203124999 0.1412022953125 0.7719042484374999 0.15188563593749999 0.770781384375
0 0.42393902656250004 0.6685417953125 0.42087666874999996 0.6394054109375 0.390769071875 0.6425698468750001 0.39383142968749996 0.6717062312500001 0.42393902656250004 0.6685417953125
0 0.2156254734375 0.779302153125 0.2144005296875 0.7676476 0.2027459765625 0.7688725437499999 0.20397091875 0.780527096875 0.2156254734375 0.779302153125
0 0.205197328125 0.78285305 0.203768228125 0.7692560703125 0.19017125 0.7706851718750001 0.19160035 0.78428215 0.205197328125 0.78285305
0 0.05953300625 0.6862216359375 0.0583080625 0.6745670828125 0.046653509375 0.675792025 0.047878453125 0.687446578125 0.05953300625 0.6862216359375
0 0.055627767187499996 0.653737046875 0.054402825 0.64208249375 0.042748270312499996 0.6433074359375001 0.0439732140625 0.6549619890625 0.055627767187499996 0.653737046875
0 0.0668973265625 0.6628629562499999 0.06526406875 0.6473235515625 0.046811026562500004 0.64926304375 0.0484442828125 0.6648024484375 0.0668973265625 0.6628629562499999
0 0.0706523796875 0.675233525 0.0691212015625 0.660665334375 0.0487257328125 0.662808984375 0.050256910937499996 0.6773771765625 0.0706523796875 0.675233525
0 0.219196896875 0.659129896875 0.21664493281250002 0.6348495765625 0.198191890625 0.6367890703125 0.2007438546875 0.661069390625 0.219196896875 0.659129896875
0 0.26041946875 0.6729631515625 0.2595007625 0.6642222359375001 0.2459037828125 0.6656513359375 0.246822490625 0.6743922515625 0.26041946875 0.6729631515625
0 0.259394284375 0.6912368234375 0.25816934062499997 0.6795822703125001 0.247486 0.680705134375 0.24871094375 0.6923596875 0.259394284375 0.6912368234375
0 0.249553825 0.6957078937500001 0.24822680312499998 0.6830821265625 0.2375434625 0.6842049921875 0.23887048437499997 0.6968307578124999 0.249553825 0.6957078937500001
0 0.25742707187499997 0.686533878125 0.2556917359375 0.670023259375 0.24112354531250002 0.6715544390625 0.24285887968750003 0.6880650562499999 0.25742707187499997 0.686533878125
0 0.20788935468749997 0.7290542859375 0.20666441249999998 0.71739973125 0.1950098578125 0.7186246749999999 0.1962348015625 0.730279228125 0.20788935468749997 0.7290542859375
0 0.217678775 0.724097609375 0.21512681093750002 0.6998172890625 0.18696163906250002 0.70277756875 0.189513603125 0.7270578875 0.217678775 0.724097609375
0 0.1827486984375 0.676707940625 0.181625834375 0.6660246 0.17288491875 0.6669433078125 0.1740077828125 0.6776266484375 0.1827486984375 0.676707940625
0 0.1957579921875 0.6743586671874999 0.1942268140625 0.659790475 0.178687409375 0.6614237328125 0.1802185875 0.675991925 0.1957579921875 0.6743586671874999
0 0.207435865625 0.687369428125 0.20529221562500002 0.666973959375 0.182954321875 0.669321765625 0.185097971875 0.689717234375 0.207435865625 0.687369428125
0 0.21970289062499998 0.6919717609375 0.21806963437500002 0.6764323562500001 0.200587803125 0.6782697703125 0.2022210609375 0.693809175 0.21970289062499998 0.6919717609375
0 0.20388203749999997 0.6955984828124999 0.202555015625 0.6829727171875 0.19090046249999998 0.684197659375 0.19222748437499998 0.6968234265625 0.20388203749999997 0.6955984828124999
0 0.2108832171875 0.706154959375 0.20924996093749998 0.6906155546875 0.1917681296875 0.69245296875 0.1934013875 0.7079923734375 0.2108832171875 0.706154959375
0 0.2413277015625 0.6734968640625 0.24010275937499997 0.6618423109375 0.22359214062500002 0.663577646875 0.224817084375 0.6752322000000001 0.2413277015625 0.6734968640625
0 0.2282148625 0.684203525 0.2264795265625 0.6676929078125 0.20996890937499998 0.66942824375 0.21170424531249998 0.6859388609375 0.2282148625 0.684203525
0 0.22070328906249997 0.6687909859375 0.21937626875 0.65616521875 0.2048080765625 0.6576963984375 0.20613509843750003 0.6703221640625 0.22070328906249997 0.6687909859375
0 0.40104556562499993 0.62823353125 0.3987998359375 0.6068668500000001 0.38131800625 0.6087042640625 0.383563734375 0.630070946875 0.40104556562499993 0.62823353125
0 0.33930051875 0.7741589156249999 0.3376672625 0.7586195109375 0.31921421875 0.7605590046875 0.3208474765625 0.7760984093750001 0.33930051875 0.7741589156249999
0 0.31037122500000003 0.7605064984375 0.3084317328125 0.7420534562500001 0.2880362640625 0.74419710625 0.28997575625 0.7626501484375 0.31037122500000003 0.7605064984375
0 0.31215760000000004 0.777502721875 0.310116028125 0.7580784671874999 0.288749346875 0.7603241953125 0.29079091875 0.7797484515625001 0.31215760000000004 0.777502721875
0 0.3246550359375 0.779625984375 0.32240930625 0.758259303125 0.30492747656249997 0.7600967187500001 0.3071732046875 0.7814634 0.3246550359375 0.779625984375
0 0.31836547187500003 0.7945251984375 0.3166301359375 0.77801458125 0.3020619453125 0.7795457609375 0.30379727968750003 0.7960563781250001 0.31836547187500003 0.7945251984375
0 0.33462089375000004 0.79036183125 0.3328855578125 0.7738512140625 0.316374940625 0.77558655 0.3181102765625 0.7920971671875 0.33462089375000004 0.79036183125
0 0.0233094921875 0.5751417046875 0.021982471875 0.5625159375 0.0093567046875 0.563842959375 0.010683726562499999 0.576468725 0.0233094921875 0.5751417046875
0 0.0778766390625 0.7299539296875001 0.076855853125 0.720241803125 0.0700573640625 0.720956353125 0.07107814999999999 0.7306684812500001 0.0778766390625 0.7299539296875001
0 0.1198677328125 0.7324140796874999 0.11915318281250001 0.725615590625 0.10944105468750001 0.7266363765625 0.1101556046875 0.733434865625 0.1198677328125 0.7324140796874999
0 0.9666134921875 0.7961094453124999 0.964265684375 0.7737715515625 0.945812640625 0.7757110453125 0.9481604484374999 0.7980489390625001 0.9666134921875 0.7961094453124999
0 0.9915136140625 0.7527417578125 0.989778278125 0.736231140625 0.9732676609375 0.7379664765625 0.975002996875 0.75447709375 0.9915136140625 0.7527417578125
0 0.991348765625 0.8259137390625 0.98859264375 0.79969099375 0.9604274734375 0.8026512734375 0.9631835953125 0.82887401875 0.991348765625 0.8259137390625
0 1 0.8122392156249999 0.9812808296875 0.8142066796874999 0.9848535796875 0.848199128125 1 0.8466071749999999 1 0.8122392156249999
0 1 0.762160190625 0.9901574078125 0.7631946890625 0.9931176859375 0.791359859375 1 0.7906364984375001 1 0.762160190625
0 0.9293734515625 0.810824890625 0.926923565625 0.787515784375 0.9094417343750001 0.7893531984375 0.9118916203125 0.8126623046875 0.9293734515625 0.810824890625
0 0.915904803125 0.80880370625 0.9142715453125 0.7932643015624999 0.893876078125 0.7954079515625 0.895509334375 0.81094735625 0.915904803125 0.80880370625
0 0.9216052140625001 0.80231291875 0.9192574078125 0.7799750249999999 0.8969195140625 0.7823228328125 0.8992673203124999 0.8046607265624999 0.9216052140625001 0.80231291875
0 0.931772296875 0.8336483906250001 0.9297307265624999 0.8142241359375 0.9064216187499999 0.816674021875 0.9084631906249999 0.8360982765625 0.931772296875 0.8336483906250001
0 0.9303898374999999 0.84852281875 0.9286545015625001 0.8320122015625 0.9072878203125001 0.8342579296875 0.90902315625 0.8507685468749999 0.9303898374999999 0.84852281875
0 0.8876594078125001 0.8343570765624999 0.8863323859375001 0.821731309375 0.86982176875 0.8234666453124999 0.871148790625 0.8360924109375001 0.8876594078125001 0.8343570765624999
0 0.8904972203125 0.8286581312499999 0.8885577265625001 0.8102050875 0.871075896875 0.8120425015625001 0.8730153906250001 0.8304955453125 0.8904972203125 0.8286581312499999
0 0.9083888312499999 0.8213769671875 0.9068576531250001 0.806808775 0.8922894609375 0.8083399546875001 0.8938206390625 0.8229081453125 0.9083888312499999 0.8213769671875
0 0.9325845265625 0.86940389375 0.9303387984375 0.8480372125000001 0.9060584781250001 0.8505891765625 0.9083042078125001 0.8719558578125 0.9325845265625 0.86940389375
0 0.9236335890625 0.9056945750000001 0.921694096875 0.8872415328125 0.9012986281250001 0.8893851828124999 0.9032381218750001 0.9078382250000001 0.9236335890625 0.9056945750000001
0 0.9309468703125001 0.8818502890625 0.9294156921875001 0.8672820968750001 0.9061065859375 0.8697319828125 0.9076377640625 0.8843001750000001 0.9309468703125001 0.8818502890625
0 0.90507846875 0.90666285625 0.9034452109375 0.8911234515625001 0.8849921671875001 0.8930629437500001 0.8866254250000001 0.9086023484375 0.90507846875 0.90666285625
0 0.9058732421875 0.8908682546875 0.90250465 0.8588182328125 0.869483415625 0.8622889046875001 0.8728520078124999 0.8943389265624999 0.9058732421875 0.8908682546875
0 0.8768170843749999 0.871337521875 0.8753879843749999 0.8577405421875 0.8637334296875 0.8589654859375001 0.8651625296875001 0.8725624640625 0.8768170843749999 0.871337521875
0 0.8854573859375 0.8601190015625001 0.8837220515625 0.843608384375 0.870125071875 0.8450374843749999 0.8718604078125001 0.8615481015625001 0.8854573859375 0.8601190015625001
0 0.897801703125 0.8607854453125 0.8963726031249999 0.8471884656249999 0.8808331984375 0.8488217234375 0.8822622984375 0.8624187015624999 0.897801703125 0.8607854453125
0 0.89739485625 0.8475719937499999 0.8956595203125 0.8310613765625 0.8772064765625001 0.8330008687499999 0.8789418124999999 0.8495114859375 0.89739485625 0.8475719937499999
0 0.9118595031250001 0.8543982015625 0.9081846734375001 0.8194345421874999 0.8809907156250001 0.8222927421874999 0.8846655453125001 0.8572564015624999 0.9118595031250001 0.8543982015625
0 0.847425503125 0.871971846875 0.8459964031249999 0.8583748671875 0.8265721484374999 0.8604164390625 0.8280012484375 0.87401341875 0.847425503125 0.871971846875
0 0.8319837781249999 0.9025621171875 0.830554678125 0.8889651375 0.8159864875 0.8904963171875 0.8174155875 0.9040932953124999 0.8319837781249999 0.9025621171875
0 0.73812475625 0.8083412796875 0.7355727921875 0.784060959375 0.711292471875 0.786612925 0.7138444359375 0.81089324375 0.73812475625 0.8083412796875
0 0.70195800625 0.8239258578124999 0.6994060421875 0.7996455390625 0.6760969359375 0.8020954250000001 0.6786489 0.8263757437500001 0.70195800625 0.8239258578124999
0 0.7462633234375 0.8997884 0.7445279874999999 0.8832777828125 0.7299597953125 0.8848089609375 0.73169513125 0.901319578125 0.7462633234375 0.8997884
0 0.7451871 0.917576465625 0.7439621562500001 0.9059219125 0.730365178125 0.9073510125 0.7315901203124999 0.9190055656249999 0.7451871 0.917576465625
0 0.72878149375 0.9016258140625 0.7270461578125 0.8851151968750001 0.710535540625 0.8868505328125 0.712270875 0.90336115 0.72878149375 0.9016258140625
0 0.6768871703125 0.9777799281249999 0.6741310484375 0.9515571828124999 0.6508219421875 0.95400706875 0.6535780640625 0.9802298140625 0.6768871703125 0.9777799281249999
0 0.673769375 0.9761437374999999 0.6725444328125 0.9644891843750001 0.659918665625 0.9658162062500001 0.661143609375 0.9774707593749999 0.673769375 0.9761437374999999
0 0.6124649015625 0.920724771875 0.6110358015624999 0.90712779375 0.5993812484375 0.9083527359374999 0.6008103484375 0.921949715625 0.6124649015625 0.920724771875
0 0.6152735296875 0.9381045234375 0.6138444296875 0.9245075453125 0.5992762375 0.9260387234375 0.6007053375 0.939635703125 0.6152735296875 0.9381045234375
0 0.6408531515625 0.9619284218749999 0.6378928734375 0.9337632515625 0.6087564890625 0.936825609375 0.6117167671875 0.9649907796875 0.6408531515625 0.9619284218749999
0 0.6492120046875 0.9527033671874999 0.6476808265625 0.938135175 0.6350550593750001 0.939462196875 0.6365862390625 0.9540303890624999 0.6492120046875 0.9527033671874999
0 0.638760540625 0.9420185609375 0.6371272828125 0.9264791562499999 0.6225590921874999 0.9280103343749999 0.6241923484375 0.9435497390625001 0.638760540625 0.9420185609375
0 0.565238615625 0.8918114671874999 0.5626866515625 0.867531146875 0.53840633125 0.8700831109375 0.5409582953125 0.8943634312500001 0.565238615625 0.8918114671874999
0 0.546380190625 0.8712089093750001 0.5452573265625 0.86052556875 0.5326315609375001 0.8618525890625 0.5337544249999999 0.8725359296875 0.546380190625 0.8712089093750001
0 0.5223258828125 0.8992676015625 0.5211009390625 0.8876130484375 0.5104175984375 0.8887359125 0.5116425421875 0.900390465625 0.5223258828125 0.8992676015625
0 0.5228392078125 0.885466465625 0.52171634375 0.8747831250000001 0.512004215625 0.8758039109375 0.5131270796875 0.8864872515625001 0.5228392078125 0.885466465625
0 0.5355903734374999 0.8993463609375001 0.53405919375 0.8847781687499999 0.5204622156250001 0.88620726875 0.52199339375 0.9007754609375 0.5355903734374999 0.8993463609375001
0 0.5421351328124999 0.8868751781249999 0.540399796875 0.8703645609375 0.521946753125 0.8723040531249999 0.5236820890625 0.8888146718750001 0.5421351328124999 0.8868751781249999
0 0.4744638046875 0.8502913171875001 0.47272846875 0.8337806999999999 0.4562178515625 0.8355160359375 0.45795318749999997 0.852026653125 0.4744638046875 0.8502913171875001
0 0.42613636718750003 0.997752278125 0.4246051875 0.9831840875 0.4090657828125 0.98481734375 0.4105969625 0.9993855359375001 0.42613636718750003 0.997752278125
0 0.43567366406249997 0.808217065625 0.433938328125 0.7917064484375 0.41062922031250004 0.794156334375 0.41236455625 0.8106669515625 0.43567366406249997 0.808217065625
0 0.4086313578125 0.8218606859375001 0.4066918640625 0.8034076421874999 0.38823882187500003 0.8053471359375 0.39017831406250003 0.8238001781250001 0.4086313578125 0.8218606859375001
0 0.4164258453125 0.825951159375 0.41448635312500004 0.8074981171875001 0.3999181609375 0.8090292953124999 0.4018576546875 0.8274823390625 0.4164258453125 0.825951159375
0 0.41297849375 0.807165628125 0.411447315625 0.7925974359375 0.3949366984375 0.794332771875 0.3964678765625 0.8089009640624999 0.41297849375 0.807165628125
0 0.441500940625 0.80760459375 0.4399697609375 0.793036403125 0.42345914375 0.7947717390625 0.4249903234375 0.8093399296875001 0.441500940625 0.80760459375
0 0.4023170078125 0.831852796875 0.4000712796875 0.8104861140624999 0.3806470234375 0.8125276859375001 0.3828927515625 0.8338943671875001 0.4023170078125 0.831852796875
0 0.3752761671875 0.8361678156250001 0.3732345953125 0.816743559375 0.3499254890625 0.8191934453125 0.35196706093749996 0.8386177015625 0.3752761671875 0.8361678156250001
0 0.39581888906249996 0.872795384375 0.394083553125 0.8562847671875 0.382429 0.8575097109375 0.3841643359375 0.8740203281250001 0.39581888906249996 0.872795384375
0 0.387026934375 0.8732284859374999 0.3852915984375 0.85671786875 0.37072340625 0.858249046875 0.37245874218749997 0.8747596640624999 0.387026934375 0.8732284859374999
0 0.4061128359375 0.9100091734375001 0.4051941296875 0.9012682578125 0.39159715 0.9026973578125 0.3925158578125 0.9114382734375001 0.4061128359375 0.9100091734375001
0 0.12130548906250001 0.8535327640625001 0.11997846875 0.840906996875 0.10346785 0.8426423328125001 0.104794871875 0.8552681 0.12130548906250001 0.8535327640625001
0 0.120639046875 0.8658770796875 0.119209946875 0.8522801015624999 0.102699328125 0.8540154375 0.104128428125 0.8676124156249999 0.120639046875 0.8658770796875
0 0.10676208437500001 0.8599710453125 0.10523090625 0.845402853125 0.09066271406250001 0.8469340328125 0.0921938921875 0.8615022234374999 0.10676208437500001 0.8599710453125
0 0.10870304374999999 0.8690954874999999 0.10727394374999999 0.855498509375 0.0936769640625 0.856927609375 0.0951060640625 0.8705245890625 0.10870304374999999 0.8690954874999999
0 0.084600628125 0.878011375 0.08327360624999999 0.8653856093750001 0.070647840625 0.8667126296875001 0.0719748625 0.8793383968749999 0.084600628125 0.878011375
0 0.0900429109375 0.8877497562500001 0.08861381093750001 0.8741527765624999 0.07404561875 0.8756839546874999 0.07547471875 0.8892809343750001 0.0900429109375 0.8877497562500001
0 0.0925234484375 0.878651565625 0.091604740625 0.8699106499999999 0.0799501875 0.87113559375 0.0808688953125 0.8798765078124999 0.0925234484375 0.878651565625
0 0.10643971875 0.9596720078125 0.1048064625 0.944132603125 0.0892670578125 0.9457658609375 0.0909003140625 0.961305265625 0.10643971875 0.9596720078125
0 0.0822119046875 0.953380978125 0.0807828046875 0.9397840000000001 0.0662146125 0.9413151781250001 0.0676437125 0.9549121578124999 0.0822119046875 0.953380978125
0 0.0829002015625 0.9646009640625 0.081675259375 0.9529464109375001 0.06807827968749999 0.9543755109375001 0.06930322343749999 0.9660300656249999 0.0829002015625 0.9646009640625
0 0.087323165625 0.9552986171875 0.0864044578125 0.946557703125 0.0766923296875 0.9475784875000001 0.07761103750000001 0.956319403125 0.087323165625 0.9552986171875
0 0.1435747484375 0.96264255 0.1428601984375 0.9558440609375 0.134119284375 0.95676276875 0.13483383437500002 0.9635612578125 0.1435747484375 0.96264255
0 0.20044027031249997 0.9664851609375 0.19921532656250002 0.95483060625 0.184647134375 0.9563617859375 0.185872078125 0.9680163390625 0.20044027031249997 0.9664851609375
0 0.1782540265625 0.9796183875000001 0.17692700625 0.9669926203125 0.1613876015625 0.968625878125 0.1627146234375 0.98125164375 0.1782540265625 0.9796183875000001
0 0.1745045703125 1 0.17385584999999998 0.9938278374999999 0.1641437234375 0.9948486234375 0.1646851546875 1 0.1745045703125 1
0 0.1571731234375 1 0.172858384375 0.9983514124999999 0.171225128125 0.9828120078125 0.1547145109375 0.9845473437500001 0.15633865 1 0.1571731234375 1
0 0.15535670937499999 1 0.15481512343749998 0.99484715625 0.1383045046875 0.9965824921875001 0.1386637 1 0.15535670937499999 1
0 0.21962692499999997 0.8500723562499999 0.217585353125 0.8306481 0.1991323109375 0.8325875937499999 0.20117388125 0.8520118484375001 0.21962692499999997 0.8500723562499999
0 0.2352100375 0.8955677046874999 0.23276015156250002 0.8722585984375 0.20945104374999998 0.874708484375 0.2119009296875 0.8980175906250001 0.2352100375 0.8955677046874999
0 0.249466128125 0.9284372890625001 0.2470162421875 0.9051281812499999 0.221764709375 0.907782225 0.22421459531250001 0.93109133125 0.249466128125 0.9284372890625001
0 0.232595303125 0.9454305796875 0.231166203125 0.9318336015625001 0.2165980109375 0.9333647796875001 0.2180271109375 0.9469617578125 0.232595303125 0.9454305796875
0 0.24543109218749998 0.908731584375 0.2433895203125 0.889307328125 0.2239652640625 0.8913489 0.22600683593749998 0.9107731546875 0.24543109218749998 0.908731584375
0 0.264751803125 0.9150474000000001 0.262608153125 0.89465193125 0.241241471875 0.896897659375 0.243385121875 0.917293128125 0.264751803125 0.9150474000000001
0 0.2600998953125 0.9175002171875001 0.258772875 0.9048744515625 0.2451758953125 0.9063035515625 0.2465029171875 0.9189293171875 0.2600998953125 0.9175002171875001
0 0.2994791875 0.9511660421875 0.2963147515625 0.9210584453124999 0.2642647296875 0.9244270390624999 0.26742916562499996 0.9545346359375 0.2994791875 0.9511660421875
0 0.310850825 0.9612631640625 0.3097279609375 0.9505798234375 0.29807340781249997 0.9518047656249999 0.299196271875 0.9624881078125 0.310850825 0.9612631640625
0 0.2758974296875 0.8996377921875001 0.27406001562500004 0.8821559625000001 0.2575493984375 0.8838912984375 0.2593868125 0.9013731281249999 0.2758974296875 0.8996377921875001
0 0.2569617125 0.8829711250000001 0.25543053437499996 0.8684029328125 0.24377598125 0.8696278749999999 0.24530715937499997 0.8841960671875 0.2569617125 0.8829711250000001
0 0.27551683437499996 0.8820028437499999 0.27327110625 0.8606361625 0.25384685 0.862677734375 0.25609257812499997 0.8840444156249999 0.27551683437499996 0.8820028437499999
0 0.2942250734375 0.8824913828125001 0.29228558125 0.8640383406250001 0.272861325 0.8660799125 0.2748008171875 0.8845329546875 0.2942250734375 0.8824913828125001
0 0.286146203125 0.8990515734375 0.284615025 0.8844833812499999 0.27004683281249997 0.8860145609375 0.2715780109375 0.900582753125 0.286146203125 0.8990515734375
0 0.293224675 0.905672159375 0.291795575 0.8920751796875 0.2772273828125 0.8936063578125 0.278656484375 0.9072033375 0.293224675 0.905672159375
0 0.32471326562499997 0.8969618953125 0.3214467515625 0.8658830859375 0.2923103671875 0.86894544375 0.29557688125000003 0.900024253125 0.32471326562499997 0.8969618953125
0 0.3334571125 0.8773859875 0.33141554218749997 0.8579617328125 0.31102007343750004 0.8601053828125 0.31306164375 0.8795296390624999 0.3334571125 0.8773859875
0 0.2966209875 0.923972084375 0.2949877296875 0.9084326796875001 0.27944832656249996 0.9100659359375 0.2810815828125 0.925605340625 0.2966209875 0.923972084375
0 0.3100896359375 0.9259932687499999 0.30896677031249997 0.915309928125 0.2973122171875 0.9165348703125 0.29843508124999996 0.9272182109375 0.3100896359375 0.9259932687499999
0 0.32910704375 0.9107382453125 0.32716755000000003 0.8922852015625 0.30774329375 0.8943267734375 0.3096827875 0.9127798171875 0.32910704375 0.9107382453125
0 0.33219711875 0.9261245312499999 0.330461784375 0.9096139140625 0.31297995312500004 0.9114513296875 0.3147152890625 0.9279619468750001 0.33219711875 0.9261245312499999
0 0.35069973593750003 0.9339992453124999 0.349066478125 0.918459840625 0.327699796875 0.9207055703125 0.3293330546875 0.9362449734375 0.35069973593750003 0.9339992453124999
0 0.347328209375 0.9206064234375001 0.34620534531249997 0.9099230828125 0.3355220046875 0.911045946875 0.33664486875 0.9217292875 0.347328209375 0.9206064234375001
0 0.35637682656249997 0.9132727546874999 0.35423317656250003 0.8928772859375 0.3318952828125 0.89522509375 0.3340389328125 0.9156205625 0.35637682656249997 0.9132727546874999
0 0.34633367656249997 0.9064727984375001 0.345108734375 0.8948182453125 0.3324829671875 0.8961452671875 0.33370791093749996 0.9077998203125001 0.34633367656249997 0.9064727984375001
0 0.3710237765625 0.8984770859375001 0.36969675625 0.88585131875 0.35512856406250004 0.8873824984375001 0.3564555859375 0.9000082640624999 0.3710237765625 0.8984770859375001
0 0.3697477953125 0.8863369249999999 0.3685228515625 0.8746823718750001 0.352983446875 0.8763156296875 0.354208390625 0.8879701828125001 0.3697477953125 0.8863369249999999
0 0.35980672343750003 0.8805081828124999 0.358683859375 0.8698248421875 0.3450868796875 0.8712539421875001 0.34620974375 0.8819372828125 0.35980672343750003 0.8805081828124999
0 0.368362403125 0.9198685531249999 0.3674436953125 0.9111276390624999 0.36161641875 0.911740109375 0.3625351265625 0.920481025 0.368362403125 0.9198685531249999
0 0.3564818375 0.8955867671875 0.3550527375 0.8819897890625 0.3365996953125 0.88392928125 0.33802879531249996 0.8975262609374999 0.3564818375 0.8955867671875