0 0.41357421875 0.1884765625 0.37353515625 0.1884765625 0.37353515625 0.2119140625 0.41357421875 0.2119140625 0.41357421875 0.1884765625
0 0.650390625 0.07861328125 0.619140625 0.07861328125 0.619140625 0.11669921875 0.650390625 0.11669921875 0.650390625 0.07861328125
0 0.4716796875 0.08642578125 0.4404296875 0.08642578125 0.4404296875 0.11181640625 0.4716796875 0.11181640625 0.4716796875 0.08642578125
0 0.4853515625 0.03515625 0.4169921875 0.03515625 0.4169921875 0.0888671875 0.4853515625 0.0888671875 0.4853515625 0.03515625
0 0.08935546875 0.01171875 0.04443359375 0.01171875 0.04443359375 0.0634765625 0.08935546875 0.0634765625 0.08935546875 0.01171875
0 0.03466796875 0.03662109375 0.01416015625 0.03662109375 0.01416015625 0.06494140625 0.03466796875 0.06494140625 0.03466796875 0.03662109375
0 0.0458984375 0.0048828125 0.01953125 0.0048828125 0.01953125 0.0263671875 0.0458984375 0.0263671875 0.0458984375 0.0048828125
0 0.51220703125 0.275390625 0.48876953125 0.275390625 0.48876953125 0.294921875 0.51220703125 0.294921875 0.51220703125 0.275390625
0 0.4892578125 0.2802734375 0.4423828125 0.2802734375 0.4423828125 0.3154296875 0.4892578125 0.3154296875 0.4892578125 0.2802734375
0 0.5205078125 0.3017578125 0.4794921875 0.3017578125 0.4794921875 0.33984375 0.5205078125 0.33984375 0.5205078125 0.3017578125
0 0.45703125 0.3037109375 0.41015625 0.3037109375 0.41015625 0.3310546875 0.45703125 0.3310546875 0.45703125 0.3037109375
0 0.4365234375 0.32958984375 0.423828125 0.32958984375 0.423828125 0.35302734375 0.4365234375 0.35302734375 0.4365234375 0.32958984375
0 0.4609375 0.33056640625 0.4423828125 0.33056640625 0.4423828125 0.35498046875 0.4609375 0.35498046875 0.4609375 0.33056640625
0 0.49462890625 0.3232421875 0.44580078125 0.3232421875 0.44580078125 0.3720703125 0.49462890625 0.3720703125 0.49462890625 0.3232421875
0 0.30517578125 0.39306640625 0.26513671875 0.39306640625 0.26513671875 0.42333984375 0.30517578125 0.42333984375 0.30517578125 0.39306640625
0 0.28564453125 0.2861328125 0.24169921875 0.2861328125 0.24169921875 0.3203125 0.28564453125 0.3203125 0.28564453125 0.2861328125
0 0.33740234375 0.31005859375 0.22998046875 0.31005859375 0.22998046875 0.40771484375 0.33740234375 0.40771484375 0.33740234375 0.31005859375
0 0.349609375 0.36962890625 0.330078125 0.36962890625 0.330078125 0.38720703125 0.349609375 0.38720703125 0.349609375 0.36962890625
0 0.25927734375 0.630859375 0.23681640625 0.630859375 0.23681640625 0.650390625 0.25927734375 0.650390625 0.25927734375 0.630859375
0 0.28564453125 0.70654296875 0.14892578125 0.70654296875 0.14892578125 0.82666015625 0.28564453125 0.82666015625 0.28564453125 0.70654296875
0 0.26904296875 0.6494140625 0.24755859375 0.6494140625 0.24755859375 0.66796875 0.26904296875 0.66796875 0.26904296875 0.6494140625
0 0.2861328125 0.62646484375 0.2587890625 0.62646484375 0.2587890625 0.65673828125 0.2861328125 0.65673828125 0.2861328125 0.62646484375
0 0.33154296875 0.62646484375 0.28076171875 0.62646484375 0.28076171875 0.67333984375 0.33154296875 0.67333984375 0.33154296875 0.62646484375
0 0.51953125 0.638671875 0.4951171875 0.638671875 0.4951171875 0.662109375 0.51953125 0.662109375 0.51953125 0.638671875
0 0.50830078125 0.77783203125 0.49169921875 0.77783203125 0.49169921875 0.79931640625 0.50830078125 0.79931640625 0.50830078125 0.77783203125
0 0.5390625 0.7724609375 0.509765625 0.7724609375 0.509765625 0.8076171875 0.5390625 0.8076171875 0.5390625 0.7724609375
0 0.5673828125 0.74462890625 0.541015625 0.74462890625 0.541015625 0.78271484375 0.5673828125 0.78271484375 0.5673828125 0.74462890625
0 0.5849609375 0.763671875 0.5498046875 0.763671875 0.5498046875 0.791015625 0.5849609375 0.791015625 0.5849609375 0.763671875
0 0.5751953125 0.78662109375 0.5537109375 0.78662109375 0.5537109375 0.80517578125 0.5751953125 0.80517578125 0.5751953125 0.78662109375
0 0.54052734375 0.7451171875 0.51513671875 0.7451171875 0.51513671875 0.7724609375 0.54052734375 0.7724609375 0.54052734375 0.7451171875
0 0.5322265625 0.7236328125 0.5068359375 0.7236328125 0.5068359375 0.7451171875 0.5322265625 0.7451171875 0.5322265625 0.7236328125
0 0.591796875 0.7158203125 0.53125 0.7158203125 0.53125 0.7666015625 0.591796875 0.7666015625 0.591796875 0.7158203125
0 0.57666015625 0.69287109375 0.52978515625 0.69287109375 0.52978515625 0.71728515625 0.57666015625 0.71728515625 0.57666015625 0.69287109375
0 0.513671875 0.61279296875 0.49609375 0.61279296875 0.49609375 0.63232421875 0.513671875 0.63232421875 0.513671875 0.61279296875
0 0.59326171875 0.60107421875 0.49462890625 0.60107421875 0.49462890625 0.69580078125 0.59326171875 0.69580078125 0.59326171875 0.60107421875
0 0.224609375 0.9638671875 0.19921875 0.9638671875 0.19921875 0.9892578125 0.224609375 0.9892578125 0.224609375 0.9638671875
0 0.140625 0.96728515625 0.12109375 0.96728515625 0.12109375 0.98388671875 0.140625 0.98388671875 0.140625 0.96728515625
0 0.17236328125 1 0.17236328125 0.943359375 0.10498046875 0.943359375 0.10498046875 1 0.17236328125 1
0 0.2109375 0.97900390625 0.1474609375 0.97900390625 0.1474609375 0.99853515625 0.2109375 0.99853515625 0.2109375 0.97900390625
0 0.14404296875 0.60205078125 0.11669921875 0.60205078125 0.11669921875 0.62353515625 0.14404296875 0.62353515625 0.14404296875 0.60205078125
0 0.09326171875 0.591796875 0.07763671875 0.591796875 0.07763671875 0.6064453125 0.09326171875 0.6064453125 0.09326171875 0.591796875
0 0.03955078125 0.6005859375 0.00439453125 0.6005859375 0.00439453125 0.640625 0.03955078125 0.640625 0.03955078125 0.6005859375
0 0 0.19970703125 0.01171875 0.19970703125 0.01171875 0.16064453125 0 0.16064453125 0 0.19970703125
0 0.80615234375 0.1689453125 0.73486328125 0.1689453125 0.73486328125 0.2421875 0.80615234375 0.2421875 0.80615234375 0.1689453125
0 0.7900390625 0.0712890625 0.7783203125 0.0712890625 0.7783203125 0.0849609375 0.7900390625 0.0849609375 0.7900390625 0.0712890625
0 0.9228515625 0.0517578125 0.9091796875 0.0517578125 0.9091796875 0.0654296875 0.9228515625 0.0654296875 0.9228515625 0.0517578125
0 0.763671875 0.1171875 0.7529296875 0.1171875 0.7529296875 0.1298828125 0.763671875 0.1298828125 0.763671875 0.1171875
0 0.7724609375 0.13037109375 0.755859375 0.13037109375 0.755859375 0.14013671875 0.7724609375 0.14013671875 0.7724609375 0.13037109375
0 0.82763671875 0.12890625 0.81298828125 0.12890625 0.81298828125 0.138671875 0.82763671875 0.138671875 0.82763671875 0.12890625
0 0.81298828125 0.1455078125 0.79150390625 0.1455078125 0.79150390625 0.1669921875 0.81298828125 0.1669921875 0.81298828125 0.1455078125
0 0.9013671875 0.25146484375 0.8828125 0.25146484375 0.8828125 0.27294921875 0.9013671875 0.27294921875 0.9013671875 0.25146484375
0 0.9228515625 0.2119140625 0.90625 0.2119140625 0.90625 0.232421875 0.9228515625 0.232421875 0.9228515625 0.2119140625
0 0.90185546875 0.15380859375 0.87548828125 0.15380859375 0.87548828125 0.17724609375 0.90185546875 0.17724609375 0.90185546875 0.15380859375
0 0.9326171875 0.1572265625 0.888671875 0.1572265625 0.888671875 0.2001953125 0.9326171875 0.2001953125 0.9326171875 0.1572265625
0 0.8720703125 0.1416015625 0.84765625 0.1416015625 0.84765625 0.1669921875 0.8720703125 0.1669921875 0.8720703125 0.1416015625
0 0.84521484375 0.13427734375 0.81298828125 0.13427734375 0.81298828125 0.17431640625 0.84521484375 0.17431640625 0.84521484375 0.13427734375
0 0.875 0.14794921875 0.80859375 0.14794921875 0.80859375 0.21337890625 0.875 0.21337890625 0.875 0.14794921875
0 0.90478515625 0.18115234375 0.87548828125 0.18115234375 0.87548828125 0.21044921875 0.90478515625 0.21044921875 0.90478515625 0.18115234375
0 1 0.1201171875 0.9580078125 0.1201171875 0.9580078125 0.169921875 1 0.169921875 1 0.1201171875
0 0.9755859375 0.05908203125 0.869140625 0.05908203125 0.869140625 0.16845703125 0.9755859375 0.16845703125 0.9755859375 0.05908203125
0 0.85888671875 0.04296875 0.73583984375 0.04296875 0.73583984375 0.1669921875 0.85888671875 0.1669921875 0.85888671875 0.04296875
0 0.93798828125 0.21826171875 0.88134765625 0.21826171875 0.88134765625 0.27294921875 0.93798828125 0.27294921875 0.93798828125 0.21826171875
0 0.9404296875 0.2021484375 0.8857421875 0.2021484375 0.8857421875 0.220703125 0.9404296875 0.220703125 0.9404296875 0.2021484375
0 0.7265625 0.02197265625 0.6826171875 0.02197265625 0.6826171875 0.06103515625 0.7265625 0.06103515625 0.7265625 0.02197265625
0 0.59765625 0 0.59765625 0.0185546875 0.626953125 0.0185546875 0.626953125 0 0.59765625 0
0 0.7353515625 0.00146484375 0.673828125 0.00146484375 0.673828125 0.02587890625 0.7353515625 0.02587890625 0.7353515625 0.00146484375
0 0.62646484375 0 0.62646484375 0.0185546875 0.69775390625 0.0185546875 0.69775390625 0 0.62646484375 0
0 0.8740234375 0.94775390625 0.82421875 0.94775390625 0.82421875 0.99267578125 0.8740234375 0.99267578125 0.8740234375 0.94775390625
0 0.84814453125 1 0.84814453125 0.966796875 0.79833984375 0.966796875 0.79833984375 1 0.84814453125 1
0 0.7724609375 0.94921875 0.734375 0.94921875 0.734375 0.978515625 0.7724609375 0.978515625 0.7724609375 0.94921875
0 0.76611328125 0.98193359375 0.74365234375 0.98193359375 0.74365234375 0.99755859375 0.76611328125 0.99755859375 0.76611328125 0.98193359375
0 0.78662109375 0.96728515625 0.75927734375 0.96728515625 0.75927734375 0.99169921875 0.78662109375 0.99169921875 0.78662109375 0.96728515625
0 0.7490234375 0.98974609375 0.732421875 0.98974609375 0.732421875 0.99853515625 0.7490234375 0.99853515625 0.7490234375 0.98974609375
0 0.72314453125 0.91748046875 0.68798828125 0.91748046875 0.68798828125 0.95263671875 0.72314453125 0.95263671875 0.72314453125 0.91748046875
0 0.74462890625 0.82421875 0.72607421875 0.82421875 0.72607421875 0.84375 0.74462890625 0.84375 0.74462890625 0.82421875
0 0.728515625 0.74658203125 0.66796875 0.74658203125 0.66796875 0.81005859375 0.728515625 0.81005859375 0.728515625 0.74658203125
0 0.73681640625 0.802734375 0.63916015625 0.802734375 0.63916015625 0.8701171875 0.73681640625 0.8701171875 0.73681640625 0.802734375
0 0.7412109375 0.84765625 0.6591796875 0.84765625 0.6591796875 0.9169921875 0.7412109375 0.9169921875 0.7412109375 0.84765625
0 0.78515625 0.88330078125 0.73828125 0.88330078125 0.73828125 0.93408203125 0.78515625 0.93408203125 0.78515625 0.88330078125
0 0.74072265625 0.912109375 0.72021484375 0.912109375 0.72021484375 0.9423828125 0.74072265625 0.9423828125 0.74072265625 0.912109375
0 0.798828125 0.8662109375 0.7744140625 0.8662109375 0.7744140625 0.892578125 0.798828125 0.892578125 0.798828125 0.8662109375
0 0.7724609375 0.84130859375 0.740234375 0.84130859375 0.740234375 0.87646484375 0.7724609375 0.87646484375 0.7724609375 0.84130859375
0 0.794921875 0.83154296875 0.755859375 0.83154296875 0.755859375 0.87841796875 0.794921875 0.87841796875 0.794921875 0.83154296875
0 0.77978515625 0.80078125 0.74169921875 0.80078125 0.74169921875 0.8388671875 0.77978515625 0.8388671875 0.77978515625 0.80078125
0 0.765625 0.7490234375 0.71875 0.7490234375 0.71875 0.802734375 0.765625 0.802734375 0.765625 0.7490234375
0 0.79296875 0.78662109375 0.7578125 0.78662109375 0.7578125 0.81689453125 0.79296875 0.81689453125 0.79296875 0.78662109375
0 0.8037109375 0.77001953125 0.787109375 0.77001953125 0.787109375 0.78369140625 0.8037109375 0.78369140625 0.8037109375 0.77001953125
0 0.80517578125 0.69189453125 0.74658203125 0.69189453125 0.74658203125 0.74755859375 0.80517578125 0.74755859375 0.80517578125 0.69189453125
0 0.85302734375 0.548828125 0.83642578125 0.548828125 0.83642578125 0.568359375 0.85302734375 0.568359375 0.85302734375 0.548828125
0 0.86328125 0.58056640625 0.849609375 0.58056640625 0.849609375 0.59228515625 0.86328125 0.59228515625 0.86328125 0.58056640625
0 0.88427734375 0.58349609375 0.86767578125 0.58349609375 0.86767578125 0.60107421875 0.88427734375 0.60107421875 0.88427734375 0.58349609375
0 0.8876953125 0.56005859375 0.8681640625 0.56005859375 0.8681640625 0.58154296875 0.8876953125 0.58154296875 0.8876953125 0.56005859375
0 0.92333984375 0.5693359375 0.90673828125 0.5693359375 0.90673828125 0.5830078125 0.92333984375 0.5830078125 0.92333984375 0.5693359375
0 0.91162109375 0.53857421875 0.87353515625 0.53857421875 0.87353515625 0.58056640625 0.91162109375 0.58056640625 0.91162109375 0.53857421875
0 0.87841796875 0.53857421875 0.81591796875 0.53857421875 0.81591796875 0.59326171875 0.87841796875 0.59326171875 0.87841796875 0.53857421875
0 0.896484375 0.5927734375 0.8115234375 0.5927734375 0.8115234375 0.6611328125 0.896484375 0.6611328125 0.896484375 0.5927734375
0 0.828125 0.5791015625 0.787109375 0.5791015625 0.787109375 0.623046875 0.828125 0.623046875 0.828125 0.5791015625
0 0.8203125 0.62646484375 0.7705078125 0.62646484375 0.7705078125 0.67333984375 0.8203125 0.67333984375 0.8203125 0.62646484375
0 0.83056640625 0.66259765625 0.80126953125 0.66259765625 0.80126953125 0.68212890625 0.83056640625 0.68212890625 0.83056640625 0.66259765625
0 0.7978515625 0.662109375 0.759765625 0.662109375 0.759765625 0.6943359375 0.7978515625 0.6943359375 0.7978515625 0.662109375
0 0.8271484375 0.68115234375 0.7958984375 0.68115234375 0.7958984375 0.69970703125 0.8271484375 0.69970703125 0.8271484375 0.68115234375
0 0.79150390625 0.759765625 0.76416015625 0.759765625 0.76416015625 0.7900390625 0.79150390625 0.7900390625 0.79150390625 0.759765625
0 0.79248046875 0.74072265625 0.75244140625 0.74072265625 0.75244140625 0.76318359375 0.79248046875 0.76318359375 0.79248046875 0.74072265625
0 0.986328125 0.6630859375 0.923828125 0.6630859375 0.923828125 0.7216796875 0.986328125 0.7216796875 0.986328125 0.6630859375
0 0.96728515625 0.62890625 0.94775390625 0.62890625 0.94775390625 0.65234375 0.96728515625 0.65234375 0.96728515625 0.62890625
0 0.9384765625 0.5966796875 0.9130859375 0.5966796875 0.9130859375 0.62109375 0.9384765625 0.62109375 0.9384765625 0.5966796875
0 0.91796875 0.58740234375 0.900390625 0.58740234375 0.900390625 0.61181640625 0.91796875 0.61181640625 0.91796875 0.58740234375
0 0.8857421875 0.6806640625 0.861328125 0.6806640625 0.861328125 0.7119140625 0.8857421875 0.7119140625 0.8857421875 0.6806640625
0 0.9169921875 0.685546875 0.892578125 0.685546875 0.892578125 0.716796875 0.9169921875 0.716796875 0.9169921875 0.685546875
0 0.90576171875 0.6640625 0.88525390625 0.6640625 0.88525390625 0.6787109375 0.90576171875 0.6787109375 0.90576171875 0.6640625
0 0.88720703125 0.6552734375 0.84228515625 0.6552734375 0.84228515625 0.689453125 0.88720703125 0.689453125 0.88720703125 0.6552734375
0 1 0.61962890625 0.9755859375 0.61962890625 0.9755859375 0.67431640625 1 0.67431640625 1 0.61962890625
0 0.9287109375 0.708984375 0.8916015625 0.708984375 0.8916015625 0.73828125 0.9287109375 0.73828125 0.9287109375 0.708984375
0 0.9111328125 0.60546875 0.8935546875 0.60546875 0.8935546875 0.6279296875 0.9111328125 0.6279296875 0.9111328125 0.60546875
0 0.94580078125 0.61962890625 0.89404296875 0.61962890625 0.89404296875 0.68017578125 0.94580078125 0.68017578125 0.94580078125 0.61962890625
0 1 0.08154296875 0.986328125 0.08154296875 0.986328125 0.12353515625 1 0.12353515625 1 0.08154296875