0 0.2260878390625 0.6786971265624999 0.032780848437499996 0.7127823656250001 0.073988375 0.9464818609375 0.267295365625 0.9123966234375 0.2260878390625 0.6786971265624999
0 0.2682961359375 0.4288017296875 0.0894150390625 0.46034329375 0.12434816875000002 0.658458915625 0.3032292640625 0.6269173515625 0.2682961359375 0.4288017296875
0 0.082807053125 0.5859577171875 0.015486209375 0.5978281984375 0.024134703125 0.6468762406249999 0.0914555453125 0.635005759375 0.082807053125 0.5859577171875
0 0.4590940640625 0.537953275 0.40716084218750004 0.547110503125 0.4158093359375 0.5961585453125 0.46774255781249996 0.5870013171874999 0.4590940640625 0.537953275
0 1 0.5898336546875 0.8487707171875 0.6164994578125 0.8762424015624999 0.7722991218749999 1 0.75047731875 1 0.5898336546875
0 0.894921575 0.0852782828125 0.7862465015625 0.10444063125 0.8111745109375 0.2458144 0.9198495859375001 0.22665205312499997 0.894921575 0.0852782828125
0 0.7724557875 0.217438778125 0.6532017234375 0.2384664875 0.667615878125 0.320213225 0.7868699421875001 0.299185515625 0.7724557875 0.217438778125
0 0.5101113421875 0.20023301875000002 0.426441153125 0.2149863296875 0.44068572968749997 0.2957713421875 0.5243559203125 0.2810180296875 0.5101113421875 0.20023301875000002
0 0.4154939609375 0.2203873125 0.2635412015625 0.2471806828125 0.27795535781249997 0.3289274203125 0.429908115625 0.30213405 0.4154939609375 0.2203873125
0 0.392440703125 0.022160203125 0.30492360937499996 0.037591828125 0.3188290296875 0.11645338593750001 0.40634612499999995 0.1010217609375 0.392440703125 0.022160203125
0 0.335603496875 0.1075458296875 0.320850184375 0.023875640625 0.170820878125 0.050329854687499995 0.185574190625 0.1340000453125 0.335603496875 0.1075458296875
0 0.42984298125000003 0.3636264421875 0.3971442859375 0.3693921046875 0.404266575 0.4097846109375 0.43696527031250004 0.4040189484375 0.42984298125000003 0.3636264421875
0 0.35253515156250004 1 0.370921225 0.9967580390625 0.360746528125 0.9390544609375 0.283808421875 0.9526207250000001 0.2921626671875 1 0.35253515156250004 1