0 0.41092942499999996 0.5442109125 0.359221378125 0.526406403125 0.3445962453125 0.5688808703125 0.3963042921875 0.5866853796875 0.41092942499999996 0.5442109125
0 0.5287946140625001 0.570851909375 0.5001705171874999 0.5609958421875 0.490950325 0.5877732250000001 0.5195744234374999 0.5976292921875 0.5287946140625001 0.570851909375
0 0.23455348593749997 0.34404739218749997 0.2013125984375 0.33260163593750003 0.19050271875 0.36399580781249996 0.22374360625 0.3754415640625 0.23455348593749997 0.34404739218749997
0 0.1040755421875 0.3750334359375 0.0689879390625 0.36295180625 0.061993310937500004 0.38326568125 0.0970809140625 0.3953473125 0.1040755421875 0.3750334359375
0 0.24404542187499997 0.0705165640625 0.20895781875 0.058434934375000004 0.20037350156249997 0.0833656 0.2354611046875 0.0954472296875 0.24404542187499997 0.0705165640625
0 0.19737787812500002 0.5749953203125 0.1290493875 0.551467934375 0.1137883796875 0.5957891171874999 0.18211687031249998 0.6193165031250001 0.19737787812500002 0.5749953203125
0 0.24643583125 0.6109947328125 0.20396136406249998 0.5963696015625 0.19187973281249998 0.6314572046875 0.23435419999999998 0.6460823359375001 0.24643583125 0.6109947328125
0 0.2567718203125 0.6589655046875 0.234611228125 0.6513350015625 0.22539103593749998 0.6781123828125 0.247551628125 0.6857428859375 0.2567718203125 0.6589655046875
0 0.40788944687499995 0.75850978125 0.37926534843750004 0.7486537140625 0.37004515625 0.7754310953125 0.39866925468750003 0.7852871625 0.40788944687499995 0.75850978125
0 0.47226563749999995 0.8070135140625 0.447334971875 0.7984291984375 0.43906859374999996 0.8224365062500001 0.463999259375 0.831020821875 0.47226563749999995 0.8070135140625
0 0.6278276968750001 0.8786524 0.5992036 0.8687963328125001 0.58680403125 0.90480729375 0.615428128125 0.9146633609375 0.6278276968750001 0.8786524
0 0.688294803125 1 0.698574190625 0.9701464953125001 0.64686614375 0.9523419875 0.6360562625 0.983736159375 0.6832898875 1 0.688294803125 1
0 0.4174080046875 0.936336009375 0.37124010625000003 0.9204391265625 0.3553432234375 0.9666070250000001 0.40151112187500004 0.9825039078125 0.4174080046875 0.936336009375
0 0.446578453125 0.9221086312500001 0.41518428125 0.9112987515625001 0.4065999640625 0.9362294171875 0.4379941359375 0.947039296875 0.446578453125 0.9221086312500001
0 0.4744144 0.949251471875 0.4337866484375 0.935262215625 0.4191615171875 0.9777366828125 0.4597892671875 0.9917259390625001 0.4744144 0.949251471875
0 0.22870311718749997 0.8589657125000001 0.1954622296875 0.8475199578125 0.1887855390625 0.8669104750000001 0.2220264265625 0.8783562312500001 0.22870311718749997 0.8589657125000001
0 0.8401300781250001 0.7240143625 0.8004256859375 0.71034304375 0.785164678125 0.7546642265625 0.824869071875 0.7683355453125 0.8401300781250001 0.7240143625
0 0.9511109125000001 0.6971596671875 0.9104831609374999 0.6831704109375 0.8980835921875 0.719181371875 0.93871134375 0.7331706296875 0.9511109125000001 0.6971596671875
0 0.9183432515625001 0.747330403125 0.8851023640625 0.7358846484375 0.8730207343749999 0.7709722515624999 0.9062616218749999 0.78241800625 0.9183432515625001 0.747330403125
0 0.9204061671874999 0.8043301046875 0.8742382687499999 0.788433221875 0.867561578125 0.8078237390625 0.9137294765625 0.823720621875 0.9204061671874999 0.8043301046875
0 0.8658738312500001 0.806726184375 0.8409431656249999 0.7981418687499999 0.8288615343749999 0.833229471875 0.8537922 0.8418137874999999 0.8658738312500001 0.806726184375
0 0.96021730625 0.41574984375 0.9288231343750001 0.40493996250000003 0.915151815625 0.44464435625 0.9465459875000001 0.45545423593749995 0.96021730625 0.41574984375
0 0.9585588390625001 0.30208360624999997 0.9114675812499999 0.2858687859375 0.8955706984375 0.3320366859375 0.94266195625 0.34825150625 0.9585588390625001 0.30208360624999997
0 0.8370818718749999 0.1719485375 0.7964541203125 0.15795928125 0.784372490625 0.193046884375 0.8250002421874999 0.207036140625 0.8370818718749999 0.1719485375
0 0.8516375609375 0.152172478125 0.8700779453124999 0.0986177140625 0.7925158734375 0.0719109515625 0.774075490625 0.125465715625 0.8516375609375 0.152172478125
0 0.738025540625 0.13267654375 0.7625067390625 0.061577978125 0.689561459375 0.036460904687500004 0.665080259375 0.10755946875 0.738025540625 0.13267654375
0 0.47196323281249997 0.0235057875 0.42764205000000005 0.00824478125 0.41683217031249997 0.039638953125 0.461153353125 0.054899959374999995 0.47196323281249997 0.0235057875
0 0.43519289062500005 0 0.481765084375 0.0160360921875 0.48728675312499997 0 0.43519289062500005 0
0 0.344239425 0 0.33591652656250004 0.0241714546875 0.3626939078125 0.033391646875 0.371278225 0.008460981250000001 0.3467057515625 0 0.344239425 0
0 0.637502515625 0.19514996406250001 0.6181119984375 0.1884732734375 0.6104814937499999 0.2106338640625 0.6298720125 0.2173105546875 0.637502515625 0.19514996406250001
0 0.680083575 0.1989670546875 0.6357623921875 0.183706046875 0.620501384375 0.22802723125000002 0.6648225671875 0.2432882375 0.680083575 0.1989670546875
0 1 0.1769205296875 0.9857833359375 0.1720253390625 0.9749734562500001 0.20341950937500003 1 0.21203683906249998 1 0.1769205296875
0 0.79824360625 0.1017696515625 0.8068279234375 0.0768389859375 0.749579728125 0.057126851562500004 0.7409954109375 0.0820575171875 0.79824360625 0.1017696515625
0 0.93025135 0.57326705 0.8942403890625 0.5608674812500001 0.8856560734375 0.585798146875 0.921667034375 0.598197715625 0.93025135 0.57326705
0 0.4184289109375 0.6919061859375 0.3934982453125 0.68332186875 0.38427805312499996 0.7100992515625 0.40920871875 0.7186835671875 0.4184289109375 0.6919061859375
0 0.155366265625 0.6700098265625 0.125818809375 0.659835821875 0.11818830625000001 0.6819964140625 0.14773576093750002 0.69217041875 0.155366265625 0.6700098265625
0 0.111088925 0.6816175671875 0.07969475312499999 0.6708076859375 0.0695207484375 0.7003551421875 0.1009149203125 0.7111650218750001 0.111088925 0.6816175671875
0 0.077952790625 0.690864534375 0.060408989062499995 0.6848237187499999 0.04673766875 0.7245281125 0.064281471875 0.7305689281250001 0.077952790625 0.690864534375
0 0.80314103125 0.48198915312499996 0.774516934375 0.4721330859375 0.762117365625 0.5081440484375 0.7907414640625 0.518000115625 0.80314103125 0.48198915312499996
0 0.9601893546875001 0.24635565625 0.9130980984375 0.23014083593749998 0.896883278125 0.27723209375 0.9439745343749999 0.2934469140625 0.9601893546875001 0.24635565625
0 0.94033414375 0.16154009062500002 0.9117100453125 0.1516840234375 0.8996284156250001 0.1867716265625 0.9282525125 0.19662769375 0.94033414375 0.16154009062500002
0 0.9906589921875 0.14736692812500002 0.959264821875 0.1365570484375 0.9506805046875 0.1614877140625 0.9820746765624999 0.17229759375 0.9906589921875 0.14736692812500002
0 0.6091342703125 0.081065890625 0.5795868140625 0.0708918859375 0.5725921859375 0.0912057625 0.6021396421875 0.1013797671875 0.6091342703125 0.081065890625