0 0.59856528125 0.5131551265625001 0.631477040625 0.5568305062500001 0.6673532453125001 0.529795846875 0.6344414859375 0.4861204671875 0.59856528125 0.5131551265625001
0 0.5157480671875 0.4251593609375 0.5339670765625 0.449336803125 0.556584684375 0.4322932125 0.538365675 0.4081157703125 0.5157480671875 0.4251593609375
0 0.6328575421875 0.777726378125 0.6540151015625 0.8058034078125 0.6805322953124999 0.78582126875 0.6593747359375 0.7577442390625 0.6328575421875 0.777726378125
0 0.7583558359375 0.8250001234375001 0.7806888140625 0.8546369875 0.797847 0.8417073687500001 0.7755140203125 0.8120705046875001 0.7583558359375 0.8250001234375001
0 0.505660646875 1 0.49308964531250005 0.9833177187500001 0.47203187343749997 0.9991858875 0.4726453515625 1 0.505660646875 1
0 0.792821959375 0.6070502046875 0.8363124984375 0.6647641 0.8737485390625 0.6365540203125 0.830258 0.5788401265625 0.792821959375 0.6070502046875
0 0.7722816890625 0.5497724796875 0.7993163484375 0.585648684375 0.8289532140625001 0.5633157046874999 0.8019185546875001 0.5274395000000001 0.7722816890625 0.5497724796875
0 0.7905376828125 0.5042230953125 0.8046427218750001 0.522941115625 0.8272603296875 0.5058975265625001 0.8131552890625 0.48717950625000006 0.7905376828125 0.5042230953125
0 0.7209199453124999 0.33719324687499996 0.7391389546875 0.36137068906250003 0.7617565609375 0.3443271 0.7435375515625 0.3201496578125 0.7209199453124999 0.33719324687499996
0 0.6946726062499999 0.26098311875 0.7105407765625 0.2820408921875 0.73081863125 0.2667604328125 0.7149504624999999 0.24570265937500002 0.6946726062499999 0.26098311875
0 0.6057657703125 0.11460259218749999 0.6239847796875 0.138780034375 0.6544015625 0.1158593453125 0.636182553125 0.09168190312499999 0.6057657703125 0.11460259218749999
0 0.5988877890625 0 0.631188878125 0.0428649921875 0.6577060734375 0.0228828515625 0.6404626078125 0 0.5988877890625 0
0 0.8124678671875 0.1844459125 0.841853365625 0.22344178593750003 0.880849240625 0.19405628749999998 0.851463740625 0.1550604125 0.8124678671875 0.1844459125
0 0.7803286203125 0.1799290359375 0.8003107609375 0.20644622968749998 0.8213685328125001 0.19057806093750002 0.80138639375 0.164060865625 0.7803286203125 0.1799290359375
0 0.772429659375 0.1418609359375 0.7982888984375001 0.17617730625 0.834165103125 0.149142646875 0.8083058640624999 0.1148262765625 0.772429659375 0.1418609359375
0 0.9256463890625 0.354111228125 0.9468039484374999 0.3821882578125 0.963182215625 0.36984634843749997 0.9420246562499999 0.34176931875 0.9256463890625 0.354111228125
0 0.3432866265625 0.12408535000000001 0.36855815625 0.15762180312500002 0.4059941953125 0.12941172343750001 0.38072266718750003 0.095875271875 0.3432866265625 0.12408535000000001
0 0.2362623921875 0.08428920625 0.26212163125 0.1186055765625 0.2925384125 0.09568488750000001 0.2666791734375 0.061368517187500006 0.2362623921875 0.08428920625
0 0.2914831328125 0.061019224999999996 0.3126406921875 0.0890962546875 0.34227755625 0.066763275 0.321119996875 0.0386862453125 0.2914831328125 0.061019224999999996
0 0.321646725 0.012610764062499998 0.35103222500000003 0.0516066375 0.3674104921875 0.039264728124999995 0.3380249921875 0.0002688546875 0.321646725 0.012610764062499998
0 0.368195953125 0.04111841875 0.3840641234375 0.062176190625 0.41370098750000006 0.0398432109375 0.39783281718749997 0.0187854390625 0.368195953125 0.04111841875
0 0.071350471875 0.31249629375 0.0913326109375 0.3390134890625 0.1248690625 0.313741959375 0.10488692343749999 0.28722476406249997 0.071350471875 0.31249629375
0 0.009164051562500001 0.407657278125 0.039137259375 0.4474330703125 0.078133134375 0.41804757031250006 0.048159925 0.378271778125 0.009164051562500001 0.407657278125
0 0.0371024125 0.583473196875 0.0629616515625 0.6177895671875 0.09259851718749999 0.5954565875 0.066739278125 0.5611402187500001 0.0371024125 0.583473196875
0 0 0.6672976609375 0.0181089921875 0.6913291046875 0.06334420625 0.657241925 0.013976568750000001 0.5917288562499999 0 0.60226095625 0 0.6672976609375
0 0.0972632140625 0.671422753125 0.0372095671875 0.716676421875 0.08363865468750001 0.7782899046875 0.14369230156249999 0.7330362359375 0.0972632140625 0.671422753125
0 0.2567913515625 0.9107095656249999 0.28500143125 0.9481456046875 0.311518625 0.9281634656250001 0.2833085453125 0.8907274265625 0.2567913515625 0.9107095656249999
0 0.22577022812499997 0.9255261375 0.262208246875 0.973881021875 0.2809262671875 0.9597759828125 0.2444882484375 0.9114210984375 0.22577022812499997 0.9255261375
0 0.3516833953125 1 0.36995141875000004 0.98623405625 0.3529078296875 0.96361645 0.33185005625 0.9794846187499999 0.34730950625 1 0.3516833953125 1
0 0.2157384921875 0.9373653531249999 0.2079393171875 0.943242453125 0.233210846875 0.9767789062500001 0.24101002187499998 0.97090180625 0.2157384921875 0.9373653531249999
0 0.21553527187500002 0.6758417031249999 0.22787718125 0.6922199703125 0.24659520000000001 0.67811493125 0.23425329062500003 0.6617366640625 0.21553527187500002 0.6758417031249999
0 0.1823684640625 0.648866165625 0.2105785421875 0.6863022046875 0.2480145828125 0.658092125 0.219804503125 0.6206560859375 0.1823684640625 0.648866165625
0 0.030057259375 0.6633722140625 0.0089994875 0.6792403828125 0.045437506249999995 0.7275952671875 0.066495278125 0.7117270984374999 0.030057259375 0.6633722140625
0 0.1842758796875 0.1986653609375 0.20719656875 0.2290821421875 0.228254340625 0.21321397343749998 0.2053336515625 0.182797190625 0.1842758796875 0.1986653609375
0 0.674938075 0.3865165359375 0.6908062453125 0.4075743078125 0.7134238515625 0.39053071875 0.6975556828125 0.369472946875 0.674938075 0.3865165359375
0 0.8807826046875 0.5517722046875 0.8995893234375 0.5767295640625 0.9183073437499999 0.562624525 0.8995006234374999 0.5376671640625 0.8807826046875 0.5517722046875
0 0.9239811484375 0.5669085265625 0.9439632874999999 0.593425721875 0.9689206468749999 0.5746190015625 0.9489385078125 0.5481018078125001 0.9239811484375 0.5669085265625
0 1 0.5655591375 0.9901595390625 0.5525004046875 0.9566230875 0.5777719343750001 0.9677895765625 0.5925903671875 1 0.568318071875 1 0.5655591375
0 0.2386131578125 0.3454173546875 0.2568321671875 0.369594796875 0.2872489484375 0.3466741078125 0.2690299390625 0.322496665625 0.2386131578125 0.3454173546875
0 0 0.4839330734375 0.006622826562500001 0.49272186093750003 0.046398618749999995 0.4627486515625 0.016425409374999998 0.4229728609375 0 0.43535029375 0 0.4839330734375
0 0.17525860937499999 0.7862850078125 0.194065328125 0.8112423671875 0.21122351250000002 0.798312746875 0.19241679375 0.7733553875 0.17525860937499999 0.7862850078125