0 0.649787359375 0.3381839078125 0.6527005921875 0.28259613125 0.6117411765625 0.28044953906250003 0.6088279453125 0.336037315625 0.649787359375 0.3381839078125
0 0.4570811703125 0.5725602750000001 0.45927887187499994 0.5306256359375 0.41246811250000004 0.5281723875 0.4102704109375 0.5701070265625 0.4570811703125 0.5725602750000001
0 0.42891018125 0.6062883921875 0.430239025 0.5809325640624999 0.4087840921875 0.579808159375 0.40745525000000005 0.6051639875 0.42891018125 0.6062883921875
0 0.4539628265625 0.7440187703125 0.45549610625000003 0.7147620453125 0.4213632609375 0.71297321875 0.41982998125000004 0.7422299437500001 0.4539628265625 0.7440187703125
0 0.635482240625 0.40588739531250007 0.6364533171875 0.38735813750000003 0.6120727140625 0.38608040312499997 0.6111016359375 0.40460966249999997 0.635482240625 0.40588739531250007
0 0.5499940515625 0.5070206390625 0.5507606921875 0.4923922765625 0.53515710625 0.491574528125 0.534390465625 0.506202890625 0.5499940515625 0.5070206390625
0 0.512541846875 0.4659417453125 0.5132062687500001 0.45326383124999997 0.49662745781249995 0.452394971875 0.49596303593749996 0.46507288593749996 0.512541846875 0.4659417453125
0 0.7019314765625 0.434795321875 0.7045380531250001 0.385058890625 0.6479750515625 0.38209455000000003 0.6453684749999999 0.43183098124999997 0.7019314765625 0.434795321875
0 0.69958386875 0.2650061734375 0.7005549453125 0.24647691562500001 0.6800752375 0.24540361875 0.6791041609375 0.263932878125 0.69958386875 0.2650061734375
0 0.6837999984375001 0.146341703125 0.6853332796875 0.11708497968750001 0.65412610625 0.1154494796875 0.6525928265625 0.1447062046875 0.6837999984375001 0.146341703125
0 0.6711946015625 0.125634078125 0.67334119375 0.0846746625 0.633357003125 0.08257918125 0.6312104125 0.1235385953125 0.6711946015625 0.125634078125
0 0.73751191875 0.138399696875 0.7387896515625 0.11401909218749999 0.7144090484375 0.112741359375 0.7131313140625 0.1371219625 0.73751191875 0.138399696875
0 0.7997743359375 0.265856371875 0.801512053125 0.2326987515625 0.7790818984375 0.2315232359375 0.7773441796875 0.2646808578125 0.7997743359375 0.265856371875
0 0.8501123125 0.08904933125 0.85103228125 0.071495296875 0.8295773499999999 0.0703708921875 0.82865738125 0.0879249265625 0.8501123125 0.08904933125
0 0.8108029109375 0.12072685624999999 0.812233971875 0.0934205796875 0.7712745578125 0.0912739875 0.769843496875 0.1185802640625 0.8108029109375 0.12072685624999999
0 0.7990829609375 0.1577618921875 0.8013828796875 0.11387680468750001 0.7555473453125 0.11147466718750002 0.753247425 0.155359753125 0.7990829609375 0.1577618921875
0 0.8569838234375 0.4057609703125 0.858312665625 0.3804051421875 0.8397834078124999 0.3794340640625 0.8384545640625 0.40478989218750006 0.8569838234375 0.4057609703125
0 0.8999406484374999 0.3884541875 0.9024961156250001 0.3396929796875 0.8605614765625 0.337495278125 0.8580060109375 0.3862564859375 0.8999406484374999 0.3884541875
0 1 0.2455458203125 0.9905777656250001 0.245052021875 0.9889933765625001 0.27528397031249996 1 0.275860803125 1 0.2455458203125
0 0.9348698890625 0.7389070578125 0.9365053874999999 0.707699884375 0.9091991109374999 0.7062688234375 0.9075636125000001 0.737475996875 0.9348698890625 0.7389070578125
0 0.8859007703125 0.6097022984375 0.8864629734375 0.5989748328125 0.8718346109375 0.5982081921875 0.8712724078124999 0.6089356578125 0.8859007703125 0.6097022984375
0 0.8438819000000001 0.8050365234375001 0.8456196171875 0.771878903125 0.8134372203125 0.7701922953125 0.8116995031249999 0.803349915625 0.8438819000000001 0.8050365234375001
0 0.8085625000000001 0.8911967531249999 0.8096869046874999 0.869741821875 0.789207196875 0.8686685265625 0.7880827921875 0.8901234578125001 0.8085625000000001 0.8911967531249999
0 0.8355027171874999 0.862293646875 0.83667823125 0.8398634921875001 0.8142480750000001 0.8386879781250001 0.8130725609375 0.8611181328124999 0.8355027171874999 0.862293646875
0 0.9152791 0.9261266140625001 0.91599463125 0.9124734765625 0.8964901484375 0.9114512890625001 0.8957746171875 0.9251044281249999 0.9152791 0.9261266140625001
0 0.9117974453125001 0.9645713046875001 0.9124618671875 0.951893390625 0.8968582796875 0.9510756406249999 0.8961938593750001 0.9637535546875 0.9117974453125001 0.9645713046875001
0 0.941618446875 0.9646673031249999 0.9438672562500001 0.921757440625 0.8990069453125 0.9194064109375001 0.8967581359375 0.9623162734375 0.941618446875 0.9646673031249999
0 0.9543750984375 0.9731590718750001 0.9758300296875 0.974283478125 0.976903325 0.9538037703125 0.95544839375 0.9526793640625 0.9543750984375 0.9731590718750001
0 0.5939061453125001 0.975292603125 0.5949283328125 0.9557881187499999 0.5744486249999999 0.9547148234374999 0.5734264390625 0.97421930625 0.5939061453125001 0.975292603125
0 0.6394895546875 0.767921403125 0.6435271921875 0.69087869375 0.5781871734374999 0.68745436875 0.5741495375000001 0.7644970765625 0.6394895546875 0.767921403125
0 0.727669278125 0.652749628125 0.7282314796875 0.6420221609375 0.7155535656249999 0.641357740625 0.7149913640625 0.65208520625 0.727669278125 0.652749628125
0 0.16250272500000001 0.7448793874999999 0.1642404421875 0.711721765625 0.12913237187499998 0.7098818296875 0.1273946546875 0.7430394515625001 0.16250272500000001 0.7448793874999999
0 0.24960225781249998 0.7342865890625 0.25164663125 0.6952776218750001 0.210687215625 0.69313103125 0.2086428421875 0.732139996875 0.24960225781249998 0.7342865890625
0 0.07652210312499999 0.9393765296875 0.07447772968750001 0.9783854953125 0.1573717828125 0.9827297890625 0.15941615625 0.9437208234375 0.07652210312499999 0.9393765296875
0 0.2198800546875 0.9468896015625001 0.2261665015625 0.8269370296874999 0.1510742421875 0.8230016125 0.1447877953125 0.9429541828125 0.2198800546875 0.9468896015625001
0 0.1897399578125 0.89690384375 0.19214209531249998 0.8510683078125 0.15605880156250002 0.8491772624999999 0.1536566640625 0.8950127984374999 0.1897399578125 0.89690384375
0 0.21829633906249998 0.865151728125 0.219880728125 0.8349197796875 0.18477265781250002 0.83307984375 0.18318826875 0.8633117921875 0.21829633906249998 0.865151728125
0 0.18992920625 0.9399414796875 0.19079806562499999 0.92336266875 0.16836790937499999 0.9221871546875 0.1674990515625 0.9387659640624999 0.18992920625 0.9399414796875
0 0 0.8737583062500001 0.0129391375 0.87443641875 0.0145746359375 0.8432292453124999 0 0.842465421875 0 0.8737583062500001
0 0.1397506734375 0.45129410156249994 0.141130625 0.42496304843750005 0.11870046875 0.423787534375 0.1173205171875 0.4501185859375 0.1397506734375 0.45129410156249994
0 0.0882668296875 0.323424403125 0.08893125156250001 0.31074649062500004 0.0752781140625 0.310030959375 0.0746136921875 0.3227088734375 0.0882668296875 0.323424403125
0 0.1960947234375 0.39312805 0.196912471875 0.3775244640625 0.1793584375 0.3766044953125 0.17854068750000002 0.39220808125 0.1960947234375 0.39312805
0 0.277956221875 0.37052590625000004 0.27923395625 0.3461453015625 0.24217543749999998 0.34420314687500003 0.2408977046875 0.3685837515625 0.277956221875 0.37052590625000004
0 0.34406288125 0.35932186875 0.346413909375 0.31446155781249996 0.3015535984375 0.312110528125 0.29920256875 0.3569708390625 0.34406288125 0.35932186875
0 0.22461310937499998 0.3061224421875 0.22762855937499998 0.24858421718749998 0.1837434734375 0.246284296875 0.18072802187499998 0.30382252187500003 0.22461310937499998 0.3061224421875
0 0.2167539859375 0.2788182390625 0.2181850484375 0.2515119625 0.18697787500000002 0.24987646406250003 0.1855468140625 0.277182740625 0.2167539859375 0.2788182390625
0 0.1980803671875 0.20596375 0.199000334375 0.1884097140625 0.1765701796875 0.1872342 0.1756502109375 0.204788234375 0.1980803671875 0.20596375
0 0.280657396875 0.1697084671875 0.2815773640625 0.15215443281250002 0.2571967609375 0.1508766984375 0.2562767921875 0.168430734375 0.280657396875 0.1697084671875
0 0.146081284375 0.06926592499999999 0.14710347031249998 0.0497614421875 0.11979719375 0.04833038125 0.11877500781250001 0.0678348640625 0.146081284375 0.06926592499999999
0 0.40384089687499997 0.0490368921875 0.4057319421875 0.0129535984375 0.3696486484375 0.011062553125000001 0.367757603125 0.047145846875 0.40384089687499997 0.0490368921875
0 0.439925590625 0.17218794375 0.442123290625 0.13025330468750002 0.4011638765625 0.1281067125 0.398966175 0.1700413515625 0.439925590625 0.17218794375
0 0.47832953749999996 0.22309574375 0.48379823593750004 0.11874675781249999 0.377498803125 0.113175840625 0.3720301046875 0.217524825 0.47832953749999996 0.22309574375
0 0.49882261406249995 0 0.4961017984375 0.051916275 0.55071435 0.0547783984375 0.5534742546875 0.00211629375 0.5130929531249999 0 0.49882261406249995 0
0 0.5214258515625 0.025862178125000003 0.5227035843750001 0.0014815734375000001 0.5022238765625 0.00040827812499999997 0.50094614375 0.02478888125 0.5214258515625 0.025862178125000003
0 0.591376803125 0.22119707812499997 0.5980721250000001 0.0934427140625 0.46154074375 0.08628740625 0.45484542031249997 0.214041771875 0.591376803125 0.22119707812499997
0 0.5810071015625 0.21380830624999997 0.584226990625 0.152369184375 0.526688765625 0.1493537328125 0.5234688765625 0.21079285468750003 0.5810071015625 0.21380830624999997
0 0.523285846875 0.19562577187500002 0.5252791109375 0.1575920296875 0.498948059375 0.156212078125 0.4969547953125 0.19424582031249998 0.523285846875 0.19562577187500002
0 0.9407784578125 0.07570974375 0.9419539718750001 0.0532795875 0.909771575 0.0515929796875 0.9085960609375 0.0740231359375 0.9407784578125 0.07570974375
0 0.796992946875 1 0.7975235578125 0.9898753499999999 0.780944746875 0.989006490625 0.7803686015625 1 0.796992946875 1
0 0.80970568125 1 0.8101503624999999 0.9915149953125001 0.7574882578125 0.988755090625 0.7568989359375 1 0.80970568125 1
0 0.721694440625 1 0.72217575 0.9908160515625 0.6997455953125 0.9896405375 0.699202678125 1 0.721694440625 1
0 0.6435700609375 0.9979423828125 0.6443367 0.9833140203124999 0.6306835625 0.9825984906249999 0.629916921875 0.9972268515625 0.6435700609375 0.9979423828125