0 0.03173828125 0.04248046875 0.00439453125 0.04248046875 0.00439453125 0.06201171875 0.03173828125 0.06201171875 0.03173828125 0.04248046875
0 0.4169921875 0.00439453125 0.3896484375 0.00439453125 0.3896484375 0.04345703125 0.4169921875 0.04345703125 0.4169921875 0.00439453125
0 0 0.48046875 0.0302734375 0.48046875 0.0302734375 0.43359375 0 0.43359375 0 0.48046875
0 0.19482421875 0.63427734375 0.17041015625 0.63427734375 0.17041015625 0.66943359375 0.19482421875 0.66943359375 0.19482421875 0.63427734375
0 0.33984375 0.5966796875 0.3115234375 0.5966796875 0.3115234375 0.625 0.33984375 0.625 0.33984375 0.5966796875
0 0.1494140625 0.640625 0.1298828125 0.640625 0.1298828125 0.654296875 0.1494140625 0.654296875 0.1494140625 0.640625
0 0 0.880859375 0.0166015625 0.880859375 0.0166015625 0.853515625 0 0.853515625 0 0.880859375
0 0.03125 1 0.03125 0.978515625 0 0.978515625 0 1 0.03125 1
0 0.3818359375 0.65087890625 0.353515625 0.65087890625 0.353515625 0.67529296875 0.3818359375 0.67529296875 0.3818359375 0.65087890625
0 0.55126953125 0.67529296875 0.52099609375 0.67529296875 0.52099609375 0.70556640625 0.55126953125 0.70556640625 0.55126953125 0.67529296875
0 0.759765625 0.58447265625 0.6904296875 0.58447265625 0.6904296875 0.67529296875 0.759765625 0.67529296875 0.759765625 0.58447265625
0 0.8203125 0.8916015625 0.7900390625 0.8916015625 0.7900390625 0.93359375 0.8203125 0.93359375 0.8203125 0.8916015625
0 0.931640625 0.38525390625 0.90625 0.38525390625 0.90625 0.41259765625 0.931640625 0.41259765625 0.931640625 0.38525390625
0 0.40185546875 0.201171875 0.35009765625 0.201171875 0.35009765625 0.2626953125 0.40185546875 0.2626953125 0.40185546875 0.201171875
0 0.55908203125 0.0361328125 0.53955078125 0.0361328125 0.53955078125 0.0634765625 0.55908203125 0.0634765625 0.55908203125 0.0361328125
0 0.58740234375 0.466796875 0.56494140625 0.466796875 0.56494140625 0.4833984375 0.58740234375 0.4833984375 0.58740234375 0.466796875