0 0.323445403125 0.5578343234375 0.33163670624999997 0.569978428125 0.34620963125 0.560148865625 0.3380183296875 0.5480047609375001 0.323445403125 0.5578343234375
0 0.3740583625 0.7263023734375 0.3844340109375 0.7416849062499999 0.3973877234375 0.7329475171875 0.3870120734375 0.7175649843749999 0.3740583625 0.7263023734375
0 0.47433521875 0.78765 0.4781578265625 0.7933172484375001 0.48544428906250003 0.7884024671875001 0.48162168125000004 0.78273521875 0.47433521875 0.78765
0 0.47862772812500004 0.7800428765625 0.488457290625 0.794615803125 0.498172575 0.7880627609374999 0.48834301093750004 0.7734898343750001 0.47862772812500004 0.7800428765625
0 0.48931294843749995 0.77754739375 0.4991425109375 0.79212031875 0.5137154374999999 0.78229075625 0.503885875 0.7677178312499999 0.48931294843749995 0.77754739375
0 0.425398746875 0.4784644 0.43304396250000005 0.4897988984375 0.44356885312500005 0.48269977031250005 0.4359236375 0.471365271875 0.425398746875 0.4784644
0 0.433080490625 0.47151607812499996 0.44345613906250003 0.48689861093750003 0.4556002453125 0.478707309375 0.44522459531249997 0.4633247765625 0.433080490625 0.47151607812499996
0 0.42471933437500003 0.45300783125 0.43181846406249996 0.46353272187499994 0.44234335468749997 0.45643359375000003 0.4352442265625 0.4459087015625 0.42471933437500003 0.45300783125
0 0.43244869374999995 0.4548619953125 0.44337043125 0.4710541359375 0.45956257031250003 0.4601323984375 0.448640834375 0.443940259375 0.43244869374999995 0.4548619953125
0 0.3795132359375 0.3327224859375 0.3877045375 0.3448665921875 0.3998486421875 0.3366752890625 0.391657340625 0.324531184375 0.3795132359375 0.3327224859375
0 0.367094521875 0.315184175 0.37200930312499997 0.3224706390625 0.37767655312500004 0.31864803125 0.3727617703125 0.31136156718749997 0.367094521875 0.315184175
0 0.3680358890625 0.31396024218749996 0.376227190625 0.326104346875 0.3908001171875 0.316274784375 0.382608815625 0.30413067968749996 0.3680358890625 0.31396024218749996
0 0.3708234625 0.3285712609375 0.3790147640625 0.34071536562500004 0.393587690625 0.33088580312500004 0.3853963890625 0.3187416984375 0.3708234625 0.3285712609375
0 0.215508846875 0.70779399375 0.22861493125000001 0.7272245609375 0.24642628437499997 0.7152106515625001 0.2333202015625 0.6957800828125 0.215508846875 0.70779399375
0 0.2351283140625 0.704573046875 0.24441179062499999 0.718336365625 0.2565558953125 0.7101450625 0.2472724203125 0.6963817437500001 0.2351283140625 0.704573046875
0 0.3418453671875 0.9300231578125 0.35276710312500004 0.9462152984375001 0.36976885 0.934747475 0.35884711406249997 0.9185553343749999 0.3418453671875 0.9300231578125
0 0.3741534609375 0.8940957062500001 0.3817986765625 0.9054302046875 0.39394278125 0.8972389015625 0.386297565625 0.8859044046875001 0.3741534609375 0.8940957062500001
0 0.5699416359375 0.9870228328125 0.5754025031250001 0.995118903125 0.5851177875 0.9885658609375 0.57965691875 0.9804697921875001 0.5699416359375 0.9870228328125
0 0.585629765625 1 0.593817084375 0.994477584375 0.5872640421875001 0.9847623000000001 0.5767391515625 0.9918614296875001 0.5822286859375 1 0.585629765625 1
0 0.5798077265625 0.9833129390625001 0.5869068546875 0.9938378296874999 0.595002925 0.9883769625 0.5879037953124999 0.977852071875 0.5798077265625 0.9833129390625001
0 0.5416801437500001 0.8447066812499999 0.549325359375 0.8560411796875 0.5590406437500001 0.8494881375000001 0.551395428125 0.838153640625 0.5416801437500001 0.8447066812499999
0 0.551819278125 0.8414015906250001 0.55891840625 0.8519264828124999 0.5678240828125001 0.8459195265625 0.5607249546874999 0.8353946359375 0.551819278125 0.8414015906250001
0 0.37764432187499997 0.8634703578125 0.38419736250000003 0.8731856421874999 0.39067421874999997 0.8688169484375001 0.3841211765625 0.8591016640625 0.37764432187499997 0.8634703578125
0 0.37991281250000003 0.8572284531250001 0.39356498281249996 0.877468628125 0.4057090875 0.869277325 0.3920569171875 0.84903715 0.37991281250000003 0.8572284531250001
0 0.4164181828125 0.79608890625 0.430616440625 0.8171386875 0.444379759375 0.8078552125 0.4301815015625 0.7868054296875 0.4164181828125 0.79608890625
0 0.43210232968750006 0.7913995515625001 0.44302406562499996 0.8075916921875 0.4543585640625 0.7999464765625001 0.443436828125 0.7837543359375 0.43210232968750006 0.7913995515625001
0 0.561245734375 0.7313840109374999 0.56889095 0.7427185078125 0.5810350546875 0.73452720625 0.573389840625 0.7231927078125 0.561245734375 0.7313840109374999
0 0.5714134390625001 0.7333604125 0.5828812625 0.7503621593750001 0.5998830093749999 0.7388943359375 0.5884151859375 0.7218925890625 0.5714134390625001 0.7333604125
0 0.5691814749999999 0.721319496875 0.577372778125 0.7334636015625 0.5870880609375 0.7269105609375 0.578896759375 0.7147664546875 0.5691814749999999 0.721319496875
0 0.635459665625 0.7313888390625001 0.6474735765624999 0.7492001921875 0.6604272875 0.740462803125 0.648413378125 0.7226514500000001 0.635459665625 0.7313888390625001
0 0.712777134375 0.679237546875 0.718784090625 0.6881432249999999 0.72930898125 0.6810440953125 0.7233020265625 0.67213841875 0.712777134375 0.679237546875
0 0.7192825609375 0.6801503453125 0.7291121234375 0.6947232703124999 0.7420658359375001 0.6859858812499999 0.7322362734375 0.67141295625 0.7192825609375 0.6801503453125
0 0.76869885625 0.527256990625 0.7818049390625 0.546687559375 0.7971874718749999 0.536311909375 0.7840813890625 0.516881340625 0.76869885625 0.527256990625
0 0.77569479375 0.5437412203124999 0.7822478359375 0.5534565046875 0.7919631203125 0.5469034625 0.785410078125 0.537188178125 0.77569479375 0.5437412203124999
0 0.71037075625 0.43466970156249995 0.7191081453125 0.44762341406250006 0.7296330359375001 0.4405242859375 0.7208956468750001 0.42757057343750005 0.71037075625 0.43466970156249995
0 0.8368249499999999 0.42829773437499996 0.8433779921875001 0.43801301875 0.8530932765625 0.4314599765625 0.846540234375 0.4217446921875 0.8368249499999999 0.42829773437499996
0 0.8512723765624999 0.52044525625 0.8583715062499999 0.5309701484375 0.8656579687500001 0.526055365625 0.858558840625 0.515530475 0.8512723765624999 0.52044525625
0 1 0.7199147734375 0.9817505984375 0.7322241515625 0.99540276875 0.7524643265625001 1 0.7493634546875 1 0.7199147734375
0 0.8512247609375001 0.5116427703124999 0.8621464968750001 0.527834909375 0.8783386375 0.5169131734375 0.8674169015625001 0.5007210328125 0.8512247609375001 0.5116427703124999
0 0.8313592546875 0.49441559531249996 0.847195771875 0.5178941984375001 0.87715123125 0.49768898593750005 0.8613147140624999 0.4742103828125 0.8313592546875 0.49441559531249996
0 0.705713234375 0.3247283078125 0.7133584500000001 0.33606280625 0.723073734375 0.3295097640625 0.71542851875 0.318175265625 0.705713234375 0.3247283078125
0 0.7115884296874999 0.33431183125 0.7197797328125 0.3464559359375 0.735162265625 0.3360802875 0.7269709625 0.32393618125 0.7115884296874999 0.33431183125
0 0.65554786875 0.23900363281249998 0.667561778125 0.2568149859375 0.6853731328125 0.2448010765625 0.673359221875 0.22698972187500002 0.65554786875 0.23900363281249998
0 0.6028313109375001 0.307543921875 0.6099304390625 0.3180688125 0.6196457234375 0.3115157703125 0.6125465953125 0.3009908796875 0.6028313109375001 0.307543921875
0 0.6083382296875001 0.29911766875 0.615437359375 0.30964255937499996 0.623533428125 0.304181690625 0.6164343 0.2936568 0.6083382296875001 0.29911766875
0 0.6109845203125001 0.31264603750000003 0.6202679953125 0.32640935625 0.6396985640625 0.313303271875 0.6304150875000001 0.299539953125 0.6109845203125001 0.31264603750000003
0 0.00837195625 0.54477715625 0.013832825000000002 0.552873225 0.02030968125 0.54850453125 0.0148488125 0.5404084609375001 0.00837195625 0.54477715625
0 0.133962534375 0.579037909375 0.1383312296875 0.5855147656249999 0.1464272984375 0.580053896875 0.1420586046875 0.5735770421875 0.133962534375 0.579037909375
0 0.139223415625 0.5501635359375 0.144138196875 0.5574499984375 0.151424659375 0.5525352171875 0.146509878125 0.5452487546875 0.139223415625 0.5501635359375
0 0.15285653906250002 0.566882715625 0.1605017546875 0.5782172140624999 0.1710266453125 0.5711180859375 0.1633814296875 0.5597835875 0.15285653906250002 0.566882715625
0 0.149767353125 0.5465854015625 0.15577430781249998 0.5554910796875 0.16144155625 0.551668471875 0.1554346015625 0.5427627937499999 0.149767353125 0.5465854015625
0 0.1379058140625 0.5569420046875 0.14991972343749999 0.574753359375 0.1701599 0.5611011890625 0.1581459890625 0.543289834375 0.1379058140625 0.5569420046875
0 0.1161591390625 0.5674875078125 0.1287191359375 0.58610846875 0.1457208828125 0.5746406453125 0.1331608859375 0.556019684375 0.1161591390625 0.5674875078125
0 0.116468709375 0.549609490625 0.1279365328125 0.5666112375 0.1473671015625 0.5535051546875 0.135899278125 0.5365034078125 0.116468709375 0.549609490625
0 0.1800242921875 0.6822548453125 0.186577334375 0.691970128125 0.193863796875 0.687055346875 0.1873107546875 0.6773400625 0.1800242921875 0.6822548453125
0 0.1775288078125 0.6715696234374999 0.1846279375 0.682094515625 0.19272400781250001 0.6766336468749999 0.185624878125 0.66610875625 0.1775288078125 0.6715696234374999
0 0.18338495625 0.677632153125 0.19266843281249998 0.6913954718750001 0.20400293125000002 0.68375025625 0.19471945468750002 0.6699869374999999 0.18338495625 0.677632153125
0 0.1810021875 0.662748090625 0.187555228125 0.672463375 0.194032084375 0.6680946796875 0.1874790421875 0.658379396875 0.1810021875 0.662748090625
0 0.19825793125 0.6481640765625001 0.20371879843750001 0.656260146875 0.21424369062499998 0.6491610171875 0.208782821875 0.6410649484375 0.19825793125 0.6481640765625001
0 0.213227703125 0.6616257828125 0.218142484375 0.6689122453125 0.22623855312500002 0.6634513765625 0.221323771875 0.6561649140625 0.213227703125 0.6616257828125
0 0.1853327890625 0.6621829578125 0.2000771328125 0.684042346875 0.22031730781249997 0.6703901765625 0.2055729640625 0.6485307875 0.1853327890625 0.6621829578125
0 0.3697140734375 0.0483791421875 0.3921036328125 0.08157302968749999 0.42448791249999995 0.05972955625 0.402098353125 0.0265356703125 0.3697140734375 0.0483791421875
0 0.3847489421875 0.0488395203125 0.395670678125 0.0650316609375 0.408624390625 0.056294271875 0.3977026546875 0.04010213125 0.3847489421875 0.0488395203125
0 0.39782645625 0.062988596875 0.403287325 0.07108466718749999 0.41786025000000004 0.061255103125 0.4123993828125 0.053159034375000004 0.39782645625 0.062988596875
0 0.1396729703125 0.207666640625 0.15059470625 0.22385878125 0.1651676328125 0.21402921875 0.154245896875 0.197837078125 0.1396729703125 0.207666640625
0 0.1429097 0.33034584375 0.1527392625 0.34491877031249996 0.1673121890625 0.33508920781249996 0.1574826265625 0.32051628125 0.1429097 0.33034584375
0 0.0371957171875 0.3403975703125 0.04538701875 0.3525416765625 0.0631983734375 0.340527765625 0.055007070312499996 0.32838366093750004 0.0371957171875 0.3403975703125
0 0 0.24072 0.0073276640625 0.251583709375 0.0194717703125 0.24339240625 0.00964220625 0.22881948125 0 0.23532323125 0 0.24072
0 0.0586932234375 0.258754328125 0.07070713281249999 0.2765656828125 0.08932809375 0.2640056859375 0.077314184375 0.24619433124999998 0.0586932234375 0.258754328125
0 0.0731153421875 0.2460816171875 0.0873136 0.2671314 0.10917298906249999 0.25238705625 0.09497473281249999 0.23133727343750002 0.0731153421875 0.2460816171875