0 0.42772634062500003 0.057545209374999996 0.45606258593750004 0.0384321703125 0.441864328125 0.0173823890625 0.41352808437500005 0.036495428125 0.42772634062500003 0.057545209374999996
0 0.498503421875 0.04808875 0.5106475265625 0.0398974484375 0.5002718765624999 0.024514915625 0.488127771875 0.0327062171875 0.498503421875 0.04808875
0 0.4979969921875 0.0796459421875 0.5109507046874999 0.070908553125 0.49729853437499993 0.050668378125 0.484344821875 0.0594057671875 0.4979969921875 0.0796459421875
0 0.41304383125 0.1222232328125 0.44461850468749997 0.10092584687499999 0.4244132921875 0.0709703875 0.39283861875000003 0.0922677734375 0.41304383125 0.1222232328125
0 0.2743186 0.06325041875000001 0.2677655578125 0.053535134375 0.2337620640625 0.07647078125 0.24031510625000002 0.086186065625 0.2743186 0.06325041875000001
0 0 0.2398468109375 0.0181081171875 0.2666931984375 0.0545404328125 0.2421192921875 0.033789134375 0.211354225 0 0.23414528437499998 0 0.2398468109375
0 0.1305179921875 0.292764215625 0.1645214859375 0.26982856875 0.145408446875 0.2414923234375 0.11140495312500001 0.2644279703125 0.1305179921875 0.292764215625
0 0.229977415625 0.22803388125000001 0.2477887703125 0.2160199703125 0.23413659999999997 0.1957797953125 0.21632524531250003 0.20779370625000002 0.229977415625 0.22803388125000001
0 0.3171244484375 0.19045551562500002 0.33250698125 0.180079865625 0.319400896875 0.1606492984375 0.3040183640625 0.1710249484375 0.3171244484375 0.19045551562500002
0 0.146167175 0.331682490625 0.1736938125 0.3131155390625 0.1600416421875 0.29287536406250003 0.1325150046875 0.311442315625 0.146167175 0.331682490625
0 0.0282185484375 0.408294975 0.038743440625 0.401195846875 0.0327364859375 0.3922901703125 0.02221159375 0.3993892984375 0.0282185484375 0.408294975
0 0.2288882390625 0.42725264531249996 0.25965330625 0.406501346875 0.24217852812500001 0.38059392187499996 0.21141346093750002 0.40134522187500005 0.2288882390625 0.42725264531249996
0 0.52255341875 0.13788207187499998 0.553318484375 0.1171307734375 0.5292906640624999 0.081508065625 0.4985255984375 0.1022593640625 0.52255341875 0.13788207187499998
0 0.45782451562500004 0.21393581718750002 0.46592058593749996 0.2084749484375 0.45936754375 0.1987596640625 0.45127147343749996 0.20422053281250002 0.45782451562500004 0.21393581718750002
0 0.7086233109375 0.0365242625 0.7296730921875 0.02232600625 0.720935703125 0.00937229375 0.699885921875 0.0235705515625 0.7086233109375 0.0365242625
0 0.671516278125 0.111616028125 0.710377415625 0.08540386093749999 0.6879878546875 0.052209975 0.64912671875 0.0784221421875 0.671516278125 0.111616028125
0 0.5746285234374999 0.20111556249999998 0.58920145 0.191286 0.5793718875 0.1767130734375 0.5647989609375 0.1865426375 0.5746285234374999 0.20111556249999998
0 0.5034482046875 0.236169875 0.52530759375 0.22142553125000003 0.518208465625 0.21090063906249998 0.4963490765625 0.225644984375 0.5034482046875 0.236169875
0 0.69240246875 0.1923528671875 0.70697539375 0.1825233046875 0.6982380046875 0.1695695921875 0.6836650796875 0.1793991546875 0.69240246875 0.1923528671875
0 0.60018345625 0.26869074375 0.6366157703125 0.24411683593750003 0.6142262109375001 0.2109229484375 0.5777938953125 0.23549685625 0.60018345625 0.26869074375
0 0.8474770390625 0.1943579703125 0.875813284375 0.1752449328125 0.8501472046874999 0.137193403125 0.821810959375 0.1563064421875 0.8474770390625 0.1943579703125
0 0.38716158125 0.394706603125 0.44059564375000004 0.35866487343750003 0.413291303125 0.3181845234375 0.359857240625 0.354226253125 0.38716158125 0.394706603125
0 0.3098853359375 0.504549503125 0.34226961562499997 0.4827060296875 0.3176957078125 0.446273715625 0.285311428125 0.46811718750000003 0.3098853359375 0.504549503125
0 0.313804740625 0.5531465343749999 0.3502370546875 0.5285726281249999 0.341499665625 0.515618915625 0.30506735156250003 0.5401928234375 0.313804740625 0.5531465343749999
0 0.8680886203125 0.249365196875 0.8778039046874999 0.2428121546875 0.868520428125 0.22904883593749997 0.85880514375 0.2356018765625 0.8680886203125 0.249365196875
0 0.7581169578125 0.373604775 0.7743090984375 0.3626830390625 0.765025621875 0.34891972031249996 0.7488334828125 0.35984145624999997 0.7581169578125 0.373604775
0 0.5127378078125 0.501420790625 0.5289299484375001 0.4904990546875 0.5180082109375 0.474306915625 0.501816071875 0.4852286515625 0.5127378078125 0.501420790625
0 0.3064324359375 0.6924051999999999 0.325863003125 0.679299115625 0.311118659375 0.6574397265624999 0.291688090625 0.6705458109375 0.3064324359375 0.6924051999999999
0 0.1745585953125 0.74837270625 0.208562090625 0.725437059375 0.19545600624999998 0.706006490625 0.16145251249999998 0.7289421375 0.1745585953125 0.74837270625
0 0.0951964984375 0.7730434093749999 0.0854812140625 0.7795964515625 0.104594253125 0.8079326968749999 0.1143095359375 0.8013796546874999 0.0951964984375 0.7730434093749999
0 0.5977051875 0.5365784265625 0.648710428125 0.50217495625 0.6208600015625 0.46088500000000004 0.569854759375 0.49528846875 0.5977051875 0.5365784265625
0 0.6179374046875 0.54649056875 0.635748759375 0.5344766578125 0.6210044140625001 0.51261726875 0.6031930609375 0.5246311796875001 0.6179374046875 0.54649056875
0 0.45978147187499996 0.650812196875 0.48002164687500004 0.6371600265625 0.4718303453125 0.625015921875 0.45159017031250004 0.6386680921875 0.45978147187499996 0.650812196875
0 0.41808031874999996 0.7278247906249999 0.4318436375 0.7185413140625 0.4209219015625 0.7023491734375 0.40715858125000004 0.7116326500000001 0.41808031874999996 0.7278247906249999
0 0.381963834375 0.8358199187500001 0.42892104062499997 0.8041468828125 0.40598539375 0.7701433890625 0.3590281875 0.8018164234375 0.381963834375 0.8358199187500001
0 0.353435559375 0.7943982015625 0.3639604515625 0.7872990718749999 0.34976219375 0.766249290625 0.339237303125 0.77334841875 0.353435559375 0.7943982015625
0 0.34021036875 0.8280555953125001 0.349116046875 0.822048640625 0.3425630046875 0.8123333562499999 0.33365732812500004 0.8183403125 0.34021036875 0.8280555953125001
0 0.54875879375 0.6761974093750001 0.5722373968750001 0.660360890625 0.5613156609375001 0.6441687515625001 0.5378370578125 0.66000526875 0.54875879375 0.6761974093750001
0 0.7325729812499999 0.48330326250000005 0.74552669375 0.47456587343749995 0.7417040859374999 0.4688986234375 0.7287503734375 0.4776360125 0.7325729812499999 0.48330326250000005
0 0.79083768125 0.46402832812500006 0.8191739265625 0.4449152890625 0.8055217562499999 0.4246751140625 0.7771855109375 0.44378815312500003 0.79083768125 0.46402832812500006
0 0.709003840625 0.557509234375 0.7308632296875001 0.542764890625 0.7161188859375 0.5209055015625 0.694259496875 0.5356498453125 0.709003840625 0.557509234375
0 0.9134074328124999 0.36545169843749997 0.9474109281249999 0.342516053125 0.9359431046875001 0.32551430625 0.9019396093750001 0.3484499515625 0.9134074328124999 0.36545169843749997
0 1 0.3951600703125 0.9872737 0.3762925546875 0.9597470625 0.39485950625 0.9859592296875 0.4337206421875 1 0.4242500234375 1 0.3951600703125
0 0.919671515625 0.42189080468749995 0.93019640625 0.414791675 0.9214590171875001 0.40183796406249994 0.9109341265625 0.4089370921875 0.919671515625 0.42189080468749995
0 0.829705078125 0.5391153984375 0.856422109375 0.521094534375 0.8373090703124999 0.49275828906249997 0.8105920390625 0.510779153125 0.829705078125 0.5391153984375
0 0.925484609375 0.645313634375 0.9360095015625 0.63821450625 0.929456459375 0.6284992218750001 0.91893156875 0.63559835 0.925484609375 0.645313634375
0 0.6787815984375001 0.67860888125 0.7022602015625 0.6627723640625 0.6880619453125 0.64172258125 0.6645833421875 0.6575591000000001 0.6787815984375001 0.67860888125
0 0.6761479625 0.7174906296875 0.71743791875 0.6896402015625 0.702693575 0.6677808125 0.66140361875 0.695631240625 0.6761479625 0.7174906296875
0 0.70939103125 0.729228365625 0.7312504203125 0.7144840218749999 0.7236052046875 0.7031495234375 0.701745815625 0.7178938671874999 0.70939103125 0.729228365625
0 0.6469481 0.7772363890625 0.6671882765625 0.7635842187499999 0.6579048000000001 0.7498209 0.637664625 0.7634730703125 0.6469481 0.7772363890625
0 0.5602217890625 0.7674130875 0.5675082515625001 0.76249830625 0.5598630359375 0.7511638078125 0.5525765734375 0.7560785890624999 0.5602217890625 0.7674130875
0 0.5334824484375 0.8814516984375 0.5431977328125 0.8748986562500001 0.53446034375 0.86194494375 0.524745059375 0.8684979859374999 0.5334824484375 0.8814516984375
0 0.5775091 0.95894854375 0.5864147765625 0.9529415890624999 0.5744008671875 0.935130234375 0.565495190625 0.9411371890625 0.5775091 0.95894854375
0 0.407303525 1 0.382244703125 0.96284876875 0.3514796375 0.9836000687500001 0.36254153125 1 0.407303525 1
0 0.6402583374999999 0.99260124375 0.6864059375 0.9614742953125001 0.6541868140625 0.91370748125 0.6080392156250001 0.9448344296875 0.6402583374999999 0.99260124375
0 0.7274912109375 0.82067899375 0.7533986359375 0.803204215625 0.7353777703125 0.776487184375 0.709470346875 0.7939619640625 0.7274912109375 0.82067899375
0 0.810679046875 0.8523251578125001 0.8297920859374999 0.880661403125 0.8921318250000001 0.83861271875 0.8730187859375 0.8102764734375001 0.810679046875 0.8523251578125001
0 0.8195275843750001 0.8357552187499999 0.8300524765624999 0.8286560906249999 0.8213150875 0.815702378125 0.8107901953125 0.8228015078125 0.8195275843750001 0.8357552187499999
0 0.9488503671874999 0.78386431875 0.973948184375 0.7669356265625 0.9548351453125001 0.73859938125 0.929737328125 0.7555280734375 0.9488503671874999 0.78386431875
0 1 0.5909295546875 0.9895562765625 0.597973934375 0.99610931875 0.60768921875 1 0.605064921875 1 0.5909295546875