0 0.89990234375 1 0.89990234375 0.986328125 0.88232421875 0.986328125 0.88232421875 1 0.89990234375 1
0 0.99072265625 0.88232421875 0.97607421875 0.88232421875 0.97607421875 0.89794921875 0.99072265625 0.89794921875 0.99072265625 0.88232421875
0 0.99755859375 0.869140625 0.97998046875 0.869140625 0.97998046875 0.88671875 0.99755859375 0.88671875 0.99755859375 0.869140625
0 0.9560546875 0.84326171875 0.9326171875 0.84326171875 0.9326171875 0.86572265625 0.9560546875 0.86572265625 0.9560546875 0.84326171875
0 0.95361328125 0.82177734375 0.93017578125 0.82177734375 0.93017578125 0.84326171875 0.95361328125 0.84326171875 0.95361328125 0.82177734375
0 0.9521484375 0.80029296875 0.9287109375 0.80029296875 0.9287109375 0.82177734375 0.9521484375 0.82177734375 0.9521484375 0.80029296875
0 0.96533203125 0.8095703125 0.94970703125 0.8095703125 0.94970703125 0.8291015625 0.96533203125 0.8291015625 0.96533203125 0.8095703125
0 0.9267578125 0.74462890625 0.9150390625 0.74462890625 0.9150390625 0.75537109375 0.9267578125 0.75537109375 0.9267578125 0.74462890625
0 0.8740234375 0.71875 0.861328125 0.71875 0.861328125 0.732421875 0.8740234375 0.732421875 0.8740234375 0.71875
0 0.82568359375 0.73046875 0.80517578125 0.73046875 0.80517578125 0.751953125 0.82568359375 0.751953125 0.82568359375 0.73046875
0 0.8427734375 0.74462890625 0.81640625 0.74462890625 0.81640625 0.76806640625 0.8427734375 0.76806640625 0.8427734375 0.74462890625
0 0.8623046875 0.73583984375 0.8544921875 0.73583984375 0.8544921875 0.74462890625 0.8623046875 0.74462890625 0.8623046875 0.73583984375
0 0.861328125 0.78173828125 0.8486328125 0.78173828125 0.8486328125 0.79052734375 0.861328125 0.79052734375 0.861328125 0.78173828125
0 0.87646484375 0.76416015625 0.84130859375 0.76416015625 0.84130859375 0.80029296875 0.87646484375 0.80029296875 0.87646484375 0.76416015625
0 0.849609375 0.76220703125 0.828125 0.76220703125 0.828125 0.78857421875 0.849609375 0.78857421875 0.849609375 0.76220703125
0 0.86279296875 0.74462890625 0.84912109375 0.74462890625 0.84912109375 0.75439453125 0.86279296875 0.75439453125 0.86279296875 0.74462890625
0 0.8583984375 0.75390625 0.845703125 0.75390625 0.845703125 0.7626953125 0.8583984375 0.7626953125 0.8583984375 0.75390625
0 0.72705078125 0.83203125 0.71826171875 0.83203125 0.71826171875 0.8408203125 0.72705078125 0.8408203125 0.72705078125 0.83203125
0 0.72705078125 0.8955078125 0.71923828125 0.8955078125 0.71923828125 0.9033203125 0.72705078125 0.9033203125 0.72705078125 0.8955078125
0 0.92626953125 0.8271484375 0.92138671875 0.8271484375 0.92138671875 0.8330078125 0.92626953125 0.8330078125 0.92626953125 0.8271484375
0 0.78857421875 0.68017578125 0.78271484375 0.68017578125 0.78271484375 0.68701171875 0.78857421875 0.68701171875 0.78857421875 0.68017578125
0 0.76611328125 0.63330078125 0.75830078125 0.63330078125 0.75830078125 0.64208984375 0.76611328125 0.64208984375 0.76611328125 0.63330078125
0 0.9482421875 0.61376953125 0.9306640625 0.61376953125 0.9306640625 0.63134765625 0.9482421875 0.63134765625 0.9482421875 0.61376953125
0 0.95849609375 0.62646484375 0.94189453125 0.62646484375 0.94189453125 0.64111328125 0.95849609375 0.64111328125 0.95849609375 0.62646484375
0 0.95458984375 0.552734375 0.94482421875 0.552734375 0.94482421875 0.5625 0.95458984375 0.5625 0.95458984375 0.552734375
0 0.978515625 0.494140625 0.9599609375 0.494140625 0.9599609375 0.5126953125 0.978515625 0.5126953125 0.978515625 0.494140625
0 0.99609375 0.5283203125 0.986328125 0.5283203125 0.986328125 0.53515625 0.99609375 0.53515625 0.99609375 0.5283203125
0 0.77001953125 0.57666015625 0.75537109375 0.57666015625 0.75537109375 0.58935546875 0.77001953125 0.58935546875 0.77001953125 0.57666015625
0 0.783203125 0.5654296875 0.765625 0.5654296875 0.765625 0.5830078125 0.783203125 0.5830078125 0.783203125 0.5654296875
0 0.78466796875 0.52978515625 0.77490234375 0.52978515625 0.77490234375 0.53759765625 0.78466796875 0.53759765625 0.78466796875 0.52978515625
0 0.802734375 0.517578125 0.767578125 0.517578125 0.767578125 0.5498046875 0.802734375 0.5498046875 0.802734375 0.517578125
0 0.79833984375 0.51025390625 0.78466796875 0.51025390625 0.78466796875 0.52001953125 0.79833984375 0.52001953125 0.79833984375 0.51025390625
0 0.6943359375 0.5390625 0.6796875 0.5390625 0.6796875 0.55078125 0.6943359375 0.55078125 0.6943359375 0.5390625
0 0.77783203125 0.47216796875 0.76318359375 0.47216796875 0.76318359375 0.49169921875 0.77783203125 0.49169921875 0.77783203125 0.47216796875
0 0.84619140625 0.46142578125 0.82763671875 0.46142578125 0.82763671875 0.47998046875 0.84619140625 0.47998046875 0.84619140625 0.46142578125
0 0.99951171875 0.40576171875 0.98193359375 0.40576171875 0.98193359375 0.41845703125 0.99951171875 0.41845703125 0.99951171875 0.40576171875
0 0.71142578125 0.4306640625 0.69091796875 0.4306640625 0.69091796875 0.4501953125 0.71142578125 0.4501953125 0.71142578125 0.4306640625
0 0.76904296875 0.4111328125 0.74462890625 0.4111328125 0.74462890625 0.43359375 0.76904296875 0.43359375 0.76904296875 0.4111328125
0 0.7470703125 0.3818359375 0.7138671875 0.3818359375 0.7138671875 0.4111328125 0.7470703125 0.4111328125 0.7470703125 0.3818359375
0 0.7314453125 0.4111328125 0.7216796875 0.4111328125 0.7216796875 0.419921875 0.7314453125 0.419921875 0.7314453125 0.4111328125
0 0.751953125 0.41064453125 0.734375 0.41064453125 0.734375 0.43310546875 0.751953125 0.43310546875 0.751953125 0.41064453125
0 0.71875 0.33544921875 0.703125 0.33544921875 0.703125 0.34814453125 0.71875 0.34814453125 0.71875 0.33544921875
0 0.705078125 0.31298828125 0.697265625 0.31298828125 0.697265625 0.32177734375 0.705078125 0.32177734375 0.705078125 0.31298828125
0 0.69921875 0.255859375 0.6904296875 0.255859375 0.6904296875 0.2626953125 0.69921875 0.2626953125 0.69921875 0.255859375
0 0.80908203125 0.29248046875 0.79052734375 0.29248046875 0.79052734375 0.31298828125 0.80908203125 0.31298828125 0.80908203125 0.29248046875
0 0.8408203125 0.29150390625 0.828125 0.29150390625 0.828125 0.30419921875 0.8408203125 0.30419921875 0.8408203125 0.29150390625
0 0.84765625 0.3056640625 0.8251953125 0.3056640625 0.8251953125 0.32421875 0.84765625 0.32421875 0.84765625 0.3056640625
0 0.87060546875 0.2392578125 0.86376953125 0.2392578125 0.86376953125 0.2470703125 0.87060546875 0.2470703125 0.87060546875 0.2392578125
0 0.87841796875 0.19189453125 0.86572265625 0.19189453125 0.86572265625 0.20458984375 0.87841796875 0.20458984375 0.87841796875 0.19189453125
0 0.9306640625 0.2587890625 0.912109375 0.2587890625 0.912109375 0.2763671875 0.9306640625 0.2763671875 0.9306640625 0.2587890625
0 0.9423828125 0.24951171875 0.9228515625 0.24951171875 0.9228515625 0.26318359375 0.9423828125 0.26318359375 0.9423828125 0.24951171875
0 0.97119140625 0.2890625 0.95361328125 0.2890625 0.95361328125 0.3115234375 0.97119140625 0.3115234375 0.97119140625 0.2890625
0 0.978515625 0.27734375 0.9609375 0.27734375 0.9609375 0.296875 0.978515625 0.296875 0.978515625 0.27734375
0 0.7216796875 0.19482421875 0.6943359375 0.19482421875 0.6943359375 0.22412109375 0.7216796875 0.22412109375 0.7216796875 0.19482421875
0 0.78369140625 0.189453125 0.76220703125 0.189453125 0.76220703125 0.2138671875 0.78369140625 0.2138671875 0.78369140625 0.189453125
0 0.8095703125 0.10693359375 0.7978515625 0.10693359375 0.7978515625 0.11962890625 0.8095703125 0.11962890625 0.8095703125 0.10693359375
0 0.8779296875 0.08203125 0.865234375 0.08203125 0.865234375 0.095703125 0.8779296875 0.095703125 0.8779296875 0.08203125
0 0.94287109375 0.05126953125 0.92919921875 0.05126953125 0.92919921875 0.06494140625 0.94287109375 0.06494140625 0.94287109375 0.05126953125
0 0.9560546875 0.05908203125 0.9384765625 0.05908203125 0.9384765625 0.07470703125 0.9560546875 0.07470703125 0.9560546875 0.05908203125
0 1 0.04296875 0.9736328125 0.04296875 0.9736328125 0.068359375 1 0.068359375 1 0.04296875
0 0.99072265625 0.076171875 0.97216796875 0.076171875 0.97216796875 0.09375 0.99072265625 0.09375 0.99072265625 0.076171875
0 0.99951171875 0.0556640625 0.99072265625 0.0556640625 0.99072265625 0.091796875 0.99951171875 0.091796875 0.99951171875 0.0556640625
0 0.89208984375 0 0.89208984375 0.017578125 0.92919921875 0.017578125 0.92919921875 0 0.89208984375 0
0 0.875 0 0.875 0.0068359375 0.8935546875 0.0068359375 0.8935546875 0 0.875 0
0 0.81494140625 0 0.81494140625 0.0224609375 0.83935546875 0.0224609375 0.83935546875 0 0.81494140625 0
0 0.72802734375 0 0.72802734375 0.03125 0.77685546875 0.03125 0.77685546875 0 0.72802734375 0
0 0.62109375 0.05419921875 0.603515625 0.05419921875 0.603515625 0.06884765625 0.62109375 0.06884765625 0.62109375 0.05419921875
0 0.60498046875 0.0458984375 0.58837890625 0.0458984375 0.58837890625 0.0634765625 0.60498046875 0.0634765625 0.60498046875 0.0458984375
0 0.61279296875 0.017578125 0.59423828125 0.017578125 0.59423828125 0.0439453125 0.61279296875 0.0439453125 0.61279296875 0.017578125
0 0.640625 0.029296875 0.6103515625 0.029296875 0.6103515625 0.0576171875 0.640625 0.0576171875 0.640625 0.029296875
0 0.47216796875 0.0830078125 0.44873046875 0.0830078125 0.44873046875 0.103515625 0.47216796875 0.103515625 0.47216796875 0.0830078125
0 0.45361328125 0.07177734375 0.42724609375 0.07177734375 0.42724609375 0.09716796875 0.45361328125 0.09716796875 0.45361328125 0.07177734375
0 0.43212890625 0.08984375 0.41162109375 0.08984375 0.41162109375 0.1103515625 0.43212890625 0.1103515625 0.43212890625 0.08984375
0 0.36181640625 0.0458984375 0.33740234375 0.0458984375 0.33740234375 0.06640625 0.36181640625 0.06640625 0.36181640625 0.0458984375
0 0.3798828125 0.076171875 0.3720703125 0.076171875 0.3720703125 0.087890625 0.3798828125 0.087890625 0.3798828125 0.076171875
0 0.41259765625 0.14892578125 0.39697265625 0.14892578125 0.39697265625 0.16650390625 0.41259765625 0.16650390625 0.41259765625 0.14892578125
0 0.49560546875 0.23583984375 0.47021484375 0.23583984375 0.47021484375 0.26416015625 0.49560546875 0.26416015625 0.49560546875 0.23583984375
0 0.41162109375 0.361328125 0.39892578125 0.361328125 0.39892578125 0.37109375 0.41162109375 0.37109375 0.41162109375 0.361328125
0 0.41015625 0.37060546875 0.3974609375 0.37060546875 0.3974609375 0.38427734375 0.41015625 0.38427734375 0.41015625 0.37060546875
0 0.36767578125 0.34521484375 0.31494140625 0.34521484375 0.31494140625 0.38916015625 0.36767578125 0.38916015625 0.36767578125 0.34521484375
0 0.4404296875 0.41845703125 0.419921875 0.41845703125 0.419921875 0.43701171875 0.4404296875 0.43701171875 0.4404296875 0.41845703125
0 0.5849609375 0.396484375 0.5634765625 0.396484375 0.5634765625 0.416015625 0.5849609375 0.416015625 0.5849609375 0.396484375
0 0.61767578125 0.41015625 0.59521484375 0.41015625 0.59521484375 0.4384765625 0.61767578125 0.4384765625 0.61767578125 0.41015625
0 0.67138671875 0.4921875 0.66455078125 0.4921875 0.66455078125 0.5 0.67138671875 0.5 0.67138671875 0.4921875
0 0.6396484375 0.466796875 0.626953125 0.466796875 0.626953125 0.484375 0.6396484375 0.484375 0.6396484375 0.466796875
0 0.6005859375 0.51123046875 0.587890625 0.51123046875 0.587890625 0.52294921875 0.6005859375 0.52294921875 0.6005859375 0.51123046875
0 0.48388671875 0.49169921875 0.46435546875 0.49169921875 0.46435546875 0.51318359375 0.48388671875 0.51318359375 0.48388671875 0.49169921875
0 0.50244140625 0.501953125 0.48193359375 0.501953125 0.48193359375 0.5205078125 0.50244140625 0.5205078125 0.50244140625 0.501953125
0 0.5087890625 0.49072265625 0.494140625 0.49072265625 0.494140625 0.50439453125 0.5087890625 0.50439453125 0.5087890625 0.49072265625
0 0.4951171875 0.48779296875 0.4794921875 0.48779296875 0.4794921875 0.50341796875 0.4951171875 0.50341796875 0.4951171875 0.48779296875
0 0.56884765625 0.49169921875 0.50732421875 0.49169921875 0.50732421875 0.51806640625 0.56884765625 0.51806640625 0.56884765625 0.49169921875
0 0.5634765625 0.5166015625 0.5439453125 0.5166015625 0.5439453125 0.5341796875 0.5634765625 0.5341796875 0.5634765625 0.5166015625
0 0.55517578125 0.51953125 0.49560546875 0.51953125 0.49560546875 0.5771484375 0.55517578125 0.5771484375 0.55517578125 0.51953125
0 0.5341796875 0.5615234375 0.5166015625 0.5615234375 0.5166015625 0.5751953125 0.5341796875 0.5751953125 0.5341796875 0.5615234375
0 0.53515625 0.53173828125 0.52734375 0.53173828125 0.52734375 0.53564453125 0.53515625 0.53564453125 0.53515625 0.53173828125
0 0.5703125 0.5419921875 0.5576171875 0.5419921875 0.5576171875 0.5546875 0.5703125 0.5546875 0.5703125 0.5419921875
0 0.396484375 0.55078125 0.38671875 0.55078125 0.38671875 0.5634765625 0.396484375 0.5634765625 0.396484375 0.55078125
0 0.34033203125 0.52587890625 0.32763671875 0.52587890625 0.32763671875 0.53369140625 0.34033203125 0.53369140625 0.34033203125 0.52587890625
0 0.36083984375 0.5625 0.34814453125 0.5625 0.34814453125 0.5712890625 0.36083984375 0.5712890625 0.36083984375 0.5625
0 0.3642578125 0.57373046875 0.349609375 0.57373046875 0.349609375 0.58642578125 0.3642578125 0.58642578125 0.3642578125 0.57373046875
0 0.392578125 0.59130859375 0.3828125 0.59130859375 0.3828125 0.60205078125 0.392578125 0.60205078125 0.392578125 0.59130859375
0 0.38623046875 0.57568359375 0.36865234375 0.57568359375 0.36865234375 0.59326171875 0.38623046875 0.59326171875 0.38623046875 0.57568359375
0 0.4404296875 0.5478515625 0.4130859375 0.5478515625 0.4130859375 0.572265625 0.4404296875 0.572265625 0.4404296875 0.5478515625
0 0.462890625 0.55615234375 0.4453125 0.55615234375 0.4453125 0.57763671875 0.462890625 0.57763671875 0.462890625 0.55615234375
0 0.4599609375 0.54296875 0.44140625 0.54296875 0.44140625 0.5625 0.4599609375 0.5625 0.4599609375 0.54296875
0 0.4794921875 0.55078125 0.458984375 0.55078125 0.458984375 0.56640625 0.4794921875 0.56640625 0.4794921875 0.55078125
0 0.46044921875 0.5810546875 0.44970703125 0.5810546875 0.44970703125 0.59765625 0.46044921875 0.59765625 0.46044921875 0.5810546875
0 0.50244140625 0.6142578125 0.48291015625 0.6142578125 0.48291015625 0.6259765625 0.50244140625 0.6259765625 0.50244140625 0.6142578125
0 0.51416015625 0.56396484375 0.45947265625 0.56396484375 0.45947265625 0.61767578125 0.51416015625 0.61767578125 0.51416015625 0.56396484375
0 0.62744140625 0.59130859375 0.59619140625 0.59130859375 0.59619140625 0.61083984375 0.62744140625 0.61083984375 0.62744140625 0.59130859375
0 0.5361328125 0.61474609375 0.521484375 0.61474609375 0.521484375 0.63427734375 0.5361328125 0.63427734375 0.5361328125 0.61474609375
0 0.55615234375 0.65380859375 0.54150390625 0.65380859375 0.54150390625 0.66943359375 0.55615234375 0.66943359375 0.55615234375 0.65380859375
0 0.5478515625 0.64111328125 0.533203125 0.64111328125 0.533203125 0.65576171875 0.5478515625 0.65576171875 0.5478515625 0.64111328125
0 0.57080078125 0.63037109375 0.55908203125 0.63037109375 0.55908203125 0.64306640625 0.57080078125 0.64306640625 0.57080078125 0.63037109375
0 0.55908203125 0.6181640625 0.53759765625 0.6181640625 0.53759765625 0.640625 0.55908203125 0.640625 0.55908203125 0.6181640625
0 0.67236328125 0.69482421875 0.66259765625 0.69482421875 0.66259765625 0.70556640625 0.67236328125 0.70556640625 0.67236328125 0.69482421875
0 0.4052734375 0.60400390625 0.3984375 0.60400390625 0.3984375 0.61279296875 0.4052734375 0.61279296875 0.4052734375 0.60400390625
0 0.47509765625 0.65185546875 0.46240234375 0.65185546875 0.46240234375 0.66552734375 0.47509765625 0.66552734375 0.47509765625 0.65185546875
0 0.48095703125 0.6650390625 0.46923828125 0.6650390625 0.46923828125 0.6767578125 0.48095703125 0.6767578125 0.48095703125 0.6650390625
0 0.50927734375 0.66845703125 0.50146484375 0.66845703125 0.50146484375 0.67724609375 0.50927734375 0.67724609375 0.50927734375 0.66845703125
0 0.52490234375 0.67626953125 0.50732421875 0.67626953125 0.50732421875 0.68896484375 0.52490234375 0.68896484375 0.52490234375 0.67626953125
0 0.53173828125 0.6904296875 0.50146484375 0.6904296875 0.50146484375 0.7197265625 0.53173828125 0.7197265625 0.53173828125 0.6904296875
0 0.5341796875 0.681640625 0.5205078125 0.681640625 0.5205078125 0.6923828125 0.5341796875 0.6923828125 0.5341796875 0.681640625
0 0.5048828125 0.73193359375 0.486328125 0.73193359375 0.486328125 0.74755859375 0.5048828125 0.74755859375 0.5048828125 0.73193359375
0 0.52197265625 0.74072265625 0.49853515625 0.74072265625 0.49853515625 0.76025390625 0.52197265625 0.76025390625 0.52197265625 0.74072265625
0 0.37744140625 0.69189453125 0.36376953125 0.69189453125 0.36376953125 0.70654296875 0.37744140625 0.70654296875 0.37744140625 0.69189453125
0 0.36572265625 0.77001953125 0.35205078125 0.77001953125 0.35205078125 0.77978515625 0.36572265625 0.77978515625 0.36572265625 0.77001953125
0 0.31884765625 0.69873046875 0.30126953125 0.69873046875 0.30126953125 0.71923828125 0.31884765625 0.71923828125 0.31884765625 0.69873046875
0 0.365234375 0.6533203125 0.3525390625 0.6533203125 0.3525390625 0.671875 0.365234375 0.671875 0.365234375 0.6533203125
0 0.35302734375 0.65087890625 0.34033203125 0.65087890625 0.34033203125 0.66748046875 0.35302734375 0.66748046875 0.35302734375 0.65087890625
0 0.3388671875 0.63720703125 0.322265625 0.63720703125 0.322265625 0.65283203125 0.3388671875 0.65283203125 0.3388671875 0.63720703125
0 0.3388671875 0.6513671875 0.31640625 0.6513671875 0.31640625 0.671875 0.3388671875 0.671875 0.3388671875 0.6513671875
0 0.328125 0.66845703125 0.3095703125 0.66845703125 0.3095703125 0.68701171875 0.328125 0.68701171875 0.328125 0.66845703125
0 0.63427734375 0.78662109375 0.61669921875 0.78662109375 0.61669921875 0.81103515625 0.63427734375 0.81103515625 0.63427734375 0.78662109375
0 0.54150390625 0.798828125 0.51416015625 0.798828125 0.51416015625 0.8271484375 0.54150390625 0.8271484375 0.54150390625 0.798828125
0 0.525390625 0.78515625 0.5078125 0.78515625 0.5078125 0.7978515625 0.525390625 0.7978515625 0.525390625 0.78515625
0 0.49169921875 0.787109375 0.47314453125 0.787109375 0.47314453125 0.802734375 0.49169921875 0.802734375 0.49169921875 0.787109375
0 0.51611328125 0.791015625 0.48974609375 0.791015625 0.48974609375 0.8193359375 0.51611328125 0.8193359375 0.51611328125 0.791015625
0 0.5751953125 0.84375 0.5576171875 0.84375 0.5576171875 0.8642578125 0.5751953125 0.8642578125 0.5751953125 0.84375
0 0.6279296875 0.87158203125 0.6044921875 0.87158203125 0.6044921875 0.89697265625 0.6279296875 0.89697265625 0.6279296875 0.87158203125
0 0.6005859375 0.85888671875 0.5830078125 0.85888671875 0.5830078125 0.87744140625 0.6005859375 0.87744140625 0.6005859375 0.85888671875
0 0.609375 0.86328125 0.5986328125 0.86328125 0.5986328125 0.8779296875 0.609375 0.8779296875 0.609375 0.86328125
0 0.61474609375 0.88525390625 0.60009765625 0.88525390625 0.60009765625 0.90380859375 0.61474609375 0.90380859375 0.61474609375 0.88525390625
0 0.45947265625 0.87353515625 0.44384765625 0.87353515625 0.44384765625 0.89306640625 0.45947265625 0.89306640625 0.45947265625 0.87353515625
0 0.46484375 0.8740234375 0.455078125 0.8740234375 0.455078125 0.8857421875 0.46484375 0.8857421875 0.46484375 0.8740234375
0 0.4697265625 0.86376953125 0.4599609375 0.86376953125 0.4599609375 0.87353515625 0.4697265625 0.87353515625 0.4697265625 0.86376953125
0 0.4912109375 0.8603515625 0.4814453125 0.8603515625 0.4814453125 0.87109375 0.4912109375 0.87109375 0.4912109375 0.8603515625
0 0.49365234375 0.83740234375 0.47705078125 0.83740234375 0.47705078125 0.85205078125 0.49365234375 0.85205078125 0.49365234375 0.83740234375
0 0.48291015625 0.82080078125 0.45654296875 0.82080078125 0.45654296875 0.85009765625 0.48291015625 0.85009765625 0.48291015625 0.82080078125
0 0.48291015625 0.84716796875 0.46142578125 0.84716796875 0.46142578125 0.86474609375 0.48291015625 0.86474609375 0.48291015625 0.84716796875
0 0.484375 0.77978515625 0.4736328125 0.77978515625 0.4736328125 0.78759765625 0.484375 0.78759765625 0.484375 0.77978515625
0 0.48876953125 0.80126953125 0.46728515625 0.80126953125 0.46728515625 0.82373046875 0.48876953125 0.82373046875 0.48876953125 0.80126953125
0 0.474609375 0.796875 0.455078125 0.796875 0.455078125 0.8173828125 0.474609375 0.8173828125 0.474609375 0.796875
0 0.36181640625 0.8603515625 0.34326171875 0.8603515625 0.34326171875 0.8759765625 0.36181640625 0.8759765625 0.36181640625 0.8603515625
0 0.32763671875 0.9443359375 0.31884765625 0.9443359375 0.31884765625 0.9521484375 0.32763671875 0.9521484375 0.32763671875 0.9443359375
0 0.32666015625 0.9345703125 0.31787109375 0.9345703125 0.31787109375 0.94140625 0.32666015625 0.94140625 0.32666015625 0.9345703125
0 0.36328125 0.943359375 0.3544921875 0.943359375 0.3544921875 0.953125 0.36328125 0.953125 0.36328125 0.943359375
0 0.2998046875 0.91845703125 0.2861328125 0.91845703125 0.2861328125 0.93212890625 0.2998046875 0.93212890625 0.2998046875 0.91845703125
0 0.3037109375 0.90380859375 0.28515625 0.90380859375 0.28515625 0.91357421875 0.3037109375 0.91357421875 0.3037109375 0.90380859375
0 0.576171875 0.9443359375 0.5615234375 0.9443359375 0.5615234375 0.9580078125 0.576171875 0.9580078125 0.576171875 0.9443359375
0 0.5556640625 0.9287109375 0.5478515625 0.9287109375 0.5478515625 0.939453125 0.5556640625 0.939453125 0.5556640625 0.9287109375
0 0.51416015625 0.9287109375 0.49365234375 0.9287109375 0.49365234375 0.9443359375 0.51416015625 0.9443359375 0.51416015625 0.9287109375
0 0.64013671875 0.9736328125 0.62451171875 0.9736328125 0.62451171875 0.9912109375 0.64013671875 0.9912109375 0.64013671875 0.9736328125
0 0.6171875 1 0.6171875 0.9931640625 0.6044921875 0.9931640625 0.6044921875 1 0.6171875 1
0 0.6416015625 1 0.6416015625 0.9931640625 0.619140625 0.9931640625 0.619140625 1 0.6416015625 1
0 0.47802734375 0.95947265625 0.46435546875 0.95947265625 0.46435546875 0.97998046875 0.47802734375 0.97998046875 0.47802734375 0.95947265625
0 0.38818359375 0.9599609375 0.37060546875 0.9599609375 0.37060546875 0.9765625 0.38818359375 0.9765625 0.38818359375 0.9599609375
0 0.53271484375 0.91650390625 0.50732421875 0.91650390625 0.50732421875 0.94775390625 0.53271484375 0.94775390625 0.53271484375 0.91650390625
0 0.548828125 0.931640625 0.533203125 0.931640625 0.533203125 0.9482421875 0.548828125 0.9482421875 0.548828125 0.931640625
0 0.5400390625 0.919921875 0.5302734375 0.919921875 0.5302734375 0.9326171875 0.5400390625 0.9326171875 0.5400390625 0.919921875
0 0.525390625 0.94873046875 0.50390625 0.94873046875 0.50390625 0.96630859375 0.525390625 0.96630859375 0.525390625 0.94873046875
0 0.3056640625 1 0.3056640625 0.9912109375 0.2900390625 0.9912109375 0.2900390625 1 0.3056640625 1
0 0.33203125 1 0.33203125 0.9912109375 0.3037109375 0.9912109375 0.3037109375 1 0.33203125 1
0 0.5302734375 1 0.5302734375 0.9677734375 0.4970703125 0.9677734375 0.4970703125 1 0.5302734375 1
0 0.298828125 0.8818359375 0.27734375 0.8818359375 0.27734375 0.9033203125 0.298828125 0.9033203125 0.298828125 0.8818359375
0 0.25146484375 0.8134765625 0.23388671875 0.8134765625 0.23388671875 0.833984375 0.25146484375 0.833984375 0.25146484375 0.8134765625
0 0.142578125 0.875 0.1328125 0.875 0.1328125 0.88671875 0.142578125 0.88671875 0.142578125 0.875
0 0.072265625 0.9814453125 0.0556640625 0.9814453125 0.0556640625 0.9970703125 0.072265625 0.9970703125 0.072265625 0.9814453125
0 0.10205078125 0.94775390625 0.09716796875 0.94775390625 0.09716796875 0.95458984375 0.10205078125 0.95458984375 0.10205078125 0.94775390625
0 0.11279296875 0.94140625 0.07958984375 0.94140625 0.07958984375 0.974609375 0.11279296875 0.974609375 0.11279296875 0.94140625
0 0.2265625 0.93408203125 0.185546875 0.93408203125 0.185546875 0.97119140625 0.2265625 0.97119140625 0.2265625 0.93408203125
0 0.1923828125 0.9599609375 0.1748046875 0.9599609375 0.1748046875 0.9755859375 0.1923828125 0.9755859375 0.1923828125 0.9599609375
0 0.171875 1 0.171875 0.9814453125 0.140625 0.9814453125 0.140625 1 0.171875 1
0 0.197265625 1 0.197265625 0.9765625 0.1708984375 0.9765625 0.1708984375 1 0.197265625 1
0 0.2392578125 0.7275390625 0.2294921875 0.7275390625 0.2294921875 0.7353515625 0.2392578125 0.7353515625 0.2392578125 0.7275390625
0 0.24951171875 0.70947265625 0.23193359375 0.70947265625 0.23193359375 0.72802734375 0.24951171875 0.72802734375 0.24951171875 0.70947265625
0 0.27197265625 0.72705078125 0.25732421875 0.72705078125 0.25732421875 0.74072265625 0.27197265625 0.74072265625 0.27197265625 0.72705078125
0 0.26318359375 0.7158203125 0.24951171875 0.7158203125 0.24951171875 0.734375 0.26318359375 0.734375 0.26318359375 0.7158203125
0 0.18896484375 0.07568359375 0.13623046875 0.07568359375 0.13623046875 0.11083984375 0.18896484375 0.11083984375 0.18896484375 0.07568359375
0 0.15185546875 0.0400390625 0.13525390625 0.0400390625 0.13525390625 0.052734375 0.15185546875 0.052734375 0.15185546875 0.0400390625
0 0.162109375 0.00927734375 0.1513671875 0.00927734375 0.1513671875 0.02001953125 0.162109375 0.02001953125 0.162109375 0.00927734375
0 0 0.048828125 0.009765625 0.048828125 0.009765625 0.0048828125 0 0.0048828125 0 0.048828125
0 0.03857421875 0 0.03857421875 0.0068359375 0.07080078125 0.0068359375 0.07080078125 0 0.03857421875 0
0 0.0771484375 0.04248046875 0.05078125 0.04248046875 0.05078125 0.07470703125 0.0771484375 0.07470703125 0.0771484375 0.04248046875
0 0.1025390625 0.05126953125 0.07421875 0.05126953125 0.07421875 0.09521484375 0.1025390625 0.09521484375 0.1025390625 0.05126953125
0 0.0654296875 0.05126953125 0.017578125 0.05126953125 0.017578125 0.08544921875 0.0654296875 0.08544921875 0.0654296875 0.05126953125
0 0.14990234375 0.1416015625 0.12451171875 0.1416015625 0.12451171875 0.1669921875 0.14990234375 0.1669921875 0.14990234375 0.1416015625
0 0.234375 0.189453125 0.216796875 0.189453125 0.216796875 0.2080078125 0.234375 0.2080078125 0.234375 0.189453125
0 0.2705078125 0.07373046875 0.2333984375 0.07373046875 0.2333984375 0.10986328125 0.2705078125 0.10986328125 0.2705078125 0.07373046875
0 0.31103515625 0.1396484375 0.26708984375 0.1396484375 0.26708984375 0.1826171875 0.31103515625 0.1826171875 0.31103515625 0.1396484375
0 0.3388671875 0.11181640625 0.2958984375 0.11181640625 0.2958984375 0.13916015625 0.3388671875 0.13916015625 0.3388671875 0.11181640625
0 0.2958984375 0.11328125 0.26171875 0.11328125 0.26171875 0.1435546875 0.2958984375 0.1435546875 0.2958984375 0.11328125
0 0.26220703125 0.11083984375 0.23681640625 0.11083984375 0.23681640625 0.15087890625 0.26220703125 0.15087890625 0.26220703125 0.11083984375
0 0.21923828125 0.46728515625 0.20166015625 0.46728515625 0.20166015625 0.48486328125 0.21923828125 0.48486328125 0.21923828125 0.46728515625
0 0.13427734375 0.4443359375 0.11181640625 0.4443359375 0.11181640625 0.470703125 0.13427734375 0.470703125 0.13427734375 0.4443359375
0 0.150390625 0.44775390625 0.138671875 0.44775390625 0.138671875 0.45654296875 0.150390625 0.45654296875 0.150390625 0.44775390625
0 0.19189453125 0.513671875 0.17724609375 0.513671875 0.17724609375 0.52734375 0.19189453125 0.52734375 0.19189453125 0.513671875
0 0.18212890625 0.521484375 0.16162109375 0.521484375 0.16162109375 0.541015625 0.18212890625 0.541015625 0.18212890625 0.521484375
0 0.12646484375 0.52490234375 0.09912109375 0.52490234375 0.09912109375 0.55126953125 0.12646484375 0.55126953125 0.12646484375 0.52490234375
0 0.10009765625 0.53173828125 0.08447265625 0.53173828125 0.08447265625 0.54931640625 0.10009765625 0.54931640625 0.10009765625 0.53173828125
0 0.17041015625 0.5771484375 0.14599609375 0.5771484375 0.14599609375 0.5908203125 0.17041015625 0.5908203125 0.17041015625 0.5771484375
0 0.29345703125 0.603515625 0.27587890625 0.603515625 0.27587890625 0.62890625 0.29345703125 0.62890625 0.29345703125 0.603515625
0 0.314453125 0.64599609375 0.2802734375 0.64599609375 0.2802734375 0.68310546875 0.314453125 0.68310546875 0.314453125 0.64599609375
0 0.31787109375 0.625 0.29541015625 0.625 0.29541015625 0.646484375 0.31787109375 0.646484375 0.31787109375 0.625
0 0.294921875 0.6337890625 0.2646484375 0.6337890625 0.2646484375 0.6533203125 0.294921875 0.6533203125 0.294921875 0.6337890625
0 0.26123046875 0.5966796875 0.24267578125 0.5966796875 0.24267578125 0.6142578125 0.26123046875 0.6142578125 0.26123046875 0.5966796875
0 0.29345703125 0.56005859375 0.23779296875 0.56005859375 0.23779296875 0.59814453125 0.29345703125 0.59814453125 0.29345703125 0.56005859375
0 0.3173828125 0.5751953125 0.26171875 0.5751953125 0.26171875 0.6318359375 0.3173828125 0.6318359375 0.3173828125 0.5751953125
0 0.33056640625 0.5947265625 0.31591796875 0.5947265625 0.31591796875 0.611328125 0.33056640625 0.611328125 0.33056640625 0.5947265625
0 0.30224609375 0.55126953125 0.29052734375 0.55126953125 0.29052734375 0.56396484375 0.30224609375 0.56396484375 0.30224609375 0.55126953125
0 0.32177734375 0.55810546875 0.29345703125 0.55810546875 0.29345703125 0.57958984375 0.32177734375 0.57958984375 0.32177734375 0.55810546875
0 0.1513671875 0.37060546875 0.13671875 0.37060546875 0.13671875 0.38330078125 0.1513671875 0.38330078125 0.1513671875 0.37060546875
0 0.1484375 0.3828125 0.1181640625 0.3828125 0.1181640625 0.41015625 0.1484375 0.41015625 0.1484375 0.3828125
0 0 0.3984375 0.0302734375 0.3984375 0.0302734375 0.359375 0 0.359375 0 0.3984375
0 0.0859375 0.3525390625 0.0439453125 0.3525390625 0.0439453125 0.392578125 0.0859375 0.392578125 0.0859375 0.3525390625
0 0.2236328125 0.34912109375 0.212890625 0.34912109375 0.212890625 0.36181640625 0.2236328125 0.36181640625 0.2236328125 0.34912109375
0 0.3662109375 0.3193359375 0.3486328125 0.3193359375 0.3486328125 0.337890625 0.3662109375 0.337890625 0.3662109375 0.3193359375
0 0.298828125 0.228515625 0.2412109375 0.228515625 0.2412109375 0.28515625 0.298828125 0.28515625 0.298828125 0.228515625
0 0.26708984375 0.27734375 0.24462890625 0.27734375 0.24462890625 0.30078125 0.26708984375 0.30078125 0.26708984375 0.27734375
0 0.30224609375 0.31201171875 0.28759765625 0.31201171875 0.28759765625 0.32861328125 0.30224609375 0.32861328125 0.30224609375 0.31201171875
0 0.333984375 0.26806640625 0.3115234375 0.26806640625 0.3115234375 0.28662109375 0.333984375 0.28662109375 0.333984375 0.26806640625
0 0.3173828125 0.26171875 0.2978515625 0.26171875 0.2978515625 0.2841796875 0.3173828125 0.2841796875 0.3173828125 0.26171875
0 0.35595703125 0.294921875 0.33740234375 0.294921875 0.33740234375 0.314453125 0.35595703125 0.314453125 0.35595703125 0.294921875
0 0.34326171875 0.28955078125 0.30322265625 0.28955078125 0.30322265625 0.34033203125 0.34326171875 0.34033203125 0.34326171875 0.28955078125
0 0.29296875 0.291015625 0.2568359375 0.291015625 0.2568359375 0.3310546875 0.29296875 0.3310546875 0.29296875 0.291015625
0 0.142578125 0.23291015625 0.1259765625 0.23291015625 0.1259765625 0.24951171875 0.142578125 0.24951171875 0.142578125 0.23291015625
0 0.166015625 0.22265625 0.140625 0.22265625 0.140625 0.244140625 0.166015625 0.244140625 0.166015625 0.22265625
0 0.1943359375 0.236328125 0.15234375 0.236328125 0.15234375 0.271484375 0.1943359375 0.271484375 0.1943359375 0.236328125
0 0.15966796875 0.27197265625 0.13525390625 0.27197265625 0.13525390625 0.30224609375 0.15966796875 0.30224609375 0.15966796875 0.27197265625
0 0.1162109375 0.28515625 0.099609375 0.28515625 0.099609375 0.302734375 0.1162109375 0.302734375 0.1162109375 0.28515625
0 0.11767578125 0.3056640625 0.09423828125 0.3056640625 0.09423828125 0.3212890625 0.11767578125 0.3212890625 0.11767578125 0.3056640625
0 0.13134765625 0.296875 0.11572265625 0.296875 0.11572265625 0.3173828125 0.13134765625 0.3173828125 0.13134765625 0.296875
0 0.15087890625 0.30126953125 0.12939453125 0.30126953125 0.12939453125 0.32373046875 0.15087890625 0.32373046875 0.15087890625 0.30126953125
0 0.13720703125 0.31494140625 0.11279296875 0.31494140625 0.11279296875 0.33837890625 0.13720703125 0.33837890625 0.13720703125 0.31494140625
0 0.1123046875 0.3232421875 0.08984375 0.3232421875 0.08984375 0.3427734375 0.1123046875 0.3427734375 0.1123046875 0.3232421875
0 0.10888671875 0.34521484375 0.08447265625 0.34521484375 0.08447265625 0.35986328125 0.10888671875 0.35986328125 0.10888671875 0.34521484375
0 0.13134765625 0.3623046875 0.08740234375 0.3623046875 0.08740234375 0.3828125 0.13134765625 0.3828125 0.13134765625 0.3623046875
0 0.12744140625 0.35400390625 0.11083984375 0.35400390625 0.11083984375 0.36865234375 0.12744140625 0.36865234375 0.12744140625 0.35400390625
0 0.1357421875 0.33740234375 0.1083984375 0.33740234375 0.1083984375 0.35498046875 0.1357421875 0.35498046875 0.1357421875 0.33740234375