0 0 0.20556640625 0.06640625 0.20556640625 0.06640625 0.04052734375 0 0.04052734375 0 0.20556640625
0 0.2177734375 0 0.2177734375 0.0947265625 0.4560546875 0.0947265625 0.4560546875 0 0.2177734375 0
0 0.5166015625 0 0.5166015625 0.0419921875 0.6435546875 0.0419921875 0.6435546875 0 0.5166015625 0
0 0.60400390625 0 0.60400390625 0.0693359375 0.69189453125 0.0693359375 0.69189453125 0 0.60400390625 0
0 0.71875 0 0.71875 0.1220703125 0.853515625 0.1220703125 0.853515625 0 0.71875 0
0 0.93798828125 0.03759765625 0.88330078125 0.03759765625 0.88330078125 0.10888671875 0.93798828125 0.10888671875 0.93798828125 0.03759765625
0 1 0.02587890625 0.96484375 0.02587890625 0.96484375 0.08740234375 1 0.08740234375 1 0.02587890625
0 1 0.15087890625 0.888671875 0.15087890625 0.888671875 0.31884765625 1 0.31884765625 1 0.15087890625
0 1 0.10107421875 0.9580078125 0.10107421875 0.9580078125 0.15576171875 1 0.15576171875 1 0.10107421875
0 0.87451171875 0.140625 0.75830078125 0.140625 0.75830078125 0.251953125 0.87451171875 0.251953125 0.87451171875 0.140625
0 0.71875 0.1689453125 0.6162109375 0.1689453125 0.6162109375 0.2763671875 0.71875 0.2763671875 0.71875 0.1689453125
0 0.53466796875 0.10888671875 0.32958984375 0.10888671875 0.32958984375 0.23388671875 0.53466796875 0.23388671875 0.53466796875 0.10888671875
0 0.3505859375 0.171875 0.2568359375 0.171875 0.2568359375 0.25390625 0.3505859375 0.25390625 0.3505859375 0.171875
0 0.24169921875 0.17529296875 0.15576171875 0.17529296875 0.15576171875 0.26318359375 0.24169921875 0.26318359375 0.24169921875 0.17529296875
0 0.2373046875 0.287109375 0.02734375 0.287109375 0.02734375 0.478515625 0.2373046875 0.478515625 0.2373046875 0.287109375
0 0 0.44091796875 0.0556640625 0.44091796875 0.0556640625 0.26416015625 0 0.26416015625 0 0.44091796875
0 0.24951171875 0.4638671875 0.06201171875 0.4638671875 0.06201171875 0.640625 0.24951171875 0.640625 0.24951171875 0.4638671875
0 0.34619140625 0.4580078125 0.23095703125 0.4580078125 0.23095703125 0.5966796875 0.34619140625 0.5966796875 0.34619140625 0.4580078125
0 0.525390625 0.248046875 0.333984375 0.248046875 0.333984375 0.400390625 0.525390625 0.400390625 0.525390625 0.248046875
0 0.70068359375 0.2900390625 0.57275390625 0.2900390625 0.57275390625 0.41796875 0.70068359375 0.41796875 0.70068359375 0.2900390625
0 0.46826171875 0.7236328125 0.36279296875 0.7236328125 0.36279296875 0.8125 0.46826171875 0.8125 0.46826171875 0.7236328125
0 0.52294921875 0.62353515625 0.37451171875 0.62353515625 0.37451171875 0.74169921875 0.52294921875 0.74169921875 0.52294921875 0.62353515625
0 0.6015625 0.48486328125 0.4169921875 0.48486328125 0.4169921875 0.65380859375 0.6015625 0.65380859375 0.6015625 0.48486328125
0 0.60888671875 0.41845703125 0.50146484375 0.41845703125 0.50146484375 0.49072265625 0.60888671875 0.49072265625 0.60888671875 0.41845703125
0 0.35693359375 0.607421875 0.20849609375 0.607421875 0.20849609375 0.765625 0.35693359375 0.765625 0.35693359375 0.607421875
0 0.57666015625 1 0.57666015625 0.9326171875 0.31591796875 0.9326171875 0.31591796875 1 0.57666015625 1
0 0.69140625 0.8828125 0.603515625 0.8828125 0.603515625 0.9423828125 0.69140625 0.9423828125 0.69140625 0.8828125
0 0.80078125 0.87841796875 0.7294921875 0.87841796875 0.7294921875 0.94775390625 0.80078125 0.94775390625 0.80078125 0.87841796875
0 0.71826171875 0.5693359375 0.66455078125 0.5693359375 0.66455078125 0.6181640625 0.71826171875 0.6181640625 0.71826171875 0.5693359375
0 0.78662109375 0.52783203125 0.72021484375 0.52783203125 0.72021484375 0.63916015625 0.78662109375 0.63916015625 0.78662109375 0.52783203125
0 1 0.46142578125 0.9609375 0.46142578125 0.9609375 0.54345703125 1 0.54345703125 1 0.46142578125
0 1 0.56689453125 0.97265625 0.56689453125 0.97265625 0.62158203125 1 0.62158203125 1 0.56689453125
0 0.9541015625 0.76708984375 0.85546875 0.76708984375 0.85546875 0.86474609375 0.9541015625 0.86474609375 0.9541015625 0.76708984375
0 0.8974609375 0.69580078125 0.728515625 0.69580078125 0.728515625 0.90380859375 0.8974609375 0.90380859375 0.8974609375 0.69580078125
0 0.90283203125 0.61279296875 0.79833984375 0.61279296875 0.79833984375 0.71923828125 0.90283203125 0.71923828125 0.90283203125 0.61279296875
0 0.97607421875 0.69384765625 0.87451171875 0.69384765625 0.87451171875 0.78173828125 0.97607421875 0.78173828125 0.97607421875 0.69384765625
0 0.99365234375 0.59716796875 0.89208984375 0.59716796875 0.89208984375 0.68701171875 0.99365234375 0.68701171875 0.99365234375 0.59716796875
0 0.8994140625 0.51806640625 0.796875 0.51806640625 0.796875 0.61474609375 0.8994140625 0.61474609375 0.8994140625 0.51806640625
0 0.9501953125 0.4404296875 0.8935546875 0.4404296875 0.8935546875 0.51171875 0.9501953125 0.51171875 0.9501953125 0.4404296875
0 0.958984375 0.263671875 0.74609375 0.263671875 0.74609375 0.40234375 0.958984375 0.40234375 0.958984375 0.263671875
0 0.8671875 0.3916015625 0.7890625 0.3916015625 0.7890625 0.4453125 0.8671875 0.4453125 0.8671875 0.3916015625
0 0.8935546875 0.44970703125 0.8251953125 0.44970703125 0.8251953125 0.49169921875 0.8935546875 0.49169921875 0.8935546875 0.44970703125
0 0.9306640625 0.3994140625 0.8515625 0.3994140625 0.8515625 0.427734375 0.9306640625 0.427734375 0.9306640625 0.3994140625
0 0.0712890625 1 0.0712890625 0.9296875 0 0.9296875 0 1 0.0712890625 1
0 0 0.9716796875 0.240234375 0.9716796875 0.240234375 0.6865234375 0 0.6865234375 0 0.9716796875