0 0.59228515625 0.27392578125 0.57177734375 0.27392578125 0.57177734375 0.29736328125 0.59228515625 0.29736328125 0.59228515625 0.27392578125
0 0.46728515625 0.552734375 0.45166015625 0.552734375 0.45166015625 0.5673828125 0.46728515625 0.5673828125 0.46728515625 0.552734375
0 0.28857421875 0.51513671875 0.27587890625 0.51513671875 0.27587890625 0.52978515625 0.28857421875 0.52978515625 0.28857421875 0.51513671875
0 0.259765625 0.548828125 0.244140625 0.548828125 0.244140625 0.5615234375 0.259765625 0.5615234375 0.259765625 0.548828125
0 0.27001953125 0.54541015625 0.25732421875 0.54541015625 0.25732421875 0.55810546875 0.27001953125 0.55810546875 0.27001953125 0.54541015625
0 0.72216796875 0.36474609375 0.64306640625 0.36474609375 0.64306640625 0.44384765625 0.72216796875 0.44384765625 0.72216796875 0.36474609375
0 0.5498046875 0.37060546875 0.54296875 0.37060546875 0.54296875 0.37841796875 0.5498046875 0.37841796875 0.5498046875 0.37060546875
0 0.8037109375 0.3515625 0.7587890625 0.3515625 0.7587890625 0.396484375 0.8037109375 0.396484375 0.8037109375 0.3515625
0 0.8330078125 0.4189453125 0.736328125 0.4189453125 0.736328125 0.515625 0.8330078125 0.515625 0.8330078125 0.4189453125
0 0.7734375 0.5654296875 0.6728515625 0.5654296875 0.6728515625 0.681640625 0.7734375 0.681640625 0.7734375 0.5654296875
0 0.5107421875 0.71923828125 0.431640625 0.71923828125 0.431640625 0.79833984375 0.5107421875 0.79833984375 0.5107421875 0.71923828125
0 0.44775390625 0.66259765625 0.39599609375 0.66259765625 0.39599609375 0.71728515625 0.44775390625 0.71728515625 0.44775390625 0.66259765625
0 0.54296875 0.80810546875 0.490234375 0.80810546875 0.490234375 0.86376953125 0.54296875 0.86376953125 0.54296875 0.80810546875
0 0.37841796875 0.86474609375 0.32373046875 0.86474609375 0.32373046875 0.91845703125 0.37841796875 0.91845703125 0.37841796875 0.86474609375
0 0.26513671875 0.916015625 0.17724609375 0.916015625 0.17724609375 0.9990234375 0.26513671875 0.9990234375 0.26513671875 0.916015625
0 0.14990234375 0.845703125 0.13427734375 0.845703125 0.13427734375 0.857421875 0.14990234375 0.857421875 0.14990234375 0.845703125
0 0.32080078125 0.78125 0.31201171875 0.78125 0.31201171875 0.79296875 0.32080078125 0.79296875 0.32080078125 0.78125
0 0.16259765625 0.9189453125 0.14501953125 0.9189453125 0.14501953125 0.9384765625 0.16259765625 0.9384765625 0.16259765625 0.9189453125
0 0.16357421875 0.94091796875 0.14892578125 0.94091796875 0.14892578125 0.94775390625 0.16357421875 0.94775390625 0.16357421875 0.94091796875
0 0.13818359375 0.9384765625 0.12451171875 0.9384765625 0.12451171875 0.94921875 0.13818359375 0.94921875 0.13818359375 0.9384765625
0 0.1171875 0.86279296875 0.1064453125 0.86279296875 0.1064453125 0.87646484375 0.1171875 0.87646484375 0.1171875 0.86279296875
0 0.1201171875 0.52783203125 0.1015625 0.52783203125 0.1015625 0.53759765625 0.1201171875 0.53759765625 0.1201171875 0.52783203125
0 0.01708984375 0.60888671875 0.00439453125 0.60888671875 0.00439453125 0.62744140625 0.01708984375 0.62744140625 0.01708984375 0.60888671875
0 0.05078125 0.53125 0.037109375 0.53125 0.037109375 0.5419921875 0.05078125 0.5419921875 0.05078125 0.53125
0 0.17626953125 0.57275390625 0.16943359375 0.57275390625 0.16943359375 0.58837890625 0.17626953125 0.58837890625 0.17626953125 0.57275390625
0 0.22216796875 0.638671875 0.20751953125 0.638671875 0.20751953125 0.6552734375 0.22216796875 0.6552734375 0.22216796875 0.638671875
0 0.27490234375 0.5556640625 0.18310546875 0.5556640625 0.18310546875 0.6533203125 0.27490234375 0.6533203125 0.27490234375 0.5556640625
0 0 0.4580078125 0.0771484375 0.4580078125 0.0771484375 0.3271484375 0 0.3271484375 0 0.4580078125
0 0.09375 0.39794921875 0.0849609375 0.39794921875 0.0849609375 0.40869140625 0.09375 0.40869140625 0.09375 0.39794921875
0 0.14111328125 0.28662109375 0.13037109375 0.28662109375 0.13037109375 0.29736328125 0.14111328125 0.29736328125 0.14111328125 0.28662109375
0 0.09423828125 0.28857421875 0.08154296875 0.28857421875 0.08154296875 0.29638671875 0.09423828125 0.29638671875 0.09423828125 0.28857421875
0 0.28271484375 0.19482421875 0.27099609375 0.19482421875 0.27099609375 0.20654296875 0.28271484375 0.20654296875 0.28271484375 0.19482421875
0 0.32421875 0.18994140625 0.314453125 0.18994140625 0.314453125 0.20751953125 0.32421875 0.20751953125 0.32421875 0.18994140625
0 0.34765625 0.103515625 0.3271484375 0.103515625 0.3271484375 0.1181640625 0.34765625 0.1181640625 0.34765625 0.103515625
0 0.2861328125 0.0908203125 0.2724609375 0.0908203125 0.2724609375 0.103515625 0.2861328125 0.103515625 0.2861328125 0.0908203125
0 0.20556640625 0.06982421875 0.18896484375 0.06982421875 0.18896484375 0.08349609375 0.20556640625 0.08349609375 0.20556640625 0.06982421875
0 0.4482421875 0.025390625 0.431640625 0.025390625 0.431640625 0.0400390625 0.4482421875 0.0400390625 0.4482421875 0.025390625
0 0.2705078125 0.09521484375 0.220703125 0.09521484375 0.220703125 0.15087890625 0.2705078125 0.15087890625 0.2705078125 0.09521484375
0 0.1044921875 0.01025390625 0.09375 0.01025390625 0.09375 0.01708984375 0.1044921875 0.01708984375 0.1044921875 0.01025390625
0 0.10595703125 0 0.10595703125 0.041015625 0.18017578125 0.041015625 0.18017578125 0 0.10595703125 0
0 0.03662109375 0.19384765625 0.02392578125 0.19384765625 0.02392578125 0.20361328125 0.03662109375 0.20361328125 0.03662109375 0.19384765625
0 0.0205078125 0.17333984375 0.0078125 0.17333984375 0.0078125 0.18603515625 0.0205078125 0.18603515625 0.0205078125 0.17333984375
0 0.01123046875 0.1484375 0.00439453125 0.1484375 0.00439453125 0.1591796875 0.01123046875 0.1591796875 0.01123046875 0.1484375
0 0.015625 0.13427734375 0.005859375 0.13427734375 0.005859375 0.14306640625 0.015625 0.14306640625 0.015625 0.13427734375
0 0.1064453125 0.1767578125 0.048828125 0.1767578125 0.048828125 0.2705078125 0.1064453125 0.2705078125 0.1064453125 0.1767578125
0 0.11328125 0.19580078125 0.099609375 0.19580078125 0.099609375 0.20849609375 0.11328125 0.20849609375 0.11328125 0.19580078125
0 0.1044921875 0.55322265625 0.09375 0.55322265625 0.09375 0.56201171875 0.1044921875 0.56201171875 0.1044921875 0.55322265625
0 0.0517578125 0.54345703125 0.0419921875 0.54345703125 0.0419921875 0.55224609375 0.0517578125 0.55224609375 0.0517578125 0.54345703125
0 0.08984375 0.5107421875 0.0791015625 0.5107421875 0.0791015625 0.51953125 0.08984375 0.51953125 0.08984375 0.5107421875
0 0.09765625 0.50439453125 0.0869140625 0.50439453125 0.0869140625 0.51416015625 0.09765625 0.51416015625 0.09765625 0.50439453125
0 0.84033203125 0.53955078125 0.83154296875 0.53955078125 0.83154296875 0.55224609375 0.84033203125 0.55224609375 0.84033203125 0.53955078125
0 0.84130859375 0.56591796875 0.83447265625 0.56591796875 0.83447265625 0.57373046875 0.84130859375 0.57373046875 0.84130859375 0.56591796875
0 0.83154296875 0.61865234375 0.82177734375 0.61865234375 0.82177734375 0.62646484375 0.83154296875 0.62646484375 0.83154296875 0.61865234375
0 0.98193359375 0.6865234375 0.97216796875 0.6865234375 0.97216796875 0.7001953125 0.98193359375 0.7001953125 0.98193359375 0.6865234375
0 0.92578125 0.45458984375 0.9150390625 0.45458984375 0.9150390625 0.46533203125 0.92578125 0.46533203125 0.92578125 0.45458984375
0 0.9443359375 0.44091796875 0.935546875 0.44091796875 0.935546875 0.45068359375 0.9443359375 0.45068359375 0.9443359375 0.44091796875
0 0.95068359375 0.39111328125 0.93994140625 0.39111328125 0.93994140625 0.39990234375 0.95068359375 0.39990234375 0.95068359375 0.39111328125
0 0.873046875 0.4501953125 0.8642578125 0.4501953125 0.8642578125 0.4609375 0.873046875 0.4609375 0.873046875 0.4501953125
0 0.88330078125 0.48828125 0.87158203125 0.48828125 0.87158203125 0.4970703125 0.88330078125 0.4970703125 0.88330078125 0.48828125
0 0.88232421875 0.13037109375 0.82763671875 0.13037109375 0.82763671875 0.18310546875 0.88232421875 0.18310546875 0.88232421875 0.13037109375
0 0.849609375 0.04541015625 0.7919921875 0.04541015625 0.7919921875 0.10009765625 0.849609375 0.10009765625 0.849609375 0.04541015625
0 0.79052734375 0.0341796875 0.72998046875 0.0341796875 0.72998046875 0.0947265625 0.79052734375 0.0947265625 0.79052734375 0.0341796875
0 0.79736328125 0 0.79736328125 0.0185546875 0.86083984375 0.0185546875 0.86083984375 0 0.79736328125 0
0 0.990234375 0.08203125 0.9775390625 0.08203125 0.9775390625 0.0947265625 0.990234375 0.0947265625 0.990234375 0.08203125
0 0.9072265625 0.0888671875 0.896484375 0.0888671875 0.896484375 0.0966796875 0.9072265625 0.0966796875 0.9072265625 0.0888671875
0 0.94921875 0.14306640625 0.939453125 0.14306640625 0.939453125 0.15673828125 0.94921875 0.15673828125 0.94921875 0.14306640625
0 0.31787109375 0.85009765625 0.31103515625 0.85009765625 0.31103515625 0.85693359375 0.31787109375 0.85693359375 0.31787109375 0.85009765625
0 0.306640625 0.8173828125 0.2939453125 0.8173828125 0.2939453125 0.826171875 0.306640625 0.826171875 0.306640625 0.8173828125
0 0.51416015625 0.990234375 0.50537109375 0.990234375 0.50537109375 0.9990234375 0.51416015625 0.9990234375 0.51416015625 0.990234375
0 0.77294921875 0.97900390625 0.76318359375 0.97900390625 0.76318359375 0.98583984375 0.77294921875 0.98583984375 0.77294921875 0.97900390625
0 0.9560546875 0.857421875 0.947265625 0.857421875 0.947265625 0.8662109375 0.9560546875 0.8662109375 0.9560546875 0.857421875
0 0.8251953125 0.6884765625 0.81640625 0.6884765625 0.81640625 0.6982421875 0.8251953125 0.6982421875 0.8251953125 0.6884765625
0 0.74658203125 0.7255859375 0.73779296875 0.7255859375 0.73779296875 0.7353515625 0.74658203125 0.7353515625 0.74658203125 0.7255859375
0 0.7392578125 0.732421875 0.7314453125 0.732421875 0.7314453125 0.7392578125 0.7392578125 0.7392578125 0.7392578125 0.732421875
0 0.7861328125 0.74169921875 0.7783203125 0.74169921875 0.7783203125 0.74853515625 0.7861328125 0.74853515625 0.7861328125 0.74169921875
0 0.8115234375 0.662109375 0.7568359375 0.662109375 0.7568359375 0.732421875 0.8115234375 0.732421875 0.8115234375 0.662109375
0 0.81884765625 0.79345703125 0.81201171875 0.79345703125 0.81201171875 0.80224609375 0.81884765625 0.80224609375 0.81884765625 0.79345703125
0 0.8115234375 0.73681640625 0.8046875 0.73681640625 0.8046875 0.74072265625 0.8115234375 0.74072265625 0.8115234375 0.73681640625
0 0.8046875 0.6865234375 0.7841796875 0.6865234375 0.7841796875 0.7001953125 0.8046875 0.7001953125 0.8046875 0.6865234375
0 0.576171875 0.6240234375 0.56640625 0.6240234375 0.56640625 0.6357421875 0.576171875 0.6357421875 0.576171875 0.6240234375
0 0.5595703125 0.39306640625 0.5517578125 0.39306640625 0.5517578125 0.40576171875 0.5595703125 0.40576171875 0.5595703125 0.39306640625
0 0.56494140625 0.384765625 0.55517578125 0.384765625 0.55517578125 0.3916015625 0.56494140625 0.3916015625 0.56494140625 0.384765625
0 0.521484375 0.39990234375 0.5107421875 0.39990234375 0.5107421875 0.40576171875 0.521484375 0.40576171875 0.521484375 0.39990234375
0 0.51416015625 0.5 0.50341796875 0.5 0.50341796875 0.5068359375 0.51416015625 0.5068359375 0.51416015625 0.5
0 0.1318359375 0.6904296875 0.123046875 0.6904296875 0.123046875 0.697265625 0.1318359375 0.697265625 0.1318359375 0.6904296875
0 0.1298828125 0.89599609375 0.123046875 0.89599609375 0.123046875 0.90283203125 0.1298828125 0.90283203125 0.1298828125 0.89599609375
0 0.32470703125 0.8037109375 0.31884765625 0.8037109375 0.31884765625 0.810546875 0.32470703125 0.810546875 0.32470703125 0.8037109375
0 0.31591796875 0.80908203125 0.31494140625 0.80908203125 0.31494140625 0.81591796875 0.31591796875 0.81591796875 0.31591796875 0.80908203125
0 0.458984375 0.86279296875 0.4501953125 0.86279296875 0.4501953125 0.87158203125 0.458984375 0.87158203125 0.458984375 0.86279296875
0 0.4208984375 0.92724609375 0.4140625 0.92724609375 0.4140625 0.93408203125 0.4208984375 0.93408203125 0.4208984375 0.92724609375
0 0.427734375 0.630859375 0.4208984375 0.630859375 0.4208984375 0.6396484375 0.427734375 0.6396484375 0.427734375 0.630859375
0 0.515625 0.705078125 0.5087890625 0.705078125 0.5087890625 0.7119140625 0.515625 0.7119140625 0.515625 0.705078125
0 0.50927734375 0.6005859375 0.50146484375 0.6005859375 0.50146484375 0.6083984375 0.50927734375 0.6083984375 0.50927734375 0.6005859375
0 0.74169921875 0.52587890625 0.73583984375 0.52587890625 0.73583984375 0.53076171875 0.74169921875 0.53076171875 0.74169921875 0.52587890625
0 0.72998046875 0.43798828125 0.72607421875 0.43798828125 0.72607421875 0.44775390625 0.72998046875 0.44775390625 0.72998046875 0.43798828125
0 0.798828125 0.42333984375 0.791015625 0.42333984375 0.791015625 0.42919921875 0.798828125 0.42919921875 0.798828125 0.42333984375
0 0.453125 0.45068359375 0.443359375 0.45068359375 0.443359375 0.45751953125 0.453125 0.45751953125 0.453125 0.45068359375
0 0.30029296875 0.4296875 0.29345703125 0.4296875 0.29345703125 0.4375 0.30029296875 0.4375 0.30029296875 0.4296875
0 0.6513671875 0.14599609375 0.6376953125 0.14599609375 0.6376953125 0.15869140625 0.6513671875 0.15869140625 0.6513671875 0.14599609375