0 0.17041015625 0.13232421875 0.09912109375 0.13232421875 0.09912109375 0.20361328125 0.17041015625 0.20361328125 0.17041015625 0.13232421875
0 0.12255859375 0.0654296875 0.05126953125 0.0654296875 0.05126953125 0.1435546875 0.12255859375 0.1435546875 0.12255859375 0.0654296875
0 0 0 0 0.0419921875 0.0634765625 0.0419921875 0.0634765625 0 0 0
0 0.19384765625 0.02490234375 0.08251953125 0.02490234375 0.08251953125 0.10302734375 0.19384765625 0.10302734375 0.19384765625 0.02490234375
0 0.267578125 0.06494140625 0.189453125 0.06494140625 0.189453125 0.13232421875 0.267578125 0.13232421875 0.267578125 0.06494140625
0 0.33349609375 0.056640625 0.26220703125 0.056640625 0.26220703125 0.12890625 0.33349609375 0.12890625 0.33349609375 0.056640625
0 0.41650390625 0.0458984375 0.34814453125 0.0458984375 0.34814453125 0.1181640625 0.41650390625 0.1181640625 0.41650390625 0.0458984375
0 0.45947265625 0.09375 0.38720703125 0.09375 0.38720703125 0.185546875 0.45947265625 0.185546875 0.45947265625 0.09375
0 0.53564453125 0.1044921875 0.46435546875 0.1044921875 0.46435546875 0.177734375 0.53564453125 0.177734375 0.53564453125 0.1044921875
0 0.50830078125 0.0302734375 0.43017578125 0.0302734375 0.43017578125 0.103515625 0.50830078125 0.103515625 0.50830078125 0.0302734375
0 0.36279296875 0 0.36279296875 0.02734375 0.43408203125 0.02734375 0.43408203125 0 0.36279296875 0
0 0.26611328125 0 0.26611328125 0.0361328125 0.33447265625 0.0361328125 0.33447265625 0 0.26611328125 0
0 0.19580078125 0 0.19580078125 0.052734375 0.26611328125 0.052734375 0.26611328125 0 0.19580078125 0
0 0.37939453125 0.1220703125 0.29541015625 0.1220703125 0.29541015625 0.2021484375 0.37939453125 0.2021484375 0.37939453125 0.1220703125
0 0.37744140625 0.201171875 0.30908203125 0.201171875 0.30908203125 0.2705078125 0.37744140625 0.2705078125 0.37744140625 0.201171875
0 0.28955078125 0.1826171875 0.21923828125 0.1826171875 0.21923828125 0.25 0.28955078125 0.25 0.28955078125 0.1826171875
0 0.21923828125 0.1943359375 0.14892578125 0.1943359375 0.14892578125 0.267578125 0.21923828125 0.267578125 0.21923828125 0.1943359375
0 0.17529296875 0.25 0.10791015625 0.25 0.10791015625 0.3154296875 0.17529296875 0.3154296875 0.17529296875 0.25
0 0.13818359375 0.1943359375 0.06494140625 0.1943359375 0.06494140625 0.2646484375 0.13818359375 0.2646484375 0.13818359375 0.1943359375
0 0 0.212890625 0.0556640625 0.212890625 0.0556640625 0.1435546875 0 0.1435546875 0 0.212890625
0 0 0.1435546875 0.0517578125 0.1435546875 0.0517578125 0.06640625 0 0.06640625 0 0.1435546875
0 0.09521484375 0.2626953125 0.02197265625 0.2626953125 0.02197265625 0.333984375 0.09521484375 0.333984375 0.09521484375 0.2626953125
0 0.08251953125 0.349609375 0.00439453125 0.349609375 0.00439453125 0.4228515625 0.08251953125 0.4228515625 0.08251953125 0.349609375
0 0.17431640625 0.3349609375 0.06787109375 0.3349609375 0.06787109375 0.412109375 0.17431640625 0.412109375 0.17431640625 0.3349609375
0 0.21337890625 0.3916015625 0.13427734375 0.3916015625 0.13427734375 0.4814453125 0.21337890625 0.4814453125 0.21337890625 0.3916015625
0 0.31103515625 0.2470703125 0.23876953125 0.2470703125 0.23876953125 0.318359375 0.31103515625 0.318359375 0.31103515625 0.2470703125
0 0.37646484375 0.2705078125 0.30908203125 0.2705078125 0.30908203125 0.333984375 0.37646484375 0.333984375 0.37646484375 0.2705078125
0 0.33447265625 0.3193359375 0.26416015625 0.3193359375 0.26416015625 0.390625 0.33447265625 0.390625 0.33447265625 0.3193359375
0 0.39697265625 0.3349609375 0.32763671875 0.3349609375 0.32763671875 0.4228515625 0.39697265625 0.4228515625 0.39697265625 0.3349609375
0 0.46533203125 0.2822265625 0.39697265625 0.2822265625 0.39697265625 0.3544921875 0.46533203125 0.3544921875 0.46533203125 0.2822265625
0 0.53466796875 0.302734375 0.45263671875 0.302734375 0.45263671875 0.4130859375 0.53466796875 0.4130859375 0.53466796875 0.302734375
0 0.46142578125 0.357421875 0.39208984375 0.357421875 0.39208984375 0.4306640625 0.46142578125 0.4306640625 0.46142578125 0.357421875
0 0.32177734375 0.392578125 0.24658203125 0.392578125 0.24658203125 0.4658203125 0.32177734375 0.4658203125 0.32177734375 0.392578125
0 0.32080078125 0.4638671875 0.24853515625 0.4638671875 0.24853515625 0.5380859375 0.32080078125 0.5380859375 0.32080078125 0.4638671875
0 0.41357421875 0.4423828125 0.33642578125 0.4423828125 0.33642578125 0.5234375 0.41357421875 0.5234375 0.41357421875 0.4423828125
0 0.52490234375 0.4560546875 0.44970703125 0.4560546875 0.44970703125 0.5283203125 0.52490234375 0.5283203125 0.52490234375 0.4560546875
0 0.45751953125 0.515625 0.38427734375 0.515625 0.38427734375 0.5947265625 0.45751953125 0.5947265625 0.45751953125 0.515625
0 0.36376953125 0.5654296875 0.28173828125 0.5654296875 0.28173828125 0.638671875 0.36376953125 0.638671875 0.36376953125 0.5654296875
0 0.27294921875 0.5439453125 0.24951171875 0.5439453125 0.24951171875 0.5654296875 0.27294921875 0.5654296875 0.27294921875 0.5439453125
0 0.23779296875 0.576171875 0.16357421875 0.576171875 0.16357421875 0.65234375 0.23779296875 0.65234375 0.23779296875 0.576171875
0 0.12353515625 0.5107421875 0.04736328125 0.5107421875 0.04736328125 0.5888671875 0.12353515625 0.5888671875 0.12353515625 0.5107421875
0 0.16064453125 0.5654296875 0.08447265625 0.5654296875 0.08447265625 0.6396484375 0.16064453125 0.6396484375 0.16064453125 0.5654296875
0 0.15087890625 0.6318359375 0.07275390625 0.6318359375 0.07275390625 0.7109375 0.15087890625 0.7109375 0.15087890625 0.6318359375
0 0.22509765625 0.646484375 0.14501953125 0.646484375 0.14501953125 0.7255859375 0.22509765625 0.7255859375 0.22509765625 0.646484375
0 0.40673828125 0.6611328125 0.32568359375 0.6611328125 0.32568359375 0.7373046875 0.40673828125 0.7373046875 0.40673828125 0.6611328125
0 0.599609375 0 0.599609375 0.05859375 0.6708984375 0.05859375 0.6708984375 0 0.599609375 0
0 0.4951171875 0 0.4951171875 0.03515625 0.5791015625 0.03515625 0.5791015625 0 0.4951171875 0
0 0.6650390625 0 0.6650390625 0.04296875 0.7412109375 0.04296875 0.7412109375 0 0.6650390625 0
0 0.787109375 0.0458984375 0.7138671875 0.0458984375 0.7138671875 0.119140625 0.787109375 0.119140625 0.787109375 0.0458984375
0 0.716796875 0.0849609375 0.638671875 0.0849609375 0.638671875 0.162109375 0.716796875 0.162109375 0.716796875 0.0849609375
0 0.6171875 0.1220703125 0.53125 0.1220703125 0.53125 0.2060546875 0.6171875 0.2060546875 0.6171875 0.1220703125
0 0.6376953125 0.0791015625 0.5625 0.0791015625 0.5625 0.1552734375 0.6376953125 0.1552734375 0.6376953125 0.0791015625
0 0.6875 0.181640625 0.609375 0.181640625 0.609375 0.255859375 0.6875 0.255859375 0.6875 0.181640625
0 0.7001953125 0.2490234375 0.6083984375 0.2490234375 0.6083984375 0.3330078125 0.7001953125 0.3330078125 0.7001953125 0.2490234375
0 0.6123046875 0.259765625 0.5400390625 0.259765625 0.5400390625 0.3349609375 0.6123046875 0.3349609375 0.6123046875 0.259765625
0 0.611328125 0.33203125 0.537109375 0.33203125 0.537109375 0.4111328125 0.611328125 0.4111328125 0.611328125 0.33203125
0 0.755859375 0.337890625 0.6787109375 0.337890625 0.6787109375 0.4111328125 0.755859375 0.4111328125 0.755859375 0.337890625
0 0.8671875 0.05859375 0.849609375 0.05859375 0.849609375 0.078125 0.8671875 0.078125 0.8671875 0.05859375
0 0.9033203125 0.1025390625 0.890625 0.1025390625 0.890625 0.11328125 0.9033203125 0.11328125 0.9033203125 0.1025390625
0 0.8935546875 0.1787109375 0.87890625 0.1787109375 0.87890625 0.1904296875 0.8935546875 0.1904296875 0.8935546875 0.1787109375
0 0.8955078125 0.1640625 0.8828125 0.1640625 0.8828125 0.1748046875 0.8955078125 0.1748046875 0.8955078125 0.1640625
0 0.87109375 0.080078125 0.798828125 0.080078125 0.798828125 0.1552734375 0.87109375 0.1552734375 0.87109375 0.080078125
0 0.826171875 0.1474609375 0.7470703125 0.1474609375 0.7470703125 0.2294921875 0.826171875 0.2294921875 0.826171875 0.1474609375
0 0.7314453125 0.26953125 0.662109375 0.26953125 0.662109375 0.33984375 0.7314453125 0.33984375 0.7314453125 0.26953125
0 0.7568359375 0.1943359375 0.6845703125 0.1943359375 0.6845703125 0.2666015625 0.7568359375 0.2666015625 0.7568359375 0.1943359375
0 0.818359375 0.345703125 0.7294921875 0.345703125 0.7294921875 0.4296875 0.818359375 0.4296875 0.818359375 0.345703125
0 0.8759765625 0.298828125 0.810546875 0.298828125 0.810546875 0.3779296875 0.8759765625 0.3779296875 0.8759765625 0.298828125
0 0.8310546875 0.2314453125 0.75390625 0.2314453125 0.75390625 0.3095703125 0.8310546875 0.3095703125 0.8310546875 0.2314453125
0 0.8974609375 0.1884765625 0.8193359375 0.1884765625 0.8193359375 0.2646484375 0.8974609375 0.2646484375 0.8974609375 0.1884765625
0 0.962890625 0.310546875 0.896484375 0.310546875 0.896484375 0.380859375 0.962890625 0.380859375 0.962890625 0.310546875
0 0.962890625 0.376953125 0.888671875 0.376953125 0.888671875 0.4521484375 0.962890625 0.4521484375 0.962890625 0.376953125
0 0.76171875 0 0.76171875 0.0390625 0.84765625 0.0390625 0.84765625 0 0.76171875 0
0 0.99755859375 0.1708984375 0.88330078125 0.1708984375 0.88330078125 0.3017578125 0.99755859375 0.3017578125 0.99755859375 0.1708984375
0 1 0.068359375 0.947265625 0.068359375 0.947265625 0.1396484375 1 0.1396484375 1 0.068359375
0 0.93115234375 0 0.93115234375 0.0263671875 0.99853515625 0.0263671875 0.99853515625 0 0.93115234375 0
0 0.97509765625 0.0263671875 0.95068359375 0.0263671875 0.95068359375 0.0478515625 0.97509765625 0.0478515625 0.97509765625 0.0263671875
0 1 0.3427734375 0.9541015625 0.3427734375 0.9541015625 0.4208984375 1 0.4208984375 1 0.3427734375
0 1 0.275390625 0.95703125 0.275390625 0.95703125 0.345703125 1 0.345703125 1 0.275390625
0 0.63818359375 0.4267578125 0.55615234375 0.4267578125 0.55615234375 0.50390625 0.63818359375 0.50390625 0.63818359375 0.4267578125
0 0.65576171875 0.5185546875 0.58251953125 0.5185546875 0.58251953125 0.6005859375 0.65576171875 0.6005859375 0.65576171875 0.5185546875
0 0.72412109375 0.4169921875 0.65185546875 0.4169921875 0.65185546875 0.4970703125 0.72412109375 0.4970703125 0.72412109375 0.4169921875
0 0.77099609375 0.490234375 0.69775390625 0.490234375 0.69775390625 0.56640625 0.77099609375 0.56640625 0.77099609375 0.490234375
0 0.81396484375 0.4375 0.73876953125 0.4375 0.73876953125 0.5166015625 0.81396484375 0.5166015625 0.81396484375 0.4375
0 0.84130859375 0.513671875 0.76708984375 0.513671875 0.76708984375 0.5966796875 0.84130859375 0.5966796875 0.84130859375 0.513671875
0 0.58740234375 0.55859375 0.50927734375 0.55859375 0.50927734375 0.6435546875 0.58740234375 0.6435546875 0.58740234375 0.55859375
0 0.60888671875 0.64453125 0.52587890625 0.64453125 0.52587890625 0.71875 0.60888671875 0.71875 0.60888671875 0.64453125
0 0.56201171875 0.6904296875 0.49365234375 0.6904296875 0.49365234375 0.7646484375 0.56201171875 0.7646484375 0.56201171875 0.6904296875
0 0.65771484375 0.6005859375 0.58251953125 0.6005859375 0.58251953125 0.6748046875 0.65771484375 0.6748046875 0.65771484375 0.6005859375
0 0.72802734375 0.5400390625 0.65380859375 0.5400390625 0.65380859375 0.615234375 0.72802734375 0.615234375 0.72802734375 0.5400390625
0 0 0.28515625 0.0234375 0.28515625 0.0234375 0.21484375 0 0.21484375 0 0.28515625
0 0.2392578125 0.1298828125 0.1689453125 0.1298828125 0.1689453125 0.201171875 0.2392578125 0.201171875 0.2392578125 0.1298828125
0 0 0.6298828125 0.041015625 0.6298828125 0.041015625 0.5537109375 0 0.5537109375 0 0.6298828125
0 0.08203125 0.6728515625 0.005859375 0.6728515625 0.005859375 0.7490234375 0.08203125 0.7490234375 0.08203125 0.6728515625
0 0.1318359375 0.7255859375 0.056640625 0.7255859375 0.056640625 0.798828125 0.1318359375 0.798828125 0.1318359375 0.7255859375
0 0.099609375 0.8076171875 0.02734375 0.8076171875 0.02734375 0.880859375 0.099609375 0.880859375 0.099609375 0.8076171875
0 0 0.9208984375 0.0439453125 0.9208984375 0.0439453125 0.8427734375 0 0.8427734375 0 0.9208984375
0 0.1083984375 0.900390625 0.037109375 0.900390625 0.037109375 0.970703125 0.1083984375 0.970703125 0.1083984375 0.900390625
0 0.216796875 0.8974609375 0.1396484375 0.8974609375 0.1396484375 0.9716796875 0.216796875 0.9716796875 0.216796875 0.8974609375
0 0.1875 0.7705078125 0.1142578125 0.7705078125 0.1142578125 0.841796875 0.1875 0.841796875 0.1875 0.7705078125
0 0.2578125 0.7275390625 0.1767578125 0.7275390625 0.1767578125 0.806640625 0.2578125 0.806640625 0.2578125 0.7275390625
0 0.34375 0.71875 0.2705078125 0.71875 0.2705078125 0.791015625 0.34375 0.791015625 0.34375 0.71875
0 0.455078125 0.6044921875 0.3818359375 0.6044921875 0.3818359375 0.677734375 0.455078125 0.677734375 0.455078125 0.6044921875
0 0.5107421875 0.5654296875 0.4384765625 0.5654296875 0.4384765625 0.63671875 0.5107421875 0.63671875 0.5107421875 0.5654296875
0 0.513671875 0.6396484375 0.4453125 0.6396484375 0.4453125 0.70703125 0.513671875 0.70703125 0.513671875 0.6396484375
0 0.470703125 0.685546875 0.4072265625 0.685546875 0.4072265625 0.751953125 0.470703125 0.751953125 0.470703125 0.685546875
0 0.4736328125 0.7509765625 0.388671875 0.7509765625 0.388671875 0.8505859375 0.4736328125 0.8505859375 0.4736328125 0.7509765625
0 0.2392578125 0.478515625 0.224609375 0.478515625 0.224609375 0.4921875 0.2392578125 0.4921875 0.2392578125 0.478515625
0 0.1708984375 0.4912109375 0.1552734375 0.4912109375 0.1552734375 0.501953125 0.1708984375 0.501953125 0.1708984375 0.4912109375
0 0.1748046875 0.5498046875 0.162109375 0.5498046875 0.162109375 0.5615234375 0.1748046875 0.5615234375 0.1748046875 0.5498046875
0 0.1474609375 0.5126953125 0.138671875 0.5126953125 0.138671875 0.5234375 0.1474609375 0.5234375 0.1474609375 0.5126953125
0 0.1904296875 0.529296875 0.177734375 0.529296875 0.177734375 0.5419921875 0.1904296875 0.5419921875 0.1904296875 0.529296875
0 0.232421875 0.51953125 0.220703125 0.51953125 0.220703125 0.5283203125 0.232421875 0.5283203125 0.232421875 0.51953125
0 0.29248046875 0.67724609375 0.27197265625 0.67724609375 0.27197265625 0.69091796875 0.29248046875 0.69091796875 0.29248046875 0.67724609375
0 0.3583984375 0.8076171875 0.2822265625 0.8076171875 0.2822265625 0.8837890625 0.3583984375 0.8837890625 0.3583984375 0.8076171875
0 0.29345703125 0.7880859375 0.22021484375 0.7880859375 0.22021484375 0.8642578125 0.29345703125 0.8642578125 0.29345703125 0.7880859375
0 0.23486328125 0.82080078125 0.15966796875 0.82080078125 0.15966796875 0.89697265625 0.23486328125 0.89697265625 0.23486328125 0.82080078125
0 0.2724609375 1 0.2724609375 0.94921875 0.193359375 0.94921875 0.193359375 1 0.2724609375 1
0 0.40283203125 0.87158203125 0.32958984375 0.87158203125 0.32958984375 0.94580078125 0.40283203125 0.94580078125 0.40283203125 0.87158203125
0 0.48828125 0.85107421875 0.4150390625 0.85107421875 0.4150390625 0.92431640625 0.48828125 0.92431640625 0.48828125 0.85107421875
0 0.52978515625 0.75634765625 0.46435546875 0.75634765625 0.46435546875 0.82958984375 0.52978515625 0.82958984375 0.52978515625 0.75634765625
0 0.5634765625 0.85107421875 0.486328125 0.85107421875 0.486328125 0.92041015625 0.5634765625 0.92041015625 0.5634765625 0.85107421875
0 0.40234375 1 0.40234375 0.9501953125 0.318359375 0.9501953125 0.318359375 1 0.40234375 1
0 0.48291015625 0.92333984375 0.38916015625 0.92333984375 0.38916015625 0.99853515625 0.48291015625 0.99853515625 0.48291015625 0.92333984375
0 0.55712890625 0.91748046875 0.47900390625 0.91748046875 0.47900390625 0.99365234375 0.55712890625 0.99365234375 0.55712890625 0.91748046875
0 0.501953125 1 0.501953125 0.982421875 0.4453125 0.982421875 0.4453125 1 0.501953125 1
0 0 0.69921875 0.01953125 0.69921875 0.01953125 0.6318359375 0 0.6318359375 0 0.69921875
0 0 0.78466796875 0.0166015625 0.78466796875 0.0166015625 0.72412109375 0 0.72412109375 0 0.78466796875
0 0.1435546875 1 0.1435546875 0.9814453125 0.0810546875 0.9814453125 0.0810546875 1 0.1435546875 1
0 0.3955078125 0.830078125 0.3779296875 0.830078125 0.3779296875 0.841796875 0.3955078125 0.841796875 0.3955078125 0.830078125
0 0.58203125 0.9130859375 0.564453125 0.9130859375 0.564453125 0.927734375 0.58203125 0.927734375 0.58203125 0.9130859375
0 0.6552734375 0.87841796875 0.58203125 0.87841796875 0.58203125 0.94873046875 0.6552734375 0.94873046875 0.6552734375 0.87841796875
0 0.625 0.7392578125 0.55078125 0.7392578125 0.55078125 0.8125 0.625 0.8125 0.625 0.7392578125
0 0.68798828125 0.796875 0.61279296875 0.796875 0.61279296875 0.869140625 0.68798828125 0.869140625 0.68798828125 0.796875
0 0.72021484375 0.88330078125 0.64892578125 0.88330078125 0.64892578125 0.95556640625 0.72021484375 0.95556640625 0.72021484375 0.88330078125
0 0.7919921875 0.90673828125 0.71875 0.90673828125 0.71875 0.98291015625 0.7919921875 0.98291015625 0.7919921875 0.90673828125
0 0.75927734375 1 0.75927734375 0.9599609375 0.66748046875 0.9599609375 0.66748046875 1 0.75927734375 1
0 0.8681640625 0.90380859375 0.7900390625 0.90380859375 0.7900390625 0.97998046875 0.8681640625 0.97998046875 0.8681640625 0.90380859375
0 0.9306640625 0.9453125 0.8544921875 0.9453125 0.8544921875 0.9990234375 0.9306640625 0.9990234375 0.9306640625 0.9453125
0 0.76318359375 0.7255859375 0.68994140625 0.7255859375 0.68994140625 0.7998046875 0.76318359375 0.7998046875 0.76318359375 0.7255859375
0 0.6953125 0.6708984375 0.623046875 0.6708984375 0.623046875 0.7451171875 0.6953125 0.7451171875 0.6953125 0.6708984375
0 0.7451171875 0.60986328125 0.6748046875 0.60986328125 0.6748046875 0.67919921875 0.7451171875 0.67919921875 0.7451171875 0.60986328125
0 0.81005859375 0.61376953125 0.73876953125 0.61376953125 0.73876953125 0.68798828125 0.81005859375 0.68798828125 0.81005859375 0.61376953125
0 0.85791015625 0.666015625 0.77978515625 0.666015625 0.77978515625 0.7451171875 0.85791015625 0.7451171875 0.85791015625 0.666015625
0 0.81396484375 0.77685546875 0.73876953125 0.77685546875 0.73876953125 0.85009765625 0.81396484375 0.85009765625 0.81396484375 0.77685546875
0 0.87744140625 0.8095703125 0.79736328125 0.8095703125 0.79736328125 0.8876953125 0.87744140625 0.8876953125 0.87744140625 0.8095703125
0 0.93310546875 0.7197265625 0.85595703125 0.7197265625 0.85595703125 0.79296875 0.93310546875 0.79296875 0.93310546875 0.7197265625
0 0.92724609375 0.65283203125 0.85302734375 0.65283203125 0.85302734375 0.72705078125 0.92724609375 0.72705078125 0.92724609375 0.65283203125
0 0.8955078125 0.5947265625 0.818359375 0.5947265625 0.818359375 0.666015625 0.8955078125 0.666015625 0.8955078125 0.5947265625
0 0.984375 0.79638671875 0.873046875 0.79638671875 0.873046875 0.85693359375 0.984375 0.85693359375 0.984375 0.79638671875
0 0.9296875 0.8720703125 0.8515625 0.8720703125 0.8515625 0.94921875 0.9296875 0.94921875 0.9296875 0.8720703125
0 0.990234375 0.85205078125 0.91796875 0.85205078125 0.91796875 0.91650390625 0.990234375 0.91650390625 0.990234375 0.85205078125
0 0.890625 0.44873046875 0.8056640625 0.44873046875 0.8056640625 0.52880859375 0.890625 0.52880859375 0.890625 0.44873046875
0 0.9482421875 0.45654296875 0.8798828125 0.45654296875 0.8798828125 0.52880859375 0.9482421875 0.52880859375 0.9482421875 0.45654296875
0 0.92919921875 0.5263671875 0.85498046875 0.5263671875 0.85498046875 0.6005859375 0.92919921875 0.6005859375 0.92919921875 0.5263671875
0 1 0.4736328125 0.9599609375 0.4736328125 0.9599609375 0.5498046875 1 0.5498046875 1 0.4736328125
0 1 0.56103515625 0.982421875 0.56103515625 0.982421875 0.62451171875 1 0.62451171875 1 0.56103515625
0 1 0.6689453125 0.9453125 0.6689453125 0.9453125 0.736328125 1 0.736328125 1 0.6689453125
0 1 0.923828125 0.9326171875 0.923828125 0.9326171875 1 1 1 1 0.923828125
0 1 0.73486328125 0.9453125 0.73486328125 0.9453125 0.80419921875 1 0.80419921875 1 0.73486328125