0 0.36181640625 0.53759765625 0.31689453125 0.53759765625 0.31689453125 0.57763671875 0.36181640625 0.57763671875 0.36181640625 0.53759765625
0 0.3935546875 0.58447265625 0.35546875 0.58447265625 0.35546875 0.62451171875 0.3935546875 0.62451171875 0.3935546875 0.58447265625
0 0.61376953125 0.66943359375 0.58349609375 0.66943359375 0.58349609375 0.70654296875 0.61376953125 0.70654296875 0.61376953125 0.66943359375
0 0.80419921875 0.771484375 0.76611328125 0.771484375 0.76611328125 0.8115234375 0.80419921875 0.8115234375 0.80419921875 0.771484375
0 0.8076171875 0.572265625 0.7578125 0.572265625 0.7578125 0.62109375 0.8076171875 0.62109375 0.8076171875 0.572265625
0 0.939453125 0.59423828125 0.8994140625 0.59423828125 0.8994140625 0.65771484375 0.939453125 0.65771484375 0.939453125 0.59423828125
0 0.78564453125 0.24853515625 0.74267578125 0.24853515625 0.74267578125 0.29541015625 0.78564453125 0.29541015625 0.78564453125 0.24853515625
0 0.6689453125 0.0966796875 0.6357421875 0.0966796875 0.6357421875 0.1318359375 0.6689453125 0.1318359375 0.6689453125 0.0966796875
0 0.22998046875 0.15869140625 0.15673828125 0.15869140625 0.15673828125 0.21044921875 0.22998046875 0.21044921875 0.22998046875 0.15869140625
0 0.23828125 0.33056640625 0.2099609375 0.33056640625 0.2099609375 0.37060546875 0.23828125 0.37060546875 0.23828125 0.33056640625
0 0.099609375 0.8779296875 0.0732421875 0.8779296875 0.0732421875 0.90625 0.099609375 0.90625 0.099609375 0.8779296875
0 0.20703125 0.55908203125 0.185546875 0.55908203125 0.185546875 0.57861328125 0.20703125 0.57861328125 0.20703125 0.55908203125
0 0.6533203125 0.83740234375 0.5947265625 0.83740234375 0.5947265625 0.90087890625 0.6533203125 0.90087890625 0.6533203125 0.83740234375
0 0.65380859375 0.916015625 0.62548828125 0.916015625 0.62548828125 0.9365234375 0.65380859375 0.9365234375 0.65380859375 0.916015625
0 0.5029296875 0.89453125 0.470703125 0.89453125 0.470703125 0.935546875 0.5029296875 0.935546875 0.5029296875 0.89453125
0 1 0.78125 0.9599609375 0.78125 0.9599609375 0.8349609375 1 0.8349609375 1 0.78125
0 1 0.2216796875 0.9716796875 0.2216796875 0.9716796875 0.2529296875 1 0.2529296875 1 0.2216796875
0 0.94140625 0.01806640625 0.9111328125 0.01806640625 0.9111328125 0.05029296875 0.94140625 0.05029296875 0.94140625 0.01806640625
0 0.97216796875 0.04052734375 0.91943359375 0.04052734375 0.91943359375 0.08349609375 0.97216796875 0.08349609375 0.97216796875 0.04052734375
0 0.98681640625 1 0.98681640625 0.9892578125 0.96630859375 0.9892578125 0.96630859375 1 0.98681640625 1