0 0.40576171875 0.41015625 0.37744140625 0.41015625 0.37744140625 0.439453125 0.40576171875 0.439453125 0.40576171875 0.41015625
0 0.3720703125 0.44384765625 0.3310546875 0.44384765625 0.3310546875 0.47705078125 0.3720703125 0.47705078125 0.3720703125 0.44384765625
0 0.3212890625 0.41162109375 0.2939453125 0.41162109375 0.2939453125 0.43603515625 0.3212890625 0.43603515625 0.3212890625 0.41162109375
0 0.29833984375 0.45849609375 0.28076171875 0.45849609375 0.28076171875 0.49560546875 0.29833984375 0.49560546875 0.29833984375 0.45849609375
0 0.49560546875 0.55419921875 0.47412109375 0.55419921875 0.47412109375 0.58056640625 0.49560546875 0.58056640625 0.49560546875 0.55419921875
0 0.55126953125 0.548828125 0.53662109375 0.548828125 0.53662109375 0.564453125 0.55126953125 0.564453125 0.55126953125 0.548828125
0 0.51708984375 0.591796875 0.48095703125 0.591796875 0.48095703125 0.6279296875 0.51708984375 0.6279296875 0.51708984375 0.591796875
0 0.5361328125 0.623046875 0.50390625 0.623046875 0.50390625 0.6484375 0.5361328125 0.6484375 0.5361328125 0.623046875
0 0.548828125 0.6435546875 0.5087890625 0.6435546875 0.5087890625 0.669921875 0.548828125 0.669921875 0.548828125 0.6435546875
0 0.47509765625 0.67529296875 0.44384765625 0.67529296875 0.44384765625 0.71044921875 0.47509765625 0.71044921875 0.47509765625 0.67529296875
0 0.44677734375 0.6943359375 0.43310546875 0.6943359375 0.43310546875 0.708984375 0.44677734375 0.708984375 0.44677734375 0.6943359375
0 0.35888671875 0.64892578125 0.29150390625 0.64892578125 0.29150390625 0.70263671875 0.35888671875 0.70263671875 0.35888671875 0.64892578125
0 0.38720703125 0.8232421875 0.35888671875 0.8232421875 0.35888671875 0.8466796875 0.38720703125 0.8466796875 0.38720703125 0.8232421875
0 0.2705078125 0.73681640625 0.2412109375 0.73681640625 0.2412109375 0.77880859375 0.2705078125 0.77880859375 0.2705078125 0.73681640625
0 0.26953125 0.7841796875 0.2490234375 0.7841796875 0.2490234375 0.8330078125 0.26953125 0.8330078125 0.26953125 0.7841796875
0 0.2060546875 0.79052734375 0.19140625 0.79052734375 0.19140625 0.82763671875 0.2060546875 0.82763671875 0.2060546875 0.79052734375
0 0.22021484375 0.6962890625 0.18505859375 0.6962890625 0.18505859375 0.7236328125 0.22021484375 0.7236328125 0.22021484375 0.6962890625
0 0.1826171875 0.69677734375 0.1337890625 0.69677734375 0.1337890625 0.76220703125 0.1826171875 0.76220703125 0.1826171875 0.69677734375
0 0.18505859375 0.62255859375 0.13330078125 0.62255859375 0.13330078125 0.68310546875 0.18505859375 0.68310546875 0.18505859375 0.62255859375
0 0.140625 0.60986328125 0.1201171875 0.60986328125 0.1201171875 0.63134765625 0.140625 0.63134765625 0.140625 0.60986328125
0 0.169921875 0.5107421875 0.1591796875 0.5107421875 0.1591796875 0.5224609375 0.169921875 0.5224609375 0.169921875 0.5107421875
0 0.2490234375 0.41552734375 0.1953125 0.41552734375 0.1953125 0.45166015625 0.2490234375 0.45166015625 0.2490234375 0.41552734375
0 0.26806640625 0.298828125 0.25146484375 0.298828125 0.25146484375 0.3232421875 0.26806640625 0.3232421875 0.26806640625 0.298828125
0 0.17578125 0.36962890625 0.13671875 0.36962890625 0.13671875 0.39501953125 0.17578125 0.39501953125 0.17578125 0.36962890625
0 0.14599609375 0.3203125 0.11376953125 0.3203125 0.11376953125 0.34765625 0.14599609375 0.34765625 0.14599609375 0.3203125
0 0.1328125 0.2841796875 0.1162109375 0.2841796875 0.1162109375 0.302734375 0.1328125 0.302734375 0.1328125 0.2841796875
0 0.14453125 0.23583984375 0.130859375 0.23583984375 0.130859375 0.25048828125 0.14453125 0.25048828125 0.14453125 0.23583984375
0 0.10205078125 0.2978515625 0.08837890625 0.2978515625 0.08837890625 0.3095703125 0.10205078125 0.3095703125 0.10205078125 0.2978515625
0 0.24658203125 0.18603515625 0.23193359375 0.18603515625 0.23193359375 0.20166015625 0.24658203125 0.20166015625 0.24658203125 0.18603515625
0 0.27783203125 0.1689453125 0.23974609375 0.1689453125 0.23974609375 0.1953125 0.27783203125 0.1953125 0.27783203125 0.1689453125
0 0.318359375 0.115234375 0.3046875 0.115234375 0.3046875 0.12890625 0.318359375 0.12890625 0.318359375 0.115234375
0 0.31591796875 0.07861328125 0.29736328125 0.07861328125 0.29736328125 0.09326171875 0.31591796875 0.09326171875 0.31591796875 0.07861328125
0 0.43017578125 0.08837890625 0.41455078125 0.08837890625 0.41455078125 0.10693359375 0.43017578125 0.10693359375 0.43017578125 0.08837890625
0 0.2900390625 0 0.2900390625 0.0146484375 0.3232421875 0.0146484375 0.3232421875 0 0.2900390625 0
0 0.06689453125 0 0.06689453125 0.013671875 0.10400390625 0.013671875 0.10400390625 0 0.06689453125 0
0 0.1279296875 0.0732421875 0.0986328125 0.0732421875 0.0986328125 0.0966796875 0.1279296875 0.0966796875 0.1279296875 0.0732421875
0 0 0.140625 0.02734375 0.140625 0.02734375 0.11328125 0 0.11328125 0 0.140625
0 0.05224609375 0.30517578125 0.02783203125 0.30517578125 0.02783203125 0.34326171875 0.05224609375 0.34326171875 0.05224609375 0.30517578125
0 0.08203125 0.31298828125 0.05859375 0.31298828125 0.05859375 0.34326171875 0.08203125 0.34326171875 0.08203125 0.31298828125
0 0.06396484375 0.33056640625 0.05419921875 0.33056640625 0.05419921875 0.34033203125 0.06396484375 0.34033203125 0.06396484375 0.33056640625
0 0.1083984375 0.32763671875 0.0712890625 0.32763671875 0.0712890625 0.36572265625 0.1083984375 0.36572265625 0.1083984375 0.32763671875
0 0.0615234375 0.3427734375 0.009765625 0.3427734375 0.009765625 0.3828125 0.0615234375 0.3828125 0.0615234375 0.3427734375
0 0.07666015625 0.64892578125 0.06396484375 0.64892578125 0.06396484375 0.66064453125 0.07666015625 0.66064453125 0.07666015625 0.64892578125
0 0.09326171875 0.6884765625 0.06103515625 0.6884765625 0.06103515625 0.7294921875 0.09326171875 0.7294921875 0.09326171875 0.6884765625
0 0 0.66943359375 0.005859375 0.66943359375 0.005859375 0.64794921875 0 0.64794921875 0 0.66943359375
0 0.00634765625 0.55126953125 0.00048828125 0.55126953125 0.00048828125 0.55908203125 0.00634765625 0.55908203125 0.00634765625 0.55126953125
0 0 0.71044921875 0.005859375 0.71044921875 0.005859375 0.69775390625 0 0.69775390625 0 0.71044921875
0 0.224609375 0.75341796875 0.2158203125 0.75341796875 0.2158203125 0.76416015625 0.224609375 0.76416015625 0.224609375 0.75341796875
0 0.2275390625 0.87451171875 0.2080078125 0.87451171875 0.2080078125 0.89208984375 0.2275390625 0.89208984375 0.2275390625 0.87451171875
0 0.17822265625 0.9609375 0.14990234375 0.9609375 0.14990234375 0.9833984375 0.17822265625 0.9833984375 0.17822265625 0.9609375
0 0.63037109375 0.96435546875 0.61279296875 0.96435546875 0.61279296875 0.98291015625 0.63037109375 0.98291015625 0.63037109375 0.96435546875
0 0.7939453125 0.7822265625 0.7763671875 0.7822265625 0.7763671875 0.802734375 0.7939453125 0.802734375 0.7939453125 0.7822265625
0 0.7509765625 0.7529296875 0.73046875 0.7529296875 0.73046875 0.7724609375 0.7509765625 0.7724609375 0.7509765625 0.7529296875
0 0.75 0.716796875 0.7294921875 0.716796875 0.7294921875 0.7373046875 0.75 0.7373046875 0.75 0.716796875
0 0.68212890625 0.6845703125 0.66162109375 0.6845703125 0.66162109375 0.7021484375 0.68212890625 0.7021484375 0.68212890625 0.6845703125
0 0.58837890625 0.765625 0.57861328125 0.765625 0.57861328125 0.7724609375 0.58837890625 0.7724609375 0.58837890625 0.765625
0 0.8046875 0.63232421875 0.783203125 0.63232421875 0.783203125 0.65087890625 0.8046875 0.65087890625 0.8046875 0.63232421875
0 0.8779296875 0.6552734375 0.87109375 0.6552734375 0.87109375 0.66015625 0.8779296875 0.66015625 0.8779296875 0.6552734375
0 0.78466796875 0.6416015625 0.73876953125 0.6416015625 0.73876953125 0.6767578125 0.78466796875 0.6767578125 0.78466796875 0.6416015625
0 0.71337890625 0.5703125 0.69287109375 0.5703125 0.69287109375 0.5947265625 0.71337890625 0.5947265625 0.71337890625 0.5703125
0 0.70361328125 0.490234375 0.67333984375 0.490234375 0.67333984375 0.529296875 0.70361328125 0.529296875 0.70361328125 0.490234375
0 0.650390625 0.51123046875 0.6259765625 0.51123046875 0.6259765625 0.53076171875 0.650390625 0.53076171875 0.650390625 0.51123046875
0 0.77197265625 0.44189453125 0.76123046875 0.44189453125 0.76123046875 0.44775390625 0.77197265625 0.44775390625 0.77197265625 0.44189453125
0 0.751953125 0.39599609375 0.724609375 0.39599609375 0.724609375 0.42138671875 0.751953125 0.42138671875 0.751953125 0.39599609375
0 0.8125 0.35595703125 0.767578125 0.35595703125 0.767578125 0.39697265625 0.8125 0.39697265625 0.8125 0.35595703125
0 0.69287109375 0.33349609375 0.66943359375 0.33349609375 0.66943359375 0.35205078125 0.69287109375 0.35205078125 0.69287109375 0.33349609375
0 0.66943359375 0.28076171875 0.64697265625 0.28076171875 0.64697265625 0.30126953125 0.66943359375 0.30126953125 0.66943359375 0.28076171875
0 0.64794921875 0.29931640625 0.62158203125 0.29931640625 0.62158203125 0.33056640625 0.64794921875 0.33056640625 0.64794921875 0.29931640625
0 0.7109375 0.27392578125 0.6474609375 0.27392578125 0.6474609375 0.33935546875 0.7109375 0.33935546875 0.7109375 0.27392578125
0 0.75634765625 0.244140625 0.71826171875 0.244140625 0.71826171875 0.2666015625 0.75634765625 0.2666015625 0.75634765625 0.244140625
0 0.98193359375 0.39697265625 0.97021484375 0.39697265625 0.97021484375 0.41357421875 0.98193359375 0.41357421875 0.98193359375 0.39697265625
0 0.8564453125 0.47021484375 0.8349609375 0.47021484375 0.8349609375 0.49658203125 0.8564453125 0.49658203125 0.8564453125 0.47021484375
0 0.8623046875 0.53369140625 0.84765625 0.53369140625 0.84765625 0.55615234375 0.8623046875 0.55615234375 0.8623046875 0.53369140625
0 1 0.80224609375 0.98046875 0.80224609375 0.98046875 0.83056640625 1 0.83056640625 1 0.80224609375
0 0.97900390625 0.80859375 0.95556640625 0.80859375 0.95556640625 0.8359375 0.97900390625 0.8359375 0.97900390625 0.80859375
0 0.95166015625 0.833984375 0.93603515625 0.833984375 0.93603515625 0.8583984375 0.95166015625 0.8583984375 0.95166015625 0.833984375
0 0.73193359375 0.9873046875 0.72119140625 0.9873046875 0.72119140625 0.9970703125 0.73193359375 0.9970703125 0.73193359375 0.9873046875
0 0.53564453125 0.81591796875 0.52490234375 0.81591796875 0.52490234375 0.82666015625 0.53564453125 0.82666015625 0.53564453125 0.81591796875
0 0.39599609375 0.7001953125 0.38427734375 0.7001953125 0.38427734375 0.7080078125 0.39599609375 0.7080078125 0.39599609375 0.7001953125
0 0.48486328125 0.24267578125 0.47021484375 0.24267578125 0.47021484375 0.27099609375 0.48486328125 0.27099609375 0.48486328125 0.24267578125
0 0.607421875 0.25830078125 0.564453125 0.25830078125 0.564453125 0.28759765625 0.607421875 0.28759765625 0.607421875 0.25830078125
0 0.509765625 0.17724609375 0.4521484375 0.17724609375 0.4521484375 0.23388671875 0.509765625 0.23388671875 0.509765625 0.17724609375
0 0.46826171875 0.2080078125 0.42919921875 0.2080078125 0.42919921875 0.2666015625 0.46826171875 0.2666015625 0.46826171875 0.2080078125
0 0.529296875 0.07470703125 0.5029296875 0.07470703125 0.5029296875 0.09814453125 0.529296875 0.09814453125 0.529296875 0.07470703125
0 0.7392578125 0.14892578125 0.71875 0.14892578125 0.71875 0.16650390625 0.7392578125 0.16650390625 0.7392578125 0.14892578125
0 0.8564453125 0.11767578125 0.8369140625 0.11767578125 0.8369140625 0.14013671875 0.8564453125 0.14013671875 0.8564453125 0.11767578125
0 0.95263671875 0.1474609375 0.92138671875 0.1474609375 0.92138671875 0.1748046875 0.95263671875 0.1748046875 0.95263671875 0.1474609375
0 0.8857421875 0.0390625 0.8525390625 0.0390625 0.8525390625 0.0703125 0.8857421875 0.0703125 0.8857421875 0.0390625
0 0.78564453125 0 0.78564453125 0.0263671875 0.81005859375 0.0263671875 0.81005859375 0 0.78564453125 0
0 0.88037109375 0.0205078125 0.86767578125 0.0205078125 0.86767578125 0.03125 0.88037109375 0.03125 0.88037109375 0.0205078125