0 0.17529296875 0.01123046875 0.05615234375 0.01123046875 0.05615234375 0.13720703125 0.17529296875 0.13720703125 0.17529296875 0.01123046875
0 0.72119140625 0.2353515625 0.61083984375 0.2353515625 0.61083984375 0.375 0.72119140625 0.375 0.72119140625 0.2353515625
0 0.7490234375 0.18701171875 0.716796875 0.18701171875 0.716796875 0.22119140625 0.7490234375 0.22119140625 0.7490234375 0.18701171875
0 0.82470703125 0 0.82470703125 0.04296875 0.88720703125 0.04296875 0.88720703125 0 0.82470703125 0
0 0.47265625 0.6279296875 0.423828125 0.6279296875 0.423828125 0.677734375 0.47265625 0.677734375 0.47265625 0.6279296875
0 0.6396484375 0.68017578125 0.5654296875 0.68017578125 0.5654296875 0.76611328125 0.6396484375 0.76611328125 0.6396484375 0.68017578125
0 1 0.658203125 0.8857421875 0.658203125 0.8857421875 0.833984375 1 0.833984375 1 0.658203125
0 0.96337890625 0.322265625 0.93408203125 0.322265625 0.93408203125 0.361328125 0.96337890625 0.361328125 0.96337890625 0.322265625
0 0.9052734375 0.203125 0.8720703125 0.203125 0.8720703125 0.2353515625 0.9052734375 0.2353515625 0.9052734375 0.203125
0 0.39892578125 0.45068359375 0.36474609375 0.45068359375 0.36474609375 0.50634765625 0.39892578125 0.50634765625 0.39892578125 0.45068359375
0 0.7216796875 0.4052734375 0.65625 0.4052734375 0.65625 0.46484375 0.7216796875 0.46484375 0.7216796875 0.4052734375
0 0.646484375 0.88671875 0.60546875 0.88671875 0.60546875 0.93359375 0.646484375 0.93359375 0.646484375 0.88671875
0 0.80859375 0.939453125 0.76171875 0.939453125 0.76171875 0.986328125 0.80859375 0.986328125 0.80859375 0.939453125
0 0.94287109375 0.9541015625 0.87353515625 0.9541015625 0.87353515625 0.9833984375 0.94287109375 0.9833984375 0.94287109375 0.9541015625