0 0.1982421875 0.31201171875 0.177734375 0.31201171875 0.177734375 0.33056640625 0.1982421875 0.33056640625 0.1982421875 0.31201171875
0 0.169921875 0.0263671875 0.146484375 0.0263671875 0.146484375 0.0517578125 0.169921875 0.0517578125 0.169921875 0.0263671875
0 0.5322265625 0.0732421875 0.4970703125 0.0732421875 0.4970703125 0.103515625 0.5322265625 0.103515625 0.5322265625 0.0732421875
0 0.56396484375 0.08349609375 0.52685546875 0.08349609375 0.52685546875 0.11669921875 0.56396484375 0.11669921875 0.56396484375 0.08349609375
0 0.55224609375 0.0498046875 0.52880859375 0.0498046875 0.52880859375 0.0634765625 0.55224609375 0.0634765625 0.55224609375 0.0498046875
0 0.7470703125 0.0869140625 0.7255859375 0.0869140625 0.7255859375 0.1220703125 0.7470703125 0.1220703125 0.7470703125 0.0869140625
0 0.7939453125 0.06640625 0.75390625 0.06640625 0.75390625 0.115234375 0.7939453125 0.115234375 0.7939453125 0.06640625
0 0.8525390625 0.1181640625 0.798828125 0.1181640625 0.798828125 0.18359375 0.8525390625 0.18359375 0.8525390625 0.1181640625
0 0.8759765625 0.1337890625 0.8623046875 0.1337890625 0.8623046875 0.150390625 0.8759765625 0.150390625 0.8759765625 0.1337890625
0 0.92431640625 0.22021484375 0.89404296875 0.22021484375 0.89404296875 0.24853515625 0.92431640625 0.24853515625 0.92431640625 0.22021484375
0 0.732421875 0.21533203125 0.697265625 0.21533203125 0.697265625 0.27197265625 0.732421875 0.27197265625 0.732421875 0.21533203125
0 0.607421875 0.1689453125 0.5439453125 0.1689453125 0.5439453125 0.2021484375 0.607421875 0.2021484375 0.607421875 0.1689453125
0 0.5205078125 0.19873046875 0.4716796875 0.19873046875 0.4716796875 0.25048828125 0.5205078125 0.25048828125 0.5205078125 0.19873046875
0 0.38037109375 0.07177734375 0.35498046875 0.07177734375 0.35498046875 0.09521484375 0.38037109375 0.09521484375 0.38037109375 0.07177734375
0 0.27490234375 0.20361328125 0.25830078125 0.20361328125 0.25830078125 0.22021484375 0.27490234375 0.22021484375 0.27490234375 0.20361328125
0 0.4384765625 0.3671875 0.4072265625 0.3671875 0.4072265625 0.388671875 0.4384765625 0.388671875 0.4384765625 0.3671875
0 0.3154296875 0.3291015625 0.2900390625 0.3291015625 0.2900390625 0.3505859375 0.3154296875 0.3505859375 0.3154296875 0.3291015625
0 0.1865234375 0.5390625 0.1484375 0.5390625 0.1484375 0.5908203125 0.1865234375 0.5908203125 0.1865234375 0.5390625
0 0.2783203125 0.58251953125 0.251953125 0.58251953125 0.251953125 0.60400390625 0.2783203125 0.60400390625 0.2783203125 0.58251953125
0 0.36376953125 0.587890625 0.32666015625 0.587890625 0.32666015625 0.6142578125 0.36376953125 0.6142578125 0.36376953125 0.587890625
0 0.37158203125 0.458984375 0.32861328125 0.458984375 0.32861328125 0.4892578125 0.37158203125 0.4892578125 0.37158203125 0.458984375
0 0.65185546875 0.46923828125 0.60888671875 0.46923828125 0.60888671875 0.50927734375 0.65185546875 0.50927734375 0.65185546875 0.46923828125
0 0.54541015625 0.3505859375 0.52001953125 0.3505859375 0.52001953125 0.376953125 0.54541015625 0.376953125 0.54541015625 0.3505859375
0 0.306640625 0.8115234375 0.263671875 0.8115234375 0.263671875 0.8564453125 0.306640625 0.8564453125 0.306640625 0.8115234375
0 0.44384765625 0.642578125 0.40673828125 0.642578125 0.40673828125 0.6845703125 0.44384765625 0.6845703125 0.44384765625 0.642578125
0 0.48193359375 0.69482421875 0.44677734375 0.69482421875 0.44677734375 0.73779296875 0.48193359375 0.73779296875 0.48193359375 0.69482421875
0 0.20654296875 0.88134765625 0.17822265625 0.88134765625 0.17822265625 0.90966796875 0.20654296875 0.90966796875 0.20654296875 0.88134765625
0 0.6259765625 0.7509765625 0.60546875 0.7509765625 0.60546875 0.7763671875 0.6259765625 0.7763671875 0.6259765625 0.7509765625
0 0.501953125 0.74462890625 0.4833984375 0.74462890625 0.4833984375 0.76318359375 0.501953125 0.76318359375 0.501953125 0.74462890625
0 0.4521484375 0.91162109375 0.421875 0.91162109375 0.421875 0.93798828125 0.4521484375 0.93798828125 0.4521484375 0.91162109375
0 0.63916015625 0.83935546875 0.60205078125 0.83935546875 0.60205078125 0.86474609375 0.63916015625 0.86474609375 0.63916015625 0.83935546875
0 0.73388671875 0.8681640625 0.70263671875 0.8681640625 0.70263671875 0.8916015625 0.73388671875 0.8916015625 0.73388671875 0.8681640625
0 0.84423828125 0.837890625 0.82080078125 0.837890625 0.82080078125 0.8564453125 0.84423828125 0.8564453125 0.84423828125 0.837890625
0 0.9560546875 0.791015625 0.857421875 0.791015625 0.857421875 0.8447265625 0.9560546875 0.8447265625 0.9560546875 0.791015625
0 0.70556640625 0.38037109375 0.65576171875 0.38037109375 0.65576171875 0.41748046875 0.70556640625 0.41748046875 0.70556640625 0.38037109375
0 0.76904296875 0.35205078125 0.72607421875 0.35205078125 0.72607421875 0.38720703125 0.76904296875 0.38720703125 0.76904296875 0.35205078125
0 0.75732421875 0.298828125 0.72412109375 0.298828125 0.72412109375 0.3291015625 0.75732421875 0.3291015625 0.75732421875 0.298828125
0 0.80419921875 0.263671875 0.76904296875 0.263671875 0.76904296875 0.296875 0.80419921875 0.296875 0.80419921875 0.263671875
0 0.6474609375 0.27685546875 0.6240234375 0.27685546875 0.6240234375 0.31396484375 0.6474609375 0.31396484375 0.6474609375 0.27685546875