0 0.30689885625 0.490575075 0.20408058125 0.51812515 0.2220260421875 0.585098521875 0.32484431874999997 0.5575484484375 0.30689885625 0.490575075
0 0.33349413906250003 0.557758265625 0.236335584375 0.583791821875 0.253270034375 0.646992046875 0.35042858906249996 0.620958490625 0.33349413906250003 0.557758265625
0 0.3304121765625 0.66322380625 0.276644821875 0.677630725 0.291051740625 0.7313980812499999 0.344819096875 0.7169911609375 0.3304121765625 0.66322380625
0 0.7822388499999999 0.7458761109375 0.705832609375 0.7663491015624999 0.7288331296874999 0.8521882125 0.805239371875 0.8317152218749999 0.7822388499999999 0.7458761109375
0 0.6848686984375 0.8579023749999999 0.6112923171875 0.87761710625 0.620138671875 0.91063215 0.693715053125 0.8909174171875 0.6848686984375 0.8579023749999999
0 0.655902565625 0.9384566828124999 0.6266606718750001 0.946292025 0.6327267421875 0.9689309125 0.6619686375 0.9610955703125 0.655902565625 0.9384566828124999
0 0.9331224765625 0.8014930953125001 0.887844703125 0.8136252374999999 0.9025043765625 0.8683358796875 0.9477821484375 0.8562037374999999 0.9331224765625 0.8014930953125001
0 0.699588628125 0.43742128124999996 0.6458212734375001 0.4518282 0.6650304984375001 0.5235180078125 0.7187978546875 0.5091110890625 0.699588628125 0.43742128124999996
0 0.5541803468750001 0.48902096093749997 0.5183354437500001 0.498625575 0.527687303125 0.533527190625 0.5635322078125 0.523922578125 0.5541803468750001 0.48902096093749997
0 0.4983818953125 0.48830142656250003 0.4663101390625 0.49689502812499997 0.47161795156249997 0.5167040546874999 0.5036897078125 0.508110453125 0.4983818953125 0.48830142656250003
0 0.475051171875 0.2842624015625 0.4080777984375 0.3022078625 0.4252650015625 0.366351375 0.4922383734375 0.3484059140625 0.475051171875 0.2842624015625
0 0.49769426875 0.229161125 0.461849365625 0.2387657375 0.4737287546875 0.2831002234375 0.509573659375 0.2734956109375 0.49769426875 0.229161125
0 0.581766540625 0.227865278125 0.5166797421875 0.2453052328125 0.5353834625 0.315108465625 0.6004702609375 0.2976685109375 0.581766540625 0.227865278125
0 0.7464577640625001 0.1256032140625 0.647412634375 0.152142275 0.668138378125 0.2294918046875 0.7671835078125 0.2029527421875 0.7464577640625001 0.1256032140625
0 0.4845438203125 0.095187159375 0.4109674390625 0.114901890625 0.42360508750000003 0.1620662375 0.49718146875 0.14235150624999998 0.4845438203125 0.095187159375
0 0.7026923640625 0 0.7241344921875 0.080023109375 0.7986541609375 0.060055625 0.7825623046875 0 0.7026923640625 0
0 0.3496960734375 0.035273375 0.29498542968749997 0.049933046875 0.31217263281249996 0.11407655937500001 0.366883275 0.0994168859375 0.3496960734375 0.035273375
0 0.328246584375 0.062757503125 0.3196529828125 0.030685746874999996 0.24230345312499998 0.051411490625 0.2508970546875 0.083483246875 0.328246584375 0.062757503125
0 0 0.277087396875 0.025917128125 0.2701429234375 0.011510209375 0.21637556875000002 0 0.2194597203125 0 0.277087396875
0 0.7184331375 0.28324765625000003 0.628820878125 0.30725918750000003 0.6571292109375 0.41290732500000005 0.7467414703124999 0.3888957921875 0.7184331375 0.28324765625000003
0 0.8568962250000001 0.367973515625 0.7767168359375 0.38945751875 0.8088164640625 0.5092549609375 0.8889958531250001 0.48777095781249996 0.8568962250000001 0.367973515625
0 0.906288203125 0.403267546875 0.8827060296875 0.409586371875 0.8973657015625 0.46429701406249996 0.9209478750000001 0.4579781890625 0.906288203125 0.403267546875
0 1 0.43417374999999997 0.9871333375000001 0.3861547125 0.927706259375 0.40207815 0.9620806640625 0.5303651734375 1 0.52020471875 1 0.43417374999999997
0 0.9443062953125001 0.396113665625 0.9867542078125 0.38473978125 0.96425919375 0.30078724375 0.9218112812499999 0.31216112812499996 0.9443062953125001 0.396113665625
0 0.920375771875 0.269072259375 0.9533908156249999 0.26022590624999997 0.9301375421875001 0.1734435078125 0.8971224984375 0.1822898609375 0.920375771875 0.269072259375
0 0.8581454031250001 0.2028438609375 0.7864555953125001 0.22205308750000002 0.809456115625 0.3078921984375 0.8811459234375001 0.2886829734375 0.8581454031250001 0.2028438609375
0 0.90110724375 0.095286140625 0.8039486890624999 0.121319696875 0.8357955625000001 0.24017385156249998 0.93295411875 0.2141402953125 0.90110724375 0.095286140625
0 0.802875640625 0.6700811734375 0.769860596875 0.6789275265625 0.7817399875000001 0.7232620125 0.8147550296875 0.714415659375 0.802875640625 0.6700811734375