0 0.102727015625 0.10992118437500001 0.1041584390625 0.06893054531250001 0.076831346875 0.0679762625 0.075399921875 0.1089669015625 0.102727015625 0.10992118437500001
0 0.110474178125 0 0.10963006093750001 0.0241723625 0.1437889265625 0.025365215625 0.1446747 0 0.110474178125 0
0 0.1856377828125 0.142131225 0.187205534375 0.097236715625 0.1540226359375 0.09607794375 0.15245488437500002 0.140972453125 0.1856377828125 0.142131225
0 0.0261135578125 0.10724578437500001 0.0268633515625 0.085774496875 0.015151740624999998 0.08536551875000001 0.014401946874999998 0.10683680468750001 0.0261135578125 0.10724578437500001
0 0.114014140625 0.234414375 0.11490026093750001 0.20903921718750001 0.100260746875 0.20852799375000003 0.0993746265625 0.2339031515625 0.114014140625 0.234414375
0 0.0716075625 0.3155033359375 0.006217734375000001 0.313219871875 0.0042069234375 0.3708019609375 0.0695967515625 0.3730854234375 0.0716075625 0.3155033359375
0 0.07947415937499999 0.4120280828125 0.080326196875 0.3876288921875 0.0500712015625 0.3865723640625 0.049219162500000004 0.4109715546875 0.07947415937499999 0.4120280828125
0 0.15632463125 0.4498894390625 0.1571766703125 0.4254902484375 0.128873609375 0.42450188437499997 0.12802157187500002 0.44890107500000004 0.15632463125 0.4498894390625
0 0.13816543125 0.49420456250000006 0.13894930781249998 0.47175730781249997 0.1145501171875 0.47090526875 0.1137662421875 0.493352525 0.13816543125 0.49420456250000006
0 0.18887391250000002 0.5531390703125 0.1894873796875 0.535571653125 0.1758238328125 0.5350945125 0.175210365625 0.5526619296875 0.18887391250000002 0.5531390703125
0 0.144208665625 0.6429435765625 0.1447198875 0.6283040625 0.12422456875000001 0.62758835 0.1237133453125 0.6422278640625 0.144208665625 0.6429435765625
0 0.0722566046875 0.7166492609375 0.0726315015625 0.7059136171875 0.061895857812499996 0.7055387203125 0.0615209609375 0.7162743625 0.0722566046875 0.7166492609375
0 0.0392487578125 0.7384598078125 0.0402371234375 0.710156746875 0.0099821265625 0.7091002203125 0.008993762499999999 0.7374032796875001 0.0392487578125 0.7384598078125
0 0.2043592453125 0.6973220203125 0.20521128437499997 0.67292283125 0.17007645 0.6716958953125001 0.1692244125 0.6960950859375 0.2043592453125 0.6973220203125
0 0.231542259375 0.758366475 0.23317817343749997 0.7115200296874999 0.1853557609375 0.7098500343749999 0.183719846875 0.7566964796875 0.231542259375 0.758366475
0 0.28365741093749997 0.5251799359375 0.284952509375 0.48809316562499994 0.2527455796875 0.486968475 0.25145048124999997 0.52405524375 0.28365741093749997 0.5251799359375
0 0.29931472812500004 0.46856297187499996 0.3024161484375 0.3797499203125 0.226290675 0.377091559375 0.2231892546875 0.4659046125 0.29931472812500004 0.46856297187499996
0 0.28531812031250003 0.42165920625000003 0.28599975 0.4021398546875 0.2616005609375 0.40128781562500004 0.26091892968749997 0.42080716718750005 0.28531812031250003 0.42165920625000003
0 0.28654971875 0.260471184375 0.2878107359375 0.22436038281249998 0.2780510609375 0.2240195671875 0.27679004375 0.26013036875 0.28654971875 0.260471184375
0 0.34802176875 0.0251685 0.3487033984375 0.0056491484374999994 0.32430420937500004 0.004797109375 0.323622578125 0.0243164625 0.34802176875 0.0251685
0 0.45286236874999997 0.0869705015625 0.4544301203125 0.0420759921875 0.42905496249999997 0.041189871875 0.4274872109375 0.08608438125 0.45286236874999997 0.0869705015625
0 0.4515022359375 0 0.4504131625 0.031186981250000002 0.47188445 0.031936775 0.47299970625 0 0.4515022359375 0
0 0.3378267234375 0.4430360015625 0.33861059843749997 0.42058874687500003 0.31616334375 0.419804871875 0.31537946875 0.4422521265625 0.3378267234375 0.4430360015625
0 0.31657385625 0.519977878125 0.3172554875 0.500458525 0.297736134375 0.49977689375 0.2970545046875 0.519296246875 0.31657385625 0.519977878125
0 0.3668935296875 0.3521982078125 0.36716618125 0.3443904671875 0.3456948953125 0.34364067343750004 0.3454222421875 0.3514484140625 0.3668935296875 0.3521982078125
0 0.3902795609375 0.43802759062499996 0.39140425156249997 0.4058206609375 0.363101190625 0.4048322953125 0.36197650000000003 0.4370392265625 0.3902795609375 0.43802759062499996
0 0.43311678125 0.526490540625 0.4343777984375 0.4903797390625 0.40900264062499997 0.48949361874999997 0.4077416234375 0.5256044203125 0.43311678125 0.526490540625
0 0.393621065625 0.6081697296875 0.39491616406249996 0.571082959375 0.340261978125 0.56917439375 0.3389668796875 0.6062611625 0.393621065625 0.6081697296875
0 0.3799574984375 0.7615949343749999 0.38046872187499997 0.7469554203125 0.368757109375 0.746546440625 0.3682458875 0.7611859546875 0.3799574984375 0.7615949343749999
0 0.27631901718749996 0.8752347296874999 0.2770006484375 0.8557153765625 0.2643130703125 0.8552723171875 0.2636314390625 0.87479166875 0.27631901718749996 0.8752347296874999
0 0.364091028125 0.9501208906249999 0.3657610234375 0.9022984781250001 0.31793861093750003 0.9006284828125001 0.31626861562499997 0.9484508953124999 0.364091028125 0.9501208906249999
0 0.392084265625 0.8900260765624999 0.39242508125 0.8802664 0.37680959999999997 0.8797210953124999 0.376468784375 0.889480771875 0.392084265625 0.8900260765624999
0 0.4183904671875 0.8782416578125 0.41954923906249997 0.8450587593750001 0.381486503125 0.8437295796875001 0.38032773125 0.876912478125 0.4183904671875 0.8782416578125
0 0.44966177187499995 0.402480690625 0.45075238124999994 0.3712497265625 0.4263531921875 0.3703976875 0.42526258281249996 0.40162865156249994 0.44966177187499995 0.402480690625
0 0.444122009375 0.29528846249999996 0.4446332328125 0.2806489484375 0.43292162031250003 0.2802399703125 0.4324103984375 0.294879484375 0.444122009375 0.29528846249999996
0 0.4893945046875 0.3559874578125 0.4900761359375 0.3364681046875 0.4705567828125 0.33578647500000003 0.469875153125 0.3553058265625 0.4893945046875 0.3559874578125
0 0.540254796875 0.45254784062500003 0.5411749984374999 0.426196715625 0.51872774375 0.42541284062500007 0.5178075421874999 0.451763965625 0.540254796875 0.45254784062500003
0 0.563636184375 0.510528065625 0.56459046875 0.483200971875 0.5196959578125 0.481633221875 0.518741675 0.5089603140625 0.563636184375 0.510528065625
0 0.5040603265625 0.565611359375 0.504946446875 0.5402362015625 0.4844511265625 0.5395204890625 0.48356500625 0.5648956468749999 0.5040603265625 0.565611359375
0 0.4557158484375 0.564900290625 0.45619299062499996 0.55123674375 0.4415534765625 0.550725521875 0.44107633437500005 0.5643890671875 0.4557158484375 0.564900290625
0 0.4276343171875 0.5575681375 0.428043296875 0.545856525 0.4202355546875 0.5455838734375 0.4198265765625 0.557295484375 0.4276343171875 0.5575681375
0 0.52140928125 0.79633785 0.5231133578125 0.7475394703125 0.48212271875 0.7461080453125 0.4804186421875 0.794906425 0.52140928125 0.79633785
0 0.5435327609375 0.8063934187499999 0.5446574531249999 0.7741864875 0.5163543921875 0.7731981218749999 0.5152297015625 0.8054050531250001 0.5435327609375 0.8063934187499999
0 0.585133759375 0.8742928843750001 0.586565184375 0.8333022453125001 0.5289830953125 0.831291434375 0.5275516703124999 0.8722820734375001 0.585133759375 0.8742928843750001
0 0.5288932265625 0.9597845406250001 0.5303928140624999 0.9168419671875 0.48940217500000005 0.9154105421875001 0.4879025875 0.9583531171875 0.5288932265625 0.9597845406250001
0 0.6182919046875 0.6243212484375 0.619587003125 0.5872344796875 0.5805483 0.58587121875 0.5792532015625 0.6229579875 0.6182919046875 0.6243212484375
0 0.6117343187500001 0.728159553125 0.6152787984375 0.6266589234375 0.5215859078125 0.6233870953125 0.518041428125 0.7248877265625 0.6117343187500001 0.728159553125
0 0.60777468125 0.7016380203125 0.6089334546875 0.668455121875 0.5962458749999999 0.6680120625 0.595087103125 0.7011949609375 0.60777468125 0.7016380203125
0 0.543026265625 0.23327270625000002 0.543810140625 0.21082545000000003 0.5194109499999999 0.20997341249999998 0.518627075 0.23242066718749999 0.543026265625 0.23327270625000002
0 0.558455853125 0.197168103125 0.5604325828125 0.14056198125 0.527249684375 0.139403209375 0.5252729546875 0.19600933125 0.558455853125 0.197168103125
0 0.7084435078125 0.029448864062500003 0.7092273828125 0.007001609375 0.6848281921875 0.0061495703125 0.6840443171875 0.028596825 0.7084435078125 0.029448864062500003
0 0.7504410859374999 0.11397386093749999 0.751633940625 0.0798149953125 0.713571203125 0.078485815625 0.71237835 0.11264468125 0.7504410859374999 0.11397386093749999
0 0.6895732171875 0.2760108125 0.69114096875 0.23111630156250001 0.67454951875 0.23053691562499998 0.6729817687499999 0.275431425 0.6895732171875 0.2760108125
0 0.7103582312500001 0.2684308 0.7110057796875 0.249887415625 0.6866065890625 0.24903537656250002 0.685959040625 0.2675787609375 0.7103582312500001 0.2684308
0 0.7464024234375 0.229626021875 0.7476975218749999 0.192539253125 0.70865881875 0.1911759921875 0.70736371875 0.2282627609375 0.7464024234375 0.229626021875
0 0.785862503125 0.19094053125 0.786646378125 0.168493275 0.766151059375 0.1677775640625 0.765367184375 0.19022481875 0.785862503125 0.19094053125
0 0.83046423125 0.13093711875 0.8311799437499999 0.11044179843749999 0.8077567203125 0.10962384218750001 0.807041009375 0.1301191609375 0.83046423125 0.13093711875
0 0.8807172546875 0.230896346875 0.8821486796875 0.1899057078125 0.8372541703125 0.1883379578125 0.8358227453125 0.22932859687499998 0.8807172546875 0.230896346875
0 0.779935425 0.276723434375 0.781094196875 0.24354053593749997 0.7449833953125 0.24227952031250002 0.7438246234375 0.27546241875 0.779935425 0.276723434375
0 0.6794076515625 0.3572484953125 0.6812821375 0.3035702765625 0.6266279515625001 0.3016617109375 0.624753465625 0.3553399296875 0.6794076515625 0.3572484953125
0 0.658275625 0.38875675468750004 0.65902541875 0.3672854671875 0.6316983265625 0.366331184375 0.6309485328125 0.387802471875 0.658275625 0.38875675468750004
0 0.6306216484375 0.48110962187500006 0.6314396046875 0.45768639999999994 0.6002086421875 0.45659579062500005 0.599390684375 0.4800190125 0.6306216484375 0.48110962187500006
0 0.675657128125 0.5066226609375 0.6768840640625 0.4714878265625 0.6446771328125 0.47036313593749995 0.643450196875 0.5054979703125 0.675657128125 0.5066226609375
0 0.6787771234375 0.5292062421875 0.679697325 0.5028551171875 0.623091203125 0.5008783875 0.6221710015624999 0.5272295125 0.6787771234375 0.5292062421875
0 0.7577143234375 0.451347275 0.7595206453125 0.39962099218749997 0.714626134375 0.398053240625 0.7128198140625 0.44977952343750005 0.7577143234375 0.451347275
0 0.7989001640625 0.3912245765625 0.8003315890625 0.3502339375 0.7632448203125 0.3489388390625 0.7618133953124999 0.389929478125 0.7989001640625 0.3912245765625
0 0.8326361203125 0.32058156718749997 0.8336585671875 0.29130253906250003 0.7614369640625 0.28878050625 0.76041451875 0.318059534375 0.8326361203125 0.32058156718749997
0 0.94290190625 0.0591338015625 0.944435575 0.015215259375000002 0.90246896875 0.013749754687499999 0.9009352984375001 0.057668296875000004 0.94290190625 0.0591338015625
0 0.9710516 0.06451402187500001 0.971835475 0.042066765625 0.953292090625 0.0414192171875 0.9525082156250001 0.063866471875 0.9710516 0.06451402187500001
0 0.962958809375 0.1003862515625 0.9640494187499999 0.0691552890625 0.934770390625 0.0681328421875 0.9336797812500001 0.09936380624999999 0.962958809375 0.1003862515625
0 0.991220034375 0.158536884375 0.9919698296874999 0.137065596875 0.9763543468749999 0.1365202921875 0.975604553125 0.1579915796875 0.991220034375 0.158536884375
0 0.9790312828125 0.171791453125 0.97967883125 0.1532480671875 0.9650393171875 0.1527368453125 0.96439176875 0.1712802296875 0.9790312828125 0.171791453125
0 1 0.4207217671875 0.9864780359375 0.42024956874999997 0.9853192640625 0.45343246718749997 1 0.45394513124999997 1 0.4207217671875
0 0.9826020281250001 0.5872081921875 0.9972415421875 0.587719415625 0.9979572546875 0.567224096875 0.983317740625 0.5667128734375 0.9826020281250001 0.5872081921875
0 0.9499535921875 0.5567533515624999 0.9513509359375 0.5167386796875 0.91719206875 0.5155458265624999 0.9157947265624999 0.555560496875 0.9499535921875 0.5567533515624999
0 0.9119636625 0.5813213953125 0.9131905984375001 0.5461865609375 0.8556085093749999 0.54417575 0.8543815734375 0.579310584375 0.9119636625 0.5813213953125
0 0.9152587296875 0.47297195 0.9167583171875 0.430029375 0.859176228125 0.42801856406249994 0.857676640625 0.4709611390625 0.9152587296875 0.47297195
0 0.837749865625 0.43997339062499996 0.8386359859375 0.4145982328125 0.8152127625000001 0.413780275 0.8143266421875 0.4391554328125 0.837749865625 0.43997339062499996
0 0.7142419921875 0.045285874999999996 0.7145146437500001 0.037478134375 0.6910914218750001 0.036660178125 0.69081876875 0.04446791875 0.7142419921875 0.045285874999999996
0 0.7311649484375 0.134309615625 0.7316080078125 0.12162203593750001 0.7189204296875 0.12117897656250001 0.7184773703125 0.1338665546875 0.7311649484375 0.134309615625
0 0.809799996875 0.5547905531249999 0.8105497906249999 0.533319265625 0.79200640625 0.5326717171875 0.7912566125 0.5541430046875 0.809799996875 0.5547905531249999
0 0.7372530640625 0.603557940625 0.7379346953125 0.5840385890625 0.717439375 0.5833228765625 0.7167577453125 0.602842228125 0.7372530640625 0.603557940625
0 0.83833851875 0.632982603125 0.8395654531250001 0.5978477703125 0.8141902953125 0.59696165 0.8129633609375 0.6320964828125 0.83833851875 0.632982603125
0 0.92518259375 0.63650384375 0.9266821828125 0.5935612703125 0.892523315625 0.592368415625 0.891023728125 0.6353109906250001 0.92518259375 0.63650384375
0 0.9245210937499999 0.7254020999999999 0.9258161921875001 0.68831533125 0.89751313125 0.6873269671875 0.8962180328124999 0.7244137359375 0.9245210937499999 0.7254020999999999
0 0.7604500921875 0.736772875 0.762494984375 0.67821481875 0.7215043453125001 0.67678339375 0.719459453125 0.7353414500000001 0.7604500921875 0.736772875
0 0.629424109375 0.795224021875 0.6300034953125 0.7786325734374999 0.62024381875 0.7782917578124999 0.6196644328125 0.7948832078125 0.629424109375 0.795224021875
0 0.65003869375 0.94642619375 0.650481753125 0.933738615625 0.637794175 0.93329555625 0.637351115625 0.945983134375 0.65003869375 0.94642619375
0 0.68529985 1 0.6858814859375 0.9833441109375001 0.65855439375 0.9823898281250001 0.6579394328125 1 0.68529985 1
0 0.682948940625 0.9553927078125 0.6843462828125 0.9153780359375 0.6540912875 0.9143215078125 0.65269394375 0.9543361796875001 0.682948940625 0.9553927078125
0 0.7155354109375 0.9736309125 0.716728265625 0.939472046875 0.6884252046875 0.9384836828124999 0.6872323515625001 0.9726425484375 0.7155354109375 0.9736309125
0 0.771840996875 0.9702227796875 0.773204259375 0.931184075 0.7449011984375 0.9301957109375 0.7435379375 0.969234415625 0.771840996875 0.9702227796875
0 0.8085451375 0.8845374765624999 0.8094994203124999 0.8572103828125 0.7685087796875 0.8557789578125 0.767554496875 0.8831060515625 0.8085451375 0.8845374765624999
0 0.8184876171875001 0.8516613109375 0.819032921875 0.8360458296875001 0.80634534375 0.8356027703125 0.8058000390625001 0.8512182515625 0.8184876171875001 0.8516613109375
0 0.912414434375 0.8202522078125 0.9132664734375 0.7958530171875 0.8439727734375 0.793433228125 0.843120734375 0.8178324187499999 0.912414434375 0.8202522078125
0 0.8598996124999999 0.9669463281249999 0.861024303125 0.9347393984375 0.8395530156250001 0.9339896046874999 0.838428325 0.966196534375 0.8598996124999999 0.9669463281249999
0 0.8054034359375001 0.9884950671875 0.8068689421874999 0.9465284593750001 0.782469753125 0.9456764218749999 0.781004246875 0.987643028125 0.8054034359375001 0.9884950671875
0 0.83724788125 1 0.837474040625 0.9935236281250001 0.80917098125 0.9925352640625 0.8089103062499999 1 0.83724788125 1
0 0.8929458734375 1 0.8937176625 0.977898859375 0.8488231531249999 0.9763311078125 0.8479966171875001 1 0.8929458734375 1