0 0.58860266875 0.4314701171875 0.6168152140625 0.4290018390625 0.614261821875 0.399816446875 0.586049278125 0.402284725 0.58860266875 0.4314701171875
0 0.6254427203125 0.46598830312499995 0.66630226875 0.46241355625 0.663408425 0.429336778125 0.6225488765625 0.4329115265625 0.6254427203125 0.46598830312499995
0 0.672455984375 0.4207028765625 0.699695684375 0.41831971250000005 0.6975678578125 0.393998553125 0.670328159375 0.39638171718750004 0.672455984375 0.4207028765625
0 0.7005097703125001 0.47804634999999995 0.7180210046875 0.47651431562499996 0.714786709375 0.43954615312499995 0.697275475 0.44107818749999994 0.7005097703125001 0.47804634999999995
0 0.511399634375 0.5798768187500001 0.5328022546875 0.5780043312500001 0.530504203125 0.5517374796875 0.50910158125 0.553609965625 0.511399634375 0.5798768187500001
0 0.454543025 0.5686762953125 0.46913572031250006 0.5673996 0.46777391250000006 0.5518340578125 0.453181215625 0.553110753125 0.454543025 0.5686762953125
0 0.49412499531250004 0.6289323546875 0.5301203109375 0.625783171875 0.5269711296875 0.58978785625 0.4909758125 0.5929370375 0.49412499531250004 0.6289323546875
0 0.4769418640625 0.6510218328125 0.5090457953125 0.648213103125 0.50683285625 0.622919096875 0.47472892499999997 0.6257278265624999 0.4769418640625 0.6510218328125
0 0.4661673484375 0.6735309218750001 0.50605405 0.6700412874999999 0.5037559984375 0.6437744359375001 0.463869296875 0.6472640703125 0.4661673484375 0.6735309218750001
0 0.5431494406249999 0.7074780140625 0.574280525 0.7047543968750001 0.57121645625 0.6697319265624999 0.5400853718749999 0.67245554375 0.5431494406249999 0.7074780140625
0 0.571234315625 0.703550465625 0.584854165625 0.7023588843749999 0.5835774703125 0.6877661875000001 0.5699576203125 0.6889577703125 0.571234315625 0.703550465625
0 0.65823725625 0.6895667921874999 0.72536365625 0.6836939921875 0.720682440625 0.6301874421875 0.6535560390625 0.636060240625 0.65823725625 0.6895667921874999
0 0.6425788828125001 0.8355299109375001 0.670791428125 0.833061634375 0.6687487156249999 0.8097133203125001 0.6405361703125 0.8121815984375 0.6425788828125001 0.8355299109375001
0 0.7529186703125 0.75774608125 0.7821040625 0.755192690625 0.7784442015625 0.7133602953125 0.7492588109375 0.7159136859374999 0.7529186703125 0.75774608125
0 0.758615290625 0.8116539421875 0.7790450640625 0.8098665687500001 0.7747894125 0.7612242499999999 0.7543596390625 0.7630116234375001 0.758615290625 0.8116539421875
0 0.8213821828125001 0.8007709406249999 0.8359748796875 0.7994942453125 0.832740584375 0.76252608125 0.8181478875 0.763802778125 0.8213821828125001 0.8007709406249999
0 0.7982113734375 0.6983969390625 0.8332338437500001 0.6953328703125 0.8308506781249999 0.6680931718750001 0.7958282078125001 0.671157240625 0.7982113734375 0.6983969390625
0 0.8390279234375001 0.7335475203125 0.8876702421875 0.7292918687500001 0.8819676703124999 0.6641111609375 0.83332535 0.6683668125 0.8390279234375001 0.7335475203125
0 0.8297016515625 0.6549597453125 0.8812625109375001 0.6504487546875 0.875985503125 0.590132278125 0.8244246437499999 0.59464326875 0.8297016515625 0.6549597453125
0 0.8694551718750001 0.59952624375 0.8898849468750001 0.5977388703125001 0.8880124593750001 0.57633625 0.8675826859375 0.5781236234375 0.8694551718750001 0.59952624375
0 0.830779678125 0.49360726250000003 0.8414809875 0.49267101875 0.8404596312500001 0.48099686249999996 0.8297583218750001 0.48193310624999997 0.830779678125 0.49360726250000003
0 0.7458084265625 0.4299700546875 0.7993149765625 0.42528883906250003 0.7961657953125 0.389293521875 0.74265924375 0.3939747390625 0.7458084265625 0.4299700546875
0 0.7156455578124999 0.303700459375 0.732183946875 0.3022535375 0.7300561203125 0.277932378125 0.7135177328125 0.2793793 0.7156455578124999 0.303700459375
0 0.8138353484374999 0.3671614875 0.8527492046875 0.3637569671875 0.850536265625 0.3384629609375 0.8116224109375001 0.34186748125 0.8138353484374999 0.3671614875
0 0.83937918125 0.317382490625 0.8714831125 0.3145737609375 0.8690999484375 0.2873340625 0.8369960171875 0.2901427921875 0.83937918125 0.317382490625
0 0.8485974093750001 0.27148253125 0.865135796875 0.270035609375 0.8635186499999999 0.251551528125 0.8469802609375 0.25299845 0.8485974093750001 0.27148253125
0 0.8323697046874999 0.22045660625000002 0.8459895546875 0.21926502343749998 0.844712859375 0.20467232812499997 0.8310930093750001 0.20586390937500001 0.8323697046874999 0.22045660625000002
0 0.8798378609374999 0.2756113953125 0.8934577109375 0.2744198125 0.8924363546875 0.26274565625 0.8788165046874999 0.2639372390625 0.8798378609374999 0.2756113953125
0 0.72645160625 0.1807085984375 0.7410443015625 0.179431903125 0.73968249375 0.1638663609375 0.7250897984375 0.16514305625 0.72645160625 0.1807085984375
0 0.6947672875 0.1771087140625 0.732708296875 0.1737893046875 0.73041024375 0.147522453125 0.6924692359375 0.15084186093750002 0.6947672875 0.1771087140625
0 0.6486064765624999 0.11448735000000002 0.662226325 0.11329576718750001 0.6610347437499999 0.09967591875000001 0.6474148937499999 0.10086750156249999 0.6486064765624999 0.11448735000000002
0 0.6479319671875 0.07876567500000001 0.6664160484375 0.0771485265625 0.665139353125 0.06255583125 0.6466552703125 0.064172978125 0.6479319671875 0.07876567500000001
0 0.535300521875 0.1023437484375 0.5508660640625 0.10098194062500002 0.5492489171875 0.08249785937500001 0.5336833750000001 0.0838596671875 0.535300521875 0.1023437484375
0 0.8355027906249999 0.065786378125 0.8646881828125 0.0632329875 0.8626454703125 0.039884675 0.833460078125 0.042438065625 0.8355027906249999 0.065786378125
0 0.9395360546875 0.10079782343749999 0.9667757546875 0.098414659375 0.9643925890625 0.0711749609375 0.937152890625 0.073558125 0.9395360546875 0.10079782343749999
0 0.9323894265625 0.30483383124999996 0.9567105859374999 0.3027060046875 0.953391178125 0.264764996875 0.9290700171875 0.266892821875 0.9323894265625 0.30483383124999996
0 0.9027176109375 0.307429778125 0.926065925 0.305387065625 0.9234274203125 0.275228828125 0.9000791078124999 0.27727154062500003 0.9027176109375 0.307429778125
0 0.9204599296874999 0.3029366484375 0.93018839375 0.3020855171875 0.9293372640625 0.2923570546875 0.9196088 0.29320818437499996 0.9204599296874999 0.3029366484375
0 0.878408359375 0.332103296875 0.915376521875 0.3288690015625 0.9120571125 0.2909279921875 0.87508895 0.2941622875 0.878408359375 0.332103296875
0 0.9265944625 0.3450426828125 0.978155321875 0.3405316921875 0.9746656874999999 0.300644990625 0.9231048296875001 0.30515598125 0.9265944625 0.3450426828125
0 0.9357300015625001 0.62313673125 0.9483770046875 0.6220302625 0.9473556484375001 0.61035610625 0.9347086453125 0.611462575 0.9357300015625001 0.62313673125
0 0.92519208125 0.6931693234375 0.9572960125 0.69036059375 0.9537212640625 0.6495010453125001 0.921617334375 0.652309775 0.92519208125 0.6931693234375
0 1 0.507721040625 0.99624228125 0.5080497984375001 0.9969231859375001 0.5158325703125 1 0.5155633843749999 1 0.507721040625
0 0.7973657546874999 0.739153071875 0.806121371875 0.7383870546875 0.8051851296875 0.7276857453125001 0.7964295124999999 0.7284517625 0.7973657546874999 0.739153071875
0 0.8055970234375 0.8668512875 0.82505395 0.865149028125 0.823521915625 0.8476377921875 0.8040649890625 0.8493400531249999 0.8055970234375 0.8668512875
0 0.8626838343750001 0.9535142171875 0.890896378125 0.9510459390625 0.8889387796875001 0.9286704718750001 0.860726234375 0.93113875 0.8626838343750001 0.9535142171875
0 0.41221340156249997 0.9924351265625001 0.42972463593750004 0.9909030921875001 0.42810748906249996 0.9724190109374999 0.41059625312500003 0.9739510453125 0.41221340156249997 0.9924351265625001
0 0.233558278125 0.8272014015625 0.2510695125 0.8256693671875001 0.24928213906250002 0.8052395921875 0.231770903125 0.8067716265625 0.233558278125 0.8272014015625
0 0.2737250140625 0.7932981906250001 0.2941547890625 0.7915108171874999 0.292452528125 0.7720538890624999 0.272022753125 0.7738412625 0.2737250140625 0.7932981906250001
0 0.2716337921875 0.7581906078125 0.292063565625 0.7564032328125 0.2902761921875 0.735973459375 0.26984641875 0.7377608328124999 0.2716337921875 0.7581906078125
0 0.33618254687500004 0.71725278125 0.3566123203125 0.7154654078125 0.3550802859375 0.6979541734375 0.3346505125 0.699741546875 0.33618254687500004 0.71725278125
0 0.4357039375 0.7791268703124999 0.44543240156249997 0.778275740625 0.4448366109375 0.7714658156249999 0.43510814687500005 0.7723169453125001 0.4357039375 0.7791268703124999
0 0.20962189062499997 0.67686003125 0.23102451093749998 0.6749875453125 0.2294073640625 0.6565034640625 0.20800474375000003 0.65837595 0.20962189062499997 0.67686003125
0 0.1374669859375 0.69248555 0.1442769109375 0.6918897578125 0.1438513453125 0.6870255265625 0.1370414203125 0.6876213171875001 0.1374669859375 0.69248555
0 0.2318207375 0.70089564375 0.2775445171875 0.69689533125 0.27448044843749997 0.6618728609375 0.22875666875 0.6658731734375001 0.2318207375 0.70089564375
0 0.29568902812500003 0.6129632968750001 0.316118803125 0.6111759234374999 0.3139909765625 0.5868547625 0.293561203125 0.5886421375 0.29568902812500003 0.6129632968750001
0 0.2997149203125 0.5469314578125 0.3298731578125 0.5442929546874999 0.32646863593750003 0.5053790984375001 0.2963103984375 0.508017603125 0.2997149203125 0.5469314578125
0 0.3528627171875 0.5437520671875 0.3771838765625 0.5416242421875 0.375481615625 0.5221673140624999 0.35116045625000003 0.5242951406249999 0.3528627171875 0.5437520671875
0 0.224508734375 0.47165669687499995 0.23521004531249998 0.4707204546875 0.2346993671875 0.464883375 0.22399805625 0.46581961875 0.224508734375 0.47165669687499995
0 0.242154034375 0.443645028125 0.2693937328125 0.44126186250000005 0.26718079375000003 0.41596785625 0.2399410953125 0.41835102187500006 0.242154034375 0.443645028125
0 0.1797097328125 0.42460087656249995 0.22446066562500003 0.4206856765625 0.22088591875 0.379826128125 0.176134984375 0.383741328125 0.1797097328125 0.42460087656249995
0 0.29496821562500003 0.36942359687500004 0.318316528125 0.3673808828125 0.31669938124999997 0.34889680156249997 0.29335106718750004 0.3509395140625 0.29496821562500003 0.36942359687500004
0 0.31389065 0.316792871875 0.3362661171875 0.314835271875 0.33447874375 0.294405496875 0.3121032765625 0.296363096875 0.31389065 0.316792871875
0 0.3378466625 0.3441057765625 0.3641135140625 0.341807725 0.361389896875 0.310676640625 0.3351230453125 0.31297469218749996 0.3378466625 0.3441057765625
0 0.2758640875 0.358351184375 0.339099103125 0.3528188375 0.3333965296875 0.2876381296875 0.2701615140625 0.2931704765625 0.2758640875 0.358351184375
0 0.22428580937499998 0.28983188437499996 0.26222681875 0.2865124765625 0.26026921875000003 0.264137009375 0.222328209375 0.2674564171875 0.22428580937499998 0.28983188437499996
0 0.01236780625 0.455906375 0.0240419625 0.45488501875000004 0.022595040625 0.43834662968749993 0.010920884375 0.43936798593750004 0.01236780625 0.455906375
0 0.1446131734375 0.52766129375 0.16601579375 0.52578880625 0.1637177421875 0.4995219546875 0.142315121875 0.501394440625 0.1446131734375 0.52766129375
0 0.14396799062500001 0.5875156015624999 0.1585606859375 0.58623890625 0.1566030859375 0.5638634390624999 0.142010390625 0.565140134375 0.14396799062500001 0.5875156015624999
0 0.0477020609375 0.8429715671875 0.028245134374999998 0.8446738281249999 0.0307134109375 0.8728863718750001 0.0501703390625 0.8711841124999999 0.0477020609375 0.8429715671875
0 0.05209773125 0.876407096875 0.07544604375 0.874364384375 0.0730628796875 0.8471246859375 0.049714565625 0.8491673984375 0.05209773125 0.876407096875
0 0.08129502968749999 0.8963994 0.096860571875 0.8950375906250001 0.0947327453125 0.87071643125 0.079167203125 0.8720782406250001 0.08129502968749999 0.8963994
0 0.49296141562500007 0.8285237406249999 0.503662725 0.8275874984374999 0.5027264828125 0.8168861875 0.49202517187500006 0.81782243125 0.49296141562500007 0.8285237406249999
0 0.621737215625 0.6981517421875 0.6334113718750001 0.6971303859375 0.6327304671875 0.6893476140625 0.6210563109375 0.690368971875 0.621737215625 0.6981517421875
0 0.4951201140625 0.2705482703125 0.5097128093750001 0.269271575 0.50724453125 0.2410590296875 0.49265183593749995 0.242335725 0.4951201140625 0.2705482703125
0 0.3744748140625 0.2977683453125 0.4172800546875 0.294023371875 0.41472666406250003 0.2648379796875 0.3719214234375 0.268582953125 0.3744748140625 0.2977683453125
0 0.4670782359375 0.235750490625 0.5244761718750001 0.23072882187500002 0.5195396171875 0.17430373125 0.4621416796875 0.1793254 0.4670782359375 0.235750490625
0 0.51127549375 0.26472354062500003 0.5501893484375 0.26131901874999997 0.5450825671875 0.20294823593750003 0.5061687109374999 0.2063527578125 0.51127549375 0.26472354062500003
0 0.435790596875 0.10222710312500001 0.4620574484375 0.09992905156250001 0.4600147359375 0.0765807390625 0.43374788437499995 0.078878790625 0.435790596875 0.10222710312500001
0 0.23258653593749998 0.1886256515625 0.253016309375 0.186838278125 0.25148427500000003 0.16932704375000002 0.2310545015625 0.1711144171875 0.23258653593749998 0.1886256515625
0 0.11354691718750001 0.17257236250000002 0.1330038453125 0.170870103125 0.1310462453125 0.1484946359375 0.11158931875 0.15019689687499999 0.11354691718750001 0.17257236250000002
0 0.0207430609375 0.21549204375 0.051874145312499995 0.2127684265625 0.049490981249999996 0.18552872812500001 0.018359896875 0.18825234375 0.0207430609375 0.21549204375
0 0.0782759453125 0.10556723750000001 0.111352721875 0.10267339375 0.1086291046875 0.07154231093749999 0.075552328125 0.074436153125 0.0782759453125 0.10556723750000001
0 0.1741626125 0.0530650640625 0.1718645609375 0.0267982125 0.1475434015625 0.0289260375 0.149841453125 0.055192890625000005 0.1741626125 0.0530650640625
0 0.080222078125 0.0661852609375 0.09286908125 0.06507879062500001 0.09193283906250001 0.054377481250000005 0.07928583593750001 0.055483950000000004 0.080222078125 0.0661852609375