0 0.46484375 0.087890625 0.3173828125 0.087890625 0.3173828125 0.2216796875 0.46484375 0.2216796875 0.46484375 0.087890625
0 0.46142578125 0 0.46142578125 0.12890625 0.61181640625 0.12890625 0.61181640625 0 0.46142578125 0
0 0.62890625 0 0.62890625 0.1455078125 0.7861328125 0.1455078125 0.7861328125 0 0.62890625 0
0 0.998046875 0.00146484375 0.89453125 0.00146484375 0.89453125 0.25732421875 0.998046875 0.25732421875 0.998046875 0.00146484375
0 0.9521484375 0.46533203125 0.87890625 0.46533203125 0.87890625 0.53955078125 0.9521484375 0.53955078125 0.9521484375 0.46533203125
0 0.958984375 0.5888671875 0.7646484375 0.5888671875 0.7646484375 0.796875 0.958984375 0.796875 0.958984375 0.5888671875
0 1 0.875 0.833984375 0.875 0.833984375 1 1 1 1 0.875
0 0.92529296875 0.822265625 0.87939453125 0.822265625 0.87939453125 0.8681640625 0.92529296875 0.8681640625 0.92529296875 0.822265625
0 0.388671875 0.5283203125 0.3564453125 0.5283203125 0.3564453125 0.556640625 0.388671875 0.556640625 0.388671875 0.5283203125
0 0.5732421875 0.59716796875 0.513671875 0.59716796875 0.513671875 0.61572265625 0.5732421875 0.61572265625 0.5732421875 0.59716796875
0 0.580078125 0.52978515625 0.5322265625 0.52978515625 0.5322265625 0.56005859375 0.580078125 0.56005859375 0.580078125 0.52978515625
0 0.501953125 0.51416015625 0.478515625 0.51416015625 0.478515625 0.55322265625 0.501953125 0.55322265625 0.501953125 0.51416015625
0 0.4716796875 0.5771484375 0.4443359375 0.5771484375 0.4443359375 0.59375 0.4716796875 0.59375 0.4716796875 0.5771484375
0 0.63525390625 0.2060546875 0.51220703125 0.2060546875 0.51220703125 0.3232421875 0.63525390625 0.3232421875 0.63525390625 0.2060546875
0 0.17724609375 0.28759765625 0.10302734375 0.28759765625 0.10302734375 0.35888671875 0.17724609375 0.35888671875 0.17724609375 0.28759765625
0 0 0.6025390625 0.0419921875 0.6025390625 0.0419921875 0.482421875 0 0.482421875 0 0.6025390625
0 0.64111328125 0.68017578125 0.60693359375 0.68017578125 0.60693359375 0.71533203125 0.64111328125 0.71533203125 0.64111328125 0.68017578125
0 0.982421875 0.38916015625 0.93359375 0.38916015625 0.93359375 0.41650390625 0.982421875 0.41650390625 0.982421875 0.38916015625
0 0.27392578125 0 0.27392578125 0.0283203125 0.38525390625 0.0283203125 0.38525390625 0 0.27392578125 0