0 0.1608817265625 0.058427692187500005 0.168004015625 0.0180351859375 0.141075678125 0.01328699375 0.1339533890625 0.053679500000000005 0.1608817265625 0.058427692187500005
0 0.2385028421875 0.101863215625 0.24630344375000002 0.0576238046875 0.21360474843750002 0.0518581421875 0.20580414687499998 0.096097553125 0.2385028421875 0.101863215625
0 0.0853862109375 0.0451157953125 0.08911693281250001 0.023957815625 0.07757621718749999 0.0219228765625 0.0738454953125 0.04308085625 0.0853862109375 0.0451157953125
0 0.1547329046875 0.1832801875 0.15914193906250002 0.158275303125 0.14471604531249999 0.15573162812500002 0.140307009375 0.1807365125 0.1547329046875 0.1832801875
0 0.101453621875 0.257678140625 0.0370179578125 0.24631639375 0.0270128390625 0.303058246875 0.09144850156249999 0.31441999374999996 0.101453621875 0.257678140625
0 0.0958100125 0.3543583328125 0.1000494703125 0.330315175 0.070235953125 0.32505824843750003 0.065996496875 0.34910140625 0.0958100125 0.3543583328125
0 0.1666432984375 0.40254674531249995 0.17088275625 0.3785035875 0.14299269375 0.373585815625 0.1387532359375 0.397628975 0.1666432984375 0.40254674531249995
0 0.14249335000000002 0.44390332499999996 0.14639365 0.42178361875 0.1223504921875 0.41754416250000004 0.1184501921875 0.43966386718750006 0.14249335000000002 0.44390332499999996
0 0.184506240625 0.5093215421874999 0.18755865 0.49201046875000004 0.17409448125 0.489636371875 0.171042071875 0.506947446875 0.184506240625 0.5093215421874999
0 0.1277773015625 0.5920358765625 0.130320975 0.57760998125 0.11012472343749999 0.5740488375 0.10758104843750001 0.58847473125 0.1277773015625 0.5920358765625
0 0.046267625 0.6550104703125 0.0481329859375 0.6444314796875 0.037553996875 0.64256611875 0.035688635937500005 0.6531451078125 0.046267625 0.6550104703125
0 0 0.6701554859375001 0.0105455671875 0.6720149546874999 0.015463337499999999 0.644124890625 0 0.6413982875 0 0.6701554859375001
0 0.17977448437500002 0.65425645625 0.184013940625 0.6302132984375 0.14939179375 0.6241084796874999 0.14515233593750002 0.6481516375 0.17977448437500002 0.65425645625
0 0.1981972078125 0.7184899734375 0.20633696562499998 0.6723271109375 0.1592123765625 0.6640177734375 0.15107261875 0.7101806374999999 0.1981972078125 0.7184899734375
0 0.2822584734375 0.49482581718749996 0.2887024484375 0.45828021718749995 0.2569654796875 0.45268413281250003 0.2505215046875 0.48922973281250004 0.2822584734375 0.49482581718749996
0 0.305642971875 0.4409389234375 0.321074596875 0.353421828125 0.24605994375 0.34019472031250003 0.23062831875 0.42771181562500005 0.305642971875 0.4409389234375
0 0.29831032031250004 0.3925436703125 0.30170188593749997 0.37330914375 0.277658728125 0.3690696859375 0.2742671625 0.38830421249999997 0.29831032031250004 0.3925436703125
0 0.3219629703125 0.233095725 0.32823736875 0.1975118515625 0.3186201046875 0.19581606875 0.3123457078125 0.2313999421875 0.3219629703125 0.233095725
0 0.3923170484375 0 0.3915414234375 0.0043987890625 0.41558458125 0.008638246875 0.4171077375 0 0.3923170484375 0
0 0.5108037046875 0.0844297859375 0.5186043078125 0.040190375 0.4935994234375 0.0357813390625 0.4857988203125 0.08002075 0.5108037046875 0.0844297859375
0 0.52122863125 0 0.5161419 0.028848282812499997 0.5372998796874999 0.03257900625 0.5430444359375 0 0.52122863125 0
0 0.3473328390625 0.4210202140625 0.3512331390625 0.39890050781249997 0.329113434375 0.3950002078125 0.32521313281249997 0.4171199125 0.3473328390625 0.4210202140625
0 0.3155785640625 0.49425546875000004 0.3189701296875 0.47502094218749996 0.29973560312499997 0.47162937656250004 0.2963440375 0.490863903125 0.3155785640625 0.49425546875000004
0 0.388758946875 0.3351117640625 0.390115571875 0.3274179546875 0.36895759375 0.32368723125 0.3676009671875 0.3313810421875 0.388758946875 0.3351117640625
0 0.3999722453125 0.42336056875 0.40556832812500004 0.3916236 0.377678265625 0.3867058296875 0.37208218125000003 0.4184427984375 0.3999722453125 0.42336056875
0 0.4300809140625 0.5169243906250001 0.4363553109375 0.4813405171875 0.4113504265625 0.47693148125 0.40507602968749995 0.51251535625 0.4300809140625 0.5169243906250001
0 0.3796020203125 0.5923119421874999 0.38604599687499996 0.5557663421875 0.332189321875 0.5462699578125 0.325745346875 0.5828155578125 0.3796020203125 0.5923119421874999
0 0.34471876562500003 0.742342421875 0.3472624390625 0.727916528125 0.3357217234375 0.7258815875 0.33317805 0.7403074828125 0.34471876562500003 0.742342421875
0 0.226273284375 0.8404525953125 0.22966484999999998 0.82121806875 0.21716240781249999 0.81901355 0.21377084218750003 0.8382480765625001 0.226273284375 0.8404525953125
0 0.3027689640625 0.9268254718750001 0.3110783015625 0.8797008828124999 0.2639537109375 0.8713915453125001 0.25564437500000003 0.9185161359375 0.3027689640625 0.9268254718750001
0 0.33885335625 0.8712114015625 0.3405491390625 0.8615941390625 0.3251615171875 0.8588808859375 0.323465734375 0.8684981484375 0.33885335625 0.8712114015625
0 0.3665436203125 0.8632027843750001 0.3723092828125 0.8305040890625 0.33480195625000003 0.8238905359375 0.3290362953125 0.8565892312500001 0.3665436203125 0.8632027843750001
0 0.46372372500000003 0.3964240140625 0.46915023125 0.365648771875 0.44510707343749994 0.3614093140625 0.4396805671875 0.39218455625000004 0.46372372500000003 0.3964240140625
0 0.4731561484375 0.2895039875 0.47569982343749995 0.27507809375000003 0.46415910781249997 0.273043153125 0.4616154328125 0.2874690484375 0.4731561484375 0.2895039875
0 0.5095403890625 0.355912978125 0.5129319546875 0.3366784515625 0.49369742812500006 0.3332868859375 0.49030586249999997 0.3525214125 0.5095403890625 0.355912978125
0 0.5464671046875 0.45861202656250005 0.55104571875 0.432645415625 0.5289260140625001 0.42874511562500006 0.5243474 0.45471172656250003 0.5464671046875 0.45861202656250005
0 0.5615516578124999 0.5192820515625 0.5662998515625 0.492353715625 0.522060440625 0.4845531140625 0.5173122484375 0.51148145 0.5615516578124999 0.5192820515625
0 0.494889475 0.5655379218750001 0.4992985109375 0.5405330375 0.47910225781250004 0.53697189375 0.47469322187499996 0.561976778125 0.494889475 0.5655379218750001
0 0.44711444375 0.5581055234375001 0.449488540625 0.5446413546875 0.4350626453125 0.5420976796875 0.43268854843750004 0.5555618484375 0.44711444375 0.5581055234375001
0 0.4203266390625 0.54693653125 0.42236157968750004 0.535395815625 0.41466776875000005 0.5340391890625 0.41263282968750004 0.5455799046875 0.4203266390625 0.54693653125
0 0.47995867031249995 0.79643350625 0.488437584375 0.748347190625 0.4480450796875 0.7412249015625 0.4395661640625 0.78931121875 0.47995867031249995 0.79643350625
0 0.50046738125 0.8094702078125 0.506063465625 0.7777332390625 0.4781734015625 0.77281546875 0.47257731875 0.8045524374999999 0.50046738125 0.8094702078125
0 0.5322137421875001 0.882498621875 0.5393360296874999 0.8421061156249999 0.482594178125 0.8321009953124999 0.4754718890625 0.8724935015625 0.5322137421875001 0.882498621875
0 0.4646224 0.959331109375 0.47208384531250003 0.9170151515624999 0.4316913390625 0.9098928624999999 0.42422989375000003 0.9522088203125 0.4646224 0.959331109375
0 0.599838521875 0.6395744140625 0.6062824984375 0.6030288140625 0.5678134453125 0.59624568125 0.5613694703125 0.6327912828125 0.599838521875 0.6395744140625
0 0.5788932546875001 0.7414895328125 0.5965293984375 0.6414699953125 0.5042036703125 0.6251904781250001 0.486567528125 0.725210015625 0.5788932546875001 0.7414895328125
0 0.5786632375 0.7146750296875 0.5844289 0.6819763359375 0.5719264578125001 0.6797718171875 0.5661607953125001 0.7124705125 0.5786632375 0.7146750296875
0 0.5797288015625 0.24185657656249998 0.5836291015625 0.2197368703125 0.5595859437499999 0.21549741249999999 0.55568564375 0.23761711874999997 0.5797288015625 0.24185657656249998
0 0.60003301875 0.208250725 0.6098685609375 0.1524705984375 0.577169865625 0.1467049359375 0.5673343234375 0.2024850625 0.60003301875 0.208250725
0 0.771903009375 0.0630379640625 0.7758033109375 0.040918259375 0.751760153125 0.0366788015625 0.7478598515625 0.0587985078125 0.771903009375 0.0630379640625
0 0.801728265625 0.15258530312500002 0.8076635062499999 0.1189248828125 0.7701561796874999 0.112311328125 0.7642209390625 0.14597175 0.801728265625 0.15258530312500002
0 0.7189015734375 0.3045741515625 0.7267021765624999 0.260334740625 0.710352828125 0.257451909375 0.7025522265624999 0.3016913203125 0.7189015734375 0.3045741515625
0 0.7405392421875 0.299960621875 0.7437612296875 0.28168782187499997 0.719718071875 0.2774483640625 0.716496084375 0.29572116406250004 0.7405392421875 0.299960621875
0 0.7816332375 0.266549871875 0.7880772125 0.230004271875 0.7496081593749999 0.22322114062499998 0.743164184375 0.259766740625 0.7816332375 0.266549871875
0 0.8260932734375 0.233732646875 0.8299935749999999 0.2116129421875 0.8097973218750001 0.20805179687500003 0.805897021875 0.230171503125 0.8260932734375 0.233732646875
0 0.8786118015625 0.1805205453125 0.8821729453125 0.1603242921875 0.8590915140625001 0.1562544125 0.8555303703125 0.176450665625 0.8786118015625 0.1805205453125
0 0.9144641296874999 0.286500846875 0.9215864187499999 0.24610834062500003 0.8773470078125 0.2383077390625 0.8702247203125 0.2787002453125 0.9144641296874999 0.286500846875
0 0.8082852046875001 0.317855828125 0.8140508671875001 0.2851571328125 0.7784669921875 0.2788827359375 0.77270133125 0.31158143125 0.8082852046875001 0.317855828125
0 0.6975288390625 0.3836064625 0.7068556453125 0.3307115140625 0.652998971875 0.3212151296875 0.643672165625 0.374110078125 0.6975288390625 0.3836064625
0 0.672217365625 0.41186707499999997 0.6759480875 0.390709096875 0.6490197515625 0.3859609046875 0.645289028125 0.40711888281249997 0.672217365625 0.41186707499999997
0 0.6319794796875 0.49947248125000004 0.6360493593750001 0.47639105 0.6052741171875 0.4709645453125 0.6012042375 0.49404597656250004 0.6319794796875 0.49947248125000004
0 0.6730259484375 0.53100495625 0.6791307671875 0.496382809375 0.6473937984375 0.490786725 0.6412889796875 0.5254088734375 0.6730259484375 0.53100495625
0 0.6729725531249999 0.553802975 0.6775511671875 0.5278363640625 0.621771040625 0.5180008234375 0.6171924265625 0.5439674343750001 0.6729725531249999 0.553802975
0 0.761977415625 0.48768766093749993 0.770965065625 0.43671616562500004 0.7267256546875001 0.42891556406250003 0.7177380046875 0.47988705937500004 0.761977415625 0.48768766093749993
0 0.8111299015625001 0.433882034375 0.8182521906250001 0.3934895296875 0.7817065890625 0.3870455546875 0.7745843015625 0.427438059375 0.8111299015625001 0.433882034375
0 0.8543691484375 0.36862165625 0.8594564968749999 0.339769865625 0.78828875 0.327221071875 0.7832014015625 0.3560728625 0.8543691484375 0.36862165625
0 1 0.080450184375 0.9662251218750001 0.0744947625 0.9585940984375 0.11777244687499999 0.99994833125 0.12506431406250001 1 0.1247712859375 1 0.080450184375
0 1 0.1344938859375 0.9906435265625 0.1328440875 0.9852170203125 0.16361932968749998 1 0.1662259671875 1 0.1344938859375
0 1 0.48999236249999994 0.99284278125 0.4887303515625 0.98707711875 0.521429046875 1 0.5237077 1 0.48999236249999994
0 0.96576834375 0.653524709375 0.9801942390624999 0.6560683843749999 0.9837553828125 0.63587213125 0.9693294890624999 0.63332845625 0.96576834375 0.653524709375
0 0.937676134375 0.61882246875 0.9446288453125 0.5793916890624999 0.9109684234375001 0.5734564484375 0.9040157140625 0.612887228125 0.937676134375 0.61882246875
0 0.896636709375 0.637864240625 0.9027415281250001 0.60324209375 0.8459996750000001 0.5932369734375 0.8398948562499999 0.627859121875 0.896636709375 0.637864240625
0 0.9149790375 0.5310278296875001 0.9224404828124999 0.488711871875 0.8656986296875001 0.4787067515625 0.858237184375 0.5210227109375001 0.9149790375 0.5310278296875001
0 0.842816996875 0.48756326093749996 0.8472260328125 0.4625583765625 0.8241446 0.458488496875 0.8197355640625 0.48349338125 0.842816996875 0.48756326093749996
0 0.775440978125 0.0795278453125 0.7767976046875 0.071834034375 0.7537161734375 0.0677641546875 0.752359546875 0.075457965625 0.775440978125 0.0795278453125
0 0.77980953125 0.17004043124999998 0.78201405 0.1575379890625 0.7695116078125 0.155333471875 0.7673070890625 0.1678359140625 0.77980953125 0.17004043124999998
0 0.7991596734375 0.5973731609375 0.8028903953125001 0.5762151828125 0.7846175953125 0.5729931953125 0.7808868734375001 0.5941511734375 0.7991596734375 0.5973731609375
0 0.7205316546875 0.6355693671875 0.7239232203125 0.616334840625 0.7037269671875 0.6127736968749999 0.7003354015625 0.6320082218749999 0.7205316546875 0.6355693671875
0 0.8165382296875 0.678776046875 0.8226430484374999 0.6441538984374999 0.7976381640625 0.6397448640625 0.7915333453125 0.6743670109375001 0.8165382296875 0.678776046875
0 0.9020470828124999 0.694349378125 0.909508528125 0.6520334203125 0.8758481078125 0.6460981796875 0.8683866625000001 0.6884141374999999 0.9020470828124999 0.694349378125
0 0.8890197734375 0.7822904187499999 0.8954637484375001 0.74574481875 0.8675736859375001 0.7408270484374999 0.8611297109375 0.7773726484375 0.8890197734375 0.7822904187499999
0 0.7249629953125 0.7707162656250001 0.7351376921874999 0.7130126859375 0.6947451874999999 0.705890396875 0.6845704890625 0.7635939765625 0.7249629953125 0.7707162656250001
0 0.5870773203125 0.8103632765625 0.5899601515625 0.7940139296875001 0.5803428875 0.792318146875 0.57746005625 0.80866749375 0.5870773203125 0.8103632765625
0 0.586448009375 0.96296295625 0.588652528125 0.9504605140625 0.5761500859375001 0.9482559953124999 0.5739455671875 0.9607584375 0.586448009375 0.96296295625
0 0.617790078125 0.976422428125 0.6247427890624999 0.9369916484375 0.594929271875 0.931734721875 0.5879765625 0.9711655015625 0.617790078125 0.976422428125
0 0.647521153125 0.9990183015625 0.65345639375 0.9653578796875 0.6255663296875 0.9604401093750001 0.6196310890625 0.99410053125 0.647521153125 0.9990183015625
0 0.7043666375 1 0.7105362296875 0.96501050625 0.682646165625 0.960092734375 0.6758630343750001 0.9985617875000001 0.6840195437500001 1 0.7043666375 1
0 0.7520251234375 0.9237363671875001 0.756773315625 0.8968080296875 0.7163808109375001 0.8896857421875 0.7116326187500001 0.9166140781250001 0.7520251234375 0.9237363671875001
0 0.7664463234375 0.8925638765624999 0.769159575 0.87717625625 0.7566571328125 0.8749717374999999 0.75394388125 0.8903593593749999 0.7664463234375 0.8925638765624999
0 0.8638303531249999 0.8745325312500001 0.8680698109374999 0.8504893734375001 0.7997872421875 0.8384493140625 0.795547784375 0.862492471875 0.8638303531249999 0.8745325312500001
0 0.7936131171875 1 0.797006809375 0.980753415625 0.7758488296875 0.9770226937500001 0.7717973109375 1 0.7936131171875 1
0 0.7390736015625 1 0.741737765625 0.984890778125 0.71769460625 0.9806513203125 0.7142829125 1 0.7390736015625 1