0 0.6200393796875 1 0.666956725 0.97609441875 0.6208483140625 0.88560156875 0.49903101562499996 0.9476705828125 0.5256941859375 1 0.6200393796875 1
0 0.634770290625 0.8785079671875 0.6755585 0.9585593343750001 0.7121036890625 0.9399386296875001 0.67131548125 0.8598872625 0.634770290625 0.8785079671875
0 0.69874516875 0.9061923328124999 0.7204693234375 0.9488283875000001 0.82140365625 0.8973997765625 0.7996795015625 0.8547637218749999 0.69874516875 0.9061923328124999
0 1 0.6661096140625 0.909530415625 0.7122061703125 0.9662792281250001 0.8235819859375001 1 0.80640039375 1 0.6661096140625
0 1 0.49787028125 0.9428455703124999 0.5269919171875 0.9725500265625 0.5852901953125 1 0.5713037359375 1 0.49787028125
0 0.8481989125 0.57247674375 0.9014009250000001 0.6768915703125 0.9910236515624999 0.6312265109374999 0.9378216390624999 0.5268116843749999 0.8481989125 0.57247674375
0 0.8863125546875 0.6741672734375 0.9058199578125 0.712452709375 0.9623779890625 0.683634953125 0.9428705859375001 0.6453495171875 0.8863125546875 0.6741672734375
0 0.8397734515625 0.757065303125 0.8703646078125 0.817103828125 0.9364939984375 0.7834092218750001 0.9059028421875001 0.7233706953125 0.8397734515625 0.757065303125
0 0.8236244749999999 0.8447551921875001 0.8444619296875 0.8856509984375001 0.94191576875 0.8359957874999999 0.9210783140625001 0.79509998125 0.8236244749999999 0.8447551921875001
0 0.670598465625 0.70790558125 0.727790628125 0.8201515203125 0.8496079265625 0.75808250625 0.7924157640625 0.6458365671874999 0.670598465625 0.70790558125
0 0.3799606203125 0 0.23776474531249997 0.07245241718749999 0.2931835078125 0.1812178609375 0.579454159375 0.0353556796875 0.561439540625 0 0.3799606203125 0
0 0.482518265625 0.0957072015625 0.5304000765625 0.1896805453125 0.642646015625 0.1324883828125 0.5947642046875 0.0385150390625 0.482518265625 0.0957072015625
0 0.3855636859375 0.124831625 0.4152681421875 0.18312990468749998 0.4718261734375 0.15431214843750002 0.4421217171875 0.09601386875 0.3855636859375 0.124831625
0 0.24912623125 0.1883218609375 0.27439718750000003 0.23791890468750002 0.33095521875 0.209101146875 0.30568426406250004 0.1595041046875 0.24912623125 0.1883218609375
0 0.028050501562500003 0.20615969375 0.0564249078125 0.26184760156250003 0.1095024453125 0.23480324531250002 0.0811280390625 0.1791153375 0.028050501562500003 0.20615969375
0 0 0.22867230156249999 0.0709662484375 0.192513190625 0.0567790453125 0.1646692375 0 0.19359960625 0 0.22867230156249999
0 0 0.6089918375 0.15737415625 0.5288056984375 0.0642706359375 0.3460797515625 0 0.3788272765625 0 0.6089918375
0 0.1261039578125 0.839568503125 0.1970399734375 0.978788271875 0.3423506078125 0.90474880625 0.2714145921875 0.7655290359375 0.1261039578125 0.839568503125
0 0.4435891984375 0.6345088343749999 0.5451163703125 0.8337671296875 0.706959353125 0.7513040109375 0.60543218125 0.5520457171875 0.4435891984375 0.6345088343749999
0 0.587928140625 0.518767634375 0.6092089453125 0.560533565625 0.657065740625 0.536149309375 0.6357849359375 0.4943833796875 0.587928140625 0.518767634375
0 0.5434813125 0.4745571 0.5660921671875 0.5189334015625 0.624390446875 0.48922894375 0.6017795921875 0.4448526421875 0.5434813125 0.4745571
0 0.20444974062500001 0.3727488734375 0.27494240625 0.51109851875 0.4219932875 0.436172353125 0.351500621875 0.29782270624999996 0.20444974062500001 0.3727488734375
0 0.4609332015625 0.27275263125000004 0.48177065625 0.31364843750000004 0.5165755984375 0.295914434375 0.49573814374999997 0.25501862656249996 0.4609332015625 0.27275263125000004
0 0.6167537359375 0.231170853125 0.6517783921875 0.29991061406249997 0.7257388953125 0.26222585625 0.6907142375 0.19348609375 0.6167537359375 0.231170853125
0 0.732167321875 0.15976044375 0.790689534375 0.274616753125 0.9081562156249999 0.214764490625 0.849634003125 0.0999081796875 0.732167321875 0.15976044375
0 0.640543490625 0.344543853125 0.6906420515625 0.442867815625 0.7889660140625 0.3927692546875 0.738867453125 0.2944452921875 0.640543490625 0.344543853125
0 0.7487415609375 0.5020423968750001 0.7740125156250001 0.5516394390625 0.8340510421875 0.5210482828125 0.8087800859375 0.47145123906249997 0.7487415609375 0.5020423968750001
0 0.7577432859375001 0.5659571453125001 0.8078418468749999 0.6642811078124999 0.890503584375 0.6221628484374999 0.8404050234374999 0.5238388859375 0.7577432859375001 0.5659571453125001
0 0.8346725156250001 0.4878509734375 0.8683671234375 0.5539803640625001 0.9362367609375 0.5193990562499999 0.902542153125 0.453269665625 0.8346725156250001 0.4878509734375
0 1 0.4563233828125 0.9769045640625 0.4109960390625 0.896853196875 0.45178424687499996 0.9363113562500001 0.52922524375 1 0.49677425937499997 1 0.4563233828125
0 0.7611903265625 0.32965214375 0.8059686859375 0.41753462187499996 0.8642669656249999 0.387830165625 0.8194886046875001 0.2999476859375 0.7611903265625 0.32965214375
0 1 0.37996061875 0.9253308328125 0.233414128125 0.8252666234375001 0.2843993890625 0.9152666937499999 0.461034471875 1 0.41786069687499994 1 0.37996061875
0 0.43158529375 0.376483896875 0.44399909531250004 0.40084735625 0.462271690625 0.391537003125 0.4498578875 0.36717354375 0.43158529375 0.376483896875
0 0.47436616875000004 0.20124291093750002 0.4854499203125 0.22299600000000003 0.5011121453125 0.2150156984375 0.49002839218750005 0.193262609375 0.47436616875000004 0.20124291093750002
0 0.692419821875 0.6195175140625 0.711040525 0.6560627046875 0.735403984375 0.6436489015625 0.71678328125 0.6071037125000001 0.692419821875 0.6195175140625
0 0.4451675984375 0.43970875625000005 0.46201490312500004 0.47277345156250006 0.4889887328125 0.4590295984375 0.47214142968750006 0.425964903125 0.4451675984375 0.43970875625000005
0 0.5057820875 0.4274565 0.518195890625 0.451819959375 0.5382087328125 0.4416229078125 0.5257949296875 0.41725944843749996 0.5057820875 0.4274565
0 0.6552530078125 0.5562533234375 0.6734303625 0.5919283890625 0.71432616875 0.571090934375 0.696148815625 0.53541586875 0.6552530078125 0.5562533234375
0 0.727750996875 0.6135716203125 0.7454850015625001 0.6483765625 0.777679571875 0.631972609375 0.75994556875 0.5971676671874999 0.727750996875 0.6135716203125