0 0.822009321875 0.349310359375 0.8331786781250001 0.3321110609375 0.8176174078124999 0.3220054546875 0.8064480515625 0.339204753125 0.822009321875 0.349310359375
0 0.8403573734374999 0.7594564328125 0.8595048390625 0.7299719203125 0.8341153984374999 0.713483825 0.8149679328125 0.7429683375 0.8403573734374999 0.7594564328125
0 0.8144718171875001 0.7804897171875 0.83468303125 0.7493671765625 0.8068365468750001 0.731283459375 0.7866253328125 0.762406 0.8144718171875001 0.7804897171875
0 0.8491102968750001 0.7890112015625 0.8618752734375 0.7693548609375 0.850409075 0.7619086234375 0.837644096875 0.781564965625 0.8491102968750001 0.7890112015625
0 0.71187888125 0.9321933250000001 0.7235801109375 0.9141750125 0.6940955984375 0.895027546875 0.68239436875 0.9130458593749999 0.71187888125 0.9321933250000001
0 0.703548225 0.9826753640625 0.7253550609375 0.9490957812499999 0.68440435 0.9225020781250001 0.6625975140625 0.9560816609374999 0.703548225 0.9826753640625
0 0.630583359375 1 0.6574811015625001 0.958581109375 0.6026071484375 0.9229455484375 0.573354075 0.9679913296875 0.6226431046875 1 0.630583359375 1
0 0.508901753125 1 0.52003639375 0.9828541578125 0.49628498125 0.9674298109375 0.4797968859375 0.9928192515625 0.49085426875 1 0.508901753125 1
0 0.612156621875 0.8499666734375 0.6313040875 0.8204821609374999 0.5838012625 0.7896334656249999 0.564653796875 0.819117978125 0.612156621875 0.8499666734375
0 0.7191396765625 0.7703968703124999 0.753711490625 0.7171609453125 0.72586500625 0.699077228125 0.6912931921875 0.752313153125 0.7191396765625 0.7703968703124999
0 0.741496534375 0.6812824453124999 0.7680902359374999 0.640331734375 0.7246824828125 0.612142409375 0.6980887796874999 0.6530931203125 0.741496534375 0.6812824453124999
0 0.9242923109375001 0.63289753125 0.9381210359375001 0.6116031609375 0.9184646937500001 0.598838184375 0.9046359687500001 0.6201325546875001 0.9242923109375001 0.63289753125
0 0.8711677874999999 0.47264099687499994 0.8802096468749999 0.4587177546875 0.8662864046875001 0.449675896875 0.8572445468750001 0.46359913906249994 0.8711677874999999 0.47264099687499994
0 0.6448940000000001 0.5207369749999999 0.6619139703125 0.49452852031249994 0.6438956578125 0.48282729062499996 0.6268756875 0.509035746875 0.6448940000000001 0.5207369749999999
0 0.7438516859375001 0.438284271875 0.7576804125 0.4169899015625 0.7396620984375 0.405288671875 0.7258333734375 0.4265830421875 0.7438516859375001 0.438284271875
0 0.637971003125 0.2158214703125 0.6587140921875 0.183879915625 0.6153063375000001 0.15569059062499999 0.59456325 0.1876321453125 0.637971003125 0.2158214703125
0 0.551528709375 0.2691404125 0.5658893078125 0.247027028125 0.5478709953124999 0.23532579999999997 0.5335103953125 0.2574391828125 0.551528709375 0.2691404125
0 0.50048515 0.33787885 0.520696365625 0.306756309375 0.49858298124999995 0.292395709375 0.4783717671875 0.32351825 0.50048515 0.33787885
0 0.6043400359375 0.4146383390625 0.6277424953125 0.3786017140625 0.602353053125 0.3621136171875 0.5789505953125 0.39815024375 0.6043400359375 0.4146383390625
0 0.44309253281250005 0.6441107453125 0.46649499062500005 0.6080741187500001 0.4329154078125 0.5862672828125 0.40951294843749997 0.622303909375 0.44309253281250005 0.6441107453125
0 0.6005770328125 0.6194608921875 0.6144057578125001 0.598166521875 0.592292375 0.5838059234374999 0.5784636484375001 0.6051002921874999 0.6005770328125 0.6194608921875
0 0.34404552499999996 0.168167359375 0.367447984375 0.1321307328125 0.3297733296875 0.1076645265625 0.3063708703125 0.14370115156250002 0.34404552499999996 0.168167359375
0 0.41100668125000006 0.3752530703125 0.4312178953125 0.3441305296875 0.396000284375 0.32125994375 0.37578906875 0.35238248437499997 0.41100668125000006 0.3752530703125
0 0.34644633125 0.3787393625 0.3655937984375 0.34925485 0.329557171875 0.3258523921875 0.31040970625000003 0.355336903125 0.34644633125 0.3787393625
0 0.3400030984375 0.046189404687500005 0.355427446875 0.0224379921875 0.331676034375 0.0070136453125 0.3162516859375 0.030765057812500003 0.3400030984375 0.046189404687500005
0 0.22090159062499998 0.468961203125 0.2320709453125 0.451761903125 0.210776575 0.43793317812500004 0.1996072203125 0.4551324765625 0.22090159062499998 0.468961203125
0 0.2937731875 0.3684035765625 0.3038787953125 0.35284230625 0.28831752499999996 0.3427367 0.2782119171875 0.3582979703125 0.2937731875 0.3684035765625
0 0.1808473328125 0.2356833875 0.197335428125 0.21029394687499997 0.17522204375 0.195933346875 0.1587339484375 0.22132278749999998 0.1808473328125 0.2356833875
0 0.139600503125 0.4318832921875 0.1598117171875 0.40076075156249996 0.138517346875 0.3869320265625 0.11830613281249999 0.41805456718749995 0.139600503125 0.4318832921875
0 0.0638478 0.49563738749999997 0.0808677703125 0.46942893281250003 0.061211428125 0.4566639546875 0.0441914578125 0.482872409375 0.0638478 0.49563738749999997
0 0.029135471875000003 0.604674090625 0.04190045 0.58501775 0.0263391796875 0.5749121421875001 0.013574201562499999 0.594568484375 0.029135471875000003 0.604674090625
0 0 0.7190790734375 0.007548575 0.723981175 0.0612678546875 0.6412607375 0.0162220734375 0.6120076640625001 0 0.6369874671875 0 0.7190790734375
0 0.48836975312500003 0.7375570671875 0.51549533125 0.695787340625 0.484372790625 0.6755761265625 0.4572472125 0.717345853125 0.48836975312500003 0.7375570671875
0 0.477549353125 0.8062173390625 0.5009518109375 0.7701807125 0.4714672984375 0.751033246875 0.448064840625 0.7870698734375 0.477549353125 0.8062173390625
0 0.5285681171875 0.8253763046874999 0.546651834375 0.7975298203125 0.52126239375 0.781041725 0.503178675 0.808888209375 0.5285681171875 0.8253763046874999
0 0.5325226734374999 0.883836453125 0.551670140625 0.8543519406250001 0.52382365625 0.8362682234375001 0.504676190625 0.8657527359375001 0.5325226734374999 0.883836453125
0 0.60683176875 0.7452043703125 0.6195967453125 0.7255480296875 0.5884742046875 0.7053368140625 0.575709228125 0.7249931562499999 0.60683176875 0.7452043703125