0 0.8897711671874999 0.1968607859375 0.8947440406249999 0.12574538125 0.8236286343750001 0.12077250625 0.8186557609375 0.19188791249999998 0.8897711671874999 0.1968607859375
0 0.959840703125 0.15379211406249998 0.9648135765625 0.082676709375 0.886878884375 0.077226984375 0.8819060109375 0.14834239062500001 0.959840703125 0.15379211406249998
0 1 0.033742456250000004 0.991770365625 0.033166984375 0.9873424640625 0.096488921875 1 0.0973740234375 1 0.033742456250000004
0 1 0.1164634921875 0.925127615625 0.11122790468749999 0.9173617593750001 0.22228484062499998 0.99529645 0.227734565625 1 0.1604706703125 1 0.1164634921875
0 0.9502117437500001 0.298492446875 0.9556614671875 0.2205577546875 0.8884427968749999 0.2158573671875 0.8829930718749999 0.29379205937499997 0.9502117437500001 0.298492446875
0 0.9538940984375 0.364828875 0.9588669734374999 0.2937134703125 0.8867773828125 0.288672475 0.881804509375 0.3597878796875 0.9538940984375 0.364828875
0 0.9588197875000001 0.448383821875 0.9635882953125 0.3801909671875 0.8914987062499999 0.375149971875 0.8867301968750001 0.4433428265625 0.9588197875000001 0.448383821875
0 0.908087440625 0.487909946875 0.9131284359375 0.41582035624999997 0.8215551734375 0.4094169296875 0.816514178125 0.4815065203125 0.908087440625 0.487909946875
0 0.8920579390625001 0.5631469328125001 0.8970308125 0.49203152812499995 0.8239670390624999 0.4869224109375 0.8189941656249999 0.5580378171875 0.8920579390625001 0.5631469328125001
0 0.9680032984375 0.5410470296875001 0.9734530234375001 0.46311233749999997 0.9003892499999999 0.45800322187500003 0.8949395250000001 0.5359379125 0.9680032984375 0.5410470296875001
0 1 0.397421328125 0.9810759625 0.39609803125 0.9761030875 0.4672134375 1 0.46888447187500004 1 0.397421328125
0 1 0.300505559375 0.9790523437499999 0.29904075625000004 0.974283834375 0.36723361250000003 1 0.36903186093749996 1 0.300505559375
0 1 0.2300213640625 0.9673959734375 0.22774146874999998 0.9624912218749999 0.297882690625 1 0.300505559375 1 0.2300213640625
0 0.88542208125 0.40605136249999996 0.8912805359375 0.32227156875 0.8113974765625 0.31668560156250003 0.8055390234375001 0.40046539531249997 0.88542208125 0.40605136249999996
0 0.8066494499999999 0.3985851484375 0.811417959375 0.33039229375 0.7422509203125001 0.3255556640625 0.7374824109375 0.39374851875 0.8066494499999999 0.3985851484375
0 0.8312898796875 0.31220293125 0.83619463125 0.24206170781249997 0.768975959375 0.237361321875 0.7640712078125 0.30750254374999997 0.8312898796875 0.31220293125
0 0.8245044281249999 0.24124425 0.8294091796874999 0.171103028125 0.75634540625 0.1659939109375 0.7514406546875 0.2361351328125 0.8245044281249999 0.24124425
0 0.7720414296875 0.1935230578125 0.7767418171875 0.12630438593749999 0.7114715140625 0.12174024218749999 0.7067711265625001 0.18895891250000002 0.7720414296875 0.1935230578125
0 0.8301585171875001 0.16038700781249998 0.8352676328124999 0.087323234375 0.7651264109375 0.0824184828125 0.7600172953125 0.15548225468750002 0.8301585171875001 0.16038700781249998
0 0.8865723375 0.0816108109375 0.8904552671875001 0.026082342187500003 0.821288228125 0.0212457125 0.8174052984375001 0.0767741796875 0.8865723375 0.0816108109375
0 0.96380533125 0.08309567968750001 0.9674157749999999 0.031463945312500005 0.8904552671875001 0.026082342187500003 0.8868448234375 0.0777140765625 0.96380533125 0.08309567968750001
0 0.7649630109375 0.11275441875 0.7700721265625 0.0396906453125 0.698956721875 0.034717771875 0.6938476046875001 0.10778154531249999 0.7649630109375 0.11275441875
0 0.679146246875 0.0940272125 0.6845959703125 0.0160925203125 0.611532196875 0.0109834046875 0.6060824734375 0.0889180953125 0.679146246875 0.0940272125
0 0.687355575 0.1866222984375 0.6947808249999999 0.08043628124999999 0.6178203171875001 0.075054678125 0.6103950671875 0.1812406953125 0.687355575 0.1866222984375
0 0.6281280609375 0.22163859375 0.6336459078125001 0.14272971875 0.5440210125 0.1364625359375 0.538503165625 0.2153714109375 0.6281280609375 0.22163859375
0 0.765495084375 0.32913894843749997 0.7705360796875 0.257049359375 0.6994206734375 0.25207648437499997 0.694379678125 0.324166075 0.765495084375 0.32913894843749997
0 0.7375505328124999 0.392774334375 0.7422509203125001 0.3255556640625 0.6789289828125 0.3211277625 0.674228596875 0.388346434375 0.7375505328124999 0.392774334375
0 0.691770578125 0.3474783609375 0.6966753296875 0.2773371375 0.6255599234375 0.2723642640625 0.620655171875 0.3425054875 0.691770578125 0.3474783609375
0 0.671823859375 0.40873616874999996 0.676660490625 0.33956912968749997 0.5889839625 0.333438190625 0.58414733125 0.402605228125 0.671823859375 0.40873616874999996
0 0.7196612671875 0.48060758750000004 0.7244297765625001 0.41241473281249996 0.6523401875 0.40737373750000005 0.647571678125 0.47556659218749997 0.7196612671875 0.48060758750000004
0 0.6943667812500001 0.5483440734375 0.7000889906250001 0.46651264843750007 0.5900062390625 0.4588149125 0.5842840296875 0.5406463375 0.6943667812500001 0.5483440734375
0 0.6449216140625 0.47146549374999996 0.64975824375 0.4022984546875 0.5766944703125 0.3971893375 0.571857840625 0.46635637656249995 0.6449216140625 0.47146549374999996
0 0.619592384375 0.32970485625 0.6248377453125 0.254692715625 0.551773971875 0.24958359843750003 0.5465286109374999 0.3245957390625 0.619592384375 0.32970485625
0 0.5485451 0.3237577984375 0.5535860953125 0.251668209375 0.47954813906249993 0.246490971875 0.47450714375 0.3185805609375 0.5485451 0.3237577984375
0 0.5635055921875 0.41780391874999995 0.5688871953125 0.3408434109375 0.488029953125 0.335189321875 0.48264835 0.4121498296875 0.5635055921875 0.41780391874999995
0 0.5421011640625 0.5279071531249999 0.5473465234375 0.45289501249999997 0.47525693437500005 0.4478540171875 0.470011575 0.5228661578125 0.5421011640625 0.5279071531249999
0 0.48737635 0.45653306718750003 0.492485465625 0.38346929375 0.41357659062499996 0.377951446875 0.40846747499999997 0.4510152203125 0.48737635 0.45653306718750003
0 0.444232653125 0.3595372375 0.4499548640625 0.2777058109375 0.376891090625 0.27259669531249997 0.3711688796875 0.35442812031250004 0.444232653125 0.3595372375
0 0.47199999843749996 0.2704368328125 0.47363491562500004 0.24705642499999997 0.45220287499999995 0.24555775156249998 0.45056795781250003 0.268938159375 0.47199999843749996 0.2704368328125
0 0.44230431406250004 0.2331182109375 0.4474815515625 0.15908025312500002 0.371495228125 0.153766771875 0.3663179890625 0.2278047296875 0.44230431406250004 0.2331182109375
0 0.515544840625 0.12370286875 0.520858321875 0.04771654375 0.4429236296875 0.042266820312499995 0.4376101484375 0.11825314375 0.515544840625 0.12370286875
0 0.45840193749999997 0.1569070390625 0.46371541875 0.080920715625 0.3896774609375 0.075743478125 0.38436397968749997 0.1517298015625 0.45840193749999997 0.1569070390625
0 0.3928386640625 0.1425329375 0.3982883890625 0.064598246875 0.3193795140625 0.0590804 0.3139297890625 0.13701509218750002 0.3928386640625 0.1425329375
0 0.373048671875 0.21554907031249998 0.3786346390625 0.13566601250000002 0.2997257640625 0.130148165625 0.294139796875 0.210031225 0.373048671875 0.21554907031249998
0 0.3457653078125 0.3957254046875 0.351419396875 0.3148681625 0.275433071875 0.30955468124999996 0.2697789828125 0.3904119234375 0.3457653078125 0.3957254046875
0 0.928409734375 0.70127308125 0.986860753125 0.7053603749999999 0.9918336265625 0.63424496875 0.9333826078125 0.630157675 0.928409734375 0.70127308125
0 0.9581935671874999 0.6113347359375 0.9932641796875 0.6137871125000001 0.9991226328125 0.53000731875 0.9640520218749999 0.5275549421875 0.9581935671874999 0.6113347359375
0 0.9390919203125 0.7725042484375 0.9819559999999999 0.7755015968750001 0.9872694828125 0.699515271875 0.9444054015625 0.6965179234375001 0.9390919203125 0.7725042484375
0 0.93296765625 0.8180865140625 0.9380767734375001 0.7450227421875 0.865013 0.739913625 0.8599038828125 0.8129773984374999 0.93296765625 0.8180865140625
0 0.8989050625000001 0.7452204296875 0.9043547875 0.6672857390625 0.8273942796875 0.6619041359375 0.8219445546875 0.7398388265625 0.8989050625000001 0.7452204296875
0 0.8688344828125001 0.6432650796875 0.8748291796875 0.55753691875 0.7910493859375001 0.551678465625 0.7850546890625 0.637406625 0.8688344828125001 0.6432650796875
0 0.9102680109374999 0.666720284375 0.9155133703124999 0.59170814375 0.839527046875 0.5863946624999999 0.8342816859375001 0.661406803125 0.9102680109374999 0.666720284375
0 0.804504528125 0.7092508875 0.809954253125 0.6313161953125 0.7359162968749999 0.6261389578125 0.730466571875 0.7040736484375001 0.804504528125 0.7092508875
0 0.7364002765625 0.7172148875000001 0.742803703125 0.625641625 0.6590239109375 0.6197831703125 0.6526204843750001 0.7113564328125 0.7364002765625 0.7172148875000001
0 0.731815196875 0.6287890218750001 0.7368561921875 0.5566994328125 0.6618440515625 0.5514540718750001 0.65680305625 0.6235436625 0.731815196875 0.6287890218750001
0 0.6597937296875 0.62277384375 0.6649709671874999 0.5487358859375 0.5860620921875 0.543218040625 0.5808848546875 0.617255996875 0.6597937296875 0.62277384375
0 0.6438666375000001 0.7665442921875 0.649248240625 0.689583784375 0.5761844671875 0.68447466875 0.5708028640625 0.7614351765625 0.6438666375000001 0.7665442921875
0 0.9147173015625001 0.8970839937499999 0.9159434890625 0.8795486875 0.8964598171875 0.87818625625 0.895233628125 0.8957215625 0.9147173015625001 0.8970839937499999
0 0.8683585390624999 0.9300633171875001 0.8692441203125 0.9173989312499999 0.8585281 0.9166495937500001 0.8576425203125 0.92931398125 0.8683585390624999 0.9300633171875001
0 0.7930534312499999 0.915008 0.7940752546875001 0.9003952453125 0.7823850515624999 0.8995777875 0.781363228125 0.9141905421875001 0.7930534312499999 0.915008
0 0.8075299421875 0.917978190625 0.8084155234375 0.9053138031250001 0.797699503125 0.9045644656249999 0.7968139234375 0.917228853125 0.8075299421875 0.917978190625
0 0.8930127750000001 0.899482053125 0.8980537703125 0.8273924640624999 0.8230416296874999 0.8221471046875 0.8180006343749999 0.8942366937499999 0.8930127750000001 0.899482053125
0 0.8289276953125 0.8499692187500001 0.8344455406250001 0.77106034375 0.7526141156249999 0.7653381328125 0.74709626875 0.8442470078125 0.8289276953125 0.8499692187500001
0 0.71376253125 0.7469582109374999 0.7185991609375 0.677791171875 0.6484579390625 0.6728864203125 0.6436213078125 0.742053459375 0.71376253125 0.7469582109374999
0 0.7870035109375 0.7775323453125 0.79204450625 0.70544275625 0.7199549171874999 0.7004017609375001 0.714913921875 0.77249135 0.7870035109375 0.7775323453125
0 0.6317133875 0.8283470734374999 0.63791245 0.7396963624999999 0.55413265625 0.7338379078124999 0.5479335953125 0.8224886203124999 0.6317133875 0.8283470734374999
0 0.6744550312500001 0.8890937437499999 0.679019175 0.8238234390624999 0.6001103 0.8183055937500001 0.59554615625 0.8835758968749999 0.6744550312500001 0.8890937437499999
0 0.74480729375 0.8489816828125001 0.750188896875 0.772021175 0.67225420625 0.76657145 0.6668726031250001 0.8435319578125 0.74480729375 0.8489816828125001
0 0.783039109375 0.91822351875 0.7884888328125 0.840288828125 0.7125025093749999 0.8349753468750001 0.707052784375 0.9129100375 0.783039109375 0.91822351875
0 0.656702009375 0.9749786281249999 0.661334275 0.9087341406249999 0.591193053125 0.9038293890625001 0.5865607859375 0.9700738765624999 0.656702009375 0.9749786281249999
0 0.590457521875 0.9703463625 0.595634759375 0.89630840625 0.52062261875 0.891063046875 0.51544538125 0.9651010031249999 0.590457521875 0.9703463625
0 0.9355634046875 0.8789627515625 0.9745307515625001 0.8816876140625001 0.9805254484375 0.7959594531249999 0.9415581015625 0.793234590625 0.9355634046875 0.8789627515625
0 0.7949417890625 1 0.8015621765625 0.90532404375 0.67102156875 0.89619575625 0.66376286875 1 0.7949417890625 1
0 0.897731240625 1 0.899389496875 0.9762858359375001 0.828274090625 0.9713129625000001 0.826268096875 1 0.897731240625 1
0 0.9662575421874999 1 0.9687063578125 0.964980315625 0.9424034000000001 0.9631410328125 0.9398259703124999 1 0.9662575421874999 1
0 0.9398259703124999 1 0.94104096875 0.98262470625 0.919608928125 0.98112603125 0.9182891312500001 1 0.9398259703124999 1
0 0.6226470875000001 1 0.6251670421875 0.9639629640624999 0.5472323515624999 0.9585132406250001 0.5443313140625 1 0.6226470875000001 1
0 0.6901944421875 1 0.69218135 0.971585903125 0.6220401265625 0.96668115 0.6197102453125 1 0.6901944421875 1
0 0.5634245734375 0.6429561015624999 0.569146784375 0.5611246765625 0.49218627656249997 0.5557430734375 0.486464065625 0.6375745 0.5634245734375 0.6429561015624999
0 0.47062512187500005 0.65408798125 0.4757342390625 0.5810242078125001 0.39390281250000003 0.575301996875 0.388793696875 0.6483657703125 0.47062512187500005 0.65408798125
0 0.5671717125 0.729365478125 0.5722127078125 0.6572758890625 0.49232964843750004 0.651689921875 0.48728865312499997 0.7237795109375 0.5671717125 0.729365478125
0 0.4908381046875 0.7710171765625 0.495947221875 0.697953403125 0.419960896875 0.692639921875 0.4148517796875 0.7657036953125 0.4908381046875 0.7710171765625
0 0.5404466734375 0.8175598203125001 0.5456920328125 0.7425476796875 0.4667831578125 0.737029834375 0.4615377984375 0.812041975 0.5404466734375 0.8175598203125001
0 0.4625529453125 0.83952348125 0.46773018281249995 0.765485525 0.38492457343750003 0.7596951921875 0.3797473359375 0.8337331484374999 0.4625529453125 0.83952348125
0 0.4354521015625 0.5831021421875 0.4409018265625 0.5051674515625 0.35614785000000004 0.4992408765625 0.35069812499999997 0.5771755671875 0.4354521015625 0.5831021421875
0 0.3482252671875 0.5985394859375 0.3540156 0.5157338765625 0.2799776421875 0.5105566375 0.27418731093750004 0.593362246875 0.3482252671875 0.5985394859375
0 0.30570847031250004 0.5485769578124999 0.3104769796875 0.480384103125 0.2364390234375 0.47520686406249996 0.2316705140625 0.5433997203125001 0.30570847031250004 0.5485769578124999
0 0.388657453125 0.6503141375 0.39390281250000003 0.575301996875 0.31986485625 0.570124759375 0.314619496875 0.6451369 0.388657453125 0.6503141375
0 0.4441520875 0.724678896875 0.449329325 0.650640940625 0.374317184375 0.6453955796875 0.36913994687499996 0.7194335374999999 0.4441520875 0.724678896875
0 0.8177049437499999 0.0444898765625 0.8193398609375 0.02110946875 0.7491986390625 0.016204717187500002 0.7475637203125001 0.039585125 0.8177049437499999 0.0444898765625
0 0.88740405625 0.26571103749999997 0.8923088078125 0.195569815625 0.8211934015625 0.19059694062500002 0.8162886500000001 0.2607381640625 0.88740405625 0.26571103749999997
0 0.40476343281249993 0 0.40245070624999996 0.0330735203125 0.47843703125000003 0.0383870015625 0.4811213109375 0 0.40476343281249993 0
0 0.285331878125 0 0.28073919687500004 0.0656784046875 0.356725521875 0.0709918859375 0.3616897578125 0 0.285331878125 0
0 0.3006454046875 0.1169966875 0.305890765625 0.041984546875 0.2328269921875 0.0368754296875 0.2275816328125 0.1118875703125 0.3006454046875 0.1169966875
0 0.22106199062499998 0.079126415625 0.22610298593749997 0.007036826562499999 0.15303921250000002 0.0019277093750000001 0.1479982171875 0.0740173 0.22106199062499998 0.079126415625
0 0.113037178125 0 0.1119396171875 0.0156958484375 0.1898743078125 0.021145571874999998 0.19135295000000002 0 0.113037178125 0
0 0.12790145 0.081422521875 0.1328743234375 0.010307115625 0.0627331015625 0.0054023625 0.057760228125 0.07651776875 0.12790145 0.081422521875
0 0.12326250937500001 0.1897612703125 0.1286441109375 0.1128007625 0.0546061546875 0.1076235234375 0.0492245515625 0.18458403125 0.12326250937500001 0.1897612703125
0 0.2519500296875 0.1693915625 0.2570591453125 0.09632779062499999 0.1859437390625 0.091354915625 0.1808346234375 0.16441868906249998 0.2519500296875 0.1693915625
0 0.2899093578125 0.242530134375 0.295563446875 0.1616728921875 0.216654571875 0.1561550453125 0.2110004828125 0.23701228749999997 0.2899093578125 0.242530134375
0 0.2926823125 0.3288713890625 0.2977914296875 0.255807615625 0.22570184062499998 0.25076662031249997 0.22059272343749997 0.32383039375 0.2926823125 0.3288713890625
0 0.3988959421875 0.44789854531250006 0.4040050578125 0.3748347734375 0.3309412859375 0.36972565625 0.32583216875 0.4427894296875 0.3988959421875 0.44789854531250006
0 0.433980359375 0.5061518765625 0.4390213546875 0.4340622859375 0.3679059484375 0.42908941250000004 0.362864953125 0.5011790015625001 0.433980359375 0.5061518765625
0 0.3597380375 0.5038971890624999 0.364506546875 0.4357043328125 0.297287875 0.4310039453125 0.29251936562499997 0.4991968015625 0.3597380375 0.5038971890624999
0 0.3169487546875 0.4578313953125 0.32137665625 0.3945094578125 0.25513216875 0.3898771921875 0.2507042671875 0.4531991296875 0.3169487546875 0.4578313953125
0 0.2514740859375 0.4561898015625 0.2574006609375 0.371435825 0.15803392968750002 0.3644874265625 0.1521073546875 0.449241403125 0.2514740859375 0.4561898015625
0 0.5396204953125 0.24139164218750003 0.54064231875 0.2267788875 0.5270037484375 0.2258251859375 0.525981925 0.2404379390625 0.5396204953125 0.24139164218750003
0 0.5317246171875001 0.17231320625 0.5328145625 0.15672626875 0.5220985421875 0.15597693125 0.521008596875 0.17156386875000001 0.5317246171875001 0.17231320625
0 0.4730011125 0.172122646875 0.4738866921875 0.15945826093749998 0.4621964890625 0.1586408015625 0.461310909375 0.1713051890625 0.4730011125 0.172122646875
0 0.51192749375 0.147434125 0.5125405890625 0.138666471875 0.50182456875 0.137917134375 0.5012114750000001 0.1466847875 0.51192749375 0.147434125
0 0.4923690234375 0.1891401390625 0.49325460468750004 0.1764757515625 0.4805902171875 0.1755901703125 0.4797046375 0.1882545578125 0.4923690234375 0.1891401390625
0 0.499181634375 0.23171124999999998 0.4999990921875 0.220021046875 0.4912314390625 0.219407953125 0.49041398125 0.23109815625 0.499181634375 0.23171124999999998
0 0.3376615 0.28062191406250003 0.3390920515625 0.26016405625 0.32545348125 0.25921035468750003 0.324022928125 0.2796682109375 0.3376615 0.28062191406250003
0 0.20300977812499998 0.33728508125 0.20832325937500001 0.2612987578125 0.1323369359375 0.25598527656250003 0.1270234546875 0.33197160000000003 0.20300977812499998 0.33728508125
0 0.227023534375 0.2738643 0.23213265156250001 0.2008005265625 0.1561463265625 0.1954870453125 0.1510372109375 0.26855081875 0.227023534375 0.2738643
0 0.1984756765625 0.21313120937500002 0.2037210359375 0.13811906875 0.1277347109375 0.1328055875 0.1224893515625 0.207817728125 0.1984756765625 0.21313120937500002
0 0.07326569375 0.1627704203125 0.02260814375 0.1592281 0.017090296875 0.23813697500000003 0.06774784687499999 0.2416792953125 0.07326569375 0.1627704203125
0 0.13610121875 0.377148475 0.14121033593750001 0.3040847015625 0.067172378125 0.2989074640625 0.06206326250000001 0.3719712375 0.13610121875 0.377148475
0 0.15059843906249998 0.463820096875 0.15570755625 0.3907563234375 0.0826437828125 0.38564720625 0.077534665625 0.45871097968749996 0.15059843906249998 0.463820096875
0 0.2421990859375 0.5118306921875 0.24676323125000002 0.4465603890625 0.1736994578125 0.441451271875 0.1691353125 0.5067215765624999 0.2421990859375 0.5118306921875
0 0.1453530796875 0.5388322375000001 0.1507346828125 0.4618717296875 0.08156764375 0.45703509843749995 0.07618604062499999 0.53399560625 0.1453530796875 0.5388322375000001
0 0.06357195 0.2873978046875 0.013888584374999999 0.28392360625 0.00803013125 0.3677033984375 0.057713496875000006 0.3711775984375 0.06357195 0.2873978046875
0 0.07888351875 0.45342109218750004 0.0854231875 0.3598994625 0.010411046875 0.3546541015625 0.0038713781250000003 0.44817573125 0.07888351875 0.45342109218750004
0 0.07955138125 0.527867778125 0.08500110625 0.44993308593750003 0.00901478125 0.44461960468750006 0.0035650578125 0.522554296875 0.07955138125 0.527867778125
0 0.0225680875 0.41179366718750005 0.00503278125 0.4105674796875 0.0010817312500000001 0.46707012968750006 0.0186170375 0.46829631875000005 0.0225680875 0.41179366718750005
0 0.335258184375 0 0.33478234218749997 0.0068048499999999994 0.4020010140625 0.0115052375 0.4028055390625 0 0.335258184375 0
0 0.048951612500000005 0.048491290625 0.030442121875 0.0471969796875 0.026082342187500003 0.10954473281249999 0.044591832812499996 0.11083904375 0.048951612500000005 0.048491290625
0 0.1780149359375 0.3727372640625 0.1792411234375 0.35520195781249997 0.16755092031250002 0.3543845 0.16632473125 0.37191980625 0.1780149359375 0.3727372640625
0 0.0821981078125 0.5530160078125 0.083424296875 0.5354807015625 0.06881154218749999 0.5344588781249999 0.067585353125 0.551994184375 0.0821981078125 0.5530160078125
0 0.1116725109375 0.628498096875 0.116781628125 0.5554343234375 0.0466404046875 0.5505295703125 0.0415312890625 0.62359334375 0.1116725109375 0.628498096875
0 0.2526054484375 0.608005725 0.2577826859375 0.53396776875 0.18471891406250002 0.5288586515625 0.179541675 0.6028966078125 0.2526054484375 0.608005725
0 0.1907347734375 0.6668213984375 0.19598013281249999 0.5918092578125 0.12389054375 0.5867682624999999 0.1186451828125 0.6617804031250001 0.1907347734375 0.6668213984375
0 0.102271509375 0.6929407000000001 0.1072443828125 0.6218252953125 0.03515479375 0.6167843000000001 0.0301819203125 0.6878997046875 0.102271509375 0.6929407000000001
0 0 0.757741796875 0.0738841671875 0.76290828125 0.078993284375 0.6898445078125001 0.0030069593750000003 0.6845310265625 0 0.7275325578125 0 0.757741796875
0 0 0.7249470671875 0.02307323125 0.7265605046875 0.0294766578125 0.6349872421875 0 0.6329260328124999 0 0.7249470671875
0 0 0.8340996765625001 0.0714932375 0.8390989703124999 0.0769429609375 0.761164278125 0.0009566375 0.755850796875 0 0.7695313500000001 0 0.8340996765625001
0 0 0.89675229375 0.025730653125000003 0.8985515562499999 0.031044134374999997 0.8225652328124999 0 0.8203944156249999 0 0.89675229375
0 0.25660481874999996 0.7468064125 0.2617139359375 0.6737426390625 0.1876759796875 0.6685654000000001 0.1825668625 0.7416291734375 0.25660481874999996 0.7468064125
0 0.3158935515625 0.68291545625 0.320934546875 0.6108258671875 0.24689658906249998 0.605648628125 0.24185559375 0.6777382171874999 0.3158935515625 0.68291545625
0 0.3733058296875 0.73685641875 0.37821058125 0.666715196875 0.3090435421875 0.6618785671875 0.30413879062500004 0.7320197890625 0.3733058296875 0.73685641875
0 0.3648790109375 0.8013671453125 0.369851884375 0.7302517390625 0.29581392812499996 0.7250745015625 0.2908410546875 0.79618990625 0.3648790109375 0.8013671453125
0 0.3094222296875 0.8454576406250001 0.3148719546875 0.7675229484375 0.2359630796875 0.762005103125 0.2305133546875 0.8399397937499999 0.3094222296875 0.8454576406250001
0 0.20191785625 0.7938875796875 0.20716321718750003 0.7188754390625001 0.13409944375 0.7137663234375 0.128854084375 0.7887784625 0.20191785625 0.7938875796875
0 0.164854803125 0.8549274453125 0.170440771875 0.7750443859375 0.09250607968749999 0.7695946609375001 0.08692011250000001 0.8494777203125 0.164854803125 0.8549274453125
0 0.2505967703125 0.9167230953125 0.25597837343749996 0.8397625874999999 0.18291459999999998 0.8346534703125 0.177532996875 0.911613978125 0.2505967703125 0.9167230953125
0 0.3177370796875 0.9155443203125 0.3229143171875 0.8415063640625 0.24887636093749999 0.836329125 0.24369912187499998 0.9103670812500001 0.3177370796875 0.9155443203125
0 0.37791495625 0.887936584375 0.383296559375 0.8109760765624999 0.312181153125 0.806003203125 0.30679955 0.8829637109374999 0.37791495625 0.887936584375
0 0.170546971875 0.96252019375 0.1783128296875 0.8514632593749999 0.11791344374999999 0.8472397234375 0.1101475859375 0.9582966578125 0.170546971875 0.96252019375
0 0.098862546875 0.902686490625 0.104312271875 0.8247517984374999 0.0273517640625 0.8193701953125 0.0219020390625 0.8973048875 0.098862546875 0.902686490625
0 0.114609775 0.9644823671875 0.1196507703125 0.8923927781250001 0.055354650000000005 0.8878967546875 0.0503136546875 0.9599863453124999 0.114609775 0.9644823671875
0 0.52389601875 0.8932498390625 0.52982259375 0.8084958625 0.44993953593749997 0.8029098937500001 0.444012959375 0.887663871875 0.52389601875 0.8932498390625
0 0.512083378125 0.9501817015625 0.5168518859375 0.8819888468749999 0.444762296875 0.8769478515625 0.4399937875 0.9451407062499999 0.512083378125 0.9501817015625
0 0.44375761718750006 0.9263144296875 0.44893485625 0.852276471875 0.37489689843749996 0.847099234375 0.3697196609375 0.9211371906249999 0.44375761718750006 0.9263144296875
0 0.49146816718749997 1 0.4942177046875 0.960679778125 0.41823138125000003 0.9553662968750001 0.41543839687500006 0.995307825 0.48253960781250005 1 0.49146816718749997 1
0 0.3421395359375 0.9725612218749999 0.3409133484375 0.9900965265625 0.40423528593749997 0.994524428125 0.4054614734375 0.9769891218750001 0.3421395359375 0.9725612218749999
0 0.233184128125 0.927742325 0.229369321875 0.9822966078125001 0.2965879921875 0.9869969953125001 0.30040279999999997 0.9324427125 0.233184128125 0.927742325
0 0 0.9662575421874999 0.0423260625 0.9692172703124999 0.04702645 0.9019985984375 0 0.8987101890625 0 0.9662575421874999
0 0.165478365625 0.9230078765625 0.1616635578125 0.9775621609374999 0.23083059687500002 0.982398790625 0.2346454046875 0.9278445062499999 0.165478365625 0.9230078765625