0 0.0615234375 0.0341796875 0.0234375 0.0341796875 0.0234375 0.0693359375 0.0615234375 0.0693359375 0.0615234375 0.0341796875
0 0 0 0 0.013671875 0.0419921875 0.013671875 0.0419921875 0 0 0
0 0.08837890625 0.00341796875 0.05126953125 0.00341796875 0.05126953125 0.03857421875 0.08837890625 0.03857421875 0.08837890625 0.00341796875
0 0.13330078125 0.0009765625 0.10400390625 0.0009765625 0.10400390625 0.037109375 0.13330078125 0.037109375 0.13330078125 0.0009765625
0 0.19140625 0.02587890625 0.146484375 0.02587890625 0.146484375 0.07275390625 0.19140625 0.07275390625 0.19140625 0.02587890625
0 0.17578125 0.07568359375 0.126953125 0.07568359375 0.126953125 0.11376953125 0.17578125 0.11376953125 0.17578125 0.07568359375
0 0.27978515625 0.04345703125 0.22998046875 0.04345703125 0.22998046875 0.09228515625 0.27978515625 0.09228515625 0.27978515625 0.04345703125
0 0 0.10498046875 0.005859375 0.10498046875 0.005859375 0.07373046875 0 0.07373046875 0 0.10498046875
0 0 0.17236328125 0.013671875 0.17236328125 0.013671875 0.13330078125 0 0.13330078125 0 0.17236328125
0 0.0732421875 0.1728515625 0.0341796875 0.1728515625 0.0341796875 0.2138671875 0.0732421875 0.2138671875 0.0732421875 0.1728515625
0 0.103515625 0.21875 0.05859375 0.21875 0.05859375 0.2626953125 0.103515625 0.2626953125 0.103515625 0.21875
0 0.14990234375 0.16357421875 0.10107421875 0.16357421875 0.10107421875 0.20849609375 0.14990234375 0.20849609375 0.14990234375 0.16357421875
0 0.1953125 0.13818359375 0.15625 0.13818359375 0.15625 0.17822265625 0.1953125 0.17822265625 0.1953125 0.13818359375
0 0.2060546875 0.19091796875 0.162109375 0.19091796875 0.162109375 0.23193359375 0.2060546875 0.23193359375 0.2060546875 0.19091796875
0 0.22265625 0.23388671875 0.173828125 0.23388671875 0.173828125 0.27490234375 0.22265625 0.27490234375 0.22265625 0.23388671875
0 0.14892578125 0.25537109375 0.11669921875 0.25537109375 0.11669921875 0.29248046875 0.14892578125 0.29248046875 0.14892578125 0.25537109375
0 0.087890625 0.2861328125 0.044921875 0.2861328125 0.044921875 0.3310546875 0.087890625 0.3310546875 0.087890625 0.2861328125
0 0 0.35986328125 0.0263671875 0.35986328125 0.0263671875 0.30712890625 0 0.30712890625 0 0.35986328125
0 0.14501953125 0.296875 0.09619140625 0.296875 0.09619140625 0.341796875 0.14501953125 0.341796875 0.14501953125 0.296875
0 0.21044921875 0.314453125 0.16748046875 0.314453125 0.16748046875 0.3544921875 0.21044921875 0.3544921875 0.21044921875 0.314453125
0 0.2724609375 0.1630859375 0.2373046875 0.1630859375 0.2373046875 0.197265625 0.2724609375 0.197265625 0.2724609375 0.1630859375
0 0.2587890625 0 0.2587890625 0.0068359375 0.2880859375 0.0068359375 0.2880859375 0 0.2587890625 0
0 0.32568359375 0 0.32568359375 0.01171875 0.36181640625 0.01171875 0.36181640625 0 0.32568359375 0
0 0.42919921875 0.0029296875 0.39111328125 0.0029296875 0.39111328125 0.0380859375 0.42919921875 0.0380859375 0.42919921875 0.0029296875
0 0.4990234375 0.06005859375 0.4677734375 0.06005859375 0.4677734375 0.08935546875 0.4990234375 0.08935546875 0.4990234375 0.06005859375
0 0.474609375 0.08642578125 0.4345703125 0.08642578125 0.4345703125 0.12255859375 0.474609375 0.12255859375 0.474609375 0.08642578125
0 0.537109375 0.11181640625 0.49609375 0.11181640625 0.49609375 0.15576171875 0.537109375 0.15576171875 0.537109375 0.11181640625
0 0.53955078125 0.03125 0.51220703125 0.03125 0.51220703125 0.0615234375 0.53955078125 0.0615234375 0.53955078125 0.03125
0 0.6220703125 0.013671875 0.5849609375 0.013671875 0.5849609375 0.05078125 0.6220703125 0.05078125 0.6220703125 0.013671875
0 0.68310546875 0 0.68310546875 0.0302734375 0.72705078125 0.0302734375 0.72705078125 0 0.68310546875 0
0 0.7568359375 0.01904296875 0.720703125 0.01904296875 0.720703125 0.05712890625 0.7568359375 0.05712890625 0.7568359375 0.01904296875
0 0.7568359375 0 0.7568359375 0.0078125 0.78515625 0.0078125 0.78515625 0 0.7568359375 0
0 0.857421875 0.00244140625 0.818359375 0.00244140625 0.818359375 0.04150390625 0.857421875 0.04150390625 0.857421875 0.00244140625
0 0.97314453125 0.01123046875 0.93994140625 0.01123046875 0.93994140625 0.04638671875 0.97314453125 0.04638671875 0.97314453125 0.01123046875
0 1 0.01318359375 0.9814453125 0.01318359375 0.9814453125 0.07080078125 1 0.07080078125 1 0.01318359375
0 0.951171875 0.05908203125 0.9130859375 0.05908203125 0.9130859375 0.09716796875 0.951171875 0.09716796875 0.951171875 0.05908203125
0 1 0.095703125 0.9755859375 0.095703125 0.9755859375 0.1455078125 1 0.1455078125 1 0.095703125
0 0.830078125 0.04541015625 0.78125 0.04541015625 0.78125 0.09033203125 0.830078125 0.09033203125 0.830078125 0.04541015625
0 0.8994140625 0.13720703125 0.8583984375 0.13720703125 0.8583984375 0.17431640625 0.8994140625 0.17431640625 0.8994140625 0.13720703125
0 0.93359375 0.20947265625 0.888671875 0.20947265625 0.888671875 0.25244140625 0.93359375 0.25244140625 0.93359375 0.20947265625
0 0.70703125 0.13720703125 0.6708984375 0.13720703125 0.6708984375 0.17626953125 0.70703125 0.17626953125 0.70703125 0.13720703125
0 0.7529296875 0.1640625 0.712890625 0.1640625 0.712890625 0.2080078125 0.7529296875 0.2080078125 0.7529296875 0.1640625
0 0.8310546875 0.1533203125 0.787109375 0.1533203125 0.787109375 0.19921875 0.8310546875 0.19921875 0.8310546875 0.1533203125
0 0.86083984375 0.1826171875 0.82861328125 0.1826171875 0.82861328125 0.2216796875 0.86083984375 0.2216796875 0.86083984375 0.1826171875
0 0.62109375 0.10693359375 0.5751953125 0.10693359375 0.5751953125 0.14990234375 0.62109375 0.14990234375 0.62109375 0.10693359375
0 0.578125 0.12744140625 0.537109375 0.12744140625 0.537109375 0.17333984375 0.578125 0.17333984375 0.578125 0.12744140625
0 0.5595703125 0.1845703125 0.521484375 0.1845703125 0.521484375 0.2265625 0.5595703125 0.2265625 0.5595703125 0.1845703125
0 0.607421875 0.17578125 0.5712890625 0.17578125 0.5712890625 0.216796875 0.607421875 0.216796875 0.607421875 0.17578125
0 0.517578125 0.197265625 0.490234375 0.197265625 0.490234375 0.228515625 0.517578125 0.228515625 0.517578125 0.197265625
0 0.48876953125 0.16259765625 0.44775390625 0.16259765625 0.44775390625 0.20947265625 0.48876953125 0.20947265625 0.48876953125 0.16259765625
0 0.419921875 0.22900390625 0.3759765625 0.22900390625 0.3759765625 0.27001953125 0.419921875 0.27001953125 0.419921875 0.22900390625
0 0.3349609375 0.20654296875 0.291015625 0.20654296875 0.291015625 0.25439453125 0.3349609375 0.25439453125 0.3349609375 0.20654296875
0 0.6875 0.23974609375 0.6416015625 0.23974609375 0.6416015625 0.28662109375 0.6875 0.28662109375 0.6875 0.23974609375
0 0.76220703125 0.27685546875 0.72314453125 0.27685546875 0.72314453125 0.34326171875 0.76220703125 0.34326171875 0.76220703125 0.27685546875
0 0.8251953125 0.28564453125 0.7861328125 0.28564453125 0.7861328125 0.32373046875 0.8251953125 0.32373046875 0.8251953125 0.28564453125
0 0.859375 0.2470703125 0.818359375 0.2470703125 0.818359375 0.287109375 0.859375 0.287109375 0.859375 0.2470703125
0 0.8916015625 0.2802734375 0.8515625 0.2802734375 0.8515625 0.318359375 0.8916015625 0.318359375 0.8916015625 0.2802734375
0 0.9443359375 0.3154296875 0.900390625 0.3154296875 0.900390625 0.3564453125 0.9443359375 0.3564453125 0.9443359375 0.3154296875
0 0.95361328125 0.36279296875 0.90869140625 0.36279296875 0.90869140625 0.40576171875 0.95361328125 0.40576171875 0.95361328125 0.36279296875
0 0.88232421875 0.34765625 0.84228515625 0.34765625 0.84228515625 0.4140625 0.88232421875 0.4140625 0.88232421875 0.34765625
0 0.82763671875 0.34423828125 0.78662109375 0.34423828125 0.78662109375 0.38720703125 0.82763671875 0.38720703125 0.82763671875 0.34423828125
0 0.822265625 0.41015625 0.78515625 0.41015625 0.78515625 0.447265625 0.822265625 0.447265625 0.822265625 0.41015625
0 0.84423828125 0.43994140625 0.81005859375 0.43994140625 0.81005859375 0.47314453125 0.84423828125 0.47314453125 0.84423828125 0.43994140625
0 0.9296875 0.4287109375 0.884765625 0.4287109375 0.884765625 0.478515625 0.9296875 0.478515625 0.9296875 0.4287109375
0 0.6513671875 0.34033203125 0.6201171875 0.34033203125 0.6201171875 0.36865234375 0.6513671875 0.36865234375 0.6513671875 0.34033203125
0 0.38232421875 0.2646484375 0.33251953125 0.2646484375 0.33251953125 0.328125 0.38232421875 0.328125 0.38232421875 0.2646484375
0 0.42529296875 0.33935546875 0.38427734375 0.33935546875 0.38427734375 0.39306640625 0.42529296875 0.39306640625 0.42529296875 0.33935546875
0 0.3896484375 0.376953125 0.35546875 0.376953125 0.35546875 0.412109375 0.3896484375 0.412109375 0.3896484375 0.376953125
0 0.27880859375 0.2978515625 0.23291015625 0.2978515625 0.23291015625 0.341796875 0.27880859375 0.341796875 0.27880859375 0.2978515625
0 0.310546875 0.34228515625 0.2734375 0.34228515625 0.2734375 0.37451171875 0.310546875 0.37451171875 0.310546875 0.34228515625
0 0.26220703125 0.35107421875 0.21728515625 0.35107421875 0.21728515625 0.39208984375 0.26220703125 0.39208984375 0.26220703125 0.35107421875
0 0.14306640625 0.36083984375 0.09912109375 0.36083984375 0.09912109375 0.40283203125 0.14306640625 0.40283203125 0.14306640625 0.36083984375
0 0 0.4931640625 0.025390625 0.4931640625 0.025390625 0.451171875 0 0.451171875 0 0.4931640625
0 0.28076171875 0.38916015625 0.24560546875 0.38916015625 0.24560546875 0.42236328125 0.28076171875 0.42236328125 0.28076171875 0.38916015625
0 0.32568359375 0.40380859375 0.28369140625 0.40380859375 0.28369140625 0.45166015625 0.32568359375 0.45166015625 0.32568359375 0.40380859375
0 0.3388671875 0.44091796875 0.3076171875 0.44091796875 0.3076171875 0.46630859375 0.3388671875 0.46630859375 0.3388671875 0.44091796875
0 0.384765625 0.44140625 0.333984375 0.44140625 0.333984375 0.4921875 0.384765625 0.4921875 0.384765625 0.44140625
0 0.16259765625 0.49365234375 0.11962890625 0.49365234375 0.11962890625 0.53564453125 0.16259765625 0.53564453125 0.16259765625 0.49365234375
0 0.27685546875 0.533203125 0.23291015625 0.533203125 0.23291015625 0.576171875 0.27685546875 0.576171875 0.27685546875 0.533203125
0 0.32666015625 0.5458984375 0.29541015625 0.5458984375 0.29541015625 0.580078125 0.32666015625 0.580078125 0.32666015625 0.5458984375
0 0.38525390625 0.5458984375 0.34423828125 0.5458984375 0.34423828125 0.587890625 0.38525390625 0.587890625 0.38525390625 0.5458984375
0 0.57568359375 0.40380859375 0.54541015625 0.40380859375 0.54541015625 0.43798828125 0.57568359375 0.43798828125 0.57568359375 0.40380859375
0 0.57470703125 0.453125 0.54248046875 0.453125 0.54248046875 0.48046875 0.57470703125 0.48046875 0.57470703125 0.453125
0 0.62255859375 0.44091796875 0.57763671875 0.44091796875 0.57763671875 0.49267578125 0.62255859375 0.49267578125 0.62255859375 0.44091796875
0 0.685546875 0.4296875 0.6455078125 0.4296875 0.6455078125 0.470703125 0.685546875 0.470703125 0.685546875 0.4296875
0 0.30859375 0.14013671875 0.30078125 0.14013671875 0.30078125 0.14208984375 0.30859375 0.14208984375 0.30859375 0.14013671875
0 0.13037109375 0.1318359375 0.11865234375 0.1318359375 0.11865234375 0.146484375 0.13037109375 0.146484375 0.13037109375 0.1318359375
0 0.24755859375 0.201171875 0.23388671875 0.201171875 0.23388671875 0.2138671875 0.24755859375 0.2138671875 0.24755859375 0.201171875
0 0.4150390625 0.0498046875 0.4033203125 0.0498046875 0.4033203125 0.05859375 0.4150390625 0.05859375 0.4150390625 0.0498046875
0 0.6513671875 0.07470703125 0.630859375 0.07470703125 0.630859375 0.12353515625 0.6513671875 0.12353515625 0.6513671875 0.07470703125
0 0.6513671875 0.52001953125 0.57421875 0.52001953125 0.57421875 0.55322265625 0.6513671875 0.55322265625 0.6513671875 0.52001953125
0 0.57958984375 0.5341796875 0.53076171875 0.5341796875 0.53076171875 0.5810546875 0.57958984375 0.5810546875 0.57958984375 0.5341796875
0 0.7138671875 0.55419921875 0.6708984375 0.55419921875 0.6708984375 0.60205078125 0.7138671875 0.60205078125 0.7138671875 0.55419921875
0 0.84423828125 0.533203125 0.79638671875 0.533203125 0.79638671875 0.5751953125 0.84423828125 0.5751953125 0.84423828125 0.533203125
0 0.8828125 0.60107421875 0.84765625 0.60107421875 0.84765625 0.64208984375 0.8828125 0.64208984375 0.8828125 0.60107421875
0 0.75927734375 0.62646484375 0.71435546875 0.62646484375 0.71435546875 0.67138671875 0.75927734375 0.67138671875 0.75927734375 0.62646484375
0 0.70654296875 0.62158203125 0.66162109375 0.62158203125 0.66162109375 0.66845703125 0.70654296875 0.66845703125 0.70654296875 0.62158203125
0 0.64794921875 0.66357421875 0.60791015625 0.66357421875 0.60791015625 0.70361328125 0.64794921875 0.70361328125 0.64794921875 0.66357421875
0 0.2548828125 0.58203125 0.2109375 0.58203125 0.2109375 0.6279296875 0.2548828125 0.6279296875 0.2548828125 0.58203125
0 0.62353515625 0.71728515625 0.59228515625 0.71728515625 0.59228515625 0.74951171875 0.62353515625 0.74951171875 0.62353515625 0.71728515625
0 0.64697265625 0.74951171875 0.60986328125 0.74951171875 0.60986328125 0.78173828125 0.64697265625 0.78173828125 0.64697265625 0.74951171875
0 0.673828125 0.69873046875 0.638671875 0.69873046875 0.638671875 0.73193359375 0.673828125 0.73193359375 0.673828125 0.69873046875
0 0.74267578125 0.71435546875 0.70654296875 0.71435546875 0.70654296875 0.75146484375 0.74267578125 0.75146484375 0.74267578125 0.71435546875
0 0.69091796875 0.744140625 0.65673828125 0.744140625 0.65673828125 0.783203125 0.69091796875 0.783203125 0.69091796875 0.744140625
0 0.89013671875 0.73291015625 0.84814453125 0.73291015625 0.84814453125 0.77197265625 0.89013671875 0.77197265625 0.89013671875 0.73291015625
0 0.994140625 0.78759765625 0.951171875 0.78759765625 0.951171875 0.82861328125 0.994140625 0.82861328125 0.994140625 0.78759765625
0 0.84716796875 0.80126953125 0.81201171875 0.80126953125 0.81201171875 0.83642578125 0.84716796875 0.83642578125 0.84716796875 0.80126953125
0 0.77001953125 0.86376953125 0.74267578125 0.86376953125 0.74267578125 0.88818359375 0.77001953125 0.88818359375 0.77001953125 0.86376953125
0 0.55126953125 0.6923828125 0.51025390625 0.6923828125 0.51025390625 0.73046875 0.55126953125 0.73046875 0.55126953125 0.6923828125
0 0.50927734375 0.71630859375 0.47509765625 0.71630859375 0.47509765625 0.75146484375 0.50927734375 0.75146484375 0.50927734375 0.71630859375
0 0.43212890625 0.67041015625 0.39892578125 0.67041015625 0.39892578125 0.70654296875 0.43212890625 0.70654296875 0.43212890625 0.67041015625
0 0.4609375 0.7470703125 0.4208984375 0.7470703125 0.4208984375 0.791015625 0.4609375 0.791015625 0.4609375 0.7470703125
0 0.58251953125 0.83349609375 0.54443359375 0.83349609375 0.54443359375 0.88134765625 0.58251953125 0.88134765625 0.58251953125 0.83349609375
0 0.6513671875 0.892578125 0.6416015625 0.892578125 0.6416015625 0.9072265625 0.6513671875 0.9072265625 0.6513671875 0.892578125
0 0.57421875 1 0.57421875 0.9755859375 0.541015625 0.9755859375 0.541015625 1 0.57421875 1
0 0.34033203125 0.8671875 0.31298828125 0.8671875 0.31298828125 0.8916015625 0.34033203125 0.8916015625 0.34033203125 0.8671875
0 0.306640625 0.70166015625 0.2666015625 0.70166015625 0.2666015625 0.73486328125 0.306640625 0.73486328125 0.306640625 0.70166015625
0 0.32275390625 0.6552734375 0.28076171875 0.6552734375 0.28076171875 0.6943359375 0.32275390625 0.6943359375 0.32275390625 0.6552734375
0 0.2255859375 0.65478515625 0.1923828125 0.65478515625 0.1923828125 0.69091796875 0.2255859375 0.69091796875 0.2255859375 0.65478515625
0 0.17919921875 0.58447265625 0.14697265625 0.58447265625 0.14697265625 0.62060546875 0.17919921875 0.62060546875 0.17919921875 0.58447265625
0 0.1396484375 0.57470703125 0.099609375 0.57470703125 0.099609375 0.61865234375 0.1396484375 0.61865234375 0.1396484375 0.57470703125
0 0.09521484375 0.59912109375 0.04931640625 0.59912109375 0.04931640625 0.63720703125 0.09521484375 0.63720703125 0.09521484375 0.59912109375
0 0.05126953125 0.62890625 0.01220703125 0.62890625 0.01220703125 0.66796875 0.05126953125 0.66796875 0.05126953125 0.62890625
0 0.09619140625 0.65576171875 0.05224609375 0.65576171875 0.05224609375 0.70068359375 0.09619140625 0.70068359375 0.09619140625 0.65576171875
0 0.15625 0.62890625 0.11328125 0.62890625 0.11328125 0.6669921875 0.15625 0.6669921875 0.15625 0.62890625
0 0.06103515625 0.7060546875 0.01708984375 0.7060546875 0.01708984375 0.74609375 0.06103515625 0.74609375 0.06103515625 0.7060546875
0 0.11962890625 0.74951171875 0.08349609375 0.74951171875 0.08349609375 0.78466796875 0.11962890625 0.78466796875 0.11962890625 0.74951171875
0 0.140625 0.7783203125 0.1142578125 0.7783203125 0.1142578125 0.8056640625 0.140625 0.8056640625 0.140625 0.7783203125
0 0.20556640625 0.6943359375 0.16650390625 0.6943359375 0.16650390625 0.73046875 0.20556640625 0.73046875 0.20556640625 0.6943359375
0 0.224609375 0.7431640625 0.1904296875 0.7431640625 0.1904296875 0.7783203125 0.224609375 0.7783203125 0.224609375 0.7431640625
0 0.16455078125 0.81494140625 0.11767578125 0.81494140625 0.11767578125 0.85595703125 0.16455078125 0.85595703125 0.16455078125 0.81494140625
0 0.0966796875 0.81787109375 0.0576171875 0.81787109375 0.0576171875 0.85595703125 0.0966796875 0.85595703125 0.0966796875 0.81787109375
0 0 0.88037109375 0.0263671875 0.88037109375 0.0263671875 0.83837890625 0 0.83837890625 0 0.88037109375
0 0.08056640625 0.896484375 0.05126953125 0.896484375 0.05126953125 0.9248046875 0.08056640625 0.9248046875 0.08056640625 0.896484375
0 0.20263671875 0.90185546875 0.16357421875 0.90185546875 0.16357421875 0.94873046875 0.20263671875 0.94873046875 0.20263671875 0.90185546875
0 0.20458984375 1 0.20458984375 0.9638671875 0.14892578125 0.9638671875 0.14892578125 1 0.20458984375 1
0 0.2890625 0.86376953125 0.2470703125 0.86376953125 0.2470703125 0.90283203125 0.2890625 0.90283203125 0.2890625 0.86376953125
0 0.0712890625 1 0.0712890625 0.9580078125 0.0302734375 0.9580078125 0.0302734375 1 0.0712890625 1
0 0 0.97802734375 0.0302734375 0.97802734375 0.0302734375 0.93310546875 0 0.93310546875 0 0.97802734375
0 0.28759765625 1 0.28759765625 0.966796875 0.24755859375 0.966796875 0.24755859375 1 0.28759765625 1
0 0.328125 0.93115234375 0.2900390625 0.93115234375 0.2900390625 0.97021484375 0.328125 0.97021484375 0.328125 0.93115234375
0 0.35986328125 1 0.35986328125 0.966796875 0.32666015625 0.966796875 0.32666015625 1 0.35986328125 1