0 0.07666015625 0.025390625 0.02880859375 0.025390625 0.02880859375 0.09375 0.07666015625 0.09375 0.07666015625 0.025390625
0 0.57861328125 0.05126953125 0.51806640625 0.05126953125 0.51806640625 0.11474609375 0.57861328125 0.11474609375 0.57861328125 0.05126953125
0 0.6298828125 0.04541015625 0.599609375 0.04541015625 0.599609375 0.07080078125 0.6298828125 0.07080078125 0.6298828125 0.04541015625
0 0.6328125 0.07568359375 0.59375 0.07568359375 0.59375 0.12255859375 0.6328125 0.12255859375 0.6328125 0.07568359375
0 0.4365234375 0.27783203125 0.4111328125 0.27783203125 0.4111328125 0.30224609375 0.4365234375 0.30224609375 0.4365234375 0.27783203125
0 0.04541015625 0.21875 0.02392578125 0.21875 0.02392578125 0.24609375 0.04541015625 0.24609375 0.04541015625 0.21875
0 0.10888671875 0.35205078125 0.03466796875 0.35205078125 0.03466796875 0.38330078125 0.10888671875 0.38330078125 0.10888671875 0.35205078125
0 0 0.646484375 0.091796875 0.646484375 0.091796875 0.541015625 0 0.541015625 0 0.646484375
0 0.193359375 0.77001953125 0.1572265625 0.77001953125 0.1572265625 0.80517578125 0.193359375 0.80517578125 0.193359375 0.77001953125
0 0.54052734375 0.7431640625 0.48486328125 0.7431640625 0.48486328125 0.787109375 0.54052734375 0.787109375 0.54052734375 0.7431640625
0 0.5859375 0.7783203125 0.5576171875 0.7783203125 0.5576171875 0.8203125 0.5859375 0.8203125 0.5859375 0.7783203125
0 0.88671875 0.67822265625 0.7216796875 0.67822265625 0.7216796875 0.81298828125 0.88671875 0.81298828125 0.88671875 0.67822265625
0 0.97705078125 0.7705078125 0.94580078125 0.7705078125 0.94580078125 0.80078125 0.97705078125 0.80078125 0.97705078125 0.7705078125
0 0.9970703125 0.83984375 0.9697265625 0.83984375 0.9697265625 0.87890625 0.9970703125 0.87890625 0.9970703125 0.83984375
0 0.4560546875 0.32177734375 0.38671875 0.32177734375 0.38671875 0.38525390625 0.4560546875 0.38525390625 0.4560546875 0.32177734375
0 0.625 0.35498046875 0.56640625 0.35498046875 0.56640625 0.40771484375 0.625 0.40771484375 0.625 0.35498046875
0 0.6025390625 0.25537109375 0.5556640625 0.25537109375 0.5556640625 0.28857421875 0.6025390625 0.28857421875 0.6025390625 0.25537109375
0 0.73876953125 0.166015625 0.69482421875 0.166015625 0.69482421875 0.2158203125 0.73876953125 0.2158203125 0.73876953125 0.166015625
0 1 0.13427734375 0.9140625 0.13427734375 0.9140625 0.22509765625 1 0.22509765625 1 0.13427734375
0 0.826171875 0.0830078125 0.798828125 0.0830078125 0.798828125 0.1083984375 0.826171875 0.1083984375 0.826171875 0.0830078125
0 0.66796875 0.3310546875 0.640625 0.3310546875 0.640625 0.3564453125 0.66796875 0.3564453125 0.66796875 0.3310546875
0 0.26318359375 0.294921875 0.22802734375 0.294921875 0.22802734375 0.3232421875 0.26318359375 0.3232421875 0.26318359375 0.294921875
0 0.38818359375 0.533203125 0.36865234375 0.533203125 0.36865234375 0.5634765625 0.38818359375 0.5634765625 0.38818359375 0.533203125
0 0.53173828125 0.533203125 0.48974609375 0.533203125 0.48974609375 0.560546875 0.53173828125 0.560546875 0.53173828125 0.533203125
0 0.673828125 0.43359375 0.6376953125 0.43359375 0.6376953125 0.4814453125 0.673828125 0.4814453125 0.673828125 0.43359375
0 0.6591796875 0.0859375 0.6337890625 0.0859375 0.6337890625 0.107421875 0.6591796875 0.107421875 0.6591796875 0.0859375
0 0.56103515625 0.00830078125 0.52392578125 0.00830078125 0.52392578125 0.04052734375 0.56103515625 0.04052734375 0.56103515625 0.00830078125
0 0.4775390625 0.0546875 0.4541015625 0.0546875 0.4541015625 0.07421875 0.4775390625 0.07421875 0.4775390625 0.0546875
0 0.3671875 0.14892578125 0.3330078125 0.14892578125 0.3330078125 0.17822265625 0.3671875 0.17822265625 0.3671875 0.14892578125
0 0.28662109375 0.375 0.26904296875 0.375 0.26904296875 0.3994140625 0.28662109375 0.3994140625 0.28662109375 0.375
0 0.11767578125 0.283203125 0.09619140625 0.283203125 0.09619140625 0.3037109375 0.11767578125 0.3037109375 0.11767578125 0.283203125
0 0.36328125 0.25244140625 0.3427734375 0.25244140625 0.3427734375 0.26708984375 0.36328125 0.26708984375 0.36328125 0.25244140625
0 0.50048828125 0.2177734375 0.47802734375 0.2177734375 0.47802734375 0.232421875 0.50048828125 0.232421875 0.50048828125 0.2177734375
0 0.57568359375 0.15869140625 0.55322265625 0.15869140625 0.55322265625 0.17431640625 0.57568359375 0.17431640625 0.57568359375 0.15869140625
0 0.7177734375 0.091796875 0.66015625 0.091796875 0.66015625 0.1630859375 0.7177734375 0.1630859375 0.7177734375 0.091796875
0 0.74462890625 0.23828125 0.72021484375 0.23828125 0.72021484375 0.2587890625 0.74462890625 0.2587890625 0.74462890625 0.23828125
0 0.7119140625 0.3349609375 0.6865234375 0.3349609375 0.6865234375 0.3681640625 0.7119140625 0.3681640625 0.7119140625 0.3349609375
0 0.5361328125 0.900390625 0.515625 0.900390625 0.515625 0.9345703125 0.5361328125 0.9345703125 0.5361328125 0.900390625
0 0.42578125 0.9169921875 0.40234375 0.9169921875 0.40234375 0.935546875 0.42578125 0.935546875 0.42578125 0.9169921875
0 0.3095703125 0.86572265625 0.2861328125 0.86572265625 0.2861328125 0.88232421875 0.3095703125 0.88232421875 0.3095703125 0.86572265625
0 0.71435546875 0.46337890625 0.69482421875 0.46337890625 0.69482421875 0.48876953125 0.71435546875 0.48876953125 0.71435546875 0.46337890625
0 0.7314453125 0.52880859375 0.7109375 0.52880859375 0.7109375 0.54345703125 0.7314453125 0.54345703125 0.7314453125 0.52880859375
0 0.84423828125 0.5166015625 0.81103515625 0.5166015625 0.81103515625 0.541015625 0.84423828125 0.541015625 0.84423828125 0.5166015625
0 0.9111328125 0.5107421875 0.896484375 0.5107421875 0.896484375 0.529296875 0.9111328125 0.529296875 0.9111328125 0.5107421875
0 1 0.3984375 0.9765625 0.3984375 0.9765625 0.419921875 1 0.419921875 1 0.3984375
0 0.58349609375 0.18408203125 0.55029296875 0.18408203125 0.55029296875 0.20751953125 0.58349609375 0.20751953125 0.58349609375 0.18408203125