0 0.33056640625 0.60009765625 0.27490234375 0.60009765625 0.27490234375 0.64111328125 0.33056640625 0.64111328125 0.33056640625 0.60009765625
0 0.57470703125 0.4140625 0.53271484375 0.4140625 0.53271484375 0.4609375 0.57470703125 0.4609375 0.57470703125 0.4140625
0 0.60986328125 0.4130859375 0.58447265625 0.4130859375 0.58447265625 0.4345703125 0.60986328125 0.4345703125 0.60986328125 0.4130859375
0 0.74609375 0.4326171875 0.716796875 0.4326171875 0.716796875 0.466796875 0.74609375 0.466796875 0.74609375 0.4326171875
0 0.39892578125 0.60595703125 0.38037109375 0.60595703125 0.38037109375 0.63037109375 0.39892578125 0.63037109375 0.39892578125 0.60595703125
0 0.50439453125 0.53466796875 0.48974609375 0.53466796875 0.48974609375 0.55029296875 0.50439453125 0.55029296875 0.50439453125 0.53466796875
0 0.46533203125 0.494140625 0.45263671875 0.494140625 0.45263671875 0.5107421875 0.46533203125 0.5107421875 0.46533203125 0.494140625
0 0.42431640625 0.6416015625 0.37451171875 0.6416015625 0.37451171875 0.6982421875 0.42431640625 0.6982421875 0.42431640625 0.6416015625
0 0.2548828125 0.66650390625 0.236328125 0.66650390625 0.236328125 0.68701171875 0.2548828125 0.68701171875 0.2548828125 0.66650390625
0 0.13720703125 0.6337890625 0.10791015625 0.6337890625 0.10791015625 0.6650390625 0.13720703125 0.6650390625 0.13720703125 0.6337890625
0 0.1171875 0.611328125 0.076171875 0.611328125 0.076171875 0.6513671875 0.1171875 0.6513671875 0.1171875 0.611328125
0 0.12646484375 0.69384765625 0.10205078125 0.69384765625 0.10205078125 0.71826171875 0.12646484375 0.71826171875 0.12646484375 0.69384765625
0 0.25048828125 0.7646484375 0.21728515625 0.7646484375 0.21728515625 0.787109375 0.25048828125 0.787109375 0.25048828125 0.7646484375
0 0.0712890625 0.806640625 0.0537109375 0.806640625 0.0537109375 0.828125 0.0712890625 0.828125 0.0712890625 0.806640625
0 0.10498046875 0.74951171875 0.07763671875 0.74951171875 0.07763671875 0.79052734375 0.10498046875 0.79052734375 0.10498046875 0.74951171875
0 0.142578125 0.73486328125 0.0986328125 0.73486328125 0.0986328125 0.78076171875 0.142578125 0.78076171875 0.142578125 0.73486328125
0 0.38720703125 0.8330078125 0.36181640625 0.8330078125 0.36181640625 0.8515625 0.38720703125 0.8515625 0.38720703125 0.8330078125
0 0.36767578125 0.8515625 0.31884765625 0.8515625 0.31884765625 0.8935546875 0.36767578125 0.8935546875 0.36767578125 0.8515625
0 0.25 1 0.25 0.9765625 0.2197265625 0.9765625 0.2197265625 1 0.25 1
0 0.7158203125 0.91943359375 0.6845703125 0.91943359375 0.6845703125 0.94677734375 0.7158203125 0.94677734375 0.7158203125 0.91943359375
0 0.58935546875 0.87646484375 0.57861328125 0.87646484375 0.57861328125 0.89111328125 0.58935546875 0.89111328125 0.58935546875 0.87646484375
0 0.78662109375 0.8271484375 0.75341796875 0.8271484375 0.75341796875 0.859375 0.78662109375 0.859375 0.78662109375 0.8271484375
0 0.87451171875 0.80810546875 0.85302734375 0.80810546875 0.85302734375 0.82861328125 0.87451171875 0.82861328125 0.87451171875 0.80810546875
0 0.84423828125 0.83154296875 0.82177734375 0.83154296875 0.82177734375 0.85400390625 0.84423828125 0.85400390625 0.84423828125 0.83154296875
0 0.90380859375 0.91748046875 0.89013671875 0.91748046875 0.89013671875 0.93701171875 0.90380859375 0.93701171875 0.90380859375 0.91748046875
0 0.9423828125 0.919921875 0.9296875 0.919921875 0.9296875 0.935546875 0.9423828125 0.935546875 0.9423828125 0.919921875
0 0.94091796875 0.92041015625 0.89794921875 0.92041015625 0.89794921875 0.96533203125 0.94091796875 0.96533203125 0.94091796875 0.92041015625
0 0.94873046875 1 0.94873046875 0.978515625 0.92822265625 0.978515625 0.92822265625 1 0.94873046875 1
0 0.9697265625 0.59814453125 0.9501953125 0.59814453125 0.9501953125 0.61865234375 0.9697265625 0.61865234375 0.9697265625 0.59814453125
0 0.76025390625 0.587890625 0.68310546875 0.587890625 0.68310546875 0.6533203125 0.76025390625 0.6533203125 0.76025390625 0.587890625
0 0.640625 0.72265625 0.6298828125 0.72265625 0.6298828125 0.7353515625 0.640625 0.7353515625 0.640625 0.72265625
0 0.76220703125 0.140625 0.72900390625 0.140625 0.72900390625 0.17578125 0.76220703125 0.17578125 0.76220703125 0.140625
0 0.7470703125 0.22119140625 0.7080078125 0.22119140625 0.7080078125 0.26220703125 0.7470703125 0.26220703125 0.7470703125 0.22119140625
0 1 0.10009765625 0.9609375 0.10009765625 0.9609375 0.18310546875 1 0.18310546875 1 0.10009765625
0 0.9609375 0.16845703125 0.8408203125 0.16845703125 0.8408203125 0.24365234375 0.9609375 0.24365234375 0.9609375 0.16845703125
0 0.91259765625 0.1748046875 0.86669921875 0.1748046875 0.86669921875 0.2109375 0.91259765625 0.2109375 0.91259765625 0.1748046875
0 0.87939453125 0.20263671875 0.84912109375 0.20263671875 0.84912109375 0.23779296875 0.87939453125 0.23779296875 0.87939453125 0.20263671875
0 0.95556640625 0.19091796875 0.93896484375 0.19091796875 0.93896484375 0.21337890625 0.95556640625 0.21337890625 0.95556640625 0.19091796875
0 0.8994140625 0.015625 0.8681640625 0.015625 0.8681640625 0.033203125 0.8994140625 0.033203125 0.8994140625 0.015625
0 0.47021484375 0.115234375 0.44384765625 0.115234375 0.44384765625 0.1376953125 0.47021484375 0.1376953125 0.47021484375 0.115234375
0 0.34521484375 0.06591796875 0.33251953125 0.06591796875 0.33251953125 0.07958984375 0.34521484375 0.07958984375 0.34521484375 0.06591796875
0 0.4091796875 0.17333984375 0.3935546875 0.17333984375 0.3935546875 0.19091796875 0.4091796875 0.19091796875 0.4091796875 0.17333984375
0 0.38232421875 0.234375 0.35791015625 0.234375 0.35791015625 0.271484375 0.38232421875 0.271484375 0.38232421875 0.234375
0 0.36767578125 0.2919921875 0.32275390625 0.2919921875 0.32275390625 0.3369140625 0.36767578125 0.3369140625 0.36767578125 0.2919921875
0 0.32080078125 0.1708984375 0.26318359375 0.1708984375 0.26318359375 0.21484375 0.32080078125 0.21484375 0.32080078125 0.1708984375
0 0.2939453125 0.17431640625 0.2666015625 0.17431640625 0.2666015625 0.20556640625 0.2939453125 0.20556640625 0.2939453125 0.17431640625
0 0.22216796875 0.16064453125 0.20458984375 0.16064453125 0.20458984375 0.18310546875 0.22216796875 0.18310546875 0.22216796875 0.16064453125
0 0.181640625 0.2392578125 0.1640625 0.2392578125 0.1640625 0.263671875 0.181640625 0.263671875 0.181640625 0.2392578125
0 0.08837890625 0.0966796875 0.06884765625 0.0966796875 0.06884765625 0.1240234375 0.08837890625 0.1240234375 0.08837890625 0.0966796875
0 0.0546875 0.34423828125 0.0185546875 0.34423828125 0.0185546875 0.38037109375 0.0546875 0.38037109375 0.0546875 0.34423828125
0 0.17578125 0.3818359375 0.1337890625 0.3818359375 0.1337890625 0.4228515625 0.17578125 0.4228515625 0.17578125 0.3818359375
0 0.224609375 0.357421875 0.1201171875 0.357421875 0.1201171875 0.4638671875 0.224609375 0.4638671875 0.224609375 0.357421875
0 0 0.52734375 0.052734375 0.52734375 0.052734375 0.47265625 0 0.47265625 0 0.52734375
0 0.025390625 0.47607421875 0.0009765625 0.47607421875 0.0009765625 0.49658203125 0.025390625 0.49658203125 0.025390625 0.47607421875
0 0.216796875 0.43994140625 0.0888671875 0.43994140625 0.0888671875 0.57666015625 0.216796875 0.57666015625 0.216796875 0.43994140625
0 0.2099609375 0.50830078125 0.1484375 0.50830078125 0.1484375 0.56591796875 0.2099609375 0.56591796875 0.2099609375 0.50830078125
0 0.19482421875 0.48095703125 0.15673828125 0.48095703125 0.15673828125 0.50732421875 0.19482421875 0.50732421875 0.19482421875 0.48095703125
0 0.05322265625 0.8857421875 0.03076171875 0.8857421875 0.03076171875 0.91796875 0.05322265625 0.91796875 0.05322265625 0.8857421875
0 0.98828125 0.80615234375 0.9736328125 0.80615234375 0.9736328125 0.82275390625 0.98828125 0.82275390625 0.98828125 0.80615234375
0 1 0.78271484375 0.974609375 0.78271484375 0.974609375 0.83544921875 1 0.83544921875 1 0.78271484375
0 1 0.72509765625 0.978515625 0.72509765625 0.978515625 0.74755859375 1 0.74755859375 1 0.72509765625
0 0.98974609375 0.65576171875 0.97509765625 0.65576171875 0.97509765625 0.66943359375 0.98974609375 0.66943359375 0.98974609375 0.65576171875