0 0.541047803125 0.5114608265625 0.5046202328125 0.5043800234375 0.49828477812500005 0.5369731140625 0.5347123484375 0.5440539171875 0.541047803125 0.5114608265625
0 0.46472070624999995 0.545868946875 0.443631059375 0.5417695359375 0.439717984375 0.5619005625 0.46080763124999996 0.5659999734375 0.46472070624999995 0.545868946875
0 0.4040717375 0.4868250578125 0.38394071093750004 0.48291198281250003 0.3792822890625 0.506877490625 0.39941331562500004 0.510790565625 0.4040717375 0.4868250578125
0 0.333280875 0.4825156921875 0.3083567484375 0.47767093281250006 0.3044436734375 0.497801959375 0.3293678 0.50264671875 0.333280875 0.4825156921875
0 0.38350623125 0.56191735 0.3365338375 0.5527868406249999 0.32908036093750004 0.5911316531249999 0.3760527546875 0.6002621609375 0.38350623125 0.56191735
0 0.3720206828125 0.6338004046875 0.3509310359375 0.6297009921875001 0.3466452875 0.6517492593750001 0.367734934375 0.6558486703125 0.3720206828125 0.6338004046875
0 0.3518223171875 0.6174387328125001 0.32593956875 0.6124076359374999 0.32146748281250004 0.6354145234375 0.34735023125 0.6404456203125 0.3518223171875 0.6174387328125001
0 0.6474782718750001 0.48340162812500004 0.627347246875 0.47948855312500005 0.62417951875 0.49578509843749996 0.6443105453125 0.4996981734375 0.6474782718750001 0.48340162812500004
0 0.6376114578125 0.46506884531250003 0.6280252546875 0.4632054765625 0.6252302000000001 0.47758478125000003 0.634816403125 0.47944814999999996 0.6376114578125 0.46506884531250003
0 0.7418272859374999 0.36395580625 0.729365221875 0.3615334265625 0.72619749375 0.377829971875 0.7386595578125 0.3802523515625 0.7418272859374999 0.36395580625
0 0.7532386671875 0.3845785046875 0.7359835015625 0.38122443906250003 0.7324431 0.39943822500000004 0.749698265625 0.4027922890625 0.7532386671875 0.3845785046875
0 0.6249957140625 0.34572283125 0.5847336609375 0.33789668125 0.5789572171875 0.3676139109375 0.61921926875 0.37544006093750004 0.6249957140625 0.34572283125
0 0.6091616906249999 0.2864365203125 0.5717755 0.2791693796875 0.5643220234374999 0.3175141921875 0.6017082140625 0.32478133124999997 0.6091616906249999 0.2864365203125
0 0.6158395640625 0.1932247171875 0.593791296875 0.18893896875 0.5902508953125001 0.2071527546875 0.6122991625 0.21143850312499998 0.6158395640625 0.1932247171875
0 0.62358490625 0.13802435 0.6024952609375 0.1339249375 0.5995138703125 0.1492628625 0.6206035156249999 0.153362275 0.62358490625 0.13802435
0 0.52507154375 0.089527496875 0.5106922390624999 0.08673244218750001 0.507338175 0.10398760781250001 0.5217174796874999 0.1067826609375 0.52507154375 0.089527496875
0 0.47432735 0 0.46844339375 0.030270332812500002 0.5048709640625 0.0373511359375 0.512131290625 0 0.47432735 0
0 0.639275396875 0.029154714062499996 0.619144371875 0.025241637500000004 0.61187723125 0.0626278296875 0.6320082578124999 0.0665409046875 0.639275396875 0.029154714062499996
0 0.6164559546875 0.0416313515625 0.5982421687499999 0.03809095 0.5947017671875 0.056304735937499996 0.612915553125 0.0598451375 0.6164559546875 0.0416313515625
0 0.750250825 0.080073946875 0.729161178125 0.075974534375 0.7267387984375 0.0884365984375 0.7478284453125 0.0925360109375 0.750250825 0.080073946875
0 0.7239797218749999 0.038655682812499995 0.69138663125 0.032320228125 0.685796525 0.0610788359375 0.7183896140625 0.067414290625 0.7239797218749999 0.038655682812499995
0 0.78790950625 0.40325591875000005 0.762985378125 0.398411159375 0.75795428125 0.42429390624999996 0.7828784093750001 0.42913866718750004 0.78790950625 0.40325591875000005
0 0.8107985015624999 0.439042565625 0.792584715625 0.4355021640625 0.7901623359375 0.44796422812500003 0.8083761218750001 0.4515046296875 0.8107985015624999 0.439042565625
0 0.792692459375 0.4554199171875 0.7898165984375 0.45486090625 0.7877668921875001 0.4654057296875 0.790642753125 0.46596474062500004 0.792692459375 0.4554199171875
0 0.7833453578125 0.44464946093749996 0.7459591671875 0.4373823203125 0.7355243 0.4910650578125 0.772910490625 0.498332196875 0.7833453578125 0.44464946093749996
0 0.7415903968750001 0.4086775828125 0.6649007734375 0.39377063125 0.6490621359375 0.47525335625 0.725751759375 0.49016030937500005 0.7415903968750001 0.4086775828125
0 0.7088816296875 0.469471378125 0.684916121875 0.46481295625 0.68212106875 0.479192259375 0.7060865765625 0.48385068281250004 0.7088816296875 0.469471378125
0 0.6852090953125 0.46586474375 0.6679539296875 0.46251067968750004 0.6660905609375 0.47209688281249995 0.6833457265625 0.475450946875 0.6852090953125 0.46586474375
0 0.6491890687499999 0.37479913593749997 0.6252235609375 0.37014071406250004 0.6162793890625 0.41615448749999995 0.640244896875 0.4208129109375 0.6491890687499999 0.37479913593749997
0 0.69932365625 0.2780963765625 0.6820684921875 0.27474231250000003 0.678528090625 0.29295609843750003 0.69578325625 0.29631016250000003 0.69932365625 0.2780963765625
0 0.6936763578125 0.243174075 0.6735453312499999 0.239261 0.6701912671875 0.256516165625 0.69032229375 0.260429240625 0.6936763578125 0.243174075
0 0.9532628421875 0.0797418640625 0.9053318265625 0.07042501875 0.8943379484375 0.126983615625 0.9422689640625 0.1363004625 0.9532628421875 0.0797418640625
0 0.7991033765625 0.1358300046875 0.7473378796875 0.1257678125 0.7406297515625 0.1602781421875 0.792395246875 0.1703403359375 0.7991033765625 0.1358300046875
0 0.7505773734375001 0.193549240625 0.714149803125 0.1864684375 0.7055783046874999 0.23056497187499997 0.742005875 0.237645775 0.7505773734375001 0.193549240625
0 0.7989247859375 0.2621400375 0.7807109999999999 0.2585996359375 0.7781022828124999 0.2720203203125 0.79631606875 0.2755607203125 0.7989247859375 0.2621400375
0 0.778290834375 0.30687638906250003 0.749532225 0.30128628125 0.744501128125 0.3271690296875 0.7732597375 0.3327591359375 0.778290834375 0.30687638906250003
0 0.627489859375 0.4173387421875 0.6054415921875 0.41305299218749997 0.5983607906249999 0.4494805640625 0.62040905625 0.4537663125 0.627489859375 0.4173387421875
0 0.6005138125 0.3872241171875 0.53820349375 0.3751122171875 0.525159909375 0.44221563750000004 0.587470228125 0.45432753750000004 0.6005138125 0.3872241171875
0 0.5778963874999999 0.4370465421875 0.5596826015625 0.43350614218750005 0.557073884375 0.44692682499999997 0.5752876703124999 0.45046722656249993 0.5778963874999999 0.4370465421875
0 0.580450125 0.3957596375 0.558401859375 0.39147388906249997 0.5556068046875 0.4058531921875 0.577655071875 0.4101389421875 0.580450125 0.3957596375
0 0.3218999375 0.3081960515625 0.308479253125 0.3055873359375 0.30456617812500003 0.3257183625 0.3179868625 0.328327078125 0.3218999375 0.3081960515625
0 0.30744093281249996 0.30837002812500003 0.293061628125 0.30557497499999997 0.2906392484375 0.3180370375 0.305018553125 0.3208320921875 0.30744093281249996 0.30837002812500003
0 0.31505934375 0.35362387968750003 0.297804178125 0.35026981562500004 0.293704765625 0.37135946249999996 0.31095993125 0.3747135265625 0.31505934375 0.35362387968750003
0 0.1414547953125 0.30246886562499997 0.1328272125 0.3007918328125 0.13077750625 0.31133665625 0.1394050890625 0.31301368749999997 0.1414547953125 0.30246886562499997
0 0.256892159375 0.381613525 0.243471475 0.379004809375 0.24086275937499999 0.3924254921875 0.25428344375 0.395034209375 0.256892159375 0.381613525
0 0.27102793593749996 0.32168628906249996 0.258565871875 0.319263909375 0.25558448125 0.334601834375 0.2680465453125 0.3370242140625 0.27102793593749996 0.32168628906249996
0 0.2733492125 0.3967505390625 0.248425084375 0.3919057796875 0.24190329375 0.4254574890625 0.2668274203125 0.4303022484375 0.2733492125 0.3967505390625
0 0.313613478125 0.440391378125 0.298275553125 0.4374099875 0.2951078265625 0.4537065328125 0.3104457515625 0.45668792343750003 0.313613478125 0.440391378125
0 0.294963 0.4800416546875 0.2709974921875 0.4753832328125 0.2668980796875 0.49647287812499996 0.29086358749999996 0.5011313015625001 0.294963 0.4800416546875
0 0.252852153125 0.5021987718750001 0.23943146875000001 0.4995900546875 0.23514571874999998 0.521638321875 0.24856640312499997 0.5242470375 0.252852153125 0.5021987718750001
0 0.20852205000000001 0.592071084375 0.195101365625 0.5894623671875 0.1928653234375 0.6009658109375 0.2062860078125 0.603574528125 0.20852205000000001 0.592071084375
0 0.0822861859375 0.49938674218749995 0.0535275765625 0.49379663437500004 0.045515090625 0.5350173078125 0.07427369843750001 0.5406074140625 0.0822861859375 0.49938674218749995
0 0.07305586875 0.4393943796875 0.05771794375 0.4364129890625 0.054736553125 0.4517509140625 0.07007447812499999 0.45473230468750003 0.07305586875 0.4393943796875
0 0.088246753125 0.432896203125 0.072908828125 0.4299148125 0.0699274390625 0.4452527375 0.0852653625 0.448234128125 0.088246753125 0.432896203125
0 0.1887007859375 0.64542155 0.17432148125 0.642626496875 0.1717127640625 0.65604718125 0.18609206875 0.658842234375 0.1887007859375 0.64542155
0 0.1071630828125 0.6017166921875 0.07265275156249999 0.5950085625 0.0674353171875 0.62184993125 0.10194564843750001 0.6285580609375 0.1071630828125 0.6017166921875
0 0.1589846625 0.6575524515625 0.1407708765625 0.65401205 0.1372304765625 0.6722258359375 0.1554442609375 0.6757662359375 0.1589846625 0.6575524515625
0 0.0702370109375 0.71491469375 0.052023226562500004 0.7113742921874999 0.048482825 0.729588078125 0.0666966109375 0.7331284796875 0.0702370109375 0.71491469375
0 0 0.7485169265625 0.018727404687499997 0.752157165625 0.0246901859375 0.721481315625 0 0.71668203125 0 0.7485169265625
0 0.131004978125 0.7605513671875 0.11470843281250001 0.757383640625 0.1106090203125 0.7784732875 0.126905565625 0.7816410140625 0.131004978125 0.7605513671875
0 0.163132225 0.7692833734375 0.1247874140625 0.7618298968749999 0.11696126250000001 0.80209195 0.155306075 0.8095454265625 0.163132225 0.7692833734375
0 0.3812812546875 0.7524942390625 0.364026090625 0.7491401734375 0.36029935156250004 0.7683125796875 0.3775545171875 0.7716666437499999 0.3812812546875 0.7524942390625
0 0.3863752640625 0.6674307078124999 0.3614511375 0.6625859484375 0.3579107359375 0.6807997343750001 0.3828348640625 0.68564449375 0.3863752640625 0.6674307078124999
0 0.5147034515625 0.7928540734375 0.4821103625 0.78651861875 0.47745193906249994 0.8104841265625 0.5100450296875 0.8168195812500001 0.5147034515625 0.7928540734375
0 0.2507646328125 0.1162922953125 0.23159222656249998 0.1125655578125 0.2286108359375 0.1279034828125 0.2477832421875 0.1316302203125 0.2507646328125 0.1162922953125
0 0.3284106625 0.095570896875 0.3025279140625 0.0905398 0.29861483906249997 0.1106708265625 0.3244975875 0.1157019234375 0.3284106625 0.095570896875
0 0.2082181984375 0.1995474359375 0.19383889375000002 0.19675238125 0.1902984921875 0.2149661671875 0.20467779687499998 0.21776122031249998 0.2082181984375 0.1995474359375
0 0.12491582812499999 0.2544861921875 0.10766066249999999 0.25113212812499996 0.104492934375 0.2674286734375 0.1217481 0.2707827375 0.12491582812499999 0.2544861921875
0 0.14067365781250002 0.1580651515625 0.1119150484375 0.15247504375 0.1053932578125 0.18602675468750002 0.134151865625 0.1916168625 0.14067365781250002 0.1580651515625
0 0.0829049765625 0.17120965 0.0646911921875 0.1676692484375 0.0613371265625 0.1849244140625 0.0795509125 0.188464815625 0.0829049765625 0.17120965
0 0.06626269375 0.17493860156250002 0.0576351109375 0.1732615703125 0.052976689062500006 0.1972270765625 0.061604271875000005 0.198904109375 0.06626269375 0.17493860156250002
0 0.12666260000000001 0.0817234796875 0.10557295468750001 0.0776240671875 0.10035552031249999 0.10446543593749999 0.12144516718750001 0.1085648484375 0.12666260000000001 0.0817234796875
0 0.1009414671875 0.10656901249999999 0.0913552640625 0.10470564375 0.0885602109375 0.11908494843749999 0.09814641406249999 0.12094831718750002 0.1009414671875 0.10656901249999999
0 0.1823416578125 0 0.1814982296875 0.004339059375 0.19875339375 0.0076931234375 0.2002487859375 0 0.1823416578125 0
0 0.25198049375 0 0.24999917656249998 0.010192990624999999 0.27492330468750004 0.015037749999999999 0.277846346875 0 0.25198049375 0
0 0.25358219531250004 0.035263051562499995 0.22098910468750002 0.028927596875 0.217448703125 0.0471413828125 0.25004179375 0.0534768375 0.25358219531250004 0.035263051562499995
0 0.2917406703125 0.0436751484375 0.24572689531249997 0.0347309765625 0.2347330171875 0.091289575 0.2807467921875 0.100233746875 0.2917406703125 0.0436751484375
0 0.215147534375 0.08201091875 0.199809609375 0.079029528125 0.1973872296875 0.0914915921875 0.21272515468750003 0.0944729828125 0.215147534375 0.08201091875
0 0.231761775 0.055395184374999996 0.2020445453125 0.049618740625000005 0.1971997859375 0.07454286875 0.226917015625 0.08031931249999999 0.231761775 0.055395184374999996
0 0.46079121875 0.084991390625 0.4444946734375 0.0818236640625 0.440954271875 0.1000374484375 0.45725081718749994 0.10320517656249999 0.46079121875 0.084991390625
0 0.554834709375 0.1923098203125 0.543331265625 0.19007377812499998 0.541467896875 0.19965998125 0.552971340625 0.20189602343750002 0.554834709375 0.1923098203125
0 0.5384056984375001 0.200059590625 0.47897124062499996 0.1885067015625 0.4681637 0.2441066796875 0.5275981578125 0.2556595671875 0.5384056984375001 0.200059590625
0 0.5500449281249999 0.24510017031250003 0.495403571875 0.234478965625 0.483291671875 0.296789284375 0.5379330296875 0.3074104890625 0.5500449281249999 0.24510017031250003
0 0.39758481562500003 0.43830920312500005 0.3764951703125 0.43420979062500004 0.37109139999999996 0.4620097796875 0.3921810453125 0.4661091921875 0.39758481562500003 0.43830920312500005
0 0.2139169671875 0.4210123390625 0.1947445609375 0.41728560156250005 0.19064514999999999 0.4383752484375 0.20981755624999998 0.4421019859375 0.2139169671875 0.4210123390625
0 0.1769405328125 0.3655750828125 0.14243020312500002 0.35886695468749996 0.13739910625 0.384749703125 0.1719094375 0.39145783125 0.1769405328125 0.3655750828125
0 0.1760234234375 0.3907652484375 0.140554471875 0.3838707828125 0.1353370390625 0.41071215156249996 0.170805990625 0.41760661718750003 0.1760234234375 0.3907652484375
0 0.12869514375 0.4397637328125 0.10568825625 0.435291646875 0.1012161703125 0.458298534375 0.12422305781250001 0.46277062031250005 0.12869514375 0.4397637328125
0 0.1297727609375 0.42654285468750003 0.11539345625 0.4237478 0.1135300875 0.433334003125 0.1279093921875 0.43612905625 0.1297727609375 0.42654285468750003
0 0.1498779578125 0.44338383593749997 0.12974693125 0.43947075937499996 0.12564752031249998 0.46056040625000005 0.1457785453125 0.46447348125000004 0.1498779578125 0.44338383593749997
0 0.1707262890625 0.420575646875 0.1295056171875 0.412563159375 0.12149312968749999 0.45378383125 0.16271380156249998 0.46179631875 0.1707262890625 0.420575646875
0 0.19127039375 0.43004063906249995 0.16826350625 0.425568553125 0.163232409375 0.4514513 0.18623929687500002 0.45592338593750004 0.19127039375 0.43004063906249995
0 0.014104040625 0.48165669375000003 0.0045178375 0.4797933234375 0.00246813125 0.490338146875 0.012054334375 0.49220151718749994 0.014104040625 0.48165669375000003
0 0.444725653125 0.37236199375 0.36899465 0.35764137812499996 0.355951065625 0.4247447984375 0.43168206875 0.43946541406249995 0.444725653125 0.37236199375
0 0.6010052953125 0.584298075 0.5827915109374999 0.5807576734375 0.5794374453125 0.5980128390624999 0.59765123125 0.601553240625 0.6010052953125 0.584298075
0 0.601885321875 0.6053607859375 0.562581890625 0.5977209718750001 0.5560600984375 0.6312726828125 0.5953635296875001 0.6389124953125 0.601885321875 0.6053607859375
0 0.584090146875 0.6969090234374999 0.5630005015624999 0.6928096109374999 0.55722405625 0.7225268406249999 0.578313703125 0.726626253125 0.584090146875 0.6969090234374999
0 0.6077110234374999 0.7263714703125 0.595248959375 0.723949090625 0.5920812328125 0.740245634375 0.6045432953125001 0.742668015625 0.6077110234374999 0.7263714703125
0 0.6307583140624999 0.7383127140625 0.6135031484375 0.7349586484375 0.609962746875 0.7531724343749999 0.6272179125 0.7565264984375 0.6307583140624999 0.7383127140625
0 0.6476542734375 0.7460737375 0.6380680703125 0.74421036875 0.63490034375 0.7605069140625 0.6444865453124999 0.7623702828125001 0.6476542734375 0.7460737375
0 0.6296100375 0.6853629625 0.612354871875 0.6820088984375 0.606205753125 0.71364336875 0.62346091875 0.7169974328125 0.6296100375 0.6853629625
0 0.6673139234375001 0.662846640625 0.6289691125 0.6553931640624999 0.6233790046875 0.6841517734375 0.6617238171875 0.6916052500000001 0.6673139234375001 0.662846640625
0 0.65318386875 0.599912184375 0.6090873359375 0.5913406875 0.5951120671875 0.663237209375 0.6392086015625 0.67180870625 0.65318386875 0.599912184375
0 0.7284962625 0.5195441609375 0.6623514609375001 0.5066869140625 0.653034615625 0.5546179296875 0.7191794171875 0.5674751765625 0.7284962625 0.5195441609375
0 0.6525418375 0.5520350406250001 0.6237832296875 0.546444934375 0.618006784375 0.5761621625 0.64676539375 0.5817522703125 0.6525418375 0.5520350406250001
0 0.704355484375 0.694917803125 0.6880589390625 0.6917500765625 0.6852638859375 0.70612938125 0.70156043125 0.7092971078125 0.704355484375 0.694917803125
0 0.7127371375 0.8104562718749999 0.6676819828125 0.8016984375 0.66060118125 0.8381260078125001 0.705656334375 0.84688384375 0.7127371375 0.8104562718749999
0 0.644802946875 0.9270778906249999 0.6122098578124999 0.9207424359375 0.6041973703125 0.961963109375 0.636790459375 0.9682985640625 0.644802946875 0.9270778906249999
0 0.6858419734375001 1 0.6883168546875 0.9872678453124999 0.6557237640625 0.980932390625 0.652017396875 1 0.6858419734375001 1
0 0.3632670859375 0.9628833515625 0.33642571875 0.9576659171875 0.3336306640625 0.972045221875 0.3604720328125 0.97726265625 0.3632670859375 0.9628833515625
0 0.0968684265625 0.76983334375 0.0786546421875 0.7662929421875 0.0758595875 0.780672246875 0.0940733734375 0.784212646875 0.0968684265625 0.76983334375
0 0.1118246375 0.8438716328125 0.0591005203125 0.833623103125 0.052578728124999995 0.8671748140625001 0.1053028453125 0.87742334375 0.1118246375 0.8438716328125
0 0.11487004687499999 0.7872602703125 0.0506424875 0.7747756984375 0.04058029375 0.82654119375 0.104807853125 0.8390257671875 0.11487004687499999 0.7872602703125
0 0.18305551250000002 0.858712353125 0.1629244859375 0.854799278125 0.1597567578125 0.8710958234374999 0.179887784375 0.8750088984375 0.18305551250000002 0.858712353125
0 0.0696104734375 0.9177403734375 0.068119778125 0.9254093359375 0.0824990828125 0.9282043906249999 0.083989778125 0.9205354281250001 0.0696104734375 0.9177403734375
0 0.10100473437499999 0.9148892359374999 0.0978370078125 0.93118578125 0.114133553125 0.9343535078125 0.1173012796875 0.9180569625 0.10100473437499999 0.9148892359374999
0 0.1495329515625 0.8929846890625001 0.13419502656249999 0.8900032984375 0.131586309375 0.9034239828124999 0.146924234375 0.9064053734374999 0.1495329515625 0.8929846890625001
0 0.1830588328125 0.9124343874999999 0.1370450578125 0.903490215625 0.130523265625 0.9370419249999999 0.176537040625 0.945986096875 0.1830588328125 0.9124343874999999
0 0.2131195859375 0.8754994625 0.16327133124999998 0.8658099437500001 0.1546998328125 0.9099064765625 0.2045480875 0.9195959968749999 0.2131195859375 0.8754994625
0 0.20543936875000002 0.9073337374999999 0.1651773171875 0.8995075874999999 0.15940087187500002 0.9292248171875 0.199662925 0.9370509671875 0.20543936875000002 0.9073337374999999
0 0.790905659375 0.1959166421875 0.7707746328125 0.1920035671875 0.76723423125 0.210217353125 0.7873652578125 0.214130428125 0.790905659375 0.1959166421875
0 0.8357824109375 0.11858609375 0.8166100046875 0.11485935625000002 0.813255940625 0.132114521875 0.8324283453125 0.135841259375 0.8357824109375 0.11858609375
0 1 0.24004240625 0.9915637421874999 0.2384025640625 0.988209678125 0.2556577296875 1 0.25794953593750003 1 0.24004240625
0 1 0.25446759375 0.9950928890625 0.25351374843749996 0.9909934765624999 0.2746033953125 1 0.2763540859375 1 0.25446759375
0 0.99092503125 0.24424745468750003 0.969835384375 0.24014804218750002 0.9621955703125 0.279451475 0.9832852171875001 0.2835508875 0.99092503125 0.24424745468750003
0 1 0.33256257499999997 0.9771102703125001 0.3281132625 0.9564268734375 0.434520115625 1 0.44298987343749996 1 0.33256257499999997
0 0.9640419640625 0.42605193437500005 0.9314488734375 0.4197164796875 0.9249270828125 0.4532681890625 0.9575201718749999 0.45960364531250003 0.9640419640625 0.42605193437500005
0 0.9123674234375001 0.3796957421875 0.892236396875 0.37578266718750003 0.8873916375 0.40070679374999996 0.9075226640625 0.4046198703125 0.9123674234375001 0.3796957421875
0 0.907317325 0.3135520484375 0.858427690625 0.304048865625 0.8513468874999999 0.3404764375 0.9002365234375 0.34997961875 0.907317325 0.3135520484375
0 0.8983912359374999 0.22128650468750002 0.8734671078125 0.2164417453125 0.8689950218750001 0.2394486328125 0.89391915 0.24429339218749999 0.8983912359374999 0.22128650468750002
0 0.9348053390625 0.2258775875 0.9012536296875 0.219355796875 0.8971542171875001 0.24044544218750002 0.930705928125 0.246967234375 0.9348053390625 0.2258775875
0 0.9404391703125 0.25831017031250003 0.9097633203125 0.2523473890625 0.9034278656250001 0.2849404796875 0.9341037156249999 0.2909032609375 0.9404391703125 0.25831017031250003
0 0.912959090625 0.25893762656249997 0.8746142796875 0.25148415 0.8697695187500001 0.276408278125 0.90811433125 0.2838617546875 0.912959090625 0.25893762656249997
0 0.8502772046875 0.26665031250000004 0.8445254828125 0.26553229218749996 0.8385627015624999 0.296208140625 0.8443144234375 0.2973261625 0.8502772046875 0.26665031250000004
0 0.8424073312499999 0.245721175 0.8241935453125 0.24218077343750002 0.817485415625 0.276691103125 0.8356992015625 0.2802315046875 0.8424073312499999 0.245721175
0 0.917600725 0.1787603671875 0.8495386843749999 0.16553044687500001 0.8374267859375 0.22784076562500002 0.9054888265625 0.24107068593749997 0.917600725 0.1787603671875
0 0.9949807187499999 0.1619666171875 0.949925565625 0.1532087828125 0.9435901093749999 0.185801871875 0.9886452640625001 0.1945597078125 0.9949807187499999 0.1619666171875
0 1 0.1674190484375 0.98695255 0.16488288125 0.982107790625 0.189807009375 1 0.193284903125 1 0.1674190484375
0 1 0.206217828125 0.9811233421875001 0.202548578125 0.9772102671875 0.2226796046875 0.9973412921874999 0.22659267968750002 1 0.2129148125 1 0.206217828125
0 0.9600617375 0.22133595 0.923634165625 0.21425514687499997 0.9169260375 0.248765478125 0.9533536093749999 0.25584627968749996 0.9600617375 0.22133595
0 0.9353744984375 0.1717694125 0.8989469265625001 0.1646886109375 0.8941021671874999 0.18961273750000002 0.9305297390625 0.196693540625 0.9353744984375 0.1717694125
0 0.911473009375 0.125837553125 0.8855902625000001 0.12080645625 0.8801864921875 0.14860644375 0.9060692390625 0.15363754062499999 0.911473009375 0.125837553125
0 0.9009955265625 0.1362364421875 0.8645679546875 0.1291556390625 0.857487153125 0.1655832109375 0.8939147234375 0.1726640140625 0.9009955265625 0.1362364421875
0 0.8531442124999999 0.1239505671875 0.8272614640624999 0.11891947031250001 0.8212986828125001 0.1495953203125 0.8471814312499999 0.1546264171875 0.8531442124999999 0.1239505671875
0 0.8069743562499999 0.1746664875 0.785884709375 0.1705670765625 0.7829033187500001 0.1859050015625 0.8039929656249999 0.1900044125 0.8069743562499999 0.1746664875
0 0.841695746875 0.1495807453125 0.8062267953125 0.1426862796875 0.8004503515625 0.17240350937499999 0.835919303125 0.179297975 0.841695746875 0.1495807453125
0 0.8445603531250001 0.18346472656249999 0.810050021875 0.1767565984375 0.8040872406249999 0.207432446875 0.8385975718750001 0.21414057656250002 0.8445603531250001 0.18346472656249999
0 0.8744864281250001 0.1216326109375 0.851479540625 0.117160525 0.837690609375 0.1880984265625 0.8606974968750001 0.19257051249999999 0.8744864281250001 0.1216326109375
0 0.9907947781249999 0.290979640625 0.909312053125 0.275141003125 0.8966411437499999 0.340327184375 0.97812386875 0.3561658203125 0.9907947781249999 0.290979640625
0 0.8615954171875 0.2877523203125 0.809829921875 0.277690128125 0.7952956421875 0.35246251093750003 0.8470611390625 0.36252470312499996 0.8615954171875 0.2877523203125
0 0.8943788953125 0.7895553640624999 0.8713720078125 0.785083278125 0.8637321953124999 0.8243867093749999 0.8867390828125 0.8288587953125001 0.8943788953125 0.7895553640624999
0 0.8129264265625 0.8324181984375001 0.79662988125 0.8292504703124999 0.793462153125 0.845547015625 0.8097586984375 0.8487147437499999 0.8129264265625 0.8324181984375001
0 0.778746153125 0.7805089828125 0.755739265625 0.776036896875 0.7510808421874999 0.8000024031249999 0.7740877296875001 0.8044744890625 0.778746153125 0.7805089828125
0 0.75728161875 0.742512121875 0.7294816296875 0.7371083515625 0.7237051859375 0.76682558125 0.7515051749999999 0.7722293515625 0.75728161875 0.742512121875
0 0.7181241203125001 0.7264445312500001 0.6941586125 0.7217861078125 0.6896865265625001 0.7447929953125 0.713652034375 0.7494514171875 0.7181241203125001 0.7264445312500001
0 0.7977884937499999 0.618569490625 0.7613609234375 0.6114886890625 0.7572615109374999 0.6325783359375 0.7936890828125 0.6396591375 0.7977884937499999 0.618569490625
0 0.7971003375 0.6860848828125 0.7606727671875 0.6790040796875 0.7524739421875 0.7211833734375 0.7889015140625 0.7282641765625 0.7971003375 0.6860848828125
0 0.7707899375 0.65510480625 0.7353209875 0.648210340625 0.7278675109375 0.6865551515625 0.7633364609375 0.6934496171875 0.7707899375 0.65510480625
0 0.7857406140625 0.6396063734374999 0.7704026890625 0.6366249828125 0.7664896140625 0.656756009375 0.7818275390625 0.6597374 0.7857406140625 0.6396063734374999
0 0.76552878125 0.6207549828125 0.7482736156249999 0.61740091875 0.7436151921875 0.6413664265625 0.7608703578125 0.6447204906249999 0.76552878125 0.6207549828125
0 0.7325731656250001 0.5651044546875 0.6961455937500001 0.5580236515625 0.6914871703125 0.5819891593750001 0.7279147421875 0.5890699609375 0.7325731656250001 0.5651044546875
0 0.7465012015625 0.590693121875 0.7091150093749999 0.5834259828125 0.7048292609375 0.60547425 0.742215453125 0.6127413890625 0.7465012015625 0.590693121875
0 0.7028053843750001 0.6030911671875 0.65870885 0.5945196687500001 0.647901309375 0.6501196453125 0.6919978437500001 0.65869114375 0.7028053843750001 0.6030911671875
0 0.65693754375 0.5857192171875 0.60325480625 0.57528435 0.5991553953125 0.5963739968749999 0.65283813125 0.6068088640625 0.65693754375 0.5857192171875
0 0.6841370109375 0.568622346875 0.6477094390625 0.56154154375 0.643610028125 0.582631190625 0.6800375984375 0.5897119921875 0.6841370109375 0.568622346875
0 0.7238837765625 0.6405155484375 0.698001028125 0.6354844515625 0.6933426046875 0.6594499593750001 0.719225353125 0.66448105625 0.7238837765625 0.6405155484375
0 0.7379016609375 0.6119028734375 0.7072258125 0.6059400921875 0.7018220421875 0.6337400796875 0.732497890625 0.6397028609375 0.7379016609375 0.6119028734375
0 0.7097009562500001 0.5855295609375 0.67902510625 0.5795667796874999 0.6767890640625 0.5910702234375 0.7074649140625 0.597033003125 0.7097009562500001 0.5855295609375
0 0.9767294734374999 0.629475921875 0.9585156874999999 0.6259355203125 0.9542299390625001 0.6479837875000001 0.972443725 0.6515241890625 0.9767294734374999 0.629475921875
0 0.9448108843749999 0.765533771875 0.9572729484375 0.7679561515625 0.9609996859375001 0.7487837453124999 0.948537621875 0.746361365625 0.9448108843749999 0.765533771875
0 0.8688926296874999 1 0.8768148874999999 0.9592435171875 0.8432631781250001 0.952721725 0.8345053421875 0.9977768796875001 0.8459423078125001 1 0.8688926296874999 1
0 0.8937636437500001 1 0.8967741515625001 0.9845122765625 0.876643125 0.9805992015625 0.8728719921874999 1 0.8937636437500001 1
0 0.8067150968749999 1 0.808050115625 0.9931319249999999 0.7984639125 0.9912685546875 0.7967666921875 1 0.8067150968749999 1
0 0.7768698828125 1 0.7817138875 0.9750797531250001 0.7596656203125 0.9707940046875001 0.75426185 0.9985939921875 0.76149513125 1 0.7768698828125 1
0 0.79328475 1 0.7988354796875 0.9714439703125001 0.7806216953125 0.96790356875 0.7743827796875 1 0.79328475 1
0 0.8636067453124999 0.51795144375 0.831972275 0.5118023265625 0.8237734515625 0.55398161875 0.8554079218749999 0.5601307375 0.8636067453124999 0.51795144375
0 0.867179615625 0.59425381875 0.848007209375 0.5905270812500001 0.8459575046875001 0.6010719046874999 0.865129909375 0.6047986421875 0.867179615625 0.59425381875
0 0.8740875499999999 0.5612745875 0.8309496359375 0.5528894265625001 0.82461418125 0.5854825171875 0.8677520937500001 0.593867678125 0.8740875499999999 0.5612745875
0 0.9070634609375 0.5144604875 0.8955600171875 0.5122244453125 0.8927649640625 0.5266037484375 0.9042684078125 0.5288397921875 0.9070634609375 0.5144604875
0 1 0.5220796953125 0.9703716984374999 0.5163205359374999 0.96366356875 0.5508308671875 0.996256659375 0.557166321875 1 0.5379085031249999 1 0.5220796953125
0 0.963170790625 0.5482479796875 0.92961908125 0.5417261875 0.924587984375 0.5676089359375001 0.95813969375 0.574130728125 0.963170790625 0.5482479796875
0 0.9426390484375 0.5233653625 0.9081287171874999 0.5166572328125 0.9021659375000001 0.5473330828125 0.9366762671875 0.5540412109374999 0.9426390484375 0.5233653625
0 0.90813314375 0.5882866109375 0.8851262578125001 0.583814525 0.8819585296874999 0.6001110703125 0.9049654171875 0.60458315625 0.90813314375 0.5882866109375
0 0.92728986875 0.5537089421875 0.9062002234375001 0.5496095296875 0.8996784312500001 0.5831612390625 0.920768078125 0.5872606515625 0.92728986875 0.5537089421875
0 0.9133483640625 0.5256305546875 0.8625414890625 0.5157546984375 0.8511749375000001 0.5742305359375 0.9019818125000001 0.5841063921874999 0.9133483640625 0.5256305546875
0 0.9711865984375001 0.5607493406249999 0.9539314328125 0.5573952765625 0.9485276624999999 0.5851952640625 0.9657828281249999 0.5885493296875 0.9711865984375001 0.5607493406249999
0 0.9656099593749999 0.59199766875 0.9905340859375 0.596842428125 0.9974285515625001 0.5613734765625 0.972504425 0.5565287171875 0.9656099593749999 0.59199766875
0 0.9252134156249999 0.34687591093750003 0.871530678125 0.33644104375 0.861654821875 0.3872479203125 0.915337559375 0.3976827875 0.9252134156249999 0.34687591093750003
0 0.988108575 0.34318404375 0.9238810140625 0.3306994703125 0.9061790078125 0.4217683984375 0.97040656875 0.434252971875 0.988108575 0.34318404375
0 0.9345156859375001 0.2785478328125 0.8587846828125001 0.2638272171875 0.8517038796874999 0.3002547875 0.927434884375 0.3149754046875 0.9345156859375001 0.2785478328125
0 0.9661547703125001 0.1439279140625 0.9364375421875 0.1381514703125 0.93159278125 0.163075596875 0.9613100109375001 0.1688520421875 0.9661547703125001 0.1439279140625
0 0.9956721953125 0.148173259375 0.969789446875 0.1431421625 0.9655036984375001 0.1651904296875 0.9913864468750001 0.1702215265625 0.9956721953125 0.148173259375
0 0.989963090625 0.190339084375 0.959287240625 0.184376303125 0.9492250468749999 0.2361417984375 0.979900896875 0.24210457968750002 0.989963090625 0.190339084375
0 0.891109521875 0.23827563281250003 0.84605436875 0.2295177984375 0.838973565625 0.26594536875 0.8840287203124999 0.27470320312499996 0.891109521875 0.23827563281250003
0 0.9680382468750001 0.244275496875 0.9584520453125001 0.24241212812500001 0.9543526328124999 0.263501775 0.9639388359375 0.26536514375000003 0.9680382468750001 0.244275496875