0 0.09891205625 0.0146492078125 0.08549137343749999 0.012040490625 0.0821373078125 0.029295656250000003 0.0955579921875 0.0319043734375 0.09891205625 0.0146492078125
0 0.22462237968749998 0 0.22354395 0.0055480359375 0.24559221718750002 0.009833784375 0.2475037109375 0 0.22462237968749998 0
0 0.2475037109375 0 0.24512637499999998 0.0122303359375 0.2662160203125 0.0163297484375 0.2693902015625 0 0.2475037109375 0
0 0.269390203125 0 0.265936515625 0.017767678125 0.2870261625 0.021867090625 0.29127669375 0 0.269390203125 0
0 0.330750021875 0.032355828125 0.32851397968749996 0.043859271875 0.3390588015625 0.045908978125 0.3412948453125 0.034405534375000005 0.330750021875 0.032355828125
0 0.34321540625 0.0885002421875 0.3407930265625 0.10096230625 0.354213709375 0.103571021875 0.356636090625 0.09110895937499999 0.34321540625 0.0885002421875
0 0.31481932343749996 0.1322252078125 0.3109062484375 0.152356234375 0.33199589375 0.156455646875 0.33590896875 0.13632462031249998 0.31481932343749996 0.1322252078125
0 0.302262984375 0.11237479375 0.2972318875 0.1382575421875 0.32023877500000003 0.142729628125 0.3252698703125 0.1168468796875 0.302262984375 0.11237479375
0 0.32899660937499997 0.09767447343749999 0.32750591406249996 0.1053434359375 0.336133496875 0.10702046875 0.3376241921875 0.09935150625 0.32899660937499997 0.09767447343749999
0 0.28375511875 0.089875259375 0.2813327390625 0.10233732343749999 0.289960321875 0.10401435625 0.2923827015625 0.0915522921875 0.28375511875 0.089875259375
0 0.2770571375 0.07315327656250001 0.270349009375 0.10766360625 0.305817959375 0.114558071875 0.3125260890625 0.0800477421875 0.2770571375 0.07315327656250001
0 0.283436315625 0.1017513765625 0.2793369046875 0.1228410234375 0.30521965156249997 0.1278721203125 0.3093190640625 0.1067824734375 0.283436315625 0.1017513765625
0 0.31950357500000004 0.0953317953125 0.31689485781250004 0.10875247968749999 0.3264810609375 0.11061584843750001 0.329089778125 0.09719516406249999 0.31950357500000004 0.0953317953125
0 0.3105167859375 0.098061721875 0.30809440625 0.11052378593750001 0.31672198906250004 0.11220081875000001 0.31914436875 0.0997387546875 0.3105167859375 0.098061721875
0 0.20876484843749998 0.2120892 0.207087815625 0.22071678281249998 0.21571539843749998 0.2223938140625 0.21739243125000002 0.21376623125 0.20876484843749998 0.2120892
0 0.1474131484375 0.2001636375 0.14592245312500002 0.2078326 0.153591415625 0.2093232953125 0.1550821109375 0.2016543328125 0.1474131484375 0.2001636375
0 0.254446540625 0.018021354687499998 0.2535148546875 0.02281445625 0.2592665765625 0.023932478125 0.2601982625 0.019139376562499998 0.254446540625 0.018021354687499998
0 0.3714867703125 0.181044184375 0.3703687484375 0.18679590625 0.377079090625 0.1881002640625 0.3781971125 0.18234854218750002 0.3714867703125 0.181044184375
0 0.4112975546875 0.21166394843749997 0.409806859375 0.21933291093750001 0.41843444218750003 0.22100994375 0.41992513750000005 0.21334098125 0.4112975546875 0.21166394843749997
0 0.4565942109375 0.0349309703125 0.45324014687499997 0.052186134375000005 0.47049531250000004 0.0555402 0.4738493765625 0.038285034375 0.4565942109375 0.0349309703125
0 0.448964546875 0.0230020875 0.44579681875 0.0392986328125 0.46017612343750003 0.0420936859375 0.46334384999999995 0.025797140625 0.448964546875 0.0230020875
0 0.5253881328125 0.041836690625 0.5235247640625 0.0514228921875 0.5331109656249999 0.0532862625 0.5349743359375 0.043700059375 0.5253881328125 0.041836690625
0 0.578843021875 0.027853675 0.5753026203125 0.0460674609375 0.59351640625 0.0496078625 0.5970568078125 0.0313940765625 0.578843021875 0.027853675
0 0.56014881875 0.0063127609375 0.55828545 0.0158989640625 0.5649957921875 0.017203321875 0.5668591609375 0.0076171187500000005 0.56014881875 0.0063127609375
0 0.4638083984375 0.21789166093749998 0.4610133453125 0.232270965625 0.4734754078125 0.23469334531250002 0.47627046249999994 0.220314040625 0.4638083984375 0.21789166093749998
0 0.47255497812499997 0.2061614765625 0.46920091406250003 0.2234166421875 0.4864560796875 0.22677070625 0.48981014375000004 0.209515540625 0.47255497812499997 0.2061614765625
0 0.517410328125 0.2133882125 0.5155469593750001 0.22297441562500003 0.5232159203125 0.2244651109375 0.525079290625 0.21487890781250002 0.517410328125 0.2133882125
0 0.5088748062499999 0.193324525 0.502166678125 0.22783485625000002 0.5338011484375 0.23398397499999998 0.5405092765624999 0.19947364375 0.5088748062499999 0.193324525
0 0.537274209375 0.2033215921875 0.53466549375 0.2167422765625 0.5442516953125 0.21860564531249999 0.5468604125 0.2051849625 0.537274209375 0.2033215921875
0 0.4872327890625 0.2995450421875 0.48443773593749995 0.31392434687500004 0.4959411796875 0.3161603890625 0.4987362328125 0.301781084375 0.4872327890625 0.2995450421875
0 0.5611611234375 0.2288563890625 0.5583660703125 0.24323569374999998 0.577538475 0.24696243281250002 0.5803335296875 0.232583128125 0.5611611234375 0.2288563890625
0 0.58570815 0.1639890109375 0.58216775 0.18220279687500002 0.6003815343750001 0.1857431984375 0.6039219359375 0.1675294125 0.58570815 0.1639890109375
0 0.6753561234375 0.02522485 0.672002059375 0.042480015625 0.6844641234375 0.044902395312499996 0.6878181875 0.027647229687500004 0.6753561234375 0.02522485
0 0.5892315765625 0.30196188749999997 0.5853185015625 0.3220929140625 0.60449090625 0.325819653125 0.6084039812500001 0.3056886265625 0.5892315765625 0.30196188749999997
0 0.6165219984375 0.24857101875 0.6118635765625 0.272536525 0.6339118421875 0.276822275 0.6385702656250001 0.2528567671875 0.6165219984375 0.24857101875
0 0.634377684375 0.2744257234375 0.6280422296875 0.3070188140625 0.6568008390625 0.312608921875 0.6631362937499999 0.28001583124999996 0.634377684375 0.2744257234375
0 0.6227687125 0.28808661562500004 0.6209053421874999 0.29767281875 0.629532925 0.2993498515625 0.6313962937500001 0.2897636484375 0.6227687125 0.28808661562500004
0 0.6137404125 0.2654400421875 0.6103863484375001 0.2826952078125 0.632434615625 0.28698095625 0.6357886796875001 0.269725790625 0.6137404125 0.2654400421875
0 0.6908049234375 0.31424444375 0.6878235328125 0.3295823671875 0.7002855968749999 0.332004746875 0.7032669874999999 0.31666682343749997 0.6908049234375 0.31424444375
0 0.7140789546875 0.3326962234375 0.712588259375 0.3403651859375 0.7212158421875 0.34204221874999996 0.7227065374999999 0.33437325625000003 0.7140789546875 0.3326962234375
0 0.7709574609375001 0.349721328125 0.7692804296875 0.3583489109375 0.775990771875 0.3596532703125 0.7776678031250001 0.3510256875 0.7709574609375001 0.349721328125
0 0.74255141875 0.23228019375 0.7390110171875001 0.2504939796875 0.75914204375 0.2544070546875 0.7626824453125 0.23619326875 0.74255141875 0.23228019375
0 0.7572349515625 0.2028020671875 0.7548125703124999 0.21526413125000002 0.767274634375 0.2176865109375 0.7696970140625 0.20522444687500002 0.7572349515625 0.2028020671875
0 0.73888759375 0.19227181875 0.7346018437499999 0.214320084375 0.7528156296875 0.21786048593750001 0.757101378125 0.19581221875000002 0.73888759375 0.19227181875
0 0.8189975140625 0.1844648578125 0.81769315625 0.1911751984375 0.8253621171875001 0.19266589375 0.8266664765625 0.185955553125 0.8189975140625 0.1844648578125
0 0.8621881921875 0.18490155 0.8597658125000001 0.1973636140625 0.8722278765624999 0.19978599375 0.87465025625 0.1873239296875 0.8621881921875 0.18490155
0 0.801698625 0.11991960156249999 0.7981582234375 0.13813338749999998 0.8154133890624999 0.1414874515625 0.8189537906250001 0.123273665625 0.801698625 0.11991960156249999
0 0.8168760421875 0.11093170625 0.8131493031250001 0.1301041125 0.8265699874999999 0.1327128296875 0.8302967265625 0.1135404234375 0.8168760421875 0.11093170625
0 0.7749212765625 0.07342873125 0.7715672109375 0.0906838953125 0.793615478125 0.09496964531249999 0.7969695421874999 0.0777144796875 0.7749212765625 0.07342873125
0 0.7906981078124999 0.06903413124999999 0.7873440421875 0.086289296875 0.8065164484375 0.0900160359375 0.8098705125000001 0.0727608703125 0.7906981078124999 0.06903413124999999
0 0.8131087125 0.3350333703125 0.8078912781250001 0.3618747375 0.8366498874999999 0.3674648453125 0.8418673203125 0.34062347656249997 0.8131087125 0.3350333703125
0 0.8350066187499999 0.27611751875 0.8309072078125 0.297207165625 0.8548727140624999 0.3018655875 0.8589721265625 0.280775940625 0.8350066187499999 0.27611751875
0 0.93245140625 0.2686955921875 0.9302153625 0.2801990359375 0.9426774265625 0.282621415625 0.9449134703125001 0.271117971875 0.93245140625 0.2686955921875
0 0.9689811859375 0.2061574265625 0.9665588062499999 0.2186194890625 0.979979490625 0.22122820625 0.9824018703125 0.2087661421875 0.9689811859375 0.2061574265625
0 1 0.0972827921875 0.992420340625 0.09580945468749999 0.9888799390624999 0.114023240625 1 0.1161847609375 1 0.0972827921875
0 0.9463366375 0.463398828125 0.9429825734374999 0.48065399375 0.957361878125 0.48344904843750003 0.9607159421875 0.46619388281249996 0.9463366375 0.463398828125
0 0.9485344906250001 0.48024091718750006 0.9453667625 0.49653746249999997 0.962621928125 0.4998915265625 0.9657896562499999 0.48359498125 0.9485344906250001 0.48024091718750006
0 0.9691975921875 0.4762986921875 0.9656571906250001 0.494512478125 0.9915399375 0.499543575 0.9950803390624999 0.4813297890625 0.9691975921875 0.4762986921875
0 0.961087509375 0.44636929687500004 0.955311065625 0.4760865265625 0.9831110531249999 0.481490296875 0.9888874984375 0.45177306718750004 0.961087509375 0.44636929687500004
0 0.8838892390625 0.6029734640625 0.8794171531250001 0.6259803515625 0.899548178125 0.6298934265625 0.9040202640624999 0.6068865390625 0.8838892390625 0.6029734640625
0 0.8865798687499999 0.6223984390624999 0.8815487718749999 0.6482811875000001 0.9064729 0.653125946875 0.911503996875 0.6272431984375 0.8865798687499999 0.6223984390624999
0 0.8695390828124999 0.6409725374999999 0.8656260078125 0.6611035640625 0.885757034375 0.6650166390625001 0.889670109375 0.6448856125 0.8695390828124999 0.6409725374999999
0 0.8992607390625 0.718378359375 0.894602315625 0.7423438671875 0.9147333421875 0.7462569421875 0.9193917656249999 0.722291434375 0.8992607390625 0.718378359375
0 0.881618325 0.696544471875 0.8801276296875 0.704213434375 0.8916310734374999 0.7064494781249999 0.89312176875 0.698780515625 0.881618325 0.696544471875
0 0.810691678125 0.649430571875 0.8077102875 0.6647684953125 0.824965453125 0.6681225609375 0.82794684375 0.6527846359375 0.810691678125 0.649430571875
0 0.7306682859375 0.5493141546875 0.7258235265625 0.5742382828125 0.7536235140625 0.579642053125 0.7584682734375 0.5547179250000001 0.7306682859375 0.5493141546875
0 0.6096743890625 0.611351609375 0.607252009375 0.6238136734374999 0.6168382125 0.6256770421875 0.6192605921875 0.613214978125 0.6096743890625 0.611351609375
0 0.5964535093750001 0.610273990625 0.5940311296874999 0.6227360546875 0.6074518140625 0.625344771875 0.60987419375 0.6128827078125 0.5964535093750001 0.610273990625
0 0.5835547531249999 0.6510422890625 0.573492559375 0.7028077859375 0.616630471875 0.711192946875 0.626692665625 0.65942745 0.5835547531249999 0.6510422890625
0 0.5504644578125 0.57049456875 0.5465513828125 0.5906255953125 0.5647651687499999 0.5941659968749999 0.56867824375 0.5740349703125001 0.5504644578125 0.57049456875
0 0.59865265625 0.43262500781249996 0.5945532453125 0.45371465468750005 0.61372565 0.45744139375000004 0.6178250625 0.43635174687499995 0.59865265625 0.43262500781249996
0 0.5828466765625 0.3962254796875 0.578560928125 0.418273746875 0.606360915625 0.4236775171875 0.610646665625 0.40162924999999994 0.5828466765625 0.3962254796875
0 0.5327021281250001 0.3317621375 0.53139776875 0.3384724796875 0.5390667312499999 0.339963175 0.540371090625 0.3332528328125 0.5327021281250001 0.3317621375
0 0.541984103125 0.3658986875 0.5395617234375 0.3783607515625 0.5568168890625 0.381714815625 0.5592392687500001 0.369252753125 0.541984103125 0.3658986875
0 0.496665125 0.3968831921875 0.4942427453125 0.40934525624999996 0.5057461890625 0.4115812984375 0.50816856875 0.39911923437499996 0.496665125 0.3968831921875
0 0.4839840671875 0.5133016859375 0.480257328125 0.5324740921875 0.5013469749999999 0.5365735046875 0.5050737140625 0.5174010984375 0.4839840671875 0.5133016859375
0 0.480334815625 0.4936903734375 0.47642174062500003 0.5138214 0.4946355265625 0.5173618015625 0.49854860156249997 0.49723077499999996 0.480334815625 0.4936903734375
0 0.49736324062500004 0.4905339015625 0.4945681875 0.50491320625 0.5079888718750001 0.507521921875 0.5107839249999999 0.49314261875 0.49736324062500004 0.4905339015625
0 0.49571314375000003 0.504140921875 0.492731753125 0.519478846875 0.508069678125 0.5224602375 0.51105106875 0.5071223125000001 0.49571314375000003 0.504140921875
0 0.4954022765625 0.4289700359375 0.4836630515625 0.48936311562499996 0.5095457999999999 0.49439421093749997 0.521285025 0.43400113281249997 0.4954022765625 0.4289700359375
0 0.47856018906250003 0.43116788906250003 0.47483345000000005 0.45034029531249997 0.492088615625 0.453694359375 0.4958153546875 0.43452195312499997 0.47856018906250003 0.43116788906250003
0 0.43479703125 0.43111733750000003 0.42343048124999993 0.489593175 0.479989078125 0.5005870531250001 0.4913556296875 0.44211121562500005 0.43479703125 0.43111733750000003
0 0.4327080296875 0.452100346875 0.42935396406250004 0.46935551249999996 0.4427746484375 0.47196422968749996 0.4461287125 0.4547090640625 0.4327080296875 0.452100346875
0 0.4717184875 0.458688371875 0.4702277921875 0.46635733437500004 0.4740622734375 0.4671026828125 0.47555296875 0.45943372031249996 0.4717184875 0.458688371875
0 0.4597335203125 0.420544471875 0.457311140625 0.43300653593750005 0.4697732046875 0.435428915625 0.472195584375 0.42296685156249997 0.4597335203125 0.420544471875
0 0.41793796875 0.5895018515625 0.41607459999999996 0.5990880546875 0.4285366625 0.601510434375 0.43040003281250006 0.5919242328125 0.41793796875 0.5895018515625
0 0.436461515625 0.6503057953125 0.43403913593750004 0.6627678593749999 0.44170809687499996 0.6642585546875 0.44413047812500006 0.651796490625 0.436461515625 0.6503057953125
0 0.403467709375 0.6230007984375 0.4010453296875 0.6354628609375 0.40967291093749997 0.63713989375 0.4120952921875 0.6246778296875 0.403467709375 0.6230007984375
0 0.3892612734375 0.6167574046875 0.3864662203125 0.631136709375 0.3989282828125 0.6335590890625 0.4017233375 0.619179784375 0.3892612734375 0.6167574046875
0 0.37932711874999997 0.585976025 0.37746375 0.595562228125 0.3880085734375 0.5976119343749999 0.3898719421875 0.58802573125 0.37932711874999997 0.585976025
0 0.3867435125 0.5938840890625 0.383389446875 0.6111392546875 0.4006446125 0.61449331875 0.4039986765625 0.5972381546875 0.3867435125 0.5938840890625
0 0.417695546875 0.54468690625 0.4124781125 0.571528275 0.4364436203125 0.5761866984374999 0.4416610546875 0.5493453296874999 0.417695546875 0.54468690625
0 0.41670888437500003 0.5216137875 0.41335481874999996 0.5388689515625 0.43444446562500005 0.5429683640625 0.4377985296875 0.5257131984375001 0.41670888437500003 0.5216137875
0 0.43100848750000004 0.5273778703125 0.42746808593749996 0.54559165625 0.4466404921875 0.5493183937499999 0.45018089375 0.5311046078125 0.43100848750000004 0.5273778703125
0 0.4309007453125 0.507460115625 0.4269876703125 0.5275911421874999 0.44232559374999997 0.5305725328124999 0.44623866874999996 0.5104415062500001 0.4309007453125 0.507460115625
0 0.396591325 0.52019043125 0.39454161875 0.5307352546875 0.41083816406249996 0.53390298125 0.4128878703125 0.5233581578125001 0.396591325 0.52019043125
0 0.3768038234375 0.47356598749999995 0.3730770859375 0.49273839375 0.3845805296875 0.4949744375 0.38830726718749997 0.47580203125000003 0.3768038234375 0.47356598749999995
0 0.3871881390625 0.4636464078125 0.376753271875 0.5173291453125 0.4294773890625 0.5275776750000001 0.43991225624999997 0.4738949375 0.3871881390625 0.4636464078125
0 0.4155135625 0.3537508125 0.40955078125 0.3844266609375 0.4287231875 0.3881534 0.43468596875000004 0.35747755 0.4155135625 0.3537508125
0 0.375084175 0.4389097234375 0.372289121875 0.45328902812500005 0.3914615265625 0.45701576718750003 0.39425658124999996 0.4426364625 0.375084175 0.4389097234375
0 0.3443937515625 0.4125498796875 0.341598696875 0.42692918437499994 0.35693662187499997 0.4299105734375 0.35973167500000003 0.41553127031250003 0.3443937515625 0.4125498796875
0 0.35623057187499996 0.42330686875 0.3534355171875 0.4376861734375 0.36781482187500003 0.4404812265625 0.37060987500000003 0.42610192187499996 0.35623057187499996 0.42330686875
0 0.373071553125 0.40320167187499995 0.370835509375 0.4147051140625 0.38329757343750004 0.4171274953125 0.385533615625 0.40562405156250003 0.373071553125 0.40320167187499995
0 0.3732320609375 0.41517095781249996 0.36913264843750004 0.43626060312500003 0.391180915625 0.44054635312499996 0.3952803265625 0.41945670625 0.3732320609375 0.41517095781249996
0 0.3310988921875 0.2915795984375 0.3292355234375 0.3011658015625 0.33978034687499997 0.3032155078125 0.341643715625 0.2936293046875 0.3310988921875 0.2915795984375
0 0.371204675 0.57146425625 0.3699003171875 0.5781745984375 0.37852790000000003 0.5798516296875 0.3798322578125 0.5731412875 0.371204675 0.57146425625
0 0.33276226875 0.4928607109375 0.3303398890625 0.505322775 0.3437605734375 0.5079314921875 0.34618295312499997 0.495469428125 0.33276226875 0.4928607109375
0 0.32285615624999997 0.48496611562499997 0.3206201140625 0.49646955937500004 0.3321235578125 0.4987056015625 0.3343596 0.4872021578125 0.32285615624999997 0.48496611562499997
0 0.3277806171875 0.4570729578125 0.326289921875 0.46474192031249995 0.33491750468750003 0.466418953125 0.3364082 0.458749990625 0.3277806171875 0.4570729578125
0 0.31925856406249997 0.43949899062500003 0.3159045 0.45675415625 0.32836656406250003 0.45917653593749996 0.33172062812499997 0.4419213703125 0.31925856406249997 0.43949899062500003
0 0.2903663828125 0.4269190359375 0.2845899390625 0.456636265625 0.313348546875 0.46222637187500004 0.3191249921875 0.43250914375000005 0.2903663828125 0.4269190359375
0 0.31767359375000004 0.42973991875 0.31506487656250004 0.44316060312500005 0.3256097 0.445210309375 0.3282184171875 0.43178962500000007 0.31767359375000004 0.42973991875
0 0.2579214390625 0.4479704921875 0.2543810375 0.46618427812499996 0.2697189625 0.46916566875 0.2732593640625 0.4509518828125 0.2579214390625 0.4479704921875
0 0.24872027187499998 0.42877225625 0.2442481859375 0.45177914374999995 0.2634205921875 0.45550588281250004 0.267892678125 0.43249899531249997 0.24872027187499998 0.42877225625
0 0.27386652499999997 0.580896590625 0.2712578078125 0.594317275 0.2856371125 0.5971123281249999 0.2882458296875 0.58369164375 0.27386652499999997 0.580896590625
0 0.199733959375 0.578424765625 0.19712524375 0.59184545 0.20671144687499998 0.5937088187499999 0.2093201625 0.5802881359375001 0.199733959375 0.578424765625
0 0.250224246875 0.635991428125 0.2468701828125 0.6532465937499999 0.267001209375 0.65715966875 0.2703552734375 0.639904503125 0.250224246875 0.635991428125
0 0.30556833437500003 0.5994943046875 0.3031459546875 0.61195636875 0.321359740625 0.6154967703125 0.32378212031250003 0.60303470625 0.30556833437500003 0.5994943046875
0 0.3075529140625 0.612315575 0.30513053437500004 0.6247776390625 0.3214270796875 0.627945365625 0.323849459375 0.6154833015625 0.3075529140625 0.612315575
0 0.3192303328125 0.629010621875 0.31606260625 0.6453071671874999 0.33140053125 0.6482885578124999 0.3345682578125 0.6319920125 0.3192303328125 0.629010621875
0 0.3005372375 0.625377053125 0.2962514890625 0.6474253203125 0.316382515625 0.6513383953125 0.3206682640625 0.629290128125 0.3005372375 0.625377053125
0 0.2836289171875 0.6330336546875001 0.28008851562500003 0.6512474390625 0.29830230156250004 0.654787840625 0.301842703125 0.6365740546875001 0.2836289171875 0.6330336546875001
0 0.2203007609375 0.308841403125 0.216946696875 0.32609656875000004 0.240912203125 0.33075499218750004 0.24426626875 0.31349982656250003 0.2203007609375 0.308841403125
0 0.18678151875 0.3968357734375 0.1815640859375 0.423677140625 0.209364075 0.4290809109375 0.21458150781250002 0.40223954375000004 0.18678151875 0.3968357734375
0 0.21246556874999997 0.418243115625 0.2091115046875 0.43549827968750005 0.22157356875 0.437920659375 0.2249276328125 0.42066549531249997 0.21246556874999997 0.418243115625
0 0.20124384375 0.45038383125000003 0.19770344374999999 0.46859761562499996 0.2130413671875 0.47157900625 0.21658176875000001 0.45336522187500006 0.20124384375 0.45038383125000003
0 0.189605721875 0.4232505953125 0.184574625 0.44913334374999997 0.21237461406249997 0.45453711406249997 0.2174057109375 0.42865436562500003 0.189605721875 0.4232505953125
0 0.156782571875 0.3566825703125 0.1534285078125 0.3739377359375 0.1735595328125 0.3778508109375 0.1769135984375 0.3605956453125 0.156782571875 0.3566825703125
0 0.134730984375 0.2986747875 0.1302588984375 0.321681675 0.1551830265625 0.326526434375 0.1596551125 0.303519546875 0.134730984375 0.2986747875
0 0.1486859578125 0.32924289375 0.1453318921875 0.346498059375 0.163545678125 0.3500384609375 0.1668997421875 0.3327832953125 0.1486859578125 0.32924289375
0 0.1498836796875 0.3205221421875 0.1478339734375 0.331066965625 0.162213278125 0.3338620203125 0.164262984375 0.323317196875 0.1498836796875 0.3205221421875
0 0.12550509375000002 0.310311803125 0.12271004062499999 0.3246911078125 0.1409238265625 0.328231509375 0.1437188796875 0.31385220468749997 0.12550509375000002 0.310311803125
0 0.10642234843750001 0.46478213593750006 0.1034409578125 0.4801200609375 0.12261336406250001 0.4838467984375 0.1255947546875 0.46850887500000005 0.10642234843750001 0.46478213593750006
0 0.1146368546875 0.4609072515625 0.11277348437500001 0.47049345468750003 0.12427692812499999 0.472729496875 0.12614029843750002 0.46314329374999996 0.1146368546875 0.4609072515625
0 0.1275512921875 0.4584433609375 0.1256879234375 0.4680295640625 0.13527412656249999 0.4698929328125 0.1371374953125 0.4603067296875 0.1275512921875 0.4584433609375
0 0.1340472546875 0.43781955781250004 0.1321838859375 0.44740575937499993 0.14272870937499998 0.449455465625 0.144592078125 0.43986926249999997 0.1340472546875 0.43781955781250004
0 0.15320619375 0.4390565765625 0.150038465625 0.45535312031249997 0.1644177703125 0.458148175 0.16758549843749998 0.44185162968749997 0.15320619375 0.4390565765625
0 0.153073728125 0.4499740734375 0.14804263125 0.475856821875 0.176801240625 0.481446928125 0.1818323375 0.4555641796875 0.153073728125 0.4499740734375
0 0.1386944234375 0.44717901875 0.13459501093749998 0.46826866562499997 0.1518501765625 0.4716227296875 0.1559495890625 0.45053308437500006 0.1386944234375 0.44717901875
0 0.2147049328125 0.46046170468750003 0.2126552265625 0.47100652812500005 0.2203241890625 0.47249722343749995 0.2223738953125 0.46195240000000004 0.2147049328125 0.46046170468750003
0 0.180074496875 0.4492534484375 0.1759750859375 0.47034309375000005 0.1980233515625 0.47462884375 0.2021227640625 0.453539196875 0.180074496875 0.4492534484375
0 0.18360364375 0.46436463281249996 0.17987690625 0.4835370375 0.2000079328125 0.48745011250000003 0.20373467031249998 0.46827770781250005 0.18360364375 0.46436463281249996
0 0.10456451250000001 0.5639050625 0.10102411250000001 0.582118846875 0.11636203593750001 0.5851002375000001 0.1199024375 0.5668864515625 0.10456451250000001 0.5639050625
0 0.0232703375 0.58292249375 0.02159330625 0.5915500765624999 0.029262268749999997 0.5930407718749999 0.030939299999999996 0.5844131890625001 0.0232703375 0.58292249375
0 0.033628825 0.58593081875 0.0319517921875 0.5945584015625001 0.038662134375000004 0.5958627609375 0.040339167187500004 0.587235178125 0.033628825 0.58593081875
0 0.029113015625 0.547746515625 0.0274359828125 0.5563740984375001 0.0370221859375 0.5582374671875 0.03869921875 0.5496098843749999 0.029113015625 0.547746515625
0 0.037611453125 0.6140630781249999 0.0350027359375 0.6274837625 0.0484234203125 0.6300924796875 0.0510321359375 0.6166717953124999 0.037611453125 0.6140630781249999
0 0.056570585937499994 0.6137689984375 0.053030184375 0.631982784375 0.06261638750000001 0.633846153125 0.0661567890625 0.6156323671874999 0.056570585937499994 0.6137689984375
0 0.064941359375 0.33783560625 0.062146306250000005 0.3522149109375 0.075566990625 0.354823628125 0.07836204375 0.3404443234375 0.064941359375 0.33783560625
0 0.0792420703125 0.361507034375 0.077751375 0.369175996875 0.0882961984375 0.3712257015625 0.08978689375 0.36355673906249997 0.0792420703125 0.361507034375
0 0.06652965 0.4013167125 0.062616575 0.42144773750000003 0.07795450000000001 0.424429128125 0.081867575 0.40429810312500003 0.06652965 0.4013167125
0 0.0445533375 0.268710521875 0.041571946875 0.284048446875 0.0588271125 0.2874025109375 0.061808503125000004 0.2720645859375 0.0445533375 0.268710521875
0 0.0382571796875 0.290865425 0.0315468375 0.2895610671875 0.029124457812499997 0.30202313125 0.0358348 0.3033274890625 0.0382571796875 0.290865425
0 0.0429156015625 0.2668999171875 0.0362052609375 0.265595559375 0.0319195109375 0.2876438265625 0.038629853125 0.28894818437500003 0.0429156015625 0.2668999171875
0 0.024645543750000002 0.42998436562500003 0.0220368265625 0.44340504999999997 0.042167853125 0.44731812499999996 0.0447765703125 0.433897440625 0.024645543750000002 0.42998436562500003
0 0.01085771875 0.5188296125 0.0075036546875 0.536084778125 0.0238002 0.5392525046875 0.0271542640625 0.5219973390625 0.01085771875 0.5188296125
0 0.06671488125 0.38245074687499997 0.0618701203125 0.407374875 0.0925459703125 0.41333765624999996 0.0973907296875 0.38841352812499996 0.06671488125 0.38245074687499997
0 0.0693101296875 0.36654034375 0.0663287390625 0.38187826875 0.082625284375 0.3850459953125 0.085606675 0.369708071875 0.0693101296875 0.36654034375
0 0.082971021875 0.3781493171875 0.081107653125 0.3877355203125 0.0935697171875 0.3901579 0.0954330859375 0.38057169687500003 0.082971021875 0.3781493171875
0 0.047103568750000005 0.3860999984375 0.043004156249999995 0.40718964375000005 0.06025932187500001 0.410543709375 0.0643587328125 0.3894540625 0.047103568750000005 0.3860999984375
0 0.046597321875 0.381027390625 0.014962853125 0.3748782734375 0.008627396875 0.40747136250000004 0.0402618671875 0.41362048125 0.046597321875 0.381027390625
0 0.06570441406250001 0.6205186375 0.0616050015625 0.641608284375 0.08269464843749999 0.6457076953125 0.0867940609375 0.62461805 0.06570441406250001 0.6205186375
0 0.124729115625 0.6802416421874999 0.12137505156249999 0.6974968078125 0.1415060765625 0.7014098828125 0.144860140625 0.6841547171875 0.124729115625 0.6802416421874999
0 0.05218705312500001 0.7770656125000001 0.050323684375 0.786651815625 0.061827128125 0.7888878578125 0.063690496875 0.7793016546875 0.05218705312500001 0.7770656125000001
0 0 0.72314849375 0.013892793749999998 0.7258489796875 0.02171894375 0.6855869265625001 0 0.681365190625 0 0.72314849375
0 0.219220553125 0.7110444234375 0.217357184375 0.7206306265625 0.22502614687500003 0.722121321875 0.226889515625 0.71253511875 0.219220553125 0.7110444234375
0 0.22836674375000002 0.7023764375 0.2250126796875 0.7196316031250001 0.2432264640625 0.7231720046875 0.24658052968750002 0.7059168390624999 0.22836674375000002 0.7023764375
0 0.220190428125 0.677905790625 0.217395375 0.6922850953124999 0.230816059375 0.6948938124999999 0.2336111125 0.6805145078125 0.220190428125 0.677905790625
0 0.224744428125 0.6877445640625 0.2221357109375 0.7011652484375 0.240349496875 0.7047056484375 0.2429582140625 0.691284965625 0.224744428125 0.6877445640625
0 0.8226618828125 0.8795758234375001 0.8125996890625 0.93134131875 0.8471100203124999 0.9380494468749999 0.8571722125000001 0.8862839515625 0.8226618828125 0.8795758234375001
0 0.8726189874999999 0.927090440625 0.869451259375 0.9433869859374999 0.8819133234375001 0.945809365625 0.8850810515624999 0.9295128203124999 0.8726189874999999 0.927090440625
0 0.9066893046875 0.9232672140625 0.9046395984375 0.9338120375000001 0.915184421875 0.9358617421875 0.917234128125 0.9253169203124999 0.9066893046875 0.9232672140625
0 0.859939065625 1 0.8646469046874999 0.9757802703125 0.821508990625 0.9673951093750001 0.8161052203124999 0.9951950984375 0.840824296875 1 0.859939065625 1
0 0.7600877390624999 0.9072062624999999 0.7552429796875 0.932130390625 0.7801671078125 0.93697515 0.7850118671875 0.9120510218750001 0.7600877390624999 0.9072062624999999
0 0.7359438296875 0.8164594562499999 0.7325897640625 0.833714621875 0.75080355 0.8372550234375 0.7541576140624999 0.8199998578125 0.7359438296875 0.8164594562499999
0 0.839179634375 0.7997173656250001 0.8320988328125001 0.8361449359375 0.8675677828125 0.8430394015625 0.8746485859375 0.80661183125 0.839179634375 0.7997173656250001
0 0.7754954046875 0.7460525234375 0.76711024375 0.7891904359375 0.8092895359375 0.7973892609375001 0.817674696875 0.7542513468750001 0.7754954046875 0.7460525234375
0 0.823464609375 0.7270238375 0.8152657859374999 0.7692031296875 0.842107153125 0.7744205640625 0.850305978125 0.7322412703125 0.823464609375 0.7270238375
0 0.81095199375 0.7683646140625 0.8044302015625 0.801916325 0.8341474312500001 0.80769276875 0.8406692234375001 0.7741410578125001 0.81095199375 0.7683646140625
0 0.79733371875 0.8000394875 0.792488959375 0.824963615625 0.831792390625 0.8326034281249999 0.8366371499999999 0.8076793 0.79733371875 0.8000394875
0 0.461286753125 0.7784915578125 0.45793268906250006 0.795746721875 0.4751878546875 0.7991007875 0.47854191874999996 0.781845621875 0.461286753125 0.7784915578125
0 0.4589754359375 0.8645934078125 0.4546896875 0.8866416750000001 0.4805724359375 0.8916727718749999 0.484858184375 0.8696245046875 0.4589754359375 0.8645934078125
0 0.4759499890625 0.8514780578125001 0.47371394687499996 0.8629815015625001 0.4823415296875 0.8646585343750001 0.48457757187499995 0.8531550906250001 0.4759499890625 0.8514780578125001
0 0.4143693375 0.7972272703125001 0.41157428281249997 0.8116065750000001 0.4249949671875 0.8142152906250001 0.4277900203125 0.7998359875000001 0.4143693375 0.7972272703125001
0 0.3990852828125 0.8042047562500001 0.3951722078125 0.8243357828125 0.41434461406249995 0.8280625203125 0.41825768906249994 0.80793149375 0.3990852828125 0.8042047562500001
0 0.3783985671875 0.856889575 0.3731811328125 0.88373094375 0.39906388125 0.8887620406250001 0.4042813140625 0.861920671875 0.3783985671875 0.856889575
0 0.37528471093750004 0.883144996875 0.3723033203125 0.8984829218750001 0.3895584859375 0.9018369859375 0.3925398765625 0.8864990625000001 0.37528471093750004 0.883144996875
0 0.3479596046875 0.8062050171875 0.3433011828125 0.830170525 0.3567218671875 0.8327792421875 0.3613802890625 0.808813734375 0.3479596046875 0.8062050171875
0 0.3340518640625 0.6781517203125 0.3306978 0.6954068859375 0.35562192812500004 0.7002516453125 0.3589759921875 0.6829964796875 0.3340518640625 0.6781517203125
0 0.28485468125 0.6471996859375 0.2783328890625 0.6807513968750001 0.3147604609375 0.6878321984375 0.32128225312500003 0.6542804890625 0.28485468125 0.6471996859375
0 0.321455121875 0.6508321484375 0.31716937343749996 0.672880415625 0.33825901875 0.676979828125 0.34254476875 0.6549315609375 0.321455121875 0.6508321484375
0 0.3103658625 0.6720553671875 0.30458941875 0.7017725968749999 0.32376182343750004 0.705499334375 0.32953826875000003 0.67578210625 0.3103658625 0.6720553671875
0 0.34228205156249997 0.71258124375 0.33874165 0.7307950296875 0.355996815625 0.7341490937499999 0.35953721562499996 0.7159353078125 0.34228205156249997 0.71258124375
0 0.364248403125 0.6840213328125 0.3536272 0.738662690625 0.3910133921875 0.7459298296875 0.40163459531249995 0.6912884734375 0.364248403125 0.6840213328125
0 0.33574125781249997 0.6541065125000001 0.3251200546875 0.70874786875 0.38072003125 0.7195554109375 0.391341234375 0.664914053125 0.33574125781249997 0.6541065125000001
0 0.3583878328125 0.6450782140625 0.355592778125 0.65945751875 0.3718893234375 0.6626252453125 0.374684378125 0.6482459406250001 0.3583878328125 0.6450782140625
0 0.399477146875 0.6819155421875001 0.397241103125 0.6934189859375001 0.40970316718750005 0.695841365625 0.4119392109375 0.684337921875 0.399477146875 0.6819155421875001
0 0.387865959375 0.6597617453125 0.3824621890625 0.687561734375 0.4035518359375 0.691661146875 0.40895560625 0.6638611578125 0.387865959375 0.6597617453125
0 0.5480328484375 0.86449470625 0.5452377953124999 0.8788740109375001 0.557699859375 0.881296390625 0.5604949125 0.8669170859375 0.5480328484375 0.86449470625
0 0.5211117796875 0.862246303125 0.5153353359375 0.89196353125 0.5421767046875 0.897180965625 0.5479531484375 0.8674637359374999 0.5211117796875 0.862246303125
0 0.5460668796875 1 0.54841326875 0.9879288781250001 0.5100684578125 0.9804754015625001 0.506273259375 1 0.5460668796875 1
0 0.5264413828125 0.926952065625 0.5184288953125 0.9681727390624999 0.557732328125 0.9758125515625 0.565744815625 0.9345918796875001 0.5264413828125 0.926952065625
0 0.5829114265625 0.7976562171875 0.5808617203125 0.8082010390625 0.593323784375 0.8106234203125 0.595373490625 0.8000785968749999 0.5829114265625 0.7976562171875
0 0.6336028125000001 0.6622629078125 0.6302487484375 0.6795180734375 0.648462534375 0.6830584734375 0.6518165984375 0.665803309375 0.6336028125000001 0.6622629078125
0 0.6725110625 0.7384699015625 0.661517184375 0.7950284984375 0.7171171609375 0.8058360390624999 0.7281110390625 0.7492774421874999 0.6725110625 0.7384699015625
0 0.6511171874999999 0.7666436703125 0.6468314390625001 0.7886919375 0.669838325 0.7931640234375 0.674124075 0.7711157562500001 0.6511171874999999 0.7666436703125
0 0.6305046375 0.7268227375 0.627709584375 0.7412020421875 0.6440061296875 0.7443697703125001 0.6468011828125 0.729990465625 0.6305046375 0.7268227375
0 0.677781259375 0.703680065625 0.6734955109375 0.72572833125 0.6917092968749999 0.7292687328125 0.6959950453125 0.7072204656250001 0.677781259375 0.703680065625
0 0.6770100828125 0.720442453125 0.6732833453125 0.7396148578124999 0.6953316125 0.7439006078125 0.6990583499999999 0.7247282015625001 0.6770100828125 0.720442453125
0 0.6546531625 0.67680050625 0.6511127609375 0.6950142921875 0.6702851671875 0.6987410296875 0.67382556875 0.6805272453125 0.6546531625 0.67680050625
0 0.62682734375 0.6843246421875 0.6191875312499999 0.7236280749999999 0.6690357859375 0.73331759375 0.6766756 0.6940141609375 0.62682734375 0.6843246421875
0 0.6263378859375 0.7354637875 0.6194434203125 0.7709327390625 0.658746853125 0.778572553125 0.66564131875 0.7431036015625 0.6263378859375 0.7354637875
0 0.677686796875 0.8986504453125 0.6745190703125 0.914946990625 0.6908156140624999 0.9181147187500001 0.6939833421875 0.9018181734375 0.677686796875 0.8986504453125
0 0.6874312953125 0.8766684109374999 0.682586534375 0.9015925390625 0.70367618125 0.9056919515624999 0.7085209406249999 0.8807678234375 0.6874312953125 0.8766684109374999
0 0.665993696875 0.8436509890625 0.657981209375 0.8848716624999999 0.6924915406250001 0.891579790625 0.7005040265625 0.8503591187499999 0.665993696875 0.8436509890625
0 0.629182196875 0.871812396875 0.624523775 0.8957779046875001 0.654241003125 0.9015543484374999 0.6588994265625 0.8775888421875001 0.629182196875 0.871812396875
0 0.62041089375 0.9143778328125001 0.6172431671874999 0.9306743765625001 0.6344983328125 0.9340284421874999 0.637666059375 0.9177318968750001 0.62041089375 0.9143778328125001
0 0.6024766140625 0.9093994999999999 0.5980045281249999 0.9324063875 0.613342453125 0.9353877781250001 0.6178145390625 0.9123808906249999 0.6024766140625 0.9093994999999999
0 0.6089198125 0.8967241640625 0.605938421875 0.9120620890625 0.6260694484375 0.9159751640625 0.6290508390625 0.9006372390624999 0.6089198125 0.8967241640625
0 0.60641551875 0.8763405687500001 0.60231610625 0.8974302140624999 0.6243643734375001 0.9017159640625 0.628463784375 0.8806263171875001 0.60641551875 0.8763405687500001
0 0.589427496875 0.8869661984375 0.584769075 0.9109317062500001 0.6077759609375 0.9154037921875 0.612434384375 0.891438284375 0.589427496875 0.8869661984375
0 0.5803621140625 0.9105725 0.576076365625 0.9326207671875 0.5952487718749999 0.9363475046874999 0.5995345203125 0.9142992375000001 0.5803621140625 0.9105725
0 0.5629340796875 0.9106667749999999 0.5582756578125 0.9346322828125 0.5726549624999999 0.9374273359374999 0.577313384375 0.9134618281250001 0.5629340796875 0.9106667749999999
0 0.5446922515625 0.8842395906249999 0.536307090625 0.9273775046875 0.5564381171874999 0.9312905796875001 0.564823278125 0.888152665625 0.5446922515625 0.8842395906249999
0 0.5578468984375 0.8907759578125001 0.5546791718749999 0.907072503125 0.5690584765625 0.90986755625 0.5722262031249999 0.8935710109375 0.5578468984375 0.8907759578125001
0 0.572851446875 0.8852364015624999 0.5676340125 0.9120777703125 0.584889178125 0.9154318343750001 0.5901066125 0.888590465625 0.572851446875 0.8852364015624999