0 0.544921875 0.28369140625 0.51953125 0.28369140625 0.51953125 0.30712890625 0.544921875 0.30712890625 0.544921875 0.28369140625
0 0.43359375 0.30224609375 0.4091796875 0.30224609375 0.4091796875 0.32568359375 0.43359375 0.32568359375 0.43359375 0.30224609375
0 0.37890625 0.31201171875 0.3564453125 0.31201171875 0.3564453125 0.32568359375 0.37890625 0.32568359375 0.37890625 0.31201171875
0 0.43359375 0.41064453125 0.416015625 0.41064453125 0.416015625 0.42431640625 0.43359375 0.42431640625 0.43359375 0.41064453125
0 0.359375 0.40283203125 0.3359375 0.40283203125 0.3359375 0.42333984375 0.359375 0.42333984375 0.359375 0.40283203125
0 0.328125 0.35400390625 0.310546875 0.35400390625 0.310546875 0.36572265625 0.328125 0.36572265625 0.328125 0.35400390625
0 0.265625 0.38037109375 0.244140625 0.38037109375 0.244140625 0.40087890625 0.265625 0.40087890625 0.265625 0.38037109375
0 0.28857421875 0.44970703125 0.26611328125 0.44970703125 0.26611328125 0.47021484375 0.28857421875 0.47021484375 0.28857421875 0.44970703125
0 0.3486328125 0.57373046875 0.3203125 0.57373046875 0.3203125 0.59912109375 0.3486328125 0.59912109375 0.3486328125 0.57373046875
0 0.359375 0.59130859375 0.330078125 0.59130859375 0.330078125 0.61474609375 0.359375 0.61474609375 0.359375 0.59130859375
0 0.5712890625 0.55517578125 0.556640625 0.55517578125 0.556640625 0.56884765625 0.5712890625 0.56884765625 0.5712890625 0.55517578125
0 0.5478515625 0.59716796875 0.53515625 0.59716796875 0.53515625 0.61474609375 0.5478515625 0.61474609375 0.5478515625 0.59716796875
0 0.65234375 0.62646484375 0.6220703125 0.62646484375 0.6220703125 0.65478515625 0.65234375 0.65478515625 0.65234375 0.62646484375
0 0.6640625 0.59912109375 0.6396484375 0.59912109375 0.6396484375 0.61865234375 0.6640625 0.61865234375 0.6640625 0.59912109375
0 0.615234375 0.56103515625 0.5927734375 0.56103515625 0.5927734375 0.58154296875 0.615234375 0.58154296875 0.615234375 0.56103515625
0 0.625 0.56591796875 0.6015625 0.56591796875 0.6015625 0.58642578125 0.625 0.58642578125 0.625 0.56591796875
0 0.7099609375 0.52880859375 0.689453125 0.52880859375 0.689453125 0.54638671875 0.7099609375 0.54638671875 0.7099609375 0.52880859375
0 0.48046875 0.65380859375 0.455078125 0.65380859375 0.455078125 0.67626953125 0.48046875 0.67626953125 0.48046875 0.65380859375
0 0.3984375 0.63134765625 0.375 0.63134765625 0.375 0.64892578125 0.3984375 0.64892578125 0.3984375 0.63134765625
0 0.4296875 0.57763671875 0.4140625 0.57763671875 0.4140625 0.59423828125 0.4296875 0.59423828125 0.4296875 0.57763671875
0 0.4990234375 0.52001953125 0.48046875 0.52001953125 0.48046875 0.53564453125 0.4990234375 0.53564453125 0.4990234375 0.52001953125
0 0.384765625 0.73779296875 0.3583984375 0.73779296875 0.3583984375 0.76220703125 0.384765625 0.76220703125 0.384765625 0.73779296875
0 0.2587890625 0.67822265625 0.240234375 0.67822265625 0.240234375 0.69580078125 0.2587890625 0.69580078125 0.2587890625 0.67822265625
0 0.2548828125 0.60498046875 0.22265625 0.60498046875 0.22265625 0.62841796875 0.2548828125 0.62841796875 0.2548828125 0.60498046875
0 0.23779296875 0.6220703125 0.21337890625 0.6220703125 0.21337890625 0.640625 0.23779296875 0.640625 0.23779296875 0.6220703125
0 0.232421875 0.56494140625 0.2119140625 0.56494140625 0.2119140625 0.57861328125 0.232421875 0.57861328125 0.232421875 0.56494140625
0 0.2099609375 0.513671875 0.193359375 0.513671875 0.193359375 0.529296875 0.2099609375 0.529296875 0.2099609375 0.513671875
0 0.15771484375 0.58837890625 0.13818359375 0.58837890625 0.13818359375 0.60693359375 0.15771484375 0.60693359375 0.15771484375 0.58837890625
0 0.12841796875 0.57568359375 0.11181640625 0.57568359375 0.11181640625 0.58642578125 0.12841796875 0.58642578125 0.12841796875 0.57568359375
0 0.17626953125 0.5283203125 0.16259765625 0.5283203125 0.16259765625 0.54296875 0.17626953125 0.54296875 0.17626953125 0.5283203125
0 0.26806640625 0.50439453125 0.25634765625 0.50439453125 0.25634765625 0.51513671875 0.26806640625 0.51513671875 0.26806640625 0.50439453125
0 0.15283203125 0.5498046875 0.13134765625 0.5498046875 0.13134765625 0.576171875 0.15283203125 0.576171875 0.15283203125 0.5498046875
0 0.14501953125 0.57470703125 0.12548828125 0.57470703125 0.12548828125 0.59423828125 0.14501953125 0.59423828125 0.14501953125 0.57470703125
0 0.15380859375 0.69775390625 0.12939453125 0.69775390625 0.12939453125 0.72119140625 0.15380859375 0.72119140625 0.15380859375 0.69775390625
0 0.14306640625 0.75927734375 0.11572265625 0.75927734375 0.11572265625 0.78662109375 0.14306640625 0.78662109375 0.14306640625 0.75927734375
0 0.11962890625 0.76123046875 0.09814453125 0.76123046875 0.09814453125 0.77392578125 0.11962890625 0.77392578125 0.11962890625 0.76123046875
0 0.111328125 0.80859375 0.095703125 0.80859375 0.095703125 0.822265625 0.111328125 0.822265625 0.111328125 0.80859375
0 0.1865234375 0.8115234375 0.1689453125 0.8115234375 0.1689453125 0.8330078125 0.1865234375 0.8330078125 0.1865234375 0.8115234375
0 0.25537109375 0.8251953125 0.23486328125 0.8251953125 0.23486328125 0.8466796875 0.25537109375 0.8466796875 0.25537109375 0.8251953125
0 0.1953125 0.84912109375 0.1826171875 0.84912109375 0.1826171875 0.85986328125 0.1953125 0.85986328125 0.1953125 0.84912109375
0 0.21240234375 0.85498046875 0.19580078125 0.85498046875 0.19580078125 0.86865234375 0.21240234375 0.86865234375 0.21240234375 0.85498046875
0 0.2138671875 0.8671875 0.197265625 0.8671875 0.197265625 0.880859375 0.2138671875 0.880859375 0.2138671875 0.8671875
0 0.3212890625 0.8740234375 0.3037109375 0.8740234375 0.3037109375 0.890625 0.3212890625 0.890625 0.3212890625 0.8740234375
0 0.3544921875 0.771484375 0.3310546875 0.771484375 0.3310546875 0.7958984375 0.3544921875 0.7958984375 0.3544921875 0.771484375
0 0.40576171875 0.73974609375 0.38720703125 0.73974609375 0.38720703125 0.75634765625 0.40576171875 0.75634765625 0.40576171875 0.73974609375
0 0.39794921875 0.76171875 0.38427734375 0.76171875 0.38427734375 0.771484375 0.39794921875 0.771484375 0.39794921875 0.76171875
0 0.15771484375 0.89794921875 0.13818359375 0.89794921875 0.13818359375 0.91943359375 0.15771484375 0.91943359375 0.15771484375 0.89794921875
0 0.146484375 0.908203125 0.1279296875 0.908203125 0.1279296875 0.9267578125 0.146484375 0.9267578125 0.146484375 0.908203125
0 0.16455078125 0.9296875 0.14990234375 0.9296875 0.14990234375 0.9443359375 0.16455078125 0.9443359375 0.16455078125 0.9296875
0 0.15087890625 0.93115234375 0.13916015625 0.93115234375 0.13916015625 0.94580078125 0.15087890625 0.94580078125 0.15087890625 0.93115234375
0 0.15185546875 0.92431640625 0.14013671875 0.92431640625 0.14013671875 0.93603515625 0.15185546875 0.93603515625 0.15185546875 0.92431640625
0 0.29541015625 1 0.29541015625 0.9794921875 0.27392578125 0.9794921875 0.27392578125 1 0.29541015625 1
0 0.30419921875 0.978515625 0.29052734375 0.978515625 0.29052734375 0.9921875 0.30419921875 0.9921875 0.30419921875 0.978515625
0 0.36962890625 0.92041015625 0.35791015625 0.92041015625 0.35791015625 0.93115234375 0.36962890625 0.93115234375 0.36962890625 0.92041015625
0 0.38916015625 0.9267578125 0.37841796875 0.9267578125 0.37841796875 0.935546875 0.38916015625 0.935546875 0.38916015625 0.9267578125
0 0.47802734375 0.9580078125 0.46337890625 0.9580078125 0.46337890625 0.9697265625 0.47802734375 0.9697265625 0.47802734375 0.9580078125
0 0.642578125 0.935546875 0.6220703125 0.935546875 0.6220703125 0.9541015625 0.642578125 0.9541015625 0.642578125 0.935546875
0 0.66162109375 0.92236328125 0.64501953125 0.92236328125 0.64501953125 0.93701171875 0.66162109375 0.93701171875 0.66162109375 0.92236328125
0 0.6513671875 0.94140625 0.6376953125 0.94140625 0.6376953125 0.9580078125 0.6513671875 0.9580078125 0.6513671875 0.94140625
0 0.57958984375 0.8876953125 0.56591796875 0.8876953125 0.56591796875 0.9013671875 0.57958984375 0.9013671875 0.57958984375 0.8876953125
0 0.58837890625 0.89013671875 0.57861328125 0.89013671875 0.57861328125 0.90185546875 0.58837890625 0.90185546875 0.58837890625 0.89013671875
0 0.4892578125 0.9072265625 0.474609375 0.9072265625 0.474609375 0.9228515625 0.4892578125 0.9228515625 0.4892578125 0.9072265625
0 0.50732421875 0.87939453125 0.48779296875 0.87939453125 0.48779296875 0.89794921875 0.50732421875 0.89794921875 0.50732421875 0.87939453125
0 0.525390625 0.8720703125 0.5009765625 0.8720703125 0.5009765625 0.8974609375 0.525390625 0.8974609375 0.525390625 0.8720703125
0 0.51953125 0.8486328125 0.5029296875 0.8486328125 0.5029296875 0.8623046875 0.51953125 0.8623046875 0.51953125 0.8486328125
0 0.6318359375 0.7958984375 0.5966796875 0.7958984375 0.5966796875 0.81640625 0.6318359375 0.81640625 0.6318359375 0.7958984375
0 0.591796875 0.833984375 0.5751953125 0.833984375 0.5751953125 0.845703125 0.591796875 0.845703125 0.591796875 0.833984375
0 0.66943359375 0.8017578125 0.65576171875 0.8017578125 0.65576171875 0.8154296875 0.66943359375 0.8154296875 0.66943359375 0.8017578125
0 0.7275390625 0.75927734375 0.7177734375 0.75927734375 0.7177734375 0.76904296875 0.7275390625 0.76904296875 0.7275390625 0.75927734375
0 0.70703125 0.74072265625 0.697265625 0.74072265625 0.697265625 0.74853515625 0.70703125 0.74853515625 0.70703125 0.74072265625
0 0.68359375 0.8203125 0.6552734375 0.8203125 0.6552734375 0.8515625 0.68359375 0.8515625 0.68359375 0.8203125
0 0.50341796875 0.81005859375 0.48681640625 0.81005859375 0.48681640625 0.82470703125 0.50341796875 0.82470703125 0.50341796875 0.81005859375
0 0.525390625 0.81494140625 0.505859375 0.81494140625 0.505859375 0.83251953125 0.525390625 0.83251953125 0.525390625 0.81494140625
0 0.51318359375 0.80517578125 0.49658203125 0.80517578125 0.49658203125 0.82177734375 0.51318359375 0.82177734375 0.51318359375 0.80517578125
0 0.4755859375 0.732421875 0.4599609375 0.732421875 0.4599609375 0.7490234375 0.4755859375 0.7490234375 0.4755859375 0.732421875
0 0.4677734375 0.73779296875 0.4453125 0.73779296875 0.4453125 0.75537109375 0.4677734375 0.75537109375 0.4677734375 0.73779296875
0 0.4599609375 0.7265625 0.4462890625 0.7265625 0.4462890625 0.7412109375 0.4599609375 0.7412109375 0.4599609375 0.7265625
0 0.6728515625 0.56298828125 0.666015625 0.56298828125 0.666015625 0.57177734375 0.6728515625 0.57177734375 0.6728515625 0.56298828125
0 0.56396484375 0.7451171875 0.52685546875 0.7451171875 0.52685546875 0.78125 0.56396484375 0.78125 0.56396484375 0.7451171875
0 0.5703125 0.70263671875 0.5498046875 0.70263671875 0.5498046875 0.72412109375 0.5703125 0.72412109375 0.5703125 0.70263671875
0 0.53076171875 0.67138671875 0.51513671875 0.67138671875 0.51513671875 0.69287109375 0.53076171875 0.69287109375 0.53076171875 0.67138671875
0 0.546875 0.6650390625 0.5283203125 0.6650390625 0.5283203125 0.68359375 0.546875 0.68359375 0.546875 0.6650390625
0 0.56103515625 0.6796875 0.54248046875 0.6796875 0.54248046875 0.6953125 0.56103515625 0.6953125 0.56103515625 0.6796875
0 0.546875 0.6748046875 0.521484375 0.6748046875 0.521484375 0.703125 0.546875 0.703125 0.546875 0.6748046875
0 0.5322265625 0.69921875 0.513671875 0.69921875 0.513671875 0.720703125 0.5322265625 0.720703125 0.5322265625 0.69921875
0 0.51806640625 0.71337890625 0.49365234375 0.71337890625 0.49365234375 0.73583984375 0.51806640625 0.73583984375 0.51806640625 0.71337890625
0 0.5400390625 0.72802734375 0.5107421875 0.72802734375 0.5107421875 0.75732421875 0.5400390625 0.75732421875 0.5400390625 0.72802734375
0 0.5517578125 0.7275390625 0.5341796875 0.7275390625 0.5341796875 0.7490234375 0.5517578125 0.7490234375 0.5517578125 0.7275390625
0 0.50390625 0.740234375 0.4931640625 0.740234375 0.4931640625 0.75 0.50390625 0.75 0.50390625 0.740234375
0 0.515625 0.7255859375 0.4970703125 0.7255859375 0.4970703125 0.7451171875 0.515625 0.7451171875 0.515625 0.7255859375
0 0.51123046875 0.3193359375 0.49267578125 0.3193359375 0.49267578125 0.3330078125 0.51123046875 0.3330078125 0.51123046875 0.3193359375
0 0.49853515625 0.3310546875 0.48193359375 0.3310546875 0.48193359375 0.345703125 0.49853515625 0.345703125 0.49853515625 0.3310546875
0 0.5859375 0.3173828125 0.5712890625 0.3173828125 0.5712890625 0.3310546875 0.5859375 0.3310546875 0.5859375 0.3173828125
0 0.50146484375 0.17236328125 0.47216796875 0.17236328125 0.47216796875 0.18798828125 0.50146484375 0.18798828125 0.50146484375 0.17236328125
0 0.6259765625 0.18408203125 0.611328125 0.18408203125 0.611328125 0.19775390625 0.6259765625 0.19775390625 0.6259765625 0.18408203125
0 0.685546875 0.21484375 0.6630859375 0.21484375 0.6630859375 0.2412109375 0.685546875 0.2412109375 0.685546875 0.21484375
0 0.73095703125 0.25146484375 0.70654296875 0.25146484375 0.70654296875 0.27294921875 0.73095703125 0.27294921875 0.73095703125 0.25146484375
0 0.63720703125 0.24560546875 0.62158203125 0.24560546875 0.62158203125 0.26025390625 0.63720703125 0.26025390625 0.63720703125 0.24560546875
0 0.6416015625 0.255859375 0.6181640625 0.255859375 0.6181640625 0.275390625 0.6416015625 0.275390625 0.6416015625 0.255859375
0 0.7783203125 0.19482421875 0.7607421875 0.19482421875 0.7607421875 0.20849609375 0.7783203125 0.20849609375 0.7783203125 0.19482421875
0 0.767578125 0.3359375 0.7490234375 0.3359375 0.7490234375 0.3505859375 0.767578125 0.3505859375 0.767578125 0.3359375
0 0.8203125 0.33837890625 0.8056640625 0.33837890625 0.8056640625 0.35107421875 0.8203125 0.35107421875 0.8203125 0.33837890625
0 0.5595703125 0.27685546875 0.5361328125 0.27685546875 0.5361328125 0.30322265625 0.5595703125 0.30322265625 0.5595703125 0.27685546875
0 0.56884765625 0.3076171875 0.55224609375 0.3076171875 0.55224609375 0.3251953125 0.56884765625 0.3251953125 0.56884765625 0.3076171875
0 0.552734375 0.3203125 0.5390625 0.3203125 0.5390625 0.3310546875 0.552734375 0.3310546875 0.552734375 0.3203125
0 0.6513671875 0.01171875 0.62890625 0.01171875 0.62890625 0.0361328125 0.6513671875 0.0361328125 0.6513671875 0.01171875
0 0.64892578125 0.11328125 0.63427734375 0.11328125 0.63427734375 0.1279296875 0.64892578125 0.1279296875 0.64892578125 0.11328125
0 0.65966796875 0.10302734375 0.64501953125 0.10302734375 0.64501953125 0.12060546875 0.65966796875 0.12060546875 0.65966796875 0.10302734375
0 0.7705078125 0.0625 0.748046875 0.0625 0.748046875 0.0859375 0.7705078125 0.0859375 0.7705078125 0.0625
0 0.794921875 0.1201171875 0.7802734375 0.1201171875 0.7802734375 0.1337890625 0.794921875 0.1337890625 0.794921875 0.1201171875
0 0.70458984375 0.1572265625 0.68701171875 0.1572265625 0.68701171875 0.177734375 0.70458984375 0.177734375 0.70458984375 0.1572265625
0 0.67919921875 0.0078125 0.65087890625 0.0078125 0.65087890625 0.0322265625 0.67919921875 0.0322265625 0.67919921875 0.0078125
0 0.76611328125 0.69287109375 0.74560546875 0.69287109375 0.74560546875 0.71923828125 0.76611328125 0.71923828125 0.76611328125 0.69287109375
0 0.78662109375 0.69189453125 0.77001953125 0.69189453125 0.77001953125 0.70849609375 0.78662109375 0.70849609375 0.78662109375 0.69189453125
0 0.07373046875 0.01123046875 0.05517578125 0.01123046875 0.05517578125 0.02880859375 0.07373046875 0.02880859375 0.07373046875 0.01123046875
0 0 0.08935546875 0.025390625 0.08935546875 0.025390625 0.07080078125 0 0.07080078125 0 0.08935546875
0 0.0927734375 0.05859375 0.0625 0.05859375 0.0625 0.0849609375 0.0927734375 0.0849609375 0.0927734375 0.05859375
0 0.23046875 0.044921875 0.2138671875 0.044921875 0.2138671875 0.060546875 0.23046875 0.060546875 0.23046875 0.044921875
0 0.26171875 0.05810546875 0.240234375 0.05810546875 0.240234375 0.08544921875 0.26171875 0.08544921875 0.26171875 0.05810546875
0 0.27587890625 0.060546875 0.25634765625 0.060546875 0.25634765625 0.0732421875 0.27587890625 0.0732421875 0.27587890625 0.060546875
0 0.02490234375 0.1513671875 0.00146484375 0.1513671875 0.00146484375 0.181640625 0.02490234375 0.181640625 0.02490234375 0.1513671875
0 0.1318359375 0.11767578125 0.1044921875 0.11767578125 0.1044921875 0.14697265625 0.1318359375 0.14697265625 0.1318359375 0.11767578125
0 0.09716796875 0.12744140625 0.06689453125 0.12744140625 0.06689453125 0.14599609375 0.09716796875 0.14599609375 0.09716796875 0.12744140625
0 0.119140625 0.0869140625 0.091796875 0.0869140625 0.091796875 0.1162109375 0.119140625 0.1162109375 0.119140625 0.0869140625
0 0.1083984375 0.103515625 0.0849609375 0.103515625 0.0849609375 0.125 0.1083984375 0.125 0.1083984375 0.103515625
0 0.17138671875 0.1640625 0.15380859375 0.1640625 0.15380859375 0.1845703125 0.17138671875 0.1845703125 0.17138671875 0.1640625
0 0.16748046875 0.251953125 0.14501953125 0.251953125 0.14501953125 0.2705078125 0.16748046875 0.2705078125 0.16748046875 0.251953125
0 0.14990234375 0.244140625 0.13525390625 0.244140625 0.13525390625 0.2587890625 0.14990234375 0.2587890625 0.14990234375 0.244140625
0 0 0.31884765625 0.0185546875 0.31884765625 0.0185546875 0.29541015625 0 0.29541015625 0 0.31884765625
0 0.17333984375 0.306640625 0.15283203125 0.306640625 0.15283203125 0.3212890625 0.17333984375 0.3212890625 0.17333984375 0.306640625
0 0.23095703125 0.267578125 0.21533203125 0.267578125 0.21533203125 0.2861328125 0.23095703125 0.2861328125 0.23095703125 0.267578125
0 0.244140625 0.28564453125 0.2265625 0.28564453125 0.2265625 0.30029296875 0.244140625 0.30029296875 0.244140625 0.28564453125
0 0.25390625 0.27294921875 0.2333984375 0.27294921875 0.2333984375 0.29248046875 0.25390625 0.29248046875 0.25390625 0.27294921875
0 0.23876953125 0.2705078125 0.22802734375 0.2705078125 0.22802734375 0.2880859375 0.23876953125 0.2880859375 0.23876953125 0.2705078125
0 0.19921875 0.40185546875 0.17578125 0.40185546875 0.17578125 0.42529296875 0.19921875 0.42529296875 0.19921875 0.40185546875
0 0.17138671875 0.4267578125 0.15380859375 0.4267578125 0.15380859375 0.4453125 0.17138671875 0.4453125 0.17138671875 0.4267578125
0 0.18310546875 0.4609375 0.16259765625 0.4609375 0.16259765625 0.4775390625 0.18310546875 0.4775390625 0.18310546875 0.4609375
0 0.1943359375 0.37158203125 0.17578125 0.37158203125 0.17578125 0.39013671875 0.1943359375 0.39013671875 0.1943359375 0.37158203125
0 0.18017578125 0.3740234375 0.16162109375 0.3740234375 0.16162109375 0.3916015625 0.18017578125 0.3916015625 0.18017578125 0.3740234375
0 0.23095703125 0.3857421875 0.21630859375 0.3857421875 0.21630859375 0.3974609375 0.23095703125 0.3974609375 0.23095703125 0.3857421875
0 0.2431640625 0.37353515625 0.2265625 0.37353515625 0.2265625 0.39404296875 0.2431640625 0.39404296875 0.2431640625 0.37353515625
0 0.298828125 0.4619140625 0.2822265625 0.4619140625 0.2822265625 0.4775390625 0.298828125 0.4775390625 0.298828125 0.4619140625
0 0.03955078125 0.62548828125 0.01904296875 0.62548828125 0.01904296875 0.64892578125 0.03955078125 0.64892578125 0.03955078125 0.62548828125
0 0 0.61328125 0.0322265625 0.61328125 0.0322265625 0.5810546875 0 0.5810546875 0 0.61328125
0 0 0.712890625 0.0380859375 0.712890625 0.0380859375 0.669921875 0 0.669921875 0 0.712890625
0 0.0556640625 0.7626953125 0.03125 0.7626953125 0.03125 0.78515625 0.0556640625 0.78515625 0.0556640625 0.7626953125
0 0.0634765625 0.71484375 0.037109375 0.71484375 0.037109375 0.73828125 0.0634765625 0.73828125 0.0634765625 0.71484375
0 0.04150390625 0.82470703125 0.02490234375 0.82470703125 0.02490234375 0.83935546875 0.04150390625 0.83935546875 0.04150390625 0.82470703125
0 0.07666015625 0.7333984375 0.04931640625 0.7333984375 0.04931640625 0.748046875 0.07666015625 0.748046875 0.07666015625 0.7333984375
0 0.06787109375 0.748046875 0.04248046875 0.748046875 0.04248046875 0.7685546875 0.06787109375 0.7685546875 0.06787109375 0.748046875
0 0.04296875 0.71435546875 0.0244140625 0.71435546875 0.0244140625 0.72705078125 0.04296875 0.72705078125 0.04296875 0.71435546875
0 0 0.7470703125 0.01953125 0.7470703125 0.01953125 0.7158203125 0 0.7158203125 0 0.7470703125
0 0 0.73486328125 0.013671875 0.73486328125 0.013671875 0.71728515625 0 0.71728515625 0 0.73486328125
0 0 0.77490234375 0.009765625 0.77490234375 0.009765625 0.74755859375 0 0.74755859375 0 0.77490234375
0 0.03076171875 0.74658203125 0.00732421875 0.74658203125 0.00732421875 0.76416015625 0.03076171875 0.76416015625 0.03076171875 0.74658203125
0 0.03466796875 0.7216796875 0.01220703125 0.7216796875 0.01220703125 0.748046875 0.03466796875 0.748046875 0.03466796875 0.7216796875
0 0.03271484375 0.76318359375 0.01611328125 0.76318359375 0.01611328125 0.78466796875 0.03271484375 0.78466796875 0.03271484375 0.76318359375
0 0 0.7919921875 0.0185546875 0.7919921875 0.0185546875 0.763671875 0 0.763671875 0 0.7919921875
0 0.04443359375 0.8994140625 0.03173828125 0.8994140625 0.03173828125 0.912109375 0.04443359375 0.912109375 0.04443359375 0.8994140625
0 0.04296875 0.97705078125 0.0283203125 0.97705078125 0.0283203125 0.98876953125 0.04296875 0.98876953125 0.04296875 0.97705078125
0 0.02978515625 0.96728515625 0.01123046875 0.96728515625 0.01123046875 0.98193359375 0.02978515625 0.98193359375 0.02978515625 0.96728515625
0 0.2138671875 0.63916015625 0.1708984375 0.63916015625 0.1708984375 0.66845703125 0.2138671875 0.66845703125 0.2138671875 0.63916015625
0 0.18017578125 0.6591796875 0.15478515625 0.6591796875 0.15478515625 0.6875 0.18017578125 0.6875 0.18017578125 0.6591796875
0 0.1650390625 0.6875 0.1513671875 0.6875 0.1513671875 0.7001953125 0.1650390625 0.7001953125 0.1650390625 0.6875
0 0.2041015625 0.68603515625 0.181640625 0.68603515625 0.181640625 0.70947265625 0.2041015625 0.70947265625 0.2041015625 0.68603515625
0 0.208984375 0.6982421875 0.189453125 0.6982421875 0.189453125 0.7177734375 0.208984375 0.7177734375 0.208984375 0.6982421875
0 0.18896484375 0.68017578125 0.14794921875 0.68017578125 0.14794921875 0.70556640625 0.18896484375 0.70556640625 0.18896484375 0.68017578125
0 0.224609375 0.6611328125 0.201171875 0.6611328125 0.201171875 0.7021484375 0.224609375 0.7021484375 0.224609375 0.6611328125
0 0.20361328125 0.6650390625 0.18798828125 0.6650390625 0.18798828125 0.681640625 0.20361328125 0.681640625 0.20361328125 0.6650390625
0 0.248046875 0.65966796875 0.220703125 0.65966796875 0.220703125 0.69580078125 0.248046875 0.69580078125 0.248046875 0.65966796875
0 0.43896484375 0.125 0.41552734375 0.125 0.41552734375 0.1494140625 0.43896484375 0.1494140625 0.43896484375 0.125
0 0.43408203125 0.1513671875 0.40966796875 0.1513671875 0.40966796875 0.1708984375 0.43408203125 0.1708984375 0.43408203125 0.1513671875
0 0.40478515625 0 0.40478515625 0.0439453125 0.44482421875 0.0439453125 0.44482421875 0 0.40478515625 0
0 0.36474609375 0 0.36474609375 0.015625 0.38525390625 0.015625 0.38525390625 0 0.36474609375 0
0 0.3837890625 0 0.3837890625 0.025390625 0.4111328125 0.025390625 0.4111328125 0 0.3837890625 0
0 0.9384765625 0.0068359375 0.916015625 0.0068359375 0.916015625 0.0283203125 0.9384765625 0.0283203125 0.9384765625 0.0068359375
0 0.94189453125 0.02294921875 0.92724609375 0.02294921875 0.92724609375 0.03662109375 0.94189453125 0.03662109375 0.94189453125 0.02294921875
0 0.91796875 0.119140625 0.896484375 0.119140625 0.896484375 0.1455078125 0.91796875 0.1455078125 0.91796875 0.119140625
0 0.998046875 0.193359375 0.9814453125 0.193359375 0.9814453125 0.2099609375 0.998046875 0.2099609375 0.998046875 0.193359375
0 0.96875 0.3642578125 0.947265625 0.3642578125 0.947265625 0.3818359375 0.96875 0.3818359375 0.96875 0.3642578125
0 0.837890625 0.353515625 0.8251953125 0.353515625 0.8251953125 0.365234375 0.837890625 0.365234375 0.837890625 0.353515625
0 0.9921875 0.42626953125 0.9814453125 0.42626953125 0.9814453125 0.43896484375 0.9921875 0.43896484375 0.9921875 0.42626953125
0 1 0.42529296875 0.990234375 0.42529296875 0.990234375 0.44091796875 1 0.44091796875 1 0.42529296875
0 0.9443359375 0.4736328125 0.927734375 0.4736328125 0.927734375 0.4853515625 0.9443359375 0.4853515625 0.9443359375 0.4736328125
0 0.86962890625 0.54541015625 0.85107421875 0.54541015625 0.85107421875 0.56396484375 0.86962890625 0.56396484375 0.86962890625 0.54541015625
0 0.85302734375 0.59716796875 0.83740234375 0.59716796875 0.83740234375 0.61083984375 0.85302734375 0.61083984375 0.85302734375 0.59716796875
0 0.86181640625 0.58984375 0.85009765625 0.58984375 0.85009765625 0.6044921875 0.86181640625 0.6044921875 0.86181640625 0.58984375
0 0.85400390625 0.5908203125 0.83837890625 0.5908203125 0.83837890625 0.6005859375 0.85400390625 0.6005859375 0.85400390625 0.5908203125
0 0.8603515625 0.7021484375 0.84375 0.7021484375 0.84375 0.720703125 0.8603515625 0.720703125 0.8603515625 0.7021484375
0 0.9404296875 0.5595703125 0.916015625 0.5595703125 0.916015625 0.576171875 0.9404296875 0.576171875 0.9404296875 0.5595703125
0 0.9365234375 0.5791015625 0.912109375 0.5791015625 0.912109375 0.5986328125 0.9365234375 0.5986328125 0.9365234375 0.5791015625
0 0.95654296875 0.5615234375 0.92724609375 0.5615234375 0.92724609375 0.5859375 0.95654296875 0.5859375 0.95654296875 0.5615234375
0 0.9697265625 0.5625 0.9453125 0.5625 0.9453125 0.58984375 0.9697265625 0.58984375 0.9697265625 0.5625
0 0.98095703125 0.57275390625 0.96630859375 0.57275390625 0.96630859375 0.58642578125 0.98095703125 0.58642578125 0.98095703125 0.57275390625
0 1 0.52197265625 0.9794921875 0.52197265625 0.9794921875 0.56103515625 1 0.56103515625 1 0.52197265625
0 0.86376953125 0.791015625 0.84033203125 0.791015625 0.84033203125 0.8115234375 0.86376953125 0.8115234375 0.86376953125 0.791015625
0 0.86474609375 0.8046875 0.84130859375 0.8046875 0.84130859375 0.822265625 0.86474609375 0.822265625 0.86474609375 0.8046875
0 0.84375 0.80517578125 0.8251953125 0.80517578125 0.8251953125 0.82177734375 0.84375 0.82177734375 0.84375 0.80517578125
0 0.841796875 0.796875 0.8291015625 0.796875 0.8291015625 0.8076171875 0.841796875 0.8076171875 0.841796875 0.796875
0 0.984375 0.7958984375 0.9755859375 0.7958984375 0.9755859375 0.8076171875 0.984375 0.8076171875 0.984375 0.7958984375
0 0.88330078125 0.921875 0.86279296875 0.921875 0.86279296875 0.9384765625 0.88330078125 0.9384765625 0.88330078125 0.921875
0 0.916015625 0.92236328125 0.9013671875 0.92236328125 0.9013671875 0.93603515625 0.916015625 0.93603515625 0.916015625 0.92236328125
0 0.9296875 0.912109375 0.9189453125 0.912109375 0.9189453125 0.9228515625 0.9296875 0.9228515625 0.9296875 0.912109375
0 1 0.8642578125 0.98828125 0.8642578125 0.98828125 0.880859375 1 0.880859375 1 0.8642578125
0 0.99658203125 0.8271484375 0.98486328125 0.8271484375 0.98486328125 0.8349609375 0.99658203125 0.8349609375 0.99658203125 0.8271484375
0 1 0.8974609375 0.9892578125 0.8974609375 0.9892578125 0.916015625 1 0.916015625 1 0.8974609375
0 0.994140625 0.9091796875 0.986328125 0.9091796875 0.986328125 0.919921875 0.994140625 0.919921875 0.994140625 0.9091796875
0 1 0.912109375 0.9931640625 0.912109375 0.9931640625 0.9267578125 1 0.9267578125 1 0.912109375
0 0.8349609375 0.97216796875 0.82421875 0.97216796875 0.82421875 0.98388671875 0.8349609375 0.98388671875 0.8349609375 0.97216796875
0 0.8408203125 0.974609375 0.83203125 0.974609375 0.83203125 0.986328125 0.8408203125 0.986328125 0.8408203125 0.974609375
0 0.96826171875 0.97509765625 0.94384765625 0.97509765625 0.94384765625 0.99853515625 0.96826171875 0.99853515625 0.96826171875 0.97509765625
0 0.775390625 0.951171875 0.767578125 0.951171875 0.767578125 0.9580078125 0.775390625 0.9580078125 0.775390625 0.951171875