0 0.55078125 0.3212890625 0.5361328125 0.3212890625 0.5361328125 0.3388671875 0.55078125 0.3388671875 0.55078125 0.3212890625
0 0.3828125 0.26904296875 0.3642578125 0.26904296875 0.3642578125 0.28466796875 0.3828125 0.28466796875 0.3828125 0.26904296875
0 0.27587890625 0.31787109375 0.26904296875 0.31787109375 0.26904296875 0.32666015625 0.27587890625 0.32666015625 0.27587890625 0.31787109375
0 0.27978515625 0.32568359375 0.26220703125 0.32568359375 0.26220703125 0.33740234375 0.27978515625 0.33740234375 0.27978515625 0.32568359375
0 0.27587890625 0.3359375 0.25830078125 0.3359375 0.25830078125 0.353515625 0.27587890625 0.353515625 0.27587890625 0.3359375
0 0.5595703125 0.4501953125 0.5458984375 0.4501953125 0.5458984375 0.462890625 0.5595703125 0.462890625 0.5595703125 0.4501953125
0 0.56103515625 0.46044921875 0.54248046875 0.46044921875 0.54248046875 0.47509765625 0.56103515625 0.47509765625 0.56103515625 0.46044921875
0 0.5810546875 0.4638671875 0.568359375 0.4638671875 0.568359375 0.4765625 0.5810546875 0.4765625 0.5810546875 0.4638671875
0 0.5751953125 0.46923828125 0.5556640625 0.46923828125 0.5556640625 0.48876953125 0.5751953125 0.48876953125 0.5751953125 0.46923828125
0 0.7060546875 0.49365234375 0.69140625 0.49365234375 0.69140625 0.50830078125 0.7060546875 0.50830078125 0.7060546875 0.49365234375
0 0.7275390625 0.4931640625 0.71875 0.4931640625 0.71875 0.5 0.7275390625 0.5 0.7275390625 0.4931640625
0 0.72802734375 0.49462890625 0.71337890625 0.49462890625 0.71337890625 0.51220703125 0.72802734375 0.51220703125 0.72802734375 0.49462890625
0 0.71435546875 0.48876953125 0.69970703125 0.48876953125 0.69970703125 0.50634765625 0.71435546875 0.50634765625 0.71435546875 0.48876953125
0 0.48681640625 0.14794921875 0.46337890625 0.14794921875 0.46337890625 0.16943359375 0.48681640625 0.16943359375 0.48681640625 0.14794921875
0 0.478515625 0.166015625 0.4619140625 0.166015625 0.4619140625 0.1806640625 0.478515625 0.1806640625 0.478515625 0.166015625
0 0.23193359375 0.12841796875 0.21240234375 0.12841796875 0.21240234375 0.14892578125 0.23193359375 0.14892578125 0.23193359375 0.12841796875
0 0.24365234375 0.17529296875 0.22998046875 0.17529296875 0.22998046875 0.18994140625 0.24365234375 0.18994140625 0.24365234375 0.17529296875
0 0.05712890625 0.28564453125 0.04736328125 0.28564453125 0.04736328125 0.29736328125 0.05712890625 0.29736328125 0.05712890625 0.28564453125
0 0.04931640625 0.28857421875 0.03759765625 0.28857421875 0.03759765625 0.30126953125 0.04931640625 0.30126953125 0.04931640625 0.28857421875
0 0.0546875 0.2958984375 0.0419921875 0.2958984375 0.0419921875 0.3056640625 0.0546875 0.3056640625 0.0546875 0.2958984375
0 0.19091796875 0.341796875 0.17724609375 0.341796875 0.17724609375 0.353515625 0.19091796875 0.353515625 0.19091796875 0.341796875
0 0.18798828125 0.35205078125 0.17529296875 0.35205078125 0.17529296875 0.36279296875 0.18798828125 0.36279296875 0.18798828125 0.35205078125
0 0.26708984375 0.1953125 0.25537109375 0.1953125 0.25537109375 0.203125 0.26708984375 0.203125 0.26708984375 0.1953125
0 0.27099609375 0.20068359375 0.24658203125 0.20068359375 0.24658203125 0.21533203125 0.27099609375 0.21533203125 0.27099609375 0.20068359375
0 0.30126953125 0.26513671875 0.27587890625 0.26513671875 0.27587890625 0.28173828125 0.30126953125 0.28173828125 0.30126953125 0.26513671875
0 0.29638671875 0.28076171875 0.27685546875 0.28076171875 0.27685546875 0.29443359375 0.29638671875 0.29443359375 0.29638671875 0.28076171875
0 0.27392578125 0.42138671875 0.26025390625 0.42138671875 0.26025390625 0.43603515625 0.27392578125 0.43603515625 0.27392578125 0.42138671875
0 0.2666015625 0.4287109375 0.24609375 0.4287109375 0.24609375 0.44921875 0.2666015625 0.44921875 0.2666015625 0.4287109375
0 0.27783203125 0.43359375 0.26318359375 0.43359375 0.26318359375 0.4453125 0.27783203125 0.4453125 0.27783203125 0.43359375
0 0.232421875 0.48291015625 0.2109375 0.48291015625 0.2109375 0.49853515625 0.232421875 0.49853515625 0.232421875 0.48291015625
0 0.232421875 0.576171875 0.2216796875 0.576171875 0.2216796875 0.5888671875 0.232421875 0.5888671875 0.232421875 0.576171875
0 0.22802734375 0.5810546875 0.21044921875 0.5810546875 0.21044921875 0.5966796875 0.22802734375 0.5966796875 0.22802734375 0.5810546875
0 0.3271484375 0.70751953125 0.3037109375 0.70751953125 0.3037109375 0.72607421875 0.3271484375 0.72607421875 0.3271484375 0.70751953125
0 0.3095703125 0.7041015625 0.2978515625 0.7041015625 0.2978515625 0.7158203125 0.3095703125 0.7158203125 0.3095703125 0.7041015625
0 0.4365234375 0.7109375 0.4208984375 0.7109375 0.4208984375 0.7236328125 0.4365234375 0.7236328125 0.4365234375 0.7109375
0 0.37109375 0.8193359375 0.359375 0.8193359375 0.359375 0.8310546875 0.37109375 0.8310546875 0.37109375 0.8193359375
0 0.28662109375 0.77978515625 0.27392578125 0.77978515625 0.27392578125 0.78857421875 0.28662109375 0.78857421875 0.28662109375 0.77978515625
0 0.13134765625 0.869140625 0.11279296875 0.869140625 0.11279296875 0.880859375 0.13134765625 0.880859375 0.13134765625 0.869140625
0 0.1416015625 0.8759765625 0.12890625 0.8759765625 0.12890625 0.888671875 0.1416015625 0.888671875 0.1416015625 0.8759765625
0 0.1328125 0.880859375 0.1162109375 0.880859375 0.1162109375 0.8984375 0.1328125 0.8984375 0.1328125 0.880859375
0 0.14208984375 0.888671875 0.12744140625 0.888671875 0.12744140625 0.900390625 0.14208984375 0.900390625 0.14208984375 0.888671875
0 0.00634765625 0.884765625 0.00048828125 0.884765625 0.00048828125 0.8935546875 0.00634765625 0.8935546875 0.00634765625 0.884765625
0 0.037109375 0.7978515625 0.013671875 0.7978515625 0.013671875 0.822265625 0.037109375 0.822265625 0.037109375 0.7978515625
0 0.0322265625 0.7861328125 0.01171875 0.7861328125 0.01171875 0.80078125 0.0322265625 0.80078125 0.0322265625 0.7861328125
0 0.0380859375 0.76953125 0.013671875 0.76953125 0.013671875 0.7958984375 0.0380859375 0.7958984375 0.0380859375 0.76953125
0 0 0.79443359375 0.015625 0.79443359375 0.015625 0.76708984375 0 0.76708984375 0 0.79443359375
0 0.2939453125 0.78466796875 0.2744140625 0.78466796875 0.2744140625 0.80419921875 0.2939453125 0.80419921875 0.2939453125 0.78466796875
0 0.3193359375 0.77783203125 0.291015625 0.77783203125 0.291015625 0.81396484375 0.3193359375 0.81396484375 0.3193359375 0.77783203125
0 0.5302734375 0.7685546875 0.5166015625 0.7685546875 0.5166015625 0.7802734375 0.5302734375 0.7802734375 0.5302734375 0.7685546875
0 0.51904296875 0.76806640625 0.50439453125 0.76806640625 0.50439453125 0.78662109375 0.51904296875 0.78662109375 0.51904296875 0.76806640625
0 0.62939453125 0.77490234375 0.60791015625 0.77490234375 0.60791015625 0.79638671875 0.62939453125 0.79638671875 0.62939453125 0.77490234375
0 0.60205078125 0.69287109375 0.58935546875 0.69287109375 0.58935546875 0.70458984375 0.60205078125 0.70458984375 0.60205078125 0.69287109375
0 0.60595703125 0.7021484375 0.59326171875 0.7021484375 0.59326171875 0.7119140625 0.60595703125 0.7119140625 0.60595703125 0.7021484375
0 0.59326171875 0.69677734375 0.57666015625 0.69677734375 0.57666015625 0.72021484375 0.59326171875 0.72021484375 0.59326171875 0.69677734375
0 0.73779296875 0.0673828125 0.72802734375 0.0673828125 0.72802734375 0.0751953125 0.73779296875 0.0751953125 0.73779296875 0.0673828125
0 0.63916015625 0.15234375 0.63134765625 0.15234375 0.63134765625 0.162109375 0.63916015625 0.162109375 0.63916015625 0.15234375
0 0.66015625 0.1728515625 0.6513671875 0.1728515625 0.6513671875 0.181640625 0.66015625 0.181640625 0.66015625 0.1728515625
0 0.638671875 0.1748046875 0.625 0.1748046875 0.625 0.1875 0.638671875 0.1875 0.638671875 0.1748046875
0 0.6572265625 0.18359375 0.646484375 0.18359375 0.646484375 0.1904296875 0.6572265625 0.1904296875 0.6572265625 0.18359375
0 0.6552734375 0.16796875 0.6337890625 0.16796875 0.6337890625 0.1923828125 0.6552734375 0.1923828125 0.6552734375 0.16796875
0 0.65869140625 0.14404296875 0.63623046875 0.14404296875 0.63623046875 0.16455078125 0.65869140625 0.16455078125 0.65869140625 0.14404296875
0 0.67333984375 0.154296875 0.65283203125 0.154296875 0.65283203125 0.177734375 0.67333984375 0.177734375 0.67333984375 0.154296875
0 0.52783203125 0.1328125 0.51611328125 0.1328125 0.51611328125 0.1416015625 0.52783203125 0.1416015625 0.52783203125 0.1328125
0 0.5380859375 0.13671875 0.525390625 0.13671875 0.525390625 0.146484375 0.5380859375 0.146484375 0.5380859375 0.13671875
0 0.52978515625 0.13818359375 0.51318359375 0.13818359375 0.51318359375 0.15185546875 0.52978515625 0.15185546875 0.52978515625 0.13818359375
0 0.54345703125 0.14453125 0.53173828125 0.14453125 0.53173828125 0.15234375 0.54345703125 0.15234375 0.54345703125 0.14453125
0 0.5458984375 0.1669921875 0.5361328125 0.1669921875 0.5361328125 0.1796875 0.5458984375 0.1796875 0.5458984375 0.1669921875
0 0.5263671875 0.171875 0.517578125 0.171875 0.517578125 0.181640625 0.5263671875 0.181640625 0.5263671875 0.171875
0 0.54150390625 0.1484375 0.51513671875 0.1484375 0.51513671875 0.1728515625 0.54150390625 0.1728515625 0.54150390625 0.1484375
0 0.8935546875 0.83935546875 0.8828125 0.83935546875 0.8828125 0.84814453125 0.8935546875 0.84814453125 0.8935546875 0.83935546875
0 0.9111328125 0.83740234375 0.900390625 0.83740234375 0.900390625 0.84619140625 0.9111328125 0.84619140625 0.9111328125 0.83740234375
0 0.9189453125 0.8408203125 0.9052734375 0.8408203125 0.9052734375 0.853515625 0.9189453125 0.853515625 0.9189453125 0.8408203125
0 0.90087890625 0.84033203125 0.88916015625 0.84033203125 0.88916015625 0.85791015625 0.90087890625 0.85791015625 0.90087890625 0.84033203125
0 0.92236328125 0.89599609375 0.90966796875 0.89599609375 0.90966796875 0.91162109375 0.92236328125 0.91162109375 0.92236328125 0.89599609375
0 0.947265625 0.64453125 0.9072265625 0.64453125 0.9072265625 0.68359375 0.947265625 0.68359375 0.947265625 0.64453125
0 0.9384765625 0.65673828125 0.9189453125 0.65673828125 0.9189453125 0.67236328125 0.9384765625 0.67236328125 0.9384765625 0.65673828125
0 0.91943359375 0.65966796875 0.90966796875 0.65966796875 0.90966796875 0.67724609375 0.91943359375 0.67724609375 0.91943359375 0.65966796875
0 0.94384765625 0.36474609375 0.92431640625 0.36474609375 0.92431640625 0.38232421875 0.94384765625 0.38232421875 0.94384765625 0.36474609375
0 0.84033203125 0.298828125 0.82275390625 0.298828125 0.82275390625 0.31640625 0.84033203125 0.31640625 0.84033203125 0.298828125
0 0.89111328125 0.20556640625 0.87646484375 0.20556640625 0.87646484375 0.22705078125 0.89111328125 0.22705078125 0.89111328125 0.20556640625
0 0.9990234375 0.23046875 0.9814453125 0.23046875 0.9814453125 0.2451171875 0.9990234375 0.2451171875 0.9990234375 0.23046875
0 0.94677734375 0.26904296875 0.92529296875 0.26904296875 0.92529296875 0.29150390625 0.94677734375 0.29150390625 0.94677734375 0.26904296875
0 0.94921875 0.2880859375 0.923828125 0.2880859375 0.923828125 0.314453125 0.94921875 0.314453125 0.94921875 0.2880859375