0 0.3265547625 0.17341112187500002 0.315686384375 0.132849784375 0.284557915625 0.14119063125 0.29542629374999996 0.1817519703125 0.3265547625 0.17341112187500002
0 0.4762109171875 0.254632303125 0.4676173171875 0.222560546875 0.427055978125 0.23342892499999998 0.43564957968750007 0.26550068125 0.4762109171875 0.254632303125
0 0.49859948281250005 0.2759306265625 0.49076414062499996 0.24668873125 0.45020280156250003 0.257557109375 0.45803814374999996 0.2867990046875 0.49859948281250005 0.2759306265625
0 0.3608324421875 0.3522746578125 0.35249159375 0.3211461890625 0.316646690625 0.3307508015625 0.3249875390625 0.3618792703125 0.3608324421875 0.3522746578125
0 0.369911796875 0.8427101515625001 0.36637325625 0.829504134375 0.35316723906249997 0.8330426750000001 0.3567057796875 0.8462486921875 0.369911796875 0.8427101515625001
0 0.3650871328125 0.8586625874999999 0.361548590625 0.845456571875 0.3398529921875 0.8512698890625 0.3433915328125 0.86447590625 0.3650871328125 0.8586625874999999
0 0.386236721875 0.86967726875 0.382192675 0.854584678125 0.3614403609375 0.8601452437500001 0.365484409375 0.8752378343749999 0.386236721875 0.86967726875
0 0.3828360609375 0.8928307359375 0.376264484375 0.868305275 0.3517390234375 0.8748768515625001 0.3583106015625 0.8994023125 0.3828360609375 0.8928307359375
0 0.287194025 0.9245240125 0.281127953125 0.9018851265625001 0.25377263125 0.9092149624999999 0.259838703125 0.9318538500000001 0.287194025 0.9245240125
0 0.72690361875 0.8431006109375 0.7107274296874999 0.782730246875 0.6579033609375 0.7968844125000001 0.6740795515625 0.8572547765625 0.72690361875 0.8431006109375
0 0.8991343203125 0.3652494546875 0.8900352140625 0.3312911234375 0.8607933187500001 0.33912646562500004 0.869892425 0.373084796875 0.8991343203125 0.3652494546875
0 0.8889456234375 0.3932548046875 0.881868540625 0.3668427703125 0.8535699328125 0.374425359375 0.8606470156249999 0.40083739375 0.8889456234375 0.3932548046875
0 0.887790565625 0.08520567343749999 0.880966234375 0.0597369265625 0.8639870703125 0.0642864796875 0.8708114 0.0897552265625 0.887790565625 0.08520567343749999
0 0.8715267234375 0.0829919796875 0.8669771703125001 0.06601281406250001 0.8452815703125 0.0718261328125 0.8498311234375 0.0888052984375 0.8715267234375 0.0829919796875
0 0.87292836875 0.124067896875 0.8618072390625 0.082563271875 0.8287921953125 0.0914096265625 0.8399133265625001 0.1329142515625 0.87292836875 0.124067896875