0 0.7698458375 1 0.78437136875 0.9640480484375 0.740909625 0.9464883640625 0.723349940625 0.9899501078125 0.7482242968749999 1 0.7698458375 1
0 0.7677298546875 0.92572674375 0.7578525328125 0.9501739734375001 0.7804888578125 0.9593196421875 0.7903661796875 0.9348724125000001 0.7677298546875 0.92572674375
0 0.82067448125 0.8233601125 0.8034806234375 0.8659164015625 0.8469423671874999 0.8834760859375 0.8641362234375001 0.8409197953125 0.82067448125 0.8233601125
0 0.6174575109375 0.9340010812499999 0.601361134375 0.9738410125 0.6439174249999999 0.9910348703125 0.6600138015625 0.9511949390625001 0.6174575109375 0.9340010812499999
0 0.817155890625 0.6613168796875 0.7831340015625 0.7455240078125 0.834744821875 0.76637613125 0.8687667109375001 0.6821690046875 0.817155890625 0.6613168796875
0 0.8671702984375 0.6457132890625 0.8605854171875 0.6620114421875 0.9013308015625 0.6784736453125 0.9079156828125001 0.6621754921874999 0.8671702984375 0.6457132890625
0 0.7028950140625 0.6130459765625 0.6882619453125 0.6492640953125 0.7262909703125 0.66462881875 0.7409240406250001 0.6284107 0.7028950140625 0.6130459765625
0 0.7729563484375 0.5165416875 0.76417650625 0.538272559375 0.785907378125 0.5470524 0.79468721875 0.5253215296875 0.7729563484375 0.5165416875
0 0.8393672562500001 0.32218955312499997 0.8185151312500001 0.3738003734375 0.876464121875 0.397213284375 0.8973162468749999 0.34560246562499997 0.8393672562500001 0.32218955312499997
0 0.5877450078125 0.4027409546875 0.54823571875 0.5005298765624999 0.6749991359374999 0.551745621875 0.714508425 0.4539567 0.5877450078125 0.4027409546875
0 0.42455999687499996 0.526396115625 0.399683778125 0.5879669187500001 0.4648763921875 0.6143064453125 0.48975261249999996 0.5527356421875 0.42455999687499996 0.526396115625
0 0.36801899374999997 0.4630016890625 0.34167946875 0.5281943046875 0.422264784375 0.560752884375 0.448604309375 0.4955602703125 0.36801899374999997 0.4630016890625
0 0.4474722796875 0.6652038390625 0.426254328125 0.7177201125 0.46971607187500003 0.735279796875 0.4909340234375 0.6827635234375 0.4474722796875 0.6652038390625
0 0.417058215625 0.7287502328125 0.40498593281249995 0.75863018125 0.43486588125000003 0.7707024640625 0.44693816406250003 0.740822515625 0.417058215625 0.7287502328125
0 0.372476525 0.7465487859375 0.3479661328125 0.8072141343749999 0.399576953125 0.828066259375 0.42408734531250003 0.7674009093749999 0.372476525 0.7465487859375
0 0.36671634218750004 0.8911508140625 0.341474296875 0.9536270703125 0.40395055312499994 0.978869115625 0.4291925984375 0.916392859375 0.36671634218750004 0.8911508140625
0 0.3090091875 0.8241254609374999 0.27901139375 0.89837260625 0.3505421796875 0.9272729203125 0.3805399734375 0.8530257750000001 0.3090091875 0.8241254609374999
0 0.16622293906250002 0.8438504312499999 0.1490290828125 0.886406721875 0.177098125 0.8977473515625001 0.19429198281249999 0.8551910609375 0.16622293906250002 0.8438504312499999
0 0.16035869062500002 0.7045577656249999 0.12780011093750002 0.78514308125 0.20838542656249998 0.8177016625 0.24094400624999998 0.7371163468749999 0.16035869062500002 0.7045577656249999
0 0.0643794046875 0.5615072140625 0.0515754671875 0.59319806875 0.0796445109375 0.6045386984375 0.092448446875 0.57284784375 0.0643794046875 0.5615072140625
0 0 0.5291767078125 0.026734432812499997 0.5399781203125 0.0750235640625 0.4204583265625 0.026129103125000004 0.40070368125 0 0.46537548125 0 0.5291767078125
0 0.189904184375 0.289926003125 0.14746828125 0.3949585484375 0.245257203125 0.4344678375 0.2876931078125 0.3294352921875 0.189904184375 0.289926003125
0 0.1582133296875 0.2771220671875 0.1333371109375 0.3386928703125 0.1641225125 0.3511309796875 0.18899873125 0.2895601765625 0.1582133296875 0.2771220671875
0 0.522503646875 0.1288664359375 0.5060414421874999 0.1696118203125 0.554935903125 0.18936646562499998 0.5713981078125 0.14862108125 0.522503646875 0.1288664359375
0 0.598004478125 0.2157199796875 0.59068794375 0.23382903906250002 0.6160406265625 0.2440721890625 0.6233571625 0.225963128125 0.598004478125 0.2157199796875
0 0.51778859375 0.1027365296875 0.5119353656250001 0.117223778125 0.548153484375 0.131856846875 0.5540067125 0.1173696 0.51778859375 0.1027365296875
0 0.5443663515625 0.073450890625 0.5352206828125 0.096087215625 0.5714388015625 0.11072028593750001 0.5805844703124999 0.08808396093750001 0.5443663515625 0.073450890625
0 0.459180859375 0.06009885 0.4441819640625 0.09722242187499999 0.4804000828125 0.11185549218749999 0.49539897968749996 0.0747319203125 0.459180859375 0.06009885