0 0.5222421484375 0.2806236390625 0.49111520000000003 0.234476040625 0.45711170624999997 0.2574116859375 0.4882386546875 0.3035592859375 0.5222421484375 0.2806236390625
0 0.5093913609375 0.583778409375 0.48590962812500005 0.5489653078125001 0.44704849218750004 0.575177475 0.47053022499999997 0.6099905765625 0.5093913609375 0.583778409375
0 0.5071910984375 0.6276686046875 0.49299284062500004 0.6066188234375 0.4751814859375 0.6186327328125001 0.48937974375 0.639682515625 0.5071910984375 0.6276686046875
0 0.610087240625 0.7225879171875 0.5937046359375 0.69829970625 0.565368390625 0.7174127453125 0.5817509953125 0.74170095625 0.610087240625 0.7225879171875
0 0.55156255 0.343303084375 0.5411869 0.3279205515625 0.520946725 0.341572721875 0.5313223734375 0.3569552546875 0.55156255 0.343303084375
0 0.5441521515625001 0.47551976093750004 0.5359608484375 0.4633756546875 0.5230071374999999 0.47211304375 0.5311984390625 0.48425715 0.5441521515625001 0.47551976093750004
0 0.48951959531250006 0.465251996875 0.482420465625 0.4547271046875 0.46865714687500004 0.46401058125 0.47575627656249997 0.474535471875 0.48951959531250006 0.465251996875
0 0.62202849375 0.3263998328125 0.594178065625 0.28510987499999996 0.547220859375 0.3167829109375 0.5750712874999999 0.35807286875 0.62202849375 0.3263998328125
0 0.51797195 0.19221301562499998 0.5075963 0.1768304828125 0.49059455312500005 0.18829830625 0.500970203125 0.2036808390625 0.51797195 0.19221301562499998
0 0.43395232968749997 0.106942325 0.417569725 0.082654115625 0.3916623015625 0.10012889375 0.40804490624999995 0.12441710312500001 0.43395232968749997 0.106942325
0 0.4114230515625 0.097990596875 0.38848740625 0.063987103125 0.35529351875000004 0.0863766625 0.378229165625 0.12038015625000001 0.4114230515625 0.097990596875
0 0.47206895624999995 0.06827491718749999 0.4584167859375 0.0480347421875 0.43817661093750004 0.0616869125 0.45182878125 0.0819270875 0.47206895624999995 0.06827491718749999
0 0.5984992765625 0.1325958859375 0.5799323249999999 0.10506924687500001 0.5613113640625 0.11762924374999999 0.579878315625 0.1451558828125 0.5984992765625 0.1325958859375
0 0.48597175468750003 0 0.47067204062499995 0.0103197875 0.4859624703125 0.032988784375 0.519965965625 0.0100531375 0.5131850390625 0 0.48597175468750003 0
0 0.5328942375 0.046683875 0.50832033125 0.0102515609375 0.4702688015625 0.035917640625000004 0.49484270781250006 0.07234995625 0.5328942375 0.046683875
0 0.7283854937500001 0.20989913593749998 0.7141872359375 0.188849353125 0.698804703125 0.199225003125 0.7130029609374999 0.2202747859375 0.7283854937500001 0.20989913593749998
0 0.752276859375 0.1702252625 0.7249725171875 0.1297449125 0.6901594171875 0.15322664531250002 0.7174637578125 0.1937069953125 0.752276859375 0.1702252625
0 0.7400698375 0 0.7383613015625 0.001152421875 0.7552899921875 0.026250239062500003 0.7747205609375001 0.013144154687500001 0.765854715625 0 0.7400698375 0
0 0.9910803921875001 0.42908842812500003 0.9736056140624999 0.403181003125 0.9509366171875 0.41847143437499995 0.9684113953125 0.444378859375 0.9910803921875001 0.42908842812500003
0 0.8742145499999999 0.3553712703125 0.86820759375 0.3464655921875 0.8560634890625 0.3546568953125 0.8620704437500001 0.363562571875 0.8742145499999999 0.3553712703125
0 0.958211859375 0.53665970625 0.9396449078125 0.50913306875 0.9129278765625 0.5271539328125 0.9314948281250001 0.554680571875 0.958211859375 0.53665970625
0 0.9818570531249999 0.6267260718750001 0.9698431421875 0.6089147171875 0.9528413953125 0.620382540625 0.9648553046874999 0.6381938953125 0.9818570531249999 0.6267260718750001
0 0.98597814375 0.587429996875 0.9734181468750001 0.5688090359375 0.954797184375 0.5813690328125001 0.96735718125 0.5999899937500001 0.98597814375 0.587429996875
0 0.8610350109375 0.8230714203125 0.850113275 0.8068792796875 0.833111528125 0.818347103125 0.8440332640625 0.8345392437499999 0.8610350109375 0.8230714203125
0 0.7726404375 0.6300246359375 0.729499578125 0.5660656828125 0.675255909375 0.6026535 0.7183967671875 0.6666124531250001 0.7726404375 0.6300246359375
0 0.773751790625 0.484976484375 0.767744834375 0.4760708078125 0.75721994375 0.4831699359375 0.7632268984375 0.49207561406250006 0.773751790625 0.484976484375
0 0.37783478593750003 0.8986803046875 0.359267834375 0.8711536671875001 0.33012198125 0.8908127921875 0.3486889328125 0.9183394296875 0.37783478593750003 0.8986803046875
0 0.441020659375 0.8378027124999999 0.4191771875 0.8054184328125 0.3851736921875 0.8283540796875 0.407017165625 0.8607383593750001 0.441020659375 0.8378027124999999
0 0.5280431140624999 1 0.4780624609375 0.925900634375 0.41572272187500003 0.9679493203125 0.43734117812499995 1 0.5280431140624999 1
0 0.48858188281250003 1 0.465411928125 0.965649128125 0.43545646875 0.985854340625 0.4449978359375 1 0.48858188281250003 1
0 0.4947752484375 0.9611566328125001 0.4778465578125 0.9360588156249999 0.4487007046875 0.955717940625 0.465629396875 0.9808157578125 0.4947752484375 0.9611566328125001
0 0.182980153125 0.6779051968750001 0.168235809375 0.6560458078125 0.1496148484375 0.6686058046875 0.1643591921875 0.6904651937499999 0.182980153125 0.6779051968750001
0 0.0649094234375 0.606767665625 0.0578102953125 0.596242775 0.046475796874999996 0.603887990625 0.053574924999999995 0.61441288125 0.0649094234375 0.606767665625
0 0.19297330937499999 0.5975430265624999 0.1842359203125 0.5845893156249999 0.16966299375 0.594418878125 0.17840038281249998 0.6073725890625 0.19297330937499999 0.5975430265624999
0 0.2447484984375 0.530226671875 0.23109632812499997 0.5099864968750001 0.2003312625 0.5307377953125 0.2139834328125 0.5509779703125 0.2447484984375 0.530226671875
0 0.29080086562499996 0.48149474999999997 0.265680871875 0.44425282812500005 0.22843895 0.46937282187499996 0.25355894375 0.5066147437499999 0.29080086562499996 0.48149474999999997
0 0.1633878234375 0.5108944656250001 0.1311687015625 0.46312765312500004 0.0947363859375 0.48770155937500004 0.1269555078125 0.5354683734375 0.1633878234375 0.5108944656250001
0 0.14067916875 0.4938180984375 0.12538873749999999 0.47114910156249995 0.0994813140625 0.48862387968750004 0.1147717453125 0.5112928765625 0.14067916875 0.4938180984375
0 0.08192082656250001 0.4468719796875 0.07209126406250001 0.4322990546875 0.05347030312499999 0.4448590515625 0.06329986562499999 0.4594319765625 0.08192082656250001 0.4468719796875
0 0.12605080156249998 0.3682211265625 0.1162212390625 0.3536482015625 0.0959810640625 0.367300371875 0.1058106265625 0.381873296875 0.12605080156249998 0.3682211265625
0 0.1518075515625 0.197714840625 0.13160233906250002 0.1677593828125 0.10164688125000002 0.1879645953125 0.1218520921875 0.21792005312499999 0.1518075515625 0.197714840625
0 0.254740221875 0.2743513328125 0.23125848906250002 0.23953823281250003 0.1972549953125 0.262473878125 0.22073672812499998 0.2972869796875 0.254740221875 0.2743513328125
0 0.3160480578125 0.29189603750000004 0.2576167671875 0.2052680875 0.1693696046875 0.2647915515625 0.22780089375 0.3514195 0.3160480578125 0.29189603750000004
0 0.2725612328125 0.1139095609375 0.24307254375 0.07019078281249999 0.1977345515625 0.1007716453125 0.22722324062500002 0.14449042343750002 0.2725612328125 0.1139095609375
0 0.23176818125 0.10844229999999999 0.2181160109375 0.08820212499999999 0.20111426406250002 0.0996699484375 0.21476643437499998 0.1199101234375 0.23176818125 0.10844229999999999
0 0.405188971875 0.222346153125 0.33365159843750003 0.1162876359375 0.22030661875000002 0.192739790625 0.2918439921875 0.2987983078125 0.405188971875 0.222346153125
0 0.39246068749999996 0.222685859375 0.3580572171875 0.17168061875 0.3102904046875 0.203899740625 0.3446938734375 0.25490498125 0.39246068749999996 0.222685859375
0 0.33541992187499997 0.24290215937499998 0.3141225359375 0.21132748750000002 0.292263146875 0.22607183125 0.3135605328125 0.2576465046875 0.33541992187499997 0.24290215937499998
0 0.95419695625 0.7708344203124999 0.966210865625 0.788645775 0.984831828125 0.776085778125 0.9728179171875 0.7582744234375001 0.95419695625 0.7708344203124999
0 0.9143293546875 0.81127185 0.9061380531250001 0.79912774375 0.8948035546875 0.806772959375 0.9029948578125 0.8189170656250001 0.9143293546875 0.81127185