0 0.2216796875 0.03125 0.1904296875 0.03125 0.1904296875 0.083984375 0.2216796875 0.083984375 0.2216796875 0.03125
0 0.3125 0.0673828125 0.2783203125 0.0673828125 0.2783203125 0.0927734375 0.3125 0.0927734375 0.3125 0.0673828125
0 0.24853515625 0.10595703125 0.23388671875 0.10595703125 0.23388671875 0.12451171875 0.24853515625 0.12451171875 0.24853515625 0.10595703125
0 0.2666015625 0.1259765625 0.2509765625 0.1259765625 0.2509765625 0.150390625 0.2666015625 0.150390625 0.2666015625 0.1259765625
0 0.095703125 0.06201171875 0.080078125 0.06201171875 0.080078125 0.07177734375 0.095703125 0.07177734375 0.095703125 0.06201171875
0 0.1220703125 0.099609375 0.107421875 0.099609375 0.107421875 0.1123046875 0.1220703125 0.1123046875 0.1220703125 0.099609375
0 0.36083984375 0.10205078125 0.32275390625 0.10205078125 0.32275390625 0.13818359375 0.36083984375 0.13818359375 0.36083984375 0.10205078125
0 0.44287109375 0 0.44287109375 0.01171875 0.48388671875 0.01171875 0.48388671875 0 0.44287109375 0
0 0.72509765625 0 0.72509765625 0.037109375 0.76904296875 0.037109375 0.76904296875 0 0.72509765625 0
0 0.6904296875 0.08740234375 0.6494140625 0.08740234375 0.6494140625 0.12158203125 0.6904296875 0.12158203125 0.6904296875 0.08740234375
0 0.57177734375 0.09912109375 0.55029296875 0.09912109375 0.55029296875 0.12353515625 0.57177734375 0.12353515625 0.57177734375 0.09912109375
0 0.478515625 0.11767578125 0.4599609375 0.11767578125 0.4599609375 0.14111328125 0.478515625 0.14111328125 0.478515625 0.11767578125
0 0.69921875 0.13818359375 0.666015625 0.13818359375 0.666015625 0.16259765625 0.69921875 0.16259765625 0.69921875 0.13818359375
0 0.83984375 0.1494140625 0.8271484375 0.1494140625 0.8271484375 0.16015625 0.83984375 0.16015625 0.83984375 0.1494140625
0 0.88330078125 0.12548828125 0.86767578125 0.12548828125 0.86767578125 0.13818359375 0.88330078125 0.13818359375 0.88330078125 0.12548828125
0 0.96484375 0.09423828125 0.9365234375 0.09423828125 0.9365234375 0.11669921875 0.96484375 0.11669921875 0.96484375 0.09423828125
0 1 0.205078125 0.9658203125 0.205078125 0.9658203125 0.2353515625 1 0.2353515625 1 0.205078125
0 0.68408203125 0.2568359375 0.64697265625 0.2568359375 0.64697265625 0.2880859375 0.68408203125 0.2880859375 0.68408203125 0.2568359375
0 0.27880859375 0.16943359375 0.24169921875 0.16943359375 0.24169921875 0.21240234375 0.27880859375 0.21240234375 0.27880859375 0.16943359375
0 0.375 0.2275390625 0.365234375 0.2275390625 0.365234375 0.2392578125 0.375 0.2392578125 0.375 0.2275390625
0 0.06787109375 0.216796875 0.04248046875 0.216796875 0.04248046875 0.232421875 0.06787109375 0.232421875 0.06787109375 0.216796875
0 0.140625 0.23388671875 0.09375 0.23388671875 0.09375 0.27392578125 0.140625 0.27392578125 0.140625 0.23388671875
0 0.27099609375 0.2763671875 0.25341796875 0.2763671875 0.25341796875 0.2939453125 0.27099609375 0.2939453125 0.27099609375 0.2763671875
0 0.349609375 0.2705078125 0.3232421875 0.2705078125 0.3232421875 0.283203125 0.349609375 0.283203125 0.349609375 0.2705078125
0 0.16845703125 0.3369140625 0.15087890625 0.3369140625 0.15087890625 0.3525390625 0.16845703125 0.3525390625 0.16845703125 0.3369140625
0 0.28759765625 0.32421875 0.24365234375 0.32421875 0.24365234375 0.3642578125 0.28759765625 0.3642578125 0.28759765625 0.32421875
0 0.041015625 0.39501953125 0.0068359375 0.39501953125 0.0068359375 0.44091796875 0.041015625 0.44091796875 0.041015625 0.39501953125
0 0.53466796875 0.30078125 0.47021484375 0.30078125 0.47021484375 0.349609375 0.53466796875 0.349609375 0.53466796875 0.30078125
0 0.66015625 0.353515625 0.62109375 0.353515625 0.62109375 0.3974609375 0.66015625 0.3974609375 0.66015625 0.353515625
0 0.68408203125 0.42431640625 0.64013671875 0.42431640625 0.64013671875 0.43994140625 0.68408203125 0.43994140625 0.68408203125 0.42431640625
0 0.0546875 0.4814453125 0.04296875 0.4814453125 0.04296875 0.498046875 0.0546875 0.498046875 0.0546875 0.4814453125
0 0.21533203125 0.52294921875 0.19580078125 0.52294921875 0.19580078125 0.53955078125 0.21533203125 0.53955078125 0.21533203125 0.52294921875
0 0.490234375 0.48876953125 0.470703125 0.48876953125 0.470703125 0.50830078125 0.490234375 0.50830078125 0.490234375 0.48876953125
0 0.76806640625 0.52490234375 0.74462890625 0.52490234375 0.74462890625 0.55126953125 0.76806640625 0.55126953125 0.76806640625 0.52490234375
0 0.90869140625 0.50048828125 0.86767578125 0.50048828125 0.86767578125 0.52392578125 0.90869140625 0.52392578125 0.90869140625 0.50048828125
0 1 0.5 0.98828125 0.5 0.98828125 0.5341796875 1 0.5341796875 1 0.5
0 0.439453125 0.53515625 0.3779296875 0.53515625 0.3779296875 0.5849609375 0.439453125 0.5849609375 0.439453125 0.53515625
0 0.42822265625 0.578125 0.40673828125 0.578125 0.40673828125 0.6044921875 0.42822265625 0.6044921875 0.42822265625 0.578125
0 0.61767578125 0.587890625 0.59326171875 0.587890625 0.59326171875 0.6025390625 0.61767578125 0.6025390625 0.61767578125 0.587890625
0 0.6953125 0.62353515625 0.6787109375 0.62353515625 0.6787109375 0.64306640625 0.6953125 0.64306640625 0.6953125 0.62353515625
0 0.78564453125 0.67138671875 0.72900390625 0.67138671875 0.72900390625 0.71240234375 0.78564453125 0.71240234375 0.78564453125 0.67138671875
0 0.7861328125 0.63671875 0.7734375 0.63671875 0.7734375 0.662109375 0.7861328125 0.662109375 0.7861328125 0.63671875
0 0.81591796875 0.6708984375 0.80517578125 0.6708984375 0.80517578125 0.6826171875 0.81591796875 0.6826171875 0.81591796875 0.6708984375
0 0.55810546875 0.65380859375 0.52978515625 0.65380859375 0.52978515625 0.67333984375 0.55810546875 0.67333984375 0.55810546875 0.65380859375
0 0.2978515625 0.609375 0.2822265625 0.609375 0.2822265625 0.6162109375 0.2978515625 0.6162109375 0.2978515625 0.609375
0 0.23876953125 0.6083984375 0.20458984375 0.6083984375 0.20458984375 0.6328125 0.23876953125 0.6328125 0.23876953125 0.6083984375
0 0.35888671875 0.63818359375 0.33251953125 0.63818359375 0.33251953125 0.66455078125 0.35888671875 0.66455078125 0.35888671875 0.63818359375
0 0.08203125 0.59912109375 0.041015625 0.59912109375 0.041015625 0.61962890625 0.08203125 0.61962890625 0.08203125 0.59912109375
0 0.06005859375 0.669921875 0.02685546875 0.669921875 0.02685546875 0.716796875 0.06005859375 0.716796875 0.06005859375 0.669921875
0 0.1083984375 0.654296875 0.095703125 0.654296875 0.095703125 0.669921875 0.1083984375 0.669921875 0.1083984375 0.654296875
0 0.24853515625 0.6826171875 0.21630859375 0.6826171875 0.21630859375 0.716796875 0.24853515625 0.716796875 0.24853515625 0.6826171875
0 0.228515625 0.8466796875 0.2158203125 0.8466796875 0.2158203125 0.8583984375 0.228515625 0.8583984375 0.228515625 0.8466796875
0 0.45166015625 0.72265625 0.42333984375 0.72265625 0.42333984375 0.748046875 0.45166015625 0.748046875 0.45166015625 0.72265625
0 0.4755859375 0.75244140625 0.42578125 0.75244140625 0.42578125 0.77880859375 0.4755859375 0.77880859375 0.4755859375 0.75244140625
0 0.45458984375 0.79345703125 0.42822265625 0.79345703125 0.42822265625 0.80712890625 0.45458984375 0.80712890625 0.45458984375 0.79345703125
0 0.533203125 0.79541015625 0.5087890625 0.79541015625 0.5087890625 0.81201171875 0.533203125 0.81201171875 0.533203125 0.79541015625
0 0.599609375 0.74169921875 0.5908203125 0.74169921875 0.5908203125 0.75537109375 0.599609375 0.75537109375 0.599609375 0.74169921875
0 0.685546875 0.8193359375 0.673828125 0.8193359375 0.673828125 0.8349609375 0.685546875 0.8349609375 0.685546875 0.8193359375
0 0.6923828125 0.90234375 0.681640625 0.90234375 0.681640625 0.923828125 0.6923828125 0.923828125 0.6923828125 0.90234375
0 0.8935546875 0.81787109375 0.8564453125 0.81787109375 0.8564453125 0.87744140625 0.8935546875 0.87744140625 0.8935546875 0.81787109375
0 0.7978515625 1 0.7978515625 0.982421875 0.779296875 0.982421875 0.779296875 1 0.7978515625 1
0 0.6591796875 0.92919921875 0.603515625 0.92919921875 0.603515625 0.98681640625 0.6591796875 0.98681640625 0.6591796875 0.92919921875
0 0.49072265625 0.86083984375 0.45947265625 0.86083984375 0.45947265625 0.89306640625 0.49072265625 0.89306640625 0.49072265625 0.86083984375
0 0.439453125 1 0.439453125 0.9658203125 0.3642578125 0.9658203125 0.3642578125 1 0.439453125 1
0 0.4228515625 0.94140625 0.41015625 0.94140625 0.41015625 0.95703125 0.4228515625 0.95703125 0.4228515625 0.94140625
0 0.28662109375 0.9521484375 0.25634765625 0.9521484375 0.25634765625 0.986328125 0.28662109375 0.986328125 0.28662109375 0.9521484375
0 0.22998046875 1 0.22998046875 0.9833984375 0.21142578125 0.9833984375 0.21142578125 1 0.22998046875 1
0 0.1015625 0.85791015625 0.0888671875 0.85791015625 0.0888671875 0.86962890625 0.1015625 0.86962890625 0.1015625 0.85791015625
0 0.14892578125 0.85498046875 0.13525390625 0.85498046875 0.13525390625 0.86669921875 0.14892578125 0.86669921875 0.14892578125 0.85498046875
0 0.8720703125 0.9853515625 0.8603515625 0.9853515625 0.8603515625 0.994140625 0.8720703125 0.994140625 0.8720703125 0.9853515625