0 0.4404296875 0.427734375 0.41796875 0.427734375 0.41796875 0.4462890625 0.4404296875 0.4462890625 0.4404296875 0.427734375
0 0.5595703125 0.27490234375 0.541015625 0.27490234375 0.541015625 0.29638671875 0.5595703125 0.29638671875 0.5595703125 0.27490234375
0 0.51171875 0.1943359375 0.4931640625 0.1943359375 0.4931640625 0.21484375 0.51171875 0.21484375 0.51171875 0.1943359375
0 0.3134765625 0.25146484375 0.294921875 0.25146484375 0.294921875 0.27197265625 0.3134765625 0.27197265625 0.3134765625 0.25146484375
0 0.279296875 0.2373046875 0.2578125 0.2373046875 0.2578125 0.25390625 0.279296875 0.25390625 0.279296875 0.2373046875
0 0.30810546875 0.1826171875 0.28271484375 0.1826171875 0.28271484375 0.201171875 0.30810546875 0.201171875 0.30810546875 0.1826171875
0 0.3837890625 0.1435546875 0.3662109375 0.1435546875 0.3662109375 0.1611328125 0.3837890625 0.1611328125 0.3837890625 0.1435546875
0 0.3466796875 0.07568359375 0.330078125 0.07568359375 0.330078125 0.09228515625 0.3466796875 0.09228515625 0.3466796875 0.07568359375
0 0.712890625 0.046875 0.6962890625 0.046875 0.6962890625 0.0654296875 0.712890625 0.0654296875 0.712890625 0.046875
0 0.82470703125 0.0732421875 0.80224609375 0.0732421875 0.80224609375 0.095703125 0.82470703125 0.095703125 0.82470703125 0.0732421875
0 0.78564453125 0.0556640625 0.76220703125 0.0556640625 0.76220703125 0.0712890625 0.78564453125 0.0712890625 0.78564453125 0.0556640625
0 0.861328125 0.271484375 0.8408203125 0.271484375 0.8408203125 0.2880859375 0.861328125 0.2880859375 0.861328125 0.271484375
0 0.89794921875 0.21630859375 0.87255859375 0.21630859375 0.87255859375 0.24365234375 0.89794921875 0.24365234375 0.89794921875 0.21630859375
0 0.86279296875 0.17138671875 0.84912109375 0.17138671875 0.84912109375 0.18603515625 0.86279296875 0.18603515625 0.86279296875 0.17138671875
0 0.9453125 0.13134765625 0.931640625 0.13134765625 0.931640625 0.14111328125 0.9453125 0.14111328125 0.9453125 0.13134765625
0 0.9716796875 0.1298828125 0.9541015625 0.1298828125 0.9541015625 0.14453125 0.9716796875 0.14453125 0.9716796875 0.1298828125
0 0.95166015625 0.42919921875 0.93310546875 0.42919921875 0.93310546875 0.44970703125 0.95166015625 0.44970703125 0.95166015625 0.42919921875
0 0.93603515625 0.38720703125 0.91943359375 0.38720703125 0.91943359375 0.40283203125 0.93603515625 0.40283203125 0.93603515625 0.38720703125
0 0.849609375 0.484375 0.8349609375 0.484375 0.8349609375 0.5029296875 0.849609375 0.5029296875 0.849609375 0.484375
0 0.80029296875 0.56005859375 0.77783203125 0.56005859375 0.77783203125 0.57666015625 0.80029296875 0.57666015625 0.80029296875 0.56005859375
0 0.818359375 0.6640625 0.8037109375 0.6640625 0.8037109375 0.6845703125 0.818359375 0.6845703125 0.818359375 0.6640625
0 0.8583984375 0.68310546875 0.84375 0.68310546875 0.84375 0.70361328125 0.8583984375 0.70361328125 0.8583984375 0.68310546875
0 0.9501953125 0.73193359375 0.931640625 0.73193359375 0.931640625 0.74462890625 0.9501953125 0.74462890625 0.9501953125 0.73193359375
0 0.94482421875 0.56884765625 0.92724609375 0.56884765625 0.92724609375 0.58642578125 0.94482421875 0.58642578125 0.94482421875 0.56884765625
0 0.9453125 0.5439453125 0.9306640625 0.5439453125 0.9306640625 0.564453125 0.9453125 0.564453125 0.9453125 0.5439453125
0 0.70458984375 0.72265625 0.68701171875 0.72265625 0.68701171875 0.740234375 0.70458984375 0.740234375 0.70458984375 0.72265625
0 0.3271484375 0.6064453125 0.3095703125 0.6064453125 0.3095703125 0.626953125 0.3271484375 0.626953125 0.3271484375 0.6064453125
0 0.26806640625 0.62255859375 0.25048828125 0.62255859375 0.25048828125 0.63818359375 0.26806640625 0.63818359375 0.26806640625 0.62255859375
0 0.09130859375 0.8095703125 0.07373046875 0.8095703125 0.07373046875 0.8271484375 0.09130859375 0.8271484375 0.09130859375 0.8095703125
0 0.03125 0.859375 0.0078125 0.859375 0.0078125 0.8759765625 0.03125 0.8759765625 0.03125 0.859375
0 0.0458984375 0.89501953125 0.0234375 0.89501953125 0.0234375 0.91552734375 0.0458984375 0.91552734375 0.0458984375 0.89501953125
0 0.28173828125 0.857421875 0.25634765625 0.857421875 0.25634765625 0.884765625 0.28173828125 0.884765625 0.28173828125 0.857421875
0 0.21630859375 0.91064453125 0.20166015625 0.91064453125 0.20166015625 0.92724609375 0.21630859375 0.92724609375 0.21630859375 0.91064453125
0 0.18701171875 0.87158203125 0.16943359375 0.87158203125 0.16943359375 0.89404296875 0.18701171875 0.89404296875 0.18701171875 0.87158203125
0 0.125 0.9228515625 0.1025390625 0.9228515625 0.1025390625 0.9453125 0.125 0.9453125 0.125 0.9228515625
0 0.4677734375 0.8984375 0.4462890625 0.8984375 0.4462890625 0.9150390625 0.4677734375 0.9150390625 0.4677734375 0.8984375
0 0.3427734375 0.9072265625 0.326171875 0.9072265625 0.326171875 0.923828125 0.3427734375 0.923828125 0.3427734375 0.9072265625
0 0.38427734375 0.9765625 0.36767578125 0.9765625 0.36767578125 0.9931640625 0.38427734375 0.9931640625 0.38427734375 0.9765625
0 0.32861328125 0.9736328125 0.31298828125 0.9736328125 0.31298828125 0.994140625 0.32861328125 0.994140625 0.32861328125 0.9736328125
0 0.3447265625 0.74609375 0.333984375 0.74609375 0.333984375 0.7685546875 0.3447265625 0.7685546875 0.3447265625 0.74609375
0 0.3359375 0.7470703125 0.318359375 0.7470703125 0.318359375 0.76953125 0.3359375 0.76953125 0.3359375 0.7470703125
0 0.12890625 0.35498046875 0.111328125 0.35498046875 0.111328125 0.36962890625 0.12890625 0.36962890625 0.12890625 0.35498046875
0 0.0537109375 0.271484375 0.0400390625 0.271484375 0.0400390625 0.287109375 0.0537109375 0.287109375 0.0537109375 0.271484375
0 0.18798828125 0.087890625 0.17041015625 0.087890625 0.17041015625 0.103515625 0.18798828125 0.103515625 0.18798828125 0.087890625
0 0.248046875 0.076171875 0.2294921875 0.076171875 0.2294921875 0.0888671875 0.248046875 0.0888671875 0.248046875 0.076171875
0 0.208984375 0.1884765625 0.197265625 0.1884765625 0.197265625 0.205078125 0.208984375 0.205078125 0.208984375 0.1884765625
0 0.37109375 0.18408203125 0.3583984375 0.18408203125 0.3583984375 0.19970703125 0.37109375 0.19970703125 0.37109375 0.18408203125
0 0.1337890625 0.072265625 0.1220703125 0.072265625 0.1220703125 0.0830078125 0.1337890625 0.0830078125 0.1337890625 0.072265625
0 0.22021484375 0.046875 0.20166015625 0.046875 0.20166015625 0.0625 0.22021484375 0.0625 0.22021484375 0.046875
0 0.337890625 0.03515625 0.3212890625 0.03515625 0.3212890625 0.05078125 0.337890625 0.05078125 0.337890625 0.03515625
0 0.4189453125 0.0498046875 0.404296875 0.0498046875 0.404296875 0.06640625 0.4189453125 0.06640625 0.4189453125 0.0498046875
0 0.39306640625 0.21142578125 0.37451171875 0.21142578125 0.37451171875 0.22509765625 0.39306640625 0.22509765625 0.39306640625 0.21142578125
0 0.06298828125 0.04150390625 0.04931640625 0.04150390625 0.04931640625 0.05908203125 0.06298828125 0.05908203125 0.06298828125 0.04150390625
0 0.04833984375 0.08984375 0.03369140625 0.08984375 0.03369140625 0.1015625 0.04833984375 0.1015625 0.04833984375 0.08984375
0 0.12109375 0.08056640625 0.1103515625 0.08056640625 0.1103515625 0.09228515625 0.12109375 0.09228515625 0.12109375 0.08056640625
0 0.68212890625 0.4208984375 0.66845703125 0.4208984375 0.66845703125 0.4375 0.68212890625 0.4375 0.68212890625 0.4208984375
0 0.6708984375 0.45166015625 0.662109375 0.45166015625 0.662109375 0.46337890625 0.6708984375 0.46337890625 0.6708984375 0.45166015625
0 0.77978515625 0.34423828125 0.76611328125 0.34423828125 0.76611328125 0.35595703125 0.77978515625 0.35595703125 0.77978515625 0.34423828125
0 0.654296875 0.28515625 0.6416015625 0.28515625 0.6416015625 0.298828125 0.654296875 0.298828125 0.654296875 0.28515625
0 0.56201171875 0.36474609375 0.55126953125 0.36474609375 0.55126953125 0.37939453125 0.56201171875 0.37939453125 0.56201171875 0.36474609375
0 0.55224609375 0.37548828125 0.53759765625 0.37548828125 0.53759765625 0.38330078125 0.55224609375 0.38330078125 0.55224609375 0.37548828125
0 0.47216796875 0.42529296875 0.46337890625 0.42529296875 0.46337890625 0.44580078125 0.47216796875 0.44580078125 0.47216796875 0.42529296875
0 0.54150390625 0.3310546875 0.52490234375 0.3310546875 0.52490234375 0.3466796875 0.54150390625 0.3466796875 0.54150390625 0.3310546875
0 0.60546875 0.49560546875 0.587890625 0.49560546875 0.587890625 0.51025390625 0.60546875 0.51025390625 0.60546875 0.49560546875
0 0.75634765625 0.51953125 0.73486328125 0.51953125 0.73486328125 0.53125 0.75634765625 0.53125 0.75634765625 0.51953125
0 0.6640625 0.88525390625 0.642578125 0.88525390625 0.642578125 0.89990234375 0.6640625 0.89990234375 0.6640625 0.88525390625
0 0.68798828125 0.83642578125 0.67333984375 0.83642578125 0.67333984375 0.85400390625 0.68798828125 0.85400390625 0.68798828125 0.83642578125
0 0.74169921875 0.859375 0.72802734375 0.859375 0.72802734375 0.87890625 0.74169921875 0.87890625 0.74169921875 0.859375
0 0.83837890625 0.806640625 0.81982421875 0.806640625 0.81982421875 0.82421875 0.83837890625 0.82421875 0.83837890625 0.806640625
0 0.9189453125 0.888671875 0.90234375 0.888671875 0.90234375 0.912109375 0.9189453125 0.912109375 0.9189453125 0.888671875
0 0.9619140625 0.875 0.9443359375 0.875 0.9443359375 0.888671875 0.9619140625 0.888671875 0.9619140625 0.875
0 0.92333984375 0.96435546875 0.90869140625 0.96435546875 0.90869140625 0.98291015625 0.92333984375 0.98291015625 0.92333984375 0.96435546875
0 0.5498046875 0.81689453125 0.5341796875 0.81689453125 0.5341796875 0.83251953125 0.5498046875 0.83251953125 0.5498046875 0.81689453125
0 0.37744140625 0.71435546875 0.36083984375 0.71435546875 0.36083984375 0.73291015625 0.37744140625 0.73291015625 0.37744140625 0.71435546875
0 0.3935546875 0.64453125 0.380859375 0.64453125 0.380859375 0.6552734375 0.3935546875 0.6552734375 0.3935546875 0.64453125
0 0.0556640625 0.47509765625 0.041015625 0.47509765625 0.041015625 0.49658203125 0.0556640625 0.49658203125 0.0556640625 0.47509765625
0 0.1201171875 0.54541015625 0.1015625 0.54541015625 0.1015625 0.56396484375 0.1201171875 0.56396484375 0.1201171875 0.54541015625
0 0.02783203125 0.7021484375 0.01123046875 0.7021484375 0.01123046875 0.71875 0.02783203125 0.71875 0.02783203125 0.7021484375
0 0.24755859375 0.6513671875 0.23291015625 0.6513671875 0.23291015625 0.66796875 0.24755859375 0.66796875 0.24755859375 0.6513671875
0 0.578125 0.07080078125 0.5654296875 0.07080078125 0.5654296875 0.08251953125 0.578125 0.08251953125 0.578125 0.07080078125
0 0.63232421875 0.099609375 0.62158203125 0.099609375 0.62158203125 0.1103515625 0.63232421875 0.1103515625 0.63232421875 0.099609375
0 0.630859375 0.2861328125 0.6201171875 0.2861328125 0.6201171875 0.30078125 0.630859375 0.30078125 0.630859375 0.2861328125
0 0.25732421875 0.3369140625 0.23681640625 0.3369140625 0.23681640625 0.357421875 0.25732421875 0.357421875 0.25732421875 0.3369140625
0 0.701171875 0.603515625 0.6884765625 0.603515625 0.6884765625 0.6171875 0.701171875 0.6171875 0.701171875 0.603515625
0 0.91455078125 0.7353515625 0.90185546875 0.7353515625 0.90185546875 0.74609375 0.91455078125 0.74609375 0.91455078125 0.7353515625
0 0.95849609375 0.75537109375 0.94677734375 0.75537109375 0.94677734375 0.76904296875 0.95849609375 0.76904296875 0.95849609375 0.75537109375
0 0.79345703125 0.61962890625 0.77978515625 0.61962890625 0.77978515625 0.63525390625 0.79345703125 0.63525390625 0.79345703125 0.61962890625
0 0.63623046875 0.62255859375 0.62451171875 0.62255859375 0.62451171875 0.63818359375 0.63623046875 0.63818359375 0.63623046875 0.62255859375
0 0.8759765625 0.55419921875 0.861328125 0.55419921875 0.861328125 0.56982421875 0.8759765625 0.56982421875 0.8759765625 0.55419921875