0 0.6320130328125 0.2039372296875 0.49854987343749996 0.2132698828125 0.5052939078125 0.3097140640625 0.638757065625 0.3003814109375 0.6320130328125 0.2039372296875
0 0.7151890640625 0.46243672968749994 0.6284867203125 0.4684995484375 0.6324377703125 0.5250022000000001 0.719140115625 0.5189393812499999 0.7151890640625 0.46243672968749994
0 0.7645963796874999 0.504013403125 0.6301590359375 0.513414178125 0.6377205296875 0.6215485625 0.772157871875 0.6121477875 0.7645963796874999 0.504013403125
0 0.8236368984375 0.43135858593750004 0.7953855734374999 0.4333341125 0.797020490625 0.45671451875 0.825271815625 0.45473899375000004 0.8236368984375 0.43135858593750004
0 0.41522333749999996 0.1486124453125 0.2856569140625 0.1576726125 0.29321840625 0.265806996875 0.42278483125 0.2567468296875 0.41522333749999996 0.1486124453125
0 0.222096778125 0.0886961328125 0.08084015 0.098573759375 0.0918758421875 0.256391509375 0.2331324703125 0.24651388281250003 0.222096778125 0.0886961328125
0 0.352590815625 0.78588148125 0.1665217390625 0.7988926984375 0.1787154984375 0.9732715703125001 0.36478457343750004 0.960260353125 0.352590815625 0.78588148125
0 0.3221696140625 0.819824521875 0.2003966578125 0.8283397171875 0.20584638281249998 0.9062744078125 0.3276193375 0.8977592140624999 0.3221696140625 0.819824521875
0 0.6810676828125 0.8074542375 0.4891535046875 0.8208741843749999 0.4997804671875 0.9728468328125001 0.6916946453125 0.9594268859374999 0.6810676828125 0.8074542375
0 0.6105551296875 0.8280481109375 0.5121625812499999 0.8349283875 0.5180891578125 0.9196823640625 0.6164817046875 0.9128020875 0.6105551296875 0.8280481109375
0 0.8221847296875 0.7745811140625001 0.6857990203125001 0.78411813125 0.6953360375 0.9205038421875 0.8317217484375 0.9109668234375 0.8221847296875 0.7745811140625001
0 0.9389093328125 0.8618662828125 0.8726648453125 0.8664985484375001 0.8772971109375 0.9327430375000001 0.9435415984375 0.9281107703125 0.9389093328125 0.8618662828125
0 1 0.8203944156249999 0.8496183703125 0.8309101234374999 0.85976848125 0.9760634859374999 1 0.9662575421874999 1 0.8203944156249999
0 0.925523446875 0.6704391968750001 0.8358985515624999 0.67670638125 0.8413482765625 0.754641071875 0.930973171875 0.7483738890625 0.925523446875 0.6704391968750001
0 0.86210289375 0.624458215625 0.77052963125 0.6308616421875 0.7762518421875 0.7126930671875 0.8678251046875 0.7062896421875 0.86210289375 0.624458215625
0 0.909756190625 0.605952290625 0.7295322171875 0.6185547796875001 0.7421347046875 0.798778753125 0.9223586796875001 0.786176265625 0.909756190625 0.605952290625
0 0.9691542359374999 0.5734093078125 0.8941420953125 0.5786546671874999 0.9008861296875 0.6750988484375 0.9758982703125 0.6698534875 0.9691542359374999 0.5734093078125
0 0.9594733906249999 0.672959921875 0.9175834937499999 0.6758891484375 0.9216707875000001 0.7343401671875001 0.9635606843750001 0.731410940625 0.9594733906249999 0.672959921875
0 0.969835678125 0.51315640625 0.8763140484375 0.5196960749999999 0.8915732765625 0.7379132109375 0.98509490625 0.7313735421875001 0.969835678125 0.51315640625
0 0.725744340625 0.6623828015625 0.572797509375 0.6730778859375001 0.582675134375 0.8143345140625 0.7356219671875001 0.8036394296875 0.725744340625 0.6623828015625
0 0.5476423765625 0.6983316375 0.491139725 0.7022826875 0.495908234375 0.7704755421875 0.5524108859375 0.7665244921875 0.5476423765625 0.6983316375
0 0.592019390625 0.5209758984375 0.5023944953124999 0.52724308125 0.5076398546875 0.6022552218749999 0.59726475 0.5959880390625 0.592019390625 0.5209758984375
0 0.5139722765625 0.53181769375 0.3658963625 0.5421721703125 0.3755696234375 0.680506246875 0.5236455375 0.6701517703125 0.5139722765625 0.53181769375
0 0.5069624312500001 0.4735710390625 0.431950290625 0.47881640000000003 0.4357650984375 0.5333706828125 0.5107772390624999 0.5281253234375 0.5069624312500001 0.4735710390625
0 0.4536245484375 0.361785021875 0.33379996093750003 0.3701639734375 0.3418383046875 0.48511764375000005 0.4616628921875 0.4767386921875 0.4536245484375 0.361785021875
0 0.33956336249999997 0.3545872765625 0.239222446875 0.361603796875 0.2469201828125 0.4716865484375 0.3472610984375 0.464670028125 0.33956336249999997 0.3545872765625
0 0.349002215625 0.3005746265625 0.2389194640625 0.3082723625 0.244709796875 0.39107797187500004 0.35479254843749997 0.3833802359375 0.349002215625 0.3005746265625
0 0.1862044625 0.338390128125 0.1180116078125 0.34315863750000003 0.122916359375 0.413299859375 0.1911092140625 0.40853134999999996 0.1862044625 0.338390128125
0 0.050360387500000006 0.334673484375 0.013341407812500001 0.337262103125 0.0156575421875 0.370384346875 0.052676520312499996 0.367795728125 0.050360387500000006 0.334673484375
0 0.0990219296875 0.3165865296875 0.067848053125 0.3187664203125 0.07098164375 0.3635788671875 0.1021555203125 0.361398978125 0.0990219296875 0.3165865296875
0 0.09582711875 0.24289942187500002 0.058808140625000005 0.24548804062500001 0.061941732812500004 0.2903004890625 0.0989607109375 0.2877118703125 0.09582711875 0.24289942187500002
0 0 0.341621340625 0.060827740625 0.33736785 0.053402490625 0.231181834375 0 0.23491610000000002 0 0.341621340625
0 0 0.4072108015625 0.09169484375 0.4007988734375 0.074323846875 0.15238204375 0 0.1575792734375 0 0.4072108015625
0 0 0.1954696578125 0.00271088125 0.2342370625 0.0631102671875 0.2300135265625 0.058682365624999996 0.16669158906249998 0 0.17079506093750002 0 0.1954696578125
0 0.152689953125 0.5100915500000001 0.1244386265625 0.512067075 0.1264141515625 0.5403184015625 0.154665478125 0.5383428765625 0.152689953125 0.5100915500000001
0 0.18926325625 0.34013413125 0.048006628125 0.35001175625 0.05904232031249999 0.50782950625 0.2002989484375 0.49795188125 0.18926325625 0.34013413125
0 0 0.5174603859375 0.0014904609375 0.538774971875 0.0677349484375 0.53414270625 0.05656301406250001 0.37437658749999997 0 0.37833185937499997 0 0.5174603859375
0 0.119502925 0.5324806296875 0.098070884375 0.5339793046875 0.10025077499999999 0.56515318125 0.1216828140625 0.56365450625 0.119502925 0.5324806296875
0 0.043019040625 0.6146762578125 0.019638634375 0.616311175 0.021614159375 0.6445624999999999 0.044994565624999996 0.6429275828125001 0.043019040625 0.6146762578125
0 0.4188417515625 0.8933382156249999 0.3691583859375 0.8968124140624999 0.37195137031250003 0.93675394375 0.4216347359375 0.9332797453125 0.4188417515625 0.8933382156249999
0 0.4549446546875 0.828650509375 0.3429135359375 0.8364844890625 0.35013442031249997 0.9397479546874999 0.4621655390625 0.931913975 0.4549446546875 0.828650509375
0 0.433305365625 0.666190025 0.3514739390625 0.6719122359374999 0.35637869218749996 0.742053459375 0.4382101171875 0.7363312484375 0.433305365625 0.666190025
0 0.40018312187499994 0.6685061578125 0.278410165625 0.677021353125 0.290535803125 0.8504260421875 0.41230875781250004 0.8419108468750001 0.40018312187499994 0.6685061578125
0 0.5184609421874999 0.7640037671875 0.4356553328125 0.7697941 0.44056008437500005 0.8399353218750001 0.52336569375 0.8341449890625 0.5184609421874999 0.7640037671875
0 0.16577285625 0.6481872015625 0.04107735 0.6569067609375 0.050478125 0.7913441046874999 0.17517363125000002 0.7826245453125 0.16577285625 0.6481872015625
0 0.075330275 0.7127589203125 0.01687925625 0.7168462140625 0.0280511921875 0.8766123312499999 0.0865022109375 0.8725250375 0.075330275 0.7127589203125
0 0.0733898171875 1 0.0715995984375 0.9743986874999999 0.0433482734375 0.9763742125 0.04500035 1 0.0733898171875 1
0 0.24715293906250002 1 0.242746034375 0.9369783359375001 0.0683671625 0.9491720953125 0.0719213953125 1 0.24715293906250002 1
0 0.8266723265625 0.285772675 0.9854642609375001 0.2746688609375 0.9740198390625 0.111006009375 0.81522790625 0.122109821875 0.8266723265625 0.285772675
0 0.6999839140625 0 0.7043755625 0.0628034921875 0.8105615796875 0.05537824375 0.8066891546875 0 0.6999839140625 0
0 0.6508671484375 0.0185767546875 0.5807259250000001 0.02348150625 0.5846769765625 0.0799841578125 0.6548181984375 0.07507940625000001 0.6508671484375 0.0185767546875
0 0.482539609375 0 0.33750370625000004 0.0101418984375 0.3485393984375 0.1679596484375 0.5014862296875 0.1572645640625 0.4904892203125 0 0.482539609375 0
0 0.3600290296875 0.045277293749999996 0.2314367875 0.0542693390625 0.2417912640625 0.20234525312499999 0.37038350625 0.1933532078125 0.3600290296875 0.045277293749999996
0 0.66537749375 0.08608839375 0.524120865625 0.09596601875 0.5329766671875 0.22260989375 0.6742332953125 0.2127322671875 0.66537749375 0.08608839375
0 0.7040857046875 0.16365532031250002 0.6378412171875001 0.16828758593749998 0.6407704437499999 0.21017748281249998 0.70701493125 0.205545215625 0.7040857046875 0.16365532031250002
0 0.8178127328125001 0.278071146875 0.660969165625 0.2890387171875 0.6700293328125 0.4186051421875 0.8268729 0.40763757187499994 0.8178127328125001 0.278071146875
0 0.7414686578125 0.31326753281249997 0.5320191734375 0.3279136671875 0.541079340625 0.4574800921875 0.7505288234374999 0.44283395781249996 0.7414686578125 0.31326753281249997
0 0.3196912140625 0.4063926515625 0.193047340625 0.41524845312499997 0.20319745312499998 0.560401815625 0.3298413265625 0.5515460140624999 0.3196912140625 0.4063926515625
0 0.31412838593750003 0.5438342453125 0.14949135 0.5553467875 0.15902836874999998 0.6917324984375 0.32366540312500003 0.6802199546875001 0.31412838593750003 0.5438342453125
0 0.41946320156250005 1 0.6615323515625 0.9830728765625001 0.65771754375 0.9285185921875 0.2680440875 0.955767215625 0.27113714375 1 0.41946320156250005 1
0 0.6235779499999999 0.5872954109374999 0.607016828125 0.5884534765625 0.6096054468750001 0.6254724546875 0.62616656875 0.6243143890625 0.6235779499999999 0.5872954109374999
0 1 0.48253962499999997 0.9939794546874999 0.39644181562499997 0.8731806843750001 0.40488888906250003 0.8842163765625 0.5627066390625 1 0.5546102609375 1 0.48253962499999997
0 0.8532201593750001 0.399432034375 0.7080667968750001 0.40958214687499994 0.71630950625 0.5274583671874999 0.86146286875 0.51730825625 0.8532201593750001 0.399432034375
0 0.759699690625 0 0.7670705984375 0.1054088921875 0.919043246875 0.0947819296875 0.9124154484375 0 0.759699690625 0
0 0.20103606875 0.0745056875 0.1972212609375 0.019951403125 0.0423260625 0.0307827296875 0.04614086875 0.08533701406250001 0.20103606875 0.0745056875
0 0 0.1394687515625 0.06819267968750001 0.1347002546875 0.0608355515625 0.029488420312500003 0 0.0337424578125 0 0.1394687515625
0 0.5055968890625 0.3630454984375 0.345830771875 0.3742174328125 0.354482209375 0.49793875625000006 0.5142483265625 0.48676682031249996 0.5055968890625 0.3630454984375
0 0.256615059375 0.2463402421875 0.11828098281249999 0.25601350312500004 0.12448004374999999 0.3446642140625 0.26281412187500003 0.334990953125 0.256615059375 0.2463402421875
0 0.81175370625 0.07242645625000001 0.698748403125 0.0803285578125 0.7054924375 0.1767727375 0.818497740625 0.1688706375 0.81175370625 0.07242645625000001
0 0.77467639375 0.20717702187499998 0.7210962921874999 0.2109237078125 0.7245704921875 0.2606070734375 0.7781505921874999 0.25686038906249997 0.77467639375 0.20717702187499998
0 0.7168758671875 0.241566190625 0.6749859703125 0.24449541875 0.6771658609375 0.2756692953125 0.7190557578125001 0.2727400671875 0.7168758671875 0.241566190625
0 0.9524039171875 0.0958754390625 0.6445618859375 0.1174018515625 0.6643852578125 0.40088929218749997 0.9722272890625 0.37936287968750004 0.9524039171875 0.0958754390625
0 0.5805367953125 0 0.5191787140625 0.004290575 0.5266039640625 0.11047659218749999 0.6795507953125 0.0997815078125 0.67257339375 0 0.5805367953125 0
0 0.32587805937500003 0.0608811484375 0.322403859375 0.0111977828125 0.035993868750000005 0.031225520312499998 0.0394680671875 0.0809088859375 0.32587805937500003 0.0608811484375
0 0.2108949625 0.7404793062499999 0.0657415984375 0.7506294171875 0.074938009375 0.882144209375 0.220091371875 0.8719940984375001 0.2108949625 0.7404793062499999
0 0.67554270625 0.8264405781249999 0.686850884375 0.9881550625 0.8583072062499999 0.97616566875 0.846999028125 0.814451184375 0.67554270625 0.8264405781249999
0 1 0.6182418249999999 0.9656047843750001 0.6206469734375 0.9813408640624999 0.8456833953125 1 0.844378621875 1 0.6182418249999999
0 0.5567439609375 0.6604952 0.46711906562500005 0.6667623828125 0.47529365312499994 0.7836644203125 0.564918546875 0.7773972375 0.5567439609375 0.6604952