0 0.12939453125 0.052734375 0.11181640625 0.052734375 0.11181640625 0.068359375 0.12939453125 0.068359375 0.12939453125 0.052734375
0 0.2509765625 0.0810546875 0.2373046875 0.0810546875 0.2373046875 0.09375 0.2509765625 0.09375 0.2509765625 0.0810546875
0 0.119140625 0.16455078125 0.1025390625 0.16455078125 0.1025390625 0.18115234375 0.119140625 0.18115234375 0.119140625 0.16455078125
0 0.099609375 0.2353515625 0.080078125 0.2353515625 0.080078125 0.255859375 0.099609375 0.255859375 0.099609375 0.2353515625
0 0.2734375 0.20263671875 0.2529296875 0.20263671875 0.2529296875 0.21923828125 0.2734375 0.21923828125 0.2734375 0.20263671875
0 0.2822265625 0.181640625 0.271484375 0.181640625 0.271484375 0.1904296875 0.2822265625 0.1904296875 0.2822265625 0.181640625
0 0.32177734375 0.41015625 0.30908203125 0.41015625 0.30908203125 0.4228515625 0.32177734375 0.4228515625 0.32177734375 0.41015625
0 0.271484375 0.42919921875 0.25390625 0.42919921875 0.25390625 0.44384765625 0.271484375 0.44384765625 0.271484375 0.42919921875
0 0.103515625 0.51611328125 0.0888671875 0.51611328125 0.0888671875 0.52587890625 0.103515625 0.52587890625 0.103515625 0.51611328125
0 0.12158203125 0.50830078125 0.09326171875 0.50830078125 0.09326171875 0.52978515625 0.12158203125 0.52978515625 0.12158203125 0.50830078125
0 0.21240234375 0.5185546875 0.19482421875 0.5185546875 0.19482421875 0.537109375 0.21240234375 0.537109375 0.21240234375 0.5185546875
0 0.07421875 0.3671875 0.0625 0.3671875 0.0625 0.376953125 0.07421875 0.376953125 0.07421875 0.3671875
0 0.02685546875 0.546875 0.01513671875 0.546875 0.01513671875 0.5634765625 0.02685546875 0.5634765625 0.02685546875 0.546875
0 0.04931640625 0.54248046875 0.02587890625 0.54248046875 0.02587890625 0.56591796875 0.04931640625 0.56591796875 0.04931640625 0.54248046875
0 0.1181640625 0.58203125 0.107421875 0.58203125 0.107421875 0.5947265625 0.1181640625 0.5947265625 0.1181640625 0.58203125
0 0.12451171875 0.5849609375 0.11572265625 0.5849609375 0.11572265625 0.59375 0.12451171875 0.59375 0.12451171875 0.5849609375
0 0.12158203125 0.59033203125 0.11279296875 0.59033203125 0.11279296875 0.60107421875 0.12158203125 0.60107421875 0.12158203125 0.59033203125
0 0.13671875 0.59619140625 0.1142578125 0.59619140625 0.1142578125 0.62060546875 0.13671875 0.62060546875 0.13671875 0.59619140625
0 0.107421875 0.6142578125 0.09765625 0.6142578125 0.09765625 0.6279296875 0.107421875 0.6279296875 0.107421875 0.6142578125
0 0.1708984375 0.73095703125 0.158203125 0.73095703125 0.158203125 0.74755859375 0.1708984375 0.74755859375 0.1708984375 0.73095703125
0 0.1328125 0.79443359375 0.103515625 0.79443359375 0.103515625 0.82275390625 0.1328125 0.82275390625 0.1328125 0.79443359375
0 0.0947265625 0.8203125 0.0810546875 0.8203125 0.0810546875 0.833984375 0.0947265625 0.833984375 0.0947265625 0.8203125
0 0.0859375 0.826171875 0.072265625 0.826171875 0.072265625 0.83984375 0.0859375 0.83984375 0.0859375 0.826171875
0 0.07666015625 0.8369140625 0.06884765625 0.8369140625 0.06884765625 0.8466796875 0.07666015625 0.8466796875 0.07666015625 0.8369140625
0 0.11279296875 0.78125 0.08447265625 0.78125 0.08447265625 0.810546875 0.11279296875 0.810546875 0.11279296875 0.78125
0 0.1298828125 0.90234375 0.111328125 0.90234375 0.111328125 0.921875 0.1298828125 0.921875 0.1298828125 0.90234375
0 0.13916015625 0.89697265625 0.12451171875 0.89697265625 0.12451171875 0.91162109375 0.13916015625 0.91162109375 0.13916015625 0.89697265625
0 0.1474609375 0.8916015625 0.1298828125 0.8916015625 0.1298828125 0.9091796875 0.1474609375 0.9091796875 0.1474609375 0.8916015625
0 0.1923828125 0.85791015625 0.158203125 0.85791015625 0.158203125 0.89404296875 0.1923828125 0.89404296875 0.1923828125 0.85791015625
0 0.19091796875 0.88525390625 0.18115234375 0.88525390625 0.18115234375 0.89501953125 0.19091796875 0.89501953125 0.19091796875 0.88525390625
0 0.1943359375 0.87255859375 0.1845703125 0.87255859375 0.1845703125 0.88330078125 0.1943359375 0.88330078125 0.1943359375 0.87255859375
0 0.20849609375 0.87353515625 0.19384765625 0.87353515625 0.19384765625 0.89013671875 0.20849609375 0.89013671875 0.20849609375 0.87353515625
0 0.22802734375 0.8662109375 0.20361328125 0.8662109375 0.20361328125 0.89453125 0.22802734375 0.89453125 0.22802734375 0.8662109375
0 0.21923828125 0.8828125 0.21142578125 0.8828125 0.21142578125 0.8955078125 0.21923828125 0.8955078125 0.21923828125 0.8828125
0 0.1982421875 0.89990234375 0.1845703125 0.89990234375 0.1845703125 0.91259765625 0.1982421875 0.91259765625 0.1982421875 0.89990234375
0 0.20947265625 0.8857421875 0.18115234375 0.8857421875 0.18115234375 0.9111328125 0.20947265625 0.9111328125 0.20947265625 0.8857421875
0 0.279296875 0.9677734375 0.2666015625 0.9677734375 0.2666015625 0.982421875 0.279296875 0.982421875 0.279296875 0.9677734375
0 0.421875 0.78759765625 0.4033203125 0.78759765625 0.4033203125 0.80712890625 0.421875 0.80712890625 0.421875 0.78759765625
0 0.51806640625 0.9228515625 0.50439453125 0.9228515625 0.50439453125 0.9384765625 0.51806640625 0.9384765625 0.51806640625 0.9228515625
0 0.51171875 0.91796875 0.5009765625 0.91796875 0.5009765625 0.9287109375 0.51171875 0.9287109375 0.51171875 0.91796875
0 0.5185546875 0.89892578125 0.4951171875 0.89892578125 0.4951171875 0.92041015625 0.5185546875 0.92041015625 0.5185546875 0.89892578125
0 0.48974609375 0.91064453125 0.47900390625 0.91064453125 0.47900390625 0.91943359375 0.48974609375 0.91943359375 0.48974609375 0.91064453125
0 0.4892578125 0.892578125 0.4775390625 0.892578125 0.4775390625 0.9052734375 0.4892578125 0.9052734375 0.4892578125 0.892578125
0 0.501953125 0.89208984375 0.4912109375 0.89208984375 0.4912109375 0.90380859375 0.501953125 0.90380859375 0.501953125 0.89208984375
0 0.49951171875 0.88671875 0.47607421875 0.88671875 0.47607421875 0.912109375 0.49951171875 0.912109375 0.49951171875 0.88671875
0 0.4814453125 0.89697265625 0.4697265625 0.89697265625 0.4697265625 0.90966796875 0.4814453125 0.90966796875 0.4814453125 0.89697265625
0 0.53271484375 0.6806640625 0.51416015625 0.6806640625 0.51416015625 0.7041015625 0.53271484375 0.7041015625 0.53271484375 0.6806640625
0 0.5419921875 0.68994140625 0.5302734375 0.68994140625 0.5302734375 0.70458984375 0.5419921875 0.70458984375 0.5419921875 0.68994140625
0 0.3740234375 0.7373046875 0.359375 0.7373046875 0.359375 0.7509765625 0.3740234375 0.7509765625 0.3740234375 0.7373046875
0 0.361328125 0.73876953125 0.349609375 0.73876953125 0.349609375 0.75048828125 0.361328125 0.75048828125 0.361328125 0.73876953125
0 0.3466796875 0.74072265625 0.3359375 0.74072265625 0.3359375 0.75048828125 0.3466796875 0.75048828125 0.3466796875 0.74072265625
0 0.3505859375 0.73388671875 0.33984375 0.73388671875 0.33984375 0.74267578125 0.3505859375 0.74267578125 0.3505859375 0.73388671875
0 0.3515625 0.712890625 0.3349609375 0.712890625 0.3349609375 0.7265625 0.3515625 0.7265625 0.3515625 0.712890625
0 0.35205078125 0.72509765625 0.34228515625 0.72509765625 0.34228515625 0.73583984375 0.35205078125 0.73583984375 0.35205078125 0.72509765625
0 0.361328125 0.728515625 0.34765625 0.728515625 0.34765625 0.740234375 0.361328125 0.740234375 0.361328125 0.728515625
0 0.361328125 0.71728515625 0.349609375 0.71728515625 0.349609375 0.72802734375 0.361328125 0.72802734375 0.361328125 0.71728515625
0 0.37841796875 0.71826171875 0.35693359375 0.71826171875 0.35693359375 0.73779296875 0.37841796875 0.73779296875 0.37841796875 0.71826171875
0 0.36181640625 0.708984375 0.34716796875 0.708984375 0.34716796875 0.720703125 0.36181640625 0.720703125 0.36181640625 0.708984375
0 0.38427734375 0.68212890625 0.36962890625 0.68212890625 0.36962890625 0.69873046875 0.38427734375 0.69873046875 0.38427734375 0.68212890625
0 0.3095703125 0.5419921875 0.29296875 0.5419921875 0.29296875 0.560546875 0.3095703125 0.560546875 0.3095703125 0.5419921875
0 0.37109375 0.46728515625 0.3544921875 0.46728515625 0.3544921875 0.48583984375 0.37109375 0.48583984375 0.37109375 0.46728515625
0 0.421875 0.3916015625 0.400390625 0.3916015625 0.400390625 0.4111328125 0.421875 0.4111328125 0.421875 0.3916015625
0 0.4580078125 0.3916015625 0.44140625 0.3916015625 0.44140625 0.4130859375 0.4580078125 0.4130859375 0.4580078125 0.3916015625
0 0.427734375 0.5390625 0.4150390625 0.5390625 0.4150390625 0.552734375 0.427734375 0.552734375 0.427734375 0.5390625
0 0.3857421875 0.501953125 0.3701171875 0.501953125 0.3701171875 0.521484375 0.3857421875 0.521484375 0.3857421875 0.501953125
0 0.39013671875 0.51708984375 0.37548828125 0.51708984375 0.37548828125 0.53076171875 0.39013671875 0.53076171875 0.39013671875 0.51708984375
0 0.44384765625 0.5419921875 0.42724609375 0.5419921875 0.42724609375 0.560546875 0.44384765625 0.560546875 0.44384765625 0.5419921875
0 0.4482421875 0.23193359375 0.4365234375 0.23193359375 0.4365234375 0.24365234375 0.4482421875 0.24365234375 0.4482421875 0.23193359375
0 0.38232421875 0.2646484375 0.36767578125 0.2646484375 0.36767578125 0.2783203125 0.38232421875 0.2783203125 0.38232421875 0.2646484375
0 0.3955078125 0.259765625 0.37890625 0.259765625 0.37890625 0.275390625 0.3955078125 0.275390625 0.3955078125 0.259765625
0 0.3935546875 0.25634765625 0.369140625 0.25634765625 0.369140625 0.27978515625 0.3935546875 0.27978515625 0.3935546875 0.25634765625
0 0.46630859375 0.2958984375 0.45458984375 0.2958984375 0.45458984375 0.3095703125 0.46630859375 0.3095703125 0.46630859375 0.2958984375
0 0.50341796875 0.30322265625 0.48974609375 0.30322265625 0.48974609375 0.31494140625 0.50341796875 0.31494140625 0.50341796875 0.30322265625
0 0.4853515625 0.28955078125 0.466796875 0.28955078125 0.466796875 0.30419921875 0.4853515625 0.30419921875 0.4853515625 0.28955078125
0 0.4794921875 0.30029296875 0.4677734375 0.30029296875 0.4677734375 0.30908203125 0.4794921875 0.30908203125 0.4794921875 0.30029296875
0 0.47216796875 0.30224609375 0.46142578125 0.30224609375 0.46142578125 0.31103515625 0.47216796875 0.31103515625 0.47216796875 0.30224609375
0 0.49560546875 0.29833984375 0.47900390625 0.29833984375 0.47900390625 0.31396484375 0.49560546875 0.31396484375 0.49560546875 0.29833984375
0 0.50634765625 0.291015625 0.49169921875 0.291015625 0.49169921875 0.3076171875 0.50634765625 0.3076171875 0.50634765625 0.291015625
0 0.56201171875 0.2431640625 0.54345703125 0.2431640625 0.54345703125 0.2587890625 0.56201171875 0.2587890625 0.56201171875 0.2431640625
0 0.44775390625 0.1005859375 0.42919921875 0.1005859375 0.42919921875 0.1162109375 0.44775390625 0.1162109375 0.44775390625 0.1005859375
0 0.4736328125 0.0908203125 0.455078125 0.0908203125 0.455078125 0.1083984375 0.4736328125 0.1083984375 0.4736328125 0.0908203125
0 0.45849609375 0.09326171875 0.44482421875 0.09326171875 0.44482421875 0.10595703125 0.45849609375 0.10595703125 0.45849609375 0.09326171875
0 0.41845703125 0.1630859375 0.40771484375 0.1630859375 0.40771484375 0.173828125 0.41845703125 0.173828125 0.41845703125 0.1630859375
0 0.43408203125 0.16552734375 0.41943359375 0.16552734375 0.41943359375 0.18017578125 0.43408203125 0.18017578125 0.43408203125 0.16552734375
0 0.4150390625 0.17431640625 0.3984375 0.17431640625 0.3984375 0.18798828125 0.4150390625 0.18798828125 0.4150390625 0.17431640625
0 0.41748046875 0.185546875 0.40478515625 0.185546875 0.40478515625 0.1943359375 0.41748046875 0.1943359375 0.41748046875 0.185546875
0 0.42236328125 0.171875 0.41064453125 0.171875 0.41064453125 0.18359375 0.42236328125 0.18359375 0.42236328125 0.171875
0 0.57373046875 0.70556640625 0.56494140625 0.70556640625 0.56494140625 0.71630859375 0.57373046875 0.71630859375 0.57373046875 0.70556640625
0 0.5810546875 0.69775390625 0.5703125 0.69775390625 0.5703125 0.70654296875 0.5810546875 0.70654296875 0.5810546875 0.69775390625
0 0.59130859375 0.68896484375 0.57763671875 0.68896484375 0.57763671875 0.70068359375 0.59130859375 0.70068359375 0.59130859375 0.68896484375
0 0.587890625 0.7041015625 0.5732421875 0.7041015625 0.5732421875 0.72265625 0.587890625 0.72265625 0.587890625 0.7041015625
0 0.60693359375 0.6943359375 0.58544921875 0.6943359375 0.58544921875 0.7158203125 0.60693359375 0.7158203125 0.60693359375 0.6943359375
0 0.62060546875 0.68701171875 0.60888671875 0.68701171875 0.60888671875 0.70166015625 0.62060546875 0.70166015625 0.62060546875 0.68701171875
0 0.6220703125 0.697265625 0.603515625 0.697265625 0.603515625 0.7109375 0.6220703125 0.7109375 0.6220703125 0.697265625
0 0.7109375 0.611328125 0.6865234375 0.611328125 0.6865234375 0.62890625 0.7109375 0.62890625 0.7109375 0.611328125
0 0.6806640625 0.64599609375 0.6640625 0.64599609375 0.6640625 0.66259765625 0.6806640625 0.66259765625 0.6806640625 0.64599609375
0 0.70068359375 0.65478515625 0.68798828125 0.65478515625 0.68798828125 0.66650390625 0.70068359375 0.66650390625 0.70068359375 0.65478515625
0 0.705078125 0.640625 0.69140625 0.640625 0.69140625 0.658203125 0.705078125 0.658203125 0.705078125 0.640625
0 0.69580078125 0.64306640625 0.67919921875 0.64306640625 0.67919921875 0.65771484375 0.69580078125 0.65771484375 0.69580078125 0.64306640625
0 0.69384765625 0.630859375 0.68115234375 0.630859375 0.68115234375 0.6455078125 0.69384765625 0.6455078125 0.69384765625 0.630859375
0 0.708984375 0.6298828125 0.69140625 0.6298828125 0.69140625 0.6416015625 0.708984375 0.6416015625 0.708984375 0.6298828125
0 0.73388671875 0.69140625 0.72412109375 0.69140625 0.72412109375 0.7001953125 0.73388671875 0.7001953125 0.73388671875 0.69140625
0 0.7353515625 0.81396484375 0.71875 0.81396484375 0.71875 0.82861328125 0.7353515625 0.82861328125 0.7353515625 0.81396484375
0 0.74072265625 0.80517578125 0.72705078125 0.80517578125 0.72705078125 0.81884765625 0.74072265625 0.81884765625 0.74072265625 0.80517578125
0 0.6259765625 0.91162109375 0.61328125 0.91162109375 0.61328125 0.92236328125 0.6259765625 0.92236328125 0.6259765625 0.91162109375
0 0.630859375 0.919921875 0.61328125 0.919921875 0.61328125 0.93359375 0.630859375 0.93359375 0.630859375 0.919921875
0 0.71435546875 0.84423828125 0.68701171875 0.84423828125 0.68701171875 0.87646484375 0.71435546875 0.87646484375 0.71435546875 0.84423828125
0 0.728515625 0.87158203125 0.71484375 0.87158203125 0.71484375 0.88232421875 0.728515625 0.88232421875 0.728515625 0.87158203125
0 0.72509765625 0.85986328125 0.71337890625 0.85986328125 0.71337890625 0.87158203125 0.72509765625 0.87158203125 0.72509765625 0.85986328125
0 0.72265625 0.8466796875 0.7109375 0.8466796875 0.7109375 0.8603515625 0.72265625 0.8603515625 0.72265625 0.8466796875
0 0.64794921875 0.95068359375 0.63720703125 0.95068359375 0.63720703125 0.96533203125 0.64794921875 0.96533203125 0.64794921875 0.95068359375
0 0.677734375 0.94580078125 0.6474609375 0.94580078125 0.6474609375 0.97216796875 0.677734375 0.97216796875 0.677734375 0.94580078125
0 0.68505859375 0.9736328125 0.67822265625 0.9736328125 0.67822265625 0.982421875 0.68505859375 0.982421875 0.68505859375 0.9736328125
0 0.70703125 0.978515625 0.69921875 0.978515625 0.69921875 0.986328125 0.70703125 0.986328125 0.70703125 0.978515625
0 0.65576171875 0.97900390625 0.64990234375 0.97900390625 0.64990234375 0.98486328125 0.65576171875 0.98486328125 0.65576171875 0.97900390625
0 0.6787109375 1 0.6787109375 0.9912109375 0.662109375 0.9912109375 0.662109375 1 0.6787109375 1
0 0.6806640625 0.96630859375 0.662109375 0.96630859375 0.662109375 0.98388671875 0.6806640625 0.98388671875 0.6806640625 0.96630859375
0 0.66748046875 0.9775390625 0.65478515625 0.9775390625 0.65478515625 0.9912109375 0.66748046875 0.9912109375 0.66748046875 0.9775390625
0 0.6845703125 0.98095703125 0.6689453125 0.98095703125 0.6689453125 0.99169921875 0.6845703125 0.99169921875 0.6845703125 0.98095703125
0 0.775390625 0.95361328125 0.75390625 0.95361328125 0.75390625 0.96728515625 0.775390625 0.96728515625 0.775390625 0.95361328125
0 0.818359375 0.9423828125 0.8076171875 0.9423828125 0.8076171875 0.95703125 0.818359375 0.95703125 0.818359375 0.9423828125
0 0.8271484375 0.9365234375 0.81640625 0.9365234375 0.81640625 0.9501953125 0.8271484375 0.9501953125 0.8271484375 0.9365234375
0 0.88671875 0.91259765625 0.8720703125 0.91259765625 0.8720703125 0.92724609375 0.88671875 0.92724609375 0.88671875 0.91259765625
0 0.86181640625 0.93994140625 0.84814453125 0.93994140625 0.84814453125 0.95068359375 0.86181640625 0.95068359375 0.86181640625 0.93994140625
0 0.947265625 0.9521484375 0.931640625 0.9521484375 0.931640625 0.962890625 0.947265625 0.962890625 0.947265625 0.9521484375
0 0.95751953125 0.90478515625 0.92333984375 0.90478515625 0.92333984375 0.93701171875 0.95751953125 0.93701171875 0.95751953125 0.90478515625
0 0.96484375 0.86865234375 0.9296875 0.86865234375 0.9296875 0.89794921875 0.96484375 0.89794921875 0.96484375 0.86865234375
0 0.89111328125 0.72216796875 0.88134765625 0.72216796875 0.88134765625 0.72998046875 0.89111328125 0.72998046875 0.89111328125 0.72216796875
0 0.8935546875 0.72607421875 0.87890625 0.72607421875 0.87890625 0.73974609375 0.8935546875 0.73974609375 0.8935546875 0.72607421875
0 0.85302734375 0.69677734375 0.83349609375 0.69677734375 0.83349609375 0.71337890625 0.85302734375 0.71337890625 0.85302734375 0.69677734375
0 0.84619140625 0.66015625 0.82763671875 0.66015625 0.82763671875 0.6787109375 0.84619140625 0.6787109375 0.84619140625 0.66015625
0 0.8857421875 0.58740234375 0.8671875 0.58740234375 0.8671875 0.62060546875 0.8857421875 0.62060546875 0.8857421875 0.58740234375
0 0.90087890625 0.59765625 0.88427734375 0.59765625 0.88427734375 0.6171875 0.90087890625 0.6171875 0.90087890625 0.59765625
0 0.9208984375 0.5927734375 0.900390625 0.5927734375 0.900390625 0.6142578125 0.9208984375 0.6142578125 0.9208984375 0.5927734375
0 0.869140625 0.33984375 0.8505859375 0.33984375 0.8505859375 0.353515625 0.869140625 0.353515625 0.869140625 0.33984375
0 0.8603515625 0.32666015625 0.845703125 0.32666015625 0.845703125 0.34033203125 0.8603515625 0.34033203125 0.8603515625 0.32666015625
0 0.912109375 0.27783203125 0.900390625 0.27783203125 0.900390625 0.28466796875 0.912109375 0.28466796875 0.912109375 0.27783203125
0 0.93115234375 0.28564453125 0.91162109375 0.28564453125 0.91162109375 0.30615234375 0.93115234375 0.30615234375 0.93115234375 0.28564453125
0 0.92236328125 0.3017578125 0.90869140625 0.3017578125 0.90869140625 0.31640625 0.92236328125 0.31640625 0.92236328125 0.3017578125
0 0.99462890625 0.3095703125 0.97802734375 0.3095703125 0.97802734375 0.32421875 0.99462890625 0.32421875 0.99462890625 0.3095703125
0 1 0.1982421875 0.9716796875 0.1982421875 0.9716796875 0.255859375 1 0.255859375 1 0.1982421875
0 0.998046875 0.23974609375 0.9794921875 0.23974609375 0.9794921875 0.25439453125 0.998046875 0.25439453125 0.998046875 0.23974609375