0 0.2548828125 0.251953125 0.171875 0.251953125 0.171875 0.33203125 0.2548828125 0.33203125 0.2548828125 0.251953125
0 0 0.43408203125 0.0380859375 0.43408203125 0.0380859375 0.31005859375 0 0.31005859375 0 0.43408203125
0 0.71728515625 0.6259765625 0.62744140625 0.6259765625 0.62744140625 0.7275390625 0.71728515625 0.7275390625 0.71728515625 0.6259765625
0 0.19189453125 0.6845703125 0.09130859375 0.6845703125 0.09130859375 0.7861328125 0.19189453125 0.7861328125 0.19189453125 0.6845703125
0 0.2802734375 0.85791015625 0.1982421875 0.85791015625 0.1982421875 0.91845703125 0.2802734375 0.91845703125 0.2802734375 0.85791015625
0 0.6455078125 1 0.6455078125 0.943359375 0.5654296875 0.943359375 0.5654296875 1 0.6455078125 1
0 0.9326171875 1 0.9326171875 0.9599609375 0.837890625 0.9599609375 0.837890625 1 0.9326171875 1
0 0.916015625 0.82958984375 0.787109375 0.82958984375 0.787109375 0.96142578125 0.916015625 0.96142578125 0.916015625 0.82958984375
0 0.94140625 0.748046875 0.8359375 0.748046875 0.8359375 0.8662109375 0.94140625 0.8662109375 0.94140625 0.748046875
0 0.90576171875 0.783203125 0.86279296875 0.783203125 0.86279296875 0.828125 0.90576171875 0.828125 0.90576171875 0.783203125
0 1 0.65625 0.9208984375 0.65625 0.9208984375 0.7646484375 1 0.7646484375 1 0.65625
0 0.98974609375 0.470703125 0.87451171875 0.470703125 0.87451171875 0.5810546875 0.98974609375 0.5810546875 0.98974609375 0.470703125
0 0.87255859375 0.56298828125 0.74072265625 0.56298828125 0.74072265625 0.69775390625 0.87255859375 0.69775390625 0.87255859375 0.56298828125
0 0.8291015625 0.62451171875 0.7861328125 0.62451171875 0.7861328125 0.65576171875 0.8291015625 0.65576171875 0.8291015625 0.62451171875
0 0.81591796875 0.67626953125 0.74560546875 0.67626953125 0.74560546875 0.72119140625 0.81591796875 0.72119140625 0.81591796875 0.67626953125
0 0.880859375 0.1806640625 0.7958984375 0.1806640625 0.7958984375 0.3271484375 0.880859375 0.3271484375 0.880859375 0.1806640625
0 0.99951171875 0.1552734375 0.89892578125 0.1552734375 0.89892578125 0.28515625 0.99951171875 0.28515625 0.99951171875 0.1552734375
0 0.97412109375 0.30224609375 0.91943359375 0.30224609375 0.91943359375 0.33740234375 0.97412109375 0.33740234375 0.97412109375 0.30224609375
0 0.447265625 0.49755859375 0.2783203125 0.49755859375 0.2783203125 0.72412109375 0.447265625 0.72412109375 0.447265625 0.49755859375
0 0.4150390625 0.50390625 0.3486328125 0.50390625 0.3486328125 0.5791015625 0.4150390625 0.5791015625 0.4150390625 0.50390625