0 0.2431640625 0.634765625 0.1982421875 0.634765625 0.1982421875 0.6845703125 0.2431640625 0.6845703125 0.2431640625 0.634765625
0 0.49365234375 0.767578125 0.45556640625 0.767578125 0.45556640625 0.8046875 0.49365234375 0.8046875 0.49365234375 0.767578125
0 0.56005859375 0.0283203125 0.53369140625 0.0283203125 0.53369140625 0.05859375 0.56005859375 0.05859375 0.56005859375 0.0283203125
0 0.701171875 0.91064453125 0.681640625 0.91064453125 0.681640625 0.93115234375 0.701171875 0.93115234375 0.701171875 0.91064453125
0 0.67578125 0.93896484375 0.6611328125 0.93896484375 0.6611328125 0.95458984375 0.67578125 0.95458984375 0.67578125 0.93896484375
0 0.74365234375 0.96533203125 0.72998046875 0.96533203125 0.72998046875 0.97412109375 0.74365234375 0.97412109375 0.74365234375 0.96533203125
0 0.7119140625 0.94580078125 0.6943359375 0.94580078125 0.6943359375 0.96142578125 0.7119140625 0.96142578125 0.7119140625 0.94580078125
0 0.71826171875 0.9677734375 0.70751953125 0.9677734375 0.70751953125 0.982421875 0.71826171875 0.982421875 0.71826171875 0.9677734375
0 0.740234375 0.98486328125 0.7294921875 0.98486328125 0.7294921875 0.99853515625 0.740234375 0.99853515625 0.740234375 0.98486328125
0 0.96533203125 0.56396484375 0.94677734375 0.56396484375 0.94677734375 0.59912109375 0.96533203125 0.59912109375 0.96533203125 0.56396484375
0 0.677734375 0.134765625 0.6552734375 0.134765625 0.6552734375 0.154296875 0.677734375 0.154296875 0.677734375 0.134765625