0 1 0.48355402031250005 0.963375446875 0.5030276406249999 0.98675733125 0.5470025703125 1 0.53996131875 1 0.48355402031250005
0 1 0.7435192421875 0.9892055828125 0.7232178953124999 0.9529909359375001 0.7424735640625 0.9713296687499999 0.7769637046875 1 0.7617194203125 1 0.7435192421875
0 0.8956657421875001 0.738667121875 0.916755284375 0.7783307828125 0.9555566921875001 0.757699709375 0.93446715 0.718036046875 0.8956657421875001 0.738667121875
0 0.921743565625 0.6722650890625 0.9446669828125 0.7153777640625 0.9843306437500001 0.6942882203125 0.9614072281249999 0.6511755453125 0.921743565625 0.6722650890625
0 0.9271546484375 0.6179577828125 0.94549338125 0.652447921875 0.980845775 0.6336507218749999 0.9625070421874999 0.5991605812499999 0.9271546484375 0.6179577828125
0 0.874687553125 0.6336887515625 0.895318628125 0.672490159375 0.9315332749999999 0.6532344890624999 0.9109022 0.61443308125 0.874687553125 0.6336887515625
0 0.8289544375 0.6392030484375 0.851877853125 0.6823157234375 0.8880925015625 0.6630600531249999 0.865169084375 0.619947378125 0.8289544375 0.6392030484375
0 0.8480482328125 0.7125556171875 0.8631776875 0.7410099828125001 0.8959433203125 0.7235881875 0.880813865625 0.6951338218750001 0.8480482328125 0.7125556171875
0 0.8426434890625 0.7845559609375 0.8628160953125 0.822495115625 0.90247975625 0.8014055718750001 0.8823071499999999 0.7634664171875001 0.8426434890625 0.7845559609375
0 0.846090515625 0.8524027468750001 0.858469159375 0.8756835921875 0.9050308499999999 0.8509263031250001 0.8926522046875001 0.8276454578125 0.846090515625 0.8524027468750001
0 0.806338303125 0.7391572828124999 0.8292617203124999 0.7822699578125001 0.8689253812500001 0.7611804140625 0.846001965625 0.7180677390625 0.806338303125 0.7391572828124999
0 0.76441163125 0.6873463859375 0.7845842375000001 0.7252855390625 0.81993663125 0.7064883390625 0.799764025 0.668549184375 0.76441163125 0.6873463859375
0 0.8741217062500001 0.5587798875 0.8906265671875 0.5898210140625 0.9208054390625 0.573774621875 0.9043005796875001 0.5427334953125 0.8741217062500001 0.5587798875
0 0.9410848625 0.3456578625 0.9589651281249999 0.37928575000000003 0.9900062546875 0.3627808890625 0.9721259890624999 0.329153003125 0.9410848625 0.3456578625
0 0.8630360687499999 0.3080763234375 0.8777070546875001 0.3356684359375 0.9035746609374999 0.3219143859375 0.8889036734375001 0.2943222734375 0.8630360687499999 0.3080763234375
0 0.8451811578124999 0.345220584375 0.863978359375 0.380572978125 0.8958817390625 0.36360965 0.8770845375 0.32825725625 0.8451811578124999 0.345220584375
0 0.786522565625 0.3056242828125 0.8057782343750001 0.3418389296875 0.84457964375 0.32120785625 0.8253239734375001 0.28499320781250004 0.786522565625 0.3056242828125
0 0.8685838578125 0.25922645625 0.881420971875 0.2833695546875 0.9081508296875 0.2691570359375 0.8953137171875 0.2450139375 0.8685838578125 0.25922645625
0 0.8393280734375 0.1813228828125 0.8567498703125 0.214088515625 0.889515503125 0.19666672031250002 0.8720937062499999 0.1639010859375 0.8393280734375 0.1813228828125
0 0.8287811265625 0.11780420312499999 0.8555109859375 0.10359168593750001 0.8348799109374999 0.064790278125 0.8081500531250001 0.0790027953125 0.8287811265625 0.11780420312499999
0 0.770454796875 0.0653119421875 0.7874181250000001 0.09721532187500001 0.8210460125000001 0.0793350578125 0.8040826843750001 0.047431678125 0.770454796875 0.0653119421875
0 0.8139986 0.0421592921875 0.820896628125 0.0384915453125 0.8076010468750001 0.01348619375 0.8007030187499999 0.017153940625 0.8139986 0.0421592921875
0 0.7372788484374999 0 0.706753053125 0.016230853125 0.7296764703124999 0.059343528125 0.76934013125 0.038253984375 0.7490001265624999 0 0.7372788484374999 0
0 0.60300476875 0 0.6193036703125 0.030653776562500002 0.6520693046875 0.013231979687500001 0.6450337359375 0 0.60300476875 0
0 0.516784928125 0 0.5150213296875 0.000937721875 0.536110871875 0.040601384375 0.5740500265625 0.020428778124999998 0.563187853125 0 0.516784928125 0
0 0.688641753125 0.16522000781249999 0.70560508125 0.1971233875 0.740095221875 0.1787846546875 0.72313189375 0.1468812734375 0.688641753125 0.16522000781249999
0 0.6390705031249999 0.1395943125 0.6578677046875 0.17494670625 0.6966691125 0.15431563125 0.6778719109375 0.1189632375 0.6390705031249999 0.1395943125
0 0.61015331875 0.06648781718749999 0.6307843937500001 0.105289225 0.671310309375 0.0837412140625 0.650679234375 0.04493980625 0.61015331875 0.06648781718749999
0 0.5763382046875 0.05073385625 0.591467659375 0.07918822187499999 0.6259578 0.0608494890625 0.6108283453125 0.0323951234375 0.5763382046875 0.05073385625
0 0.7522678109375 0.22871967187500003 0.773815821875 0.2692455859375 0.8117549765625001 0.24907297968750003 0.790206965625 0.208547065625 0.7522678109375 0.22871967187500003
0 0.7517463328125 0.277662065625 0.771002003125 0.31387671250000004 0.8115279171875001 0.2923287015625 0.7922722484375 0.2561140546875 0.7517463328125 0.277662065625
0 0.7134644140625 0.31903140625000004 0.7313446796874999 0.3526592921875 0.7684215796875 0.3329451546875 0.750541315625 0.2993172671875 0.7134644140625 0.31903140625000004
0 0.6996220015625 0.2721963 0.7165853296875 0.3040996796875 0.7527999765625 0.2848440109375 0.73583665 0.25294063125 0.6996220015625 0.2721963
0 0.7314540453125 0.35702524375 0.744291159375 0.381168340625 0.7718832703125 0.3664973546875 0.7590461578125 0.34235425625000004 0.7314540453125 0.35702524375
0 0.7617928046875 0.3735215890625 0.7810484734375 0.4097362359375 0.8224366421875 0.38772975781249996 0.8031809734375001 0.351515109375 0.7617928046875 0.3735215890625
0 0.740655103125 0.462735496875 0.761286178125 0.5015369062499999 0.797500825 0.4822812359375 0.7768697515625 0.443479828125 0.740655103125 0.462735496875
0 0.7943379046875 0.530416059375 0.814968978125 0.5692174671875 0.8572194 0.5467525203125 0.8365883265624999 0.5079511125 0.7943379046875 0.530416059375
0 0.6003764734375 0.2342719984375 0.621924484375 0.2747979125 0.663312653125 0.2527914328125 0.6417646421875001 0.21226551875 0.6003764734375 0.2342719984375
0 0.51529294375 0.1949007671875 0.5336316765625 0.2293909078125 0.592264915625 0.19821506093750002 0.57392618125 0.163724921875 0.51529294375 0.1949007671875
0 0.50296680625 0.13011604999999998 0.5213055390625 0.1646061890625 0.5549334265625 0.14672592499999998 0.53659469375 0.112235784375 0.50296680625 0.13011604999999998
0 0.519254921875 0.0827446140625 0.5385105921875 0.1189592625 0.5738629859375 0.10016206093749999 0.554607315625 0.0639474125 0.519254921875 0.0827446140625
0 0.4765333546875 0.068961234375 0.49533055625 0.104313628125 0.52895844375 0.08643336406249999 0.5101612421875 0.051080970312499994 0.4765333546875 0.068961234375
0 0.41814817812499994 0.040279809374999996 0.438779253125 0.0790812171875 0.4749939 0.0598255484375 0.45436282656250004 0.021024140625 0.41814817812499994 0.040279809374999996
0 0.370248928125 0.0552410515625 0.3913384703125 0.09490471406249999 0.429277625 0.0747321078125 0.40818808124999995 0.0350684453125 0.370248928125 0.0552410515625
0 0.3963879609375 0.1220825390625 0.4151851609375 0.1574349328125 0.47381840000000003 0.12625908749999998 0.4550211984375 0.09090669375 0.3963879609375 0.1220825390625
0 0.44577415781249996 0.15776085625 0.46502982812500004 0.193975503125 0.50296898125 0.17380289843750002 0.48371331250000005 0.13758825 0.44577415781249996 0.15776085625
0 0.3952671421875 0.190699053125 0.41268893906250004 0.22346468593750002 0.44545457187500004 0.20604288906249998 0.42803277656249994 0.17327725624999998 0.3952671421875 0.190699053125
0 0.3621018875 0.183447759375 0.37814827968750003 0.2136266328125 0.4074648984375 0.198038709375 0.39141850625 0.1678598359375 0.3621018875 0.183447759375
0 0.317243515625 0.110522153125 0.3383330578125 0.1501858140625 0.3823079875 0.1268039296875 0.36121844375 0.08714026875 0.317243515625 0.110522153125
0 0.54491050625 0.30468671718749996 0.55958149375 0.3322788296875 0.5845868453125 0.318983246875 0.569915859375 0.2913911359375 0.54491050625 0.30468671718749996
0 0.70700205 0.5232111234375 0.730383934375 0.5671860515625 0.7864304125 0.5373856109374999 0.763048528125 0.49341068125 0.70700205 0.5232111234375
0 0.6294895859375 0.5157601125 0.64874525625 0.551974759375 0.6961691984375 0.5267590015625 0.6769135281249999 0.4905443546875 0.6294895859375 0.5157601125
0 0.6294097359374999 0.556172496875 0.645456128125 0.5863513703125001 0.676497253125 0.5698465109375 0.6604508625000001 0.5396676375 0.6294097359374999 0.556172496875
0 0.74352814375 0.6210285515625 0.7650761546875 0.661554465625 0.8038775625 0.6409233921874999 0.7823295515625001 0.6003974765625 0.74352814375 0.6210285515625
0 0.69974243125 0.6083640015625 0.7171642265625 0.641129634375 0.7456185921875 0.6260001796875 0.728196796875 0.593234546875 0.69974243125 0.6083640015625
0 0.70691605 0.6592979796875 0.7280055921875 0.698961640625 0.7642202390625 0.679705971875 0.743130696875 0.640042309375 0.70691605 0.6592979796875
0 0.753364396875 0.769536059375 0.7739954703125 0.8083374671874999 0.811072371875 0.7886233296875 0.790441296875 0.749821921875 0.753364396875 0.769536059375
0 0.7288513796875 0.9158459265625 0.74077155625 0.9382645187499999 0.77784845625 0.9185503796875001 0.7659282796875 0.8961317890625 0.7288513796875 0.9158459265625
0 0.6714752921875 0.65712768125 0.6879801515625 0.6881688078125 0.717296771875 0.6725808843750001 0.7007919125 0.6415397578124999 0.6714752921875 0.65712768125
0 0.62451814375 0.63121806875 0.6442322828125 0.6682949703125 0.6864827046875 0.6458300218749999 0.666768565625 0.608753121875 0.62451814375 0.63121806875
0 0.60539501875 0.626454671875 0.62006600625 0.654046784375 0.6424845968749999 0.6421266078125 0.6278136109375 0.6145344953125 0.60539501875 0.626454671875
0 0.560997290625 0.5980781671875001 0.58483764375 0.64291535 0.629674825 0.619074996875 0.605834471875 0.5742378140625 0.560997290625 0.5980781671875001
0 0.6269285531250001 0.81464268125 0.647101159375 0.8525818359375 0.684178059375 0.8328676968750001 0.6640054531249999 0.79492854375 0.6269285531250001 0.81464268125
0 0.5375042375 0.73278545625 0.5581353124999999 0.7715868640625 0.5960744671875 0.7514142578125 0.5754433921875 0.71261285 0.5375042375 0.73278545625
0 0.5106733390625 0.6906443999999999 0.5253443265625 0.7182365125 0.5555231984375 0.702190121875 0.5408522125 0.674598009375 0.5106733390625 0.6906443999999999
0 0.4762672125 0.6425769359375 0.49552288125 0.678791584375 0.5325997828125 0.6590774453125 0.5133441125 0.6228627984374999 0.4762672125 0.6425769359375
0 0.519221803125 0.4040626140625 0.5334343203125 0.4307924734375 0.56361319375 0.41474608125 0.549400675 0.38801622343750003 0.519221803125 0.4040626140625
0 0.48217224375 0.42486824062500006 0.49730169843749994 0.45332260625 0.521444796875 0.4404854921875 0.5063153421875 0.4120311265625 0.48217224375 0.42486824062500006
0 0.4489291265625 0.388348671875 0.47001867031250005 0.42801233437499997 0.51571810625 0.4037135125 0.4946285625 0.3640498515625 0.4489291265625 0.388348671875
0 0.4387586234375 0.322417784375 0.457555825 0.357770178125 0.493770471875 0.3385145078125 0.474973271875 0.3031621140625 0.4387586234375 0.322417784375
0 0.9058757015625 0.500973046875 0.9095434484375 0.507871075 0.91126795625 0.5069541390625 0.9076002093750001 0.5000561109375 0.9058757015625 0.500973046875
0 1 0.6561537265624999 0.9985998328125 0.6535203953125001 0.9856660296875001 0.6603974203125 0.9911676500000001 0.6707444625 1 0.6660482187500001 1 0.6561537265624999
0 0.8711543390625 0.5885613140625 0.8775728953125 0.6006328625 0.8887821921875 0.594672775 0.882363634375 0.582601225 0.8711543390625 0.5885613140625
0 0.9296253296874999 0.3677883734375 0.9351269500000001 0.37813541562499997 0.94288723125 0.37400920000000004 0.9373856109375 0.3636621578125 0.9296253296874999 0.3677883734375
0 0.7613361375000001 0.18961116718749998 0.770963971875 0.20771849062499997 0.8140766484374999 0.184795075 0.8044488125000001 0.1666877515625 0.7613361375000001 0.18961116718749998
0 0.38194459375 0.3913372296875 0.418163590625 0.45945525624999994 0.4474802109375 0.443867334375 0.41126121250000003 0.37574930625 0.38194459375 0.3913372296875
0 0.391067790625 0.467779209375 0.41399120624999997 0.5108918859375 0.455379375 0.48888540625 0.43245595937500003 0.44577272968750004 0.391067790625 0.467779209375
0 0.3094899453125 0.359076421875 0.3296625515625 0.397015575 0.3719129734375 0.374550628125 0.3517403671875 0.3366114734375 0.3094899453125 0.359076421875
0 0.27199639531250003 0.2313576984375 0.29446134375 0.2736081203125 0.3315382453125 0.25389398281250003 0.30907329687499996 0.21164356093749997 0.27199639531250003 0.2313576984375
0 0.19482253125 0.228703765625 0.2113273921875 0.25974489218749996 0.2475420390625 0.24048922187500002 0.2310371796875 0.20944809531250003 0.19482253125 0.228703765625
0 0.22695116875000002 0.35153288437499997 0.2480407125 0.39119654531250003 0.2877043734375 0.370107003125 0.26661483124999996 0.33044334062499997 0.22695116875000002 0.35153288437499997
0 0.25429521875 0.39671916875 0.2753847625 0.4363828296875 0.31677293125 0.41437635000000006 0.2956833875 0.3747126890625 0.25429521875 0.39671916875
0 0.2507621921875 0.46495923906250003 0.26955939375 0.5003116328125 0.3049117875 0.48151443125000004 0.2861145859375 0.4461620375 0.2507621921875 0.46495923906250003
0 0.5021203390625 0.77648498125 0.5227514140625 0.8152863890625 0.5632773281250001 0.793738378125 0.5426462546875 0.7549369703125001 0.5021203390625 0.77648498125
0 0.22169798593749998 0.5080635874999999 0.236368971875 0.5356557 0.2648233375 0.5205262453125 0.25015235156250004 0.4929341328125 0.22169798593749998 0.5080635874999999
0 0.1822403796875 0.5024989578125 0.19966217656250002 0.5352645921875 0.2281165421875 0.5201351375 0.21069474531250001 0.48736950312499994 0.1822403796875 0.5024989578125
0 0.2136074296875 0.4554051015625 0.23011228906249998 0.486446228125 0.259428909375 0.47085830624999997 0.24292405 0.4398171796875 0.2136074296875 0.4554051015625
0 0.16404034375 0.403785596875 0.181003671875 0.43568897656249994 0.2137693046875 0.4182671796875 0.1968059765625 0.3863638 0.16404034375 0.403785596875
0 0.160315925 0.464385253125 0.1763623171875 0.494564125 0.21085245625 0.4762253921875 0.194806065625 0.44604652031249997 0.160315925 0.464385253125
0 0.076704303125 0.2832131515625 0.096418440625 0.3202900515625 0.13090858125 0.30195131875 0.11119444375000001 0.26487441875 0.076704303125 0.2832131515625
0 0 0.2548709640625 0.034253976562499996 0.2366578 0.0140813703125 0.1987186453125 0 0.20620584375 0 0.2548709640625
0 0.039968178124999997 0.351411215625 0.0564730375 0.382452340625 0.0875141640625 0.36594748125 0.071009303125 0.3349063546875 0.039968178124999997 0.351411215625
0 0.0304877390625 0.4438280625 0.0433248515625 0.4679711609375 0.0648811890625 0.45650945312499996 0.0520440765625 0.4323663546875 0.0304877390625 0.4438280625
0 0.272438584375 0.562930215625 0.2916942546875 0.5991448625 0.325322140625 0.5812645984375 0.306066471875 0.54504995 0.272438584375 0.562930215625
0 0.273614271875 0.609864184375 0.2896606640625 0.6400430578125 0.320701790625 0.6235381984374999 0.3046553984375 0.593359325 0.273614271875 0.609864184375
0 0.34949693125 0.6568926687500001 0.36508485468749996 0.6862092890625 0.396988234375 0.6692459609375 0.38140031093750004 0.639929340625 0.34949693125 0.6568926687500001
0 0.2613871875 0.6711137 0.2801843890625 0.70646609375 0.318985796875 0.6858350203125 0.3001885953125 0.6504826265625 0.2613871875 0.6711137
0 0.12454943125 0.6061714593749999 0.142429696875 0.6397993453125 0.18468011875 0.6173343984375 0.166799853125 0.5837065109374999 0.12454943125 0.6061714593749999
0 0.06937769687499999 0.557531996875 0.0739623796875 0.56615453125 0.0868961828125 0.5592775078125001 0.08231150000000001 0.550654971875 0.06937769687499999 0.557531996875
0 0.045238948437499996 0.65774280625 0.0236826109375 0.6692045140625 0.039270534375 0.698521134375 0.060826871875 0.6870594265625 0.045238948437499996 0.65774280625
0 0.2291959140625 0.824824246875 0.2420330265625 0.84896734375 0.2635893640625 0.8375056359374999 0.2507522515625 0.8133625375 0.2291959140625 0.824824246875
0 0.38340475937499996 0.7809878265625 0.40220196093749994 0.8163402203125001 0.4315185796875 0.8007522968749999 0.412721378125 0.765399903125 0.38340475937499996 0.7809878265625
0 0.411623553125 0.7477342078125 0.43133769062500005 0.784811109375 0.46582783125000005 0.7664723765625 0.4461136921875 0.729395475 0.411623553125 0.7477342078125
0 0.4602590375 0.83192379375 0.4758469609375 0.8612404124999999 0.507750340625 0.844277084375 0.4921624171875 0.814960465625 0.4602590375 0.83192379375
0 0.5441185359375 0.839871115625 0.5592479906250001 0.86832548125 0.5911513703125 0.851362153125 0.5760219156249999 0.8229077874999999 0.5441185359375 0.839871115625
0 0.564411009375 0.8738754453125 0.5832082109375001 0.9092278390624999 0.62200961875 0.8885967656249999 0.6032124171875 0.853244371875 0.564411009375 0.8738754453125
0 0.5688885015625 0.921818878125 0.5904365125 0.96234479375 0.6240644 0.9444645296875 0.6025163890624999 0.9039386140625 0.5688885015625 0.921818878125
0 0.5986623609375 1 0.6151874640624999 0.991213446875 0.5968487312499999 0.95672330625 0.5623585906249999 0.9750620390625 0.5756183390625 1 0.5986623609375 1
0 0.51238355625 0.950757065625 0.5330146296875 0.9895584734374999 0.5726782921875 0.96846893125 0.5520472171875 0.9296675234375 0.51238355625 0.950757065625
0 0.5139355 0.88191131875 0.5341081062499999 0.9198504734374999 0.5677359921875 0.9019702078125 0.5475633859375 0.864031053125 0.5139355 0.88191131875
0 0.4468127734375 1 0.47523096875000004 0.9848897781250001 0.45826764062500003 0.9529863984375 0.42722651406249995 0.9694912578125001 0.4434483 1 0.4468127734375 1
0 0.3988309953125 0.9608098765624999 0.4112096390625 0.9840907203124999 0.4353527375 0.9712536078125 0.4229740921875 0.9479727625000001 0.3988309953125 0.9608098765624999
0 0.43473637187499997 0.8681679578124999 0.4530751046875 0.902658096875 0.484978484375 0.88569476875 0.46663975156250004 0.8512046296875001 0.43473637187499997 0.8681679578124999
0 0.3835458171875 0.8738189609375 0.3995922078125 0.903997834375 0.43063333437500007 0.887492975 0.41458694375 0.8573141015625 0.3835458171875 0.8738189609375
0 0.3740081796875 1 0.4014135921875 0.9854282828125 0.3794071125 0.9440401140624999 0.343192465625 0.9632957843750001 0.36270844375 1 0.3740081796875 1
0 0.27624200625 1 0.30312501875 0.9857060484375 0.2847862859375 0.9512159078125 0.2433981171875 0.9732223875000001 0.2576360265625 1 0.27624200625 1
0 0.24049263281250002 1 0.22911625156249998 0.9786041390625 0.197212871875 0.9955674671875 0.19956969062500002 1 0.24049263281250002 1
0 0.24334958593749997 0.875364940625 0.2630637234375 0.9124418421874999 0.2975538640625 0.894103109375 0.2778397265625 0.8570262078124999 0.24334958593749997 0.875364940625
0 0.1875596828125 0.9066879968749999 0.1582430640625 0.9222759187499999 0.177040265625 0.9576283140624999 0.20635688437500002 0.942040390625 0.1875596828125 0.9066879968749999
0 0.1655153609375 0.872509115625 0.183395625 0.9061370015625 0.217885765625 0.8877982687499999 0.20000550156250002 0.8541703828125 0.1655153609375 0.872509115625
0 0.1536330265625 0.8428812375 0.1243164078125 0.858469159375 0.13990433124999999 0.8877857796875 0.16922094999999998 0.87219785625 0.1536330265625 0.8428812375