0 0.2509765625 0.23583984375 0.1533203125 0.23583984375 0.1533203125 0.31298828125 0.2509765625 0.31298828125 0.2509765625 0.23583984375
0 0.23974609375 0.02587890625 0.19775390625 0.02587890625 0.19775390625 0.07958984375 0.23974609375 0.07958984375 0.23974609375 0.02587890625
0 0.37744140625 0.00830078125 0.27978515625 0.00830078125 0.27978515625 0.10693359375 0.37744140625 0.10693359375 0.37744140625 0.00830078125
0 0.74560546875 0.0048828125 0.59814453125 0.0048828125 0.59814453125 0.1357421875 0.74560546875 0.1357421875 0.74560546875 0.0048828125
0 0.8720703125 0.0537109375 0.8291015625 0.0537109375 0.8291015625 0.1015625 0.8720703125 0.1015625 0.8720703125 0.0537109375
0 0.8857421875 0.1640625 0.8388671875 0.1640625 0.8388671875 0.205078125 0.8857421875 0.205078125 0.8857421875 0.1640625
0 0.6826171875 0.29833984375 0.6416015625 0.29833984375 0.6416015625 0.33642578125 0.6826171875 0.33642578125 0.6826171875 0.29833984375
0 0.69384765625 0.34130859375 0.64697265625 0.34130859375 0.64697265625 0.36865234375 0.69384765625 0.36865234375 0.69384765625 0.34130859375
0 0.255859375 0.37353515625 0.228515625 0.37353515625 0.228515625 0.39501953125 0.255859375 0.39501953125 0.255859375 0.37353515625
0 0.30615234375 0.4404296875 0.27294921875 0.4404296875 0.27294921875 0.48828125 0.30615234375 0.48828125 0.30615234375 0.4404296875
0 0.3564453125 0.5380859375 0.2890625 0.5380859375 0.2890625 0.58203125 0.3564453125 0.58203125 0.3564453125 0.5380859375
0 0.59130859375 0.43994140625 0.56982421875 0.43994140625 0.56982421875 0.45751953125 0.59130859375 0.45751953125 0.59130859375 0.43994140625
0 0.806640625 0.42724609375 0.7822265625 0.42724609375 0.7822265625 0.44189453125 0.806640625 0.44189453125 0.806640625 0.42724609375
0 0.8701171875 0.24169921875 0.8505859375 0.24169921875 0.8505859375 0.26416015625 0.8701171875 0.26416015625 0.8701171875 0.24169921875
0 0.76953125 0.0126953125 0.744140625 0.0126953125 0.744140625 0.03515625 0.76953125 0.03515625 0.76953125 0.0126953125
0 0.17431640625 0.53564453125 0.15283203125 0.53564453125 0.15283203125 0.55908203125 0.17431640625 0.55908203125 0.17431640625 0.53564453125
0 0 0.4482421875 0.0244140625 0.4482421875 0.0244140625 0.423828125 0 0.423828125 0 0.4482421875
0 0 0.67333984375 0.0380859375 0.67333984375 0.0380859375 0.60009765625 0 0.60009765625 0 0.67333984375
0 0.0751953125 0.65966796875 0.03125 0.65966796875 0.03125 0.69091796875 0.0751953125 0.69091796875 0.0751953125 0.65966796875
0 0.1337890625 0.6865234375 0.1005859375 0.6865234375 0.1005859375 0.7138671875 0.1337890625 0.7138671875 0.1337890625 0.6865234375
0 0 0.8408203125 0.03515625 0.8408203125 0.03515625 0.8017578125 0 0.8017578125 0 0.8408203125
0 0.2255859375 0.90869140625 0.154296875 0.90869140625 0.154296875 0.95263671875 0.2255859375 0.95263671875 0.2255859375 0.90869140625
0 0.412109375 0.79736328125 0.2861328125 0.79736328125 0.2861328125 0.86083984375 0.412109375 0.86083984375 0.412109375 0.79736328125
0 0.2958984375 1 0.2958984375 0.98046875 0.2626953125 0.98046875 0.2626953125 1 0.2958984375 1
0 0.33154296875 1 0.33154296875 0.970703125 0.30712890625 0.970703125 0.30712890625 1 0.33154296875 1
0 0.47412109375 0.912109375 0.43896484375 0.912109375 0.43896484375 0.9404296875 0.47412109375 0.9404296875 0.47412109375 0.912109375
0 0.509765625 0.66162109375 0.4814453125 0.66162109375 0.4814453125 0.69677734375 0.509765625 0.69677734375 0.509765625 0.66162109375
0 0.58203125 0.67236328125 0.5126953125 0.67236328125 0.5126953125 0.75732421875 0.58203125 0.75732421875 0.58203125 0.67236328125
0 0.77783203125 0.68212890625 0.69580078125 0.68212890625 0.69580078125 0.72216796875 0.77783203125 0.72216796875 0.77783203125 0.68212890625
0 0.8642578125 0.669921875 0.83203125 0.669921875 0.83203125 0.7080078125 0.8642578125 0.7080078125 0.8642578125 0.669921875
0 0.97412109375 0.60693359375 0.94873046875 0.60693359375 0.94873046875 0.63037109375 0.97412109375 0.63037109375 0.97412109375 0.60693359375
0 0.98583984375 0.6552734375 0.95166015625 0.6552734375 0.95166015625 0.6748046875 0.98583984375 0.6748046875 0.98583984375 0.6552734375
0 0.97900390625 0.79150390625 0.94873046875 0.79150390625 0.94873046875 0.81787109375 0.97900390625 0.81787109375 0.97900390625 0.79150390625
0 0.9306640625 0.76025390625 0.896484375 0.76025390625 0.896484375 0.79052734375 0.9306640625 0.79052734375 0.9306640625 0.76025390625
0 0.623046875 0.88134765625 0.5830078125 0.88134765625 0.5830078125 0.92041015625 0.623046875 0.92041015625 0.623046875 0.88134765625
0 0.7412109375 0.9677734375 0.7119140625 0.9677734375 0.7119140625 0.9912109375 0.7412109375 0.9912109375 0.7412109375 0.9677734375