0 0.31591796875 0.44091796875 0.20947265625 0.44091796875 0.20947265625 0.51025390625 0.31591796875 0.51025390625 0.31591796875 0.44091796875
0 0.32421875 0.5126953125 0.2236328125 0.5126953125 0.2236328125 0.578125 0.32421875 0.578125 0.32421875 0.5126953125
0 0.2939453125 0.61376953125 0.23828125 0.61376953125 0.23828125 0.66943359375 0.2939453125 0.66943359375 0.2939453125 0.61376953125
0 0.708984375 0.810546875 0.6298828125 0.810546875 0.6298828125 0.8994140625 0.708984375 0.8994140625 0.708984375 0.810546875
0 0.5859375 0.8935546875 0.509765625 0.8935546875 0.509765625 0.927734375 0.5859375 0.927734375 0.5859375 0.8935546875
0 0.537109375 0.9638671875 0.5068359375 0.9638671875 0.5068359375 0.9873046875 0.537109375 0.9873046875 0.537109375 0.9638671875
0 0.84033203125 0.9033203125 0.79345703125 0.9033203125 0.79345703125 0.9599609375 0.84033203125 0.9599609375 0.84033203125 0.9033203125
0 0.708984375 0.4912109375 0.6533203125 0.4912109375 0.6533203125 0.5654296875 0.708984375 0.5654296875 0.708984375 0.4912109375
0 0.55517578125 0.50341796875 0.51806640625 0.50341796875 0.51806640625 0.53955078125 0.55517578125 0.53955078125 0.55517578125 0.50341796875
0 0.50146484375 0.48828125 0.46826171875 0.48828125 0.46826171875 0.5087890625 0.50146484375 0.5087890625 0.50146484375 0.48828125
0 0.53173828125 0.28515625 0.46240234375 0.28515625 0.46240234375 0.3515625 0.53173828125 0.3515625 0.53173828125 0.28515625
0 0.56787109375 0.23779296875 0.53076171875 0.23779296875 0.53076171875 0.28369140625 0.56787109375 0.28369140625 0.56787109375 0.23779296875
0 0.6494140625 0.25830078125 0.58203125 0.25830078125 0.58203125 0.33056640625 0.6494140625 0.33056640625 0.6494140625 0.25830078125
0 0.8349609375 0.2021484375 0.732421875 0.2021484375 0.732421875 0.2822265625 0.8349609375 0.2822265625 0.8349609375 0.2021484375
0 0.58984375 0.10498046875 0.513671875 0.10498046875 0.513671875 0.15380859375 0.58984375 0.15380859375 0.58984375 0.10498046875
0 0.8388671875 0.01416015625 0.7900390625 0.01416015625 0.7900390625 0.04150390625 0.8388671875 0.04150390625 0.8388671875 0.01416015625
0 0.90234375 0.037109375 0.8251953125 0.037109375 0.8251953125 0.15234375 0.90234375 0.15234375 0.90234375 0.037109375
0 0.47509765625 0.01220703125 0.41845703125 0.01220703125 0.41845703125 0.07861328125 0.47509765625 0.07861328125 0.47509765625 0.01220703125
0 0.3671875 0 0.3671875 0.033203125 0.447265625 0.033203125 0.447265625 0 0.3671875 0
0 0 0.10888671875 0.044921875 0.10888671875 0.044921875 0.03466796875 0 0.03466796875 0 0.10888671875
0 0.1015625 0.099609375 0.0673828125 0.099609375 0.0673828125 0.1552734375 0.1015625 0.1552734375 0.1015625 0.099609375
0 0.76708984375 0.34716796875 0.67431640625 0.34716796875 0.67431640625 0.45654296875 0.76708984375 0.45654296875 0.76708984375 0.34716796875
0 0.87890625 0.46484375 0.7958984375 0.46484375 0.7958984375 0.5888671875 0.87890625 0.5888671875 0.87890625 0.46484375
0 0.91748046875 0.51171875 0.89306640625 0.51171875 0.89306640625 0.568359375 0.91748046875 0.568359375 0.91748046875 0.51171875
0 1 0.51611328125 0.9384765625 0.51611328125 0.9384765625 0.64892578125 1 0.64892578125 1 0.51611328125
0 1 0.427734375 0.9560546875 0.427734375 0.9560546875 0.5146484375 1 0.5146484375 1 0.427734375
0 1 0.2958984375 0.9658203125 0.2958984375 0.9658203125 0.3857421875 1 0.3857421875 1 0.2958984375
0 0.9228515625 0.3056640625 0.8486328125 0.3056640625 0.8486328125 0.39453125 0.9228515625 0.39453125 0.9228515625 0.3056640625
0 0.9921875 0.212890625 0.8916015625 0.212890625 0.8916015625 0.3359375 0.9921875 0.3359375 0.9921875 0.212890625
0 0.74853515625 0.74267578125 0.71435546875 0.74267578125 0.71435546875 0.78857421875 0.74853515625 0.78857421875 0.74853515625 0.74267578125