0 0.7938362 0.162341953125 0.7761339859375 0.11370551874999998 0.7412625796875 0.1263976734375 0.7589647937499999 0.1750341078125 0.7938362 0.162341953125
0 0.7267923828125 0.2865105734375 0.717106265625 0.25989818593749997 0.6969175562500001 0.26724627500000003 0.7066036734375001 0.29385866250000003 0.7267923828125 0.2865105734375
0 0.20055486406249998 0.91504415 0.18285265 0.8664077156250001 0.147063575 0.8794338734375 0.16476579062500002 0.9280703078125001 0.20055486406249998 0.91504415
0 0.4780484140625 0.7537690625 0.45800817031249996 0.6987089484375 0.4121247421875 0.7154091515625 0.43216498437500006 0.770469265625 0.4780484140625 0.7537690625
0 0.4831766078125 0.602252553125 0.456456284375 0.5288390671875 0.3839604671875 0.5552253875 0.410680790625 0.6286388734374999 0.4831766078125 0.602252553125
0 0.6050696375 0.5916622921875 0.5903734593750001 0.551284875 0.5481607046875 0.5666490609375 0.5628568828125 0.607026478125 0.6050696375 0.5916622921875
0 0.7526270546875 0.46884658437500004 0.734924840625 0.42021015000000006 0.6734410453125 0.4425884203125 0.6911432609375 0.49122485468750005 0.7526270546875 0.46884658437500004
0 0.70744870625 0.6131161984375 0.6920845203125 0.57090344375 0.63518906875 0.5916116953125 0.6505532546875 0.63382445 0.70744870625 0.6131161984375
0 0.8047637468750001 0.579255275 0.77971344375 0.5104301312499999 0.7173119812500001 0.53314240625 0.742362284375 0.60196755 0.8047637468750001 0.579255275
0 0.8708173046875001 0.633676071875 0.8541171015625 0.5877926437500001 0.7852919593750001 0.6128429468750001 0.8019921609375 0.658726375 0.8708173046875001 0.633676071875
0 0.8580357078124999 0.719908228125 0.8386634734375 0.6666834500000001 0.777179678125 0.689061721875 0.7965519125 0.7422864984374999 0.8580357078124999 0.719908228125
0 0.9027315421875001 0.7784652734375 0.881021278125 0.718816815625 0.83054950625 0.7371870390625 0.8522597703124999 0.796835496875 0.9027315421875001 0.7784652734375
0 0.625226240625 0.7583979375000001 0.6115320750000001 0.720773525 0.5720723265625 0.7351356984375 0.5857664921875 0.7727601109375 0.625226240625 0.7583979375000001
0 0.8371688359375 0.83246599375 0.8091124953125 0.755381834375 0.75405238125 0.7754220765625 0.782108721875 0.8525062374999999 0.8371688359375 0.83246599375
0 0.873339140625 0.8390465656250001 0.8917093640625 0.8895183375 0.9871468953125 0.8547819171875 0.9687766734375 0.8043101453125001 0.873339140625 0.8390465656250001
0 0.5712458734375 0.337409075 0.5565496953125 0.29703165781249996 0.516172278125 0.31172783593750003 0.53086845625 0.352105253125 0.5712458734375 0.337409075
0 0.5490632953125 0.23220613750000002 0.53236309375 0.1863227078125 0.4929033453125 0.2006848828125 0.509603546875 0.2465683109375 0.5490632953125 0.23220613750000002
0 0.6888137453125001 0.2307048484375 0.6477312484375 0.1178316140625 0.5284343328125 0.1612521390625 0.56951683125 0.274125375 0.6888137453125001 0.2307048484375
0 0.6259823390625 0 0.5944693984375 0.011469771875 0.615511653125 0.0692828921875 0.7100315171875 0.0348804765625 0.6973360609375 0 0.6259823390625 0
0 0.7302859890625 0.10908848593750001 0.7022296484375 0.032004325 0.6187218078125001 0.06239869375 0.6467781484375 0.139482853125 0.7302859890625 0.10908848593750001
0 0.543611296875 0.1344238359375 0.5299171296875 0.096799425 0.49688106093749995 0.1088235703125 0.510575228125 0.1464479828125 0.543611296875 0.1344238359375
0 0.52190271875 0.0804905640625 0.5058705234375 0.0364424734375 0.48109347187499996 0.0454605828125 0.49712566718750006 0.08950867343749999 0.52190271875 0.0804905640625
0 0.3791816640625 0.05241559999999999 0.3671575171875 0.019379531250000002 0.32769776875 0.0337417046875 0.33972191406249996 0.0667777734375 0.3791816640625 0.05241559999999999
0 0.5024106640625 0.186832140625 0.4863784703125 0.1427840484375 0.4239770078125 0.1654963234375 0.4400092015625 0.209544415625 0.5024106640625 0.186832140625
0 0.22425420625 0.22208131875 0.20154193125000003 0.15967985468749998 0.1400581375 0.1820581265625 0.1627704125 0.2444595890625 0.22425420625 0.22208131875
0 0.3020688125 0.1246499171875 0.2843665984375 0.0760134828125 0.222882803125 0.09839175312500001 0.2405850171875 0.14702818906249998 0.3020688125 0.1246499171875
0 0.16103294375 0.15259996250000002 0.1423287171875 0.1012105234375 0.1065396421875 0.11423668125 0.12524386875 0.16562612031249999 0.16103294375 0.15259996250000002
0 0.1529407953125 0.5800732125 0.1399146375 0.5442841390625001 0.11054924375 0.55497226875 0.12357540156249999 0.5907613421875 0.1529407953125 0.5800732125
0 0 0.27044761875 0.043797390625 0.254506671875 0.0311052375 0.2196352671875 0 0.230956646875 0 0.27044761875
0 0.1266404609375 0.6577157171875 0.105932209375 0.600820265625 0.02242436875 0.631214634375 0.043132620312499995 0.6881100859375 0.1266404609375 0.6577157171875
0 0.3675149359375 0.6656543 0.349812721875 0.617017865625 0.30576463125000003 0.633050059375 0.3234668453125 0.68168649375 0.3675149359375 0.6656543
0 0.2782480984375 0.5474555359375 0.2628839125 0.50524278125 0.23810686093750003 0.5142608906249999 0.253471046875 0.5564736453125 0.2782480984375 0.5474555359375
0 0.28234217500000003 0.5672697546875 0.242261690625 0.457149525 0.169765871875 0.4835358453125 0.2098463578125 0.5936560734375 0.28234217500000003 0.5672697546875
0 0.612819134375 0.8413760796875 0.5984569609375 0.80191633125 0.5562442062499999 0.8172805171874999 0.5706063796875 0.8567402656249999 0.612819134375 0.8413760796875
0 0.667322546875 0.9140304734375 0.6512903515625 0.8699823828125 0.610912934375 0.8846785609375001 0.6269451296875 0.9287266515624999 0.667322546875 0.9140304734375
0 0.5867358515625 1 0.6483601890624999 0.977570575 0.6233098859374999 0.9087454328125 0.5416373828125 0.9384717921875 0.56403181875 1 0.5867358515625 1
0 0.52298199375 1 0.5139065781250001 0.9750655 0.447834440625 0.9991137921875 0.44815699374999995 1 0.52298199375 1
0 0.38691595 0.392028846875 0.3762278203125 0.36266345312500003 0.3321797296875 0.378695646875 0.342867859375 0.408061040625 0.38691595 0.392028846875
0 0.3559024859375 0.331089915625 0.3375322640625 0.28061814375 0.3063315328125 0.29197428125 0.3247017546875 0.342446053125 0.3559024859375 0.331089915625
0 0.7217350062500001 0.5367287375 0.7040327921875 0.488092303125 0.6416313296875 0.510804578125 0.6593335437500001 0.5594410125 0.7217350062500001 0.5367287375
0 0.732667653125 0.8294514875000001 0.7139634265625 0.7780620484375 0.6763390140625 0.7917562140625 0.695043240625 0.8431456546874999 0.732667653125 0.8294514875000001
0 0.09204066562499999 0.6011998109375 0.07600847187500001 0.5571517203125 0.0273720375 0.574853934375 0.04340423125 0.6189020265625 0.09204066562499999 0.6011998109375
0 0.381683103125 0.7545483765625 0.370326965625 0.7233476453125001 0.3455499140625 0.7323657546875 0.3569060515625 0.7635664859375 0.381683103125 0.7545483765625
0 0.40716359375 0.72604836875 0.3928014203125 0.68658861875 0.36802436875 0.695606728125 0.3823865421875 0.735066478125 0.40716359375 0.72604836875
0 0.3957872796875 0.4849292875 0.3837631328125 0.45189321875 0.3553154078125 0.46224734375 0.367339553125 0.49528341249999996 0.3957872796875 0.4849292875
0 0.4060908953125 0.200585328125 0.396404778125 0.173972940625 0.360615703125 0.1869990984375 0.37030182031250003 0.2136114859375 0.4060908953125 0.200585328125
0 0.878487690625 0.3321039 0.8671315515625 0.30090316875 0.8386838265625001 0.31125729375 0.8500399640625 0.342458025 0.878487690625 0.3321039
0 0.19955125468749998 0.6239037046875 0.18886312656249998 0.5945383109375 0.1512387140625 0.6082324765625 0.16192684375 0.6375978718749999 0.19955125468749998 0.6239037046875
0 0.6227196140625 0.46312798437499997 0.6140355078125 0.4392686015625 0.5901761249999999 0.44795270625 0.59886023125 0.47181208906250005 0.6227196140625 0.46312798437499997
0 0.176445996875 0.3605530890625 0.165089859375 0.3293523578125 0.116453425 0.3470545734375 0.1278095625 0.3782553046875 0.176445996875 0.3605530890625
0 0.21281368125000003 0.329129703125 0.1997875234375 0.29334062968749997 0.1685867921875 0.3046967671875 0.18161295 0.340485840625 0.21281368125000003 0.329129703125
0 0.8981551265625001 0.3961332109375 0.8867989890624999 0.36493247968750003 0.849174578125 0.3786266453125 0.8605307156249999 0.40982737656249996 0.8981551265625001 0.3961332109375
0 0.964080484375 0.440208309375 0.9513883296874999 0.405336903125 0.9165169234375 0.41802905625 0.929209078125 0.4529004625 0.964080484375 0.440208309375
0 1 0.46766488281249996 0.9899540015625 0.4713213265625 0.99964011875 0.497933715625 1 0.4978027296875 1 0.46766488281249996
0 0 0.4902460546875 0.0405669265625 0.4754809015625 0.023532720312499998 0.4286798046875 0 0.43724501406250005 0 0.4902460546875