0 0.6604759812500001 0.5937436640625 0.651997065625 0.6418299796875 0.7048920140625 0.6511567859375 0.713370928125 0.6030704703125 0.6604759812500001 0.5937436640625
0 0.778393071875 0.5604919265625 0.7751710843749999 0.5787647265625 0.8030611484374999 0.5836824968750001 0.8062831359375 0.565409696875 0.778393071875 0.5604919265625
0 0.798846040625 0.5794685640624999 0.793080378125 0.6121672593749999 0.8257790734375 0.6179329203124999 0.8315447359375 0.5852342265625 0.798846040625 0.5794685640624999
0 0.82181950625 0.6207054390625 0.8169017359374999 0.6485955015625 0.8419066203125001 0.6530045375 0.846824390625 0.625114475 0.82181950625 0.6207054390625
0 0.51811700625 0.4000652515625 0.5150645968750001 0.41737632500000005 0.54006948125 0.4217853609375 0.5431218906249999 0.4044742875 0.51811700625 0.4000652515625
0 0.5387533375 0.3139617 0.5323093609375 0.35050729999999997 0.5727018671875 0.3576295890625 0.5791458421875 0.3210839890625 0.5387533375 0.3139617
0 0.51372645 0.3546678390625 0.5108436203125 0.3710171859375 0.5320015984375 0.3747479078125 0.5348844296874999 0.3583985609375 0.51372645 0.3546678390625
0 0.46711177031249995 0.3519023640625 0.4610069515625 0.3865245109375 0.48408838281250005 0.390594390625 0.4901932015625 0.35597224375000003 0.46711177031249995 0.3519023640625
0 0.3864476375 0.39321024375 0.37983408281250003 0.4307175703125 0.42407349375000003 0.43851817187500003 0.43068704843749994 0.40101084531250003 0.3864476375 0.39321024375
0 0.3394717984375 0.437483396875 0.3367585453125 0.4528710171875 0.355993071875 0.45626258281250004 0.3587063234375 0.44087496249999997 0.3394717984375 0.437483396875
0 0.2971279671875 0.43299191875 0.29526260625 0.443570909375 0.308726775 0.44594500468750004 0.3105921359375 0.435366015625 0.2971279671875 0.43299191875
0 0.2522078953125 0.412180140625 0.24542476406249997 0.45064919375 0.2771617328125 0.4562452765625 0.2839448640625 0.417776225 0.2522078953125 0.412180140625
0 0.30859767968749996 0.33138925937499997 0.301814546875 0.3698583125 0.3277811578125 0.3744369265625 0.3345642890625 0.3359678734375 0.30859767968749996 0.33138925937499997
0 0.3439891015625 0.580578471875 0.338901753125 0.6094302625 0.370638721875 0.6150263453125 0.3757260703125 0.58617455625 0.3439891015625 0.580578471875
0 0.3240216921875 0.5954027890625 0.3192735 0.6223311265625 0.3452401109375 0.626909740625 0.349988303125 0.5999814031249999 0.3240216921875 0.5954027890625
0 0.277947140625 0.612069290625 0.27489473124999997 0.629380365625 0.2950909828125 0.6329415093749999 0.29814339218749997 0.6156304359375 0.277947140625 0.612069290625
0 0.3585998359375 0.69173795625 0.354699534375 0.7138576609375 0.376819240625 0.7177579625 0.380719540625 0.69563825625 0.3585998359375 0.69173795625
0 0.38821355468749996 0.6840684953125 0.3851611453125 0.70137956875 0.4063191234375 0.7051102921875 0.40937153281249994 0.6877992171875 0.38821355468749996 0.6840684953125
0 0.3851089234375 0.732606628125 0.3795128390625 0.7643435968750001 0.4093263546875 0.769600525 0.41492243906250004 0.73786355625 0.3851089234375 0.732606628125
0 0.3769448140625 0.8070265843750001 0.374740296875 0.8195290265624999 0.388204465625 0.821903121875 0.3904089828125 0.8094006796875 0.3769448140625 0.8070265843750001
0 0.2578069328125 0.8078351671874999 0.24814097031250001 0.8626535671875001 0.29238038125 0.87045416875 0.30204634375 0.81563576875 0.2578069328125 0.8078351671874999
0 0.2414517171875 0.7628071296875001 0.23687310312499998 0.788773740625 0.25803108125 0.7925044640625 0.2626096953125 0.766537853125 0.2414517171875 0.7628071296875001
0 0.212210896875 0.8077283765625 0.20949764375000002 0.8231159968749999 0.2268087171875 0.8261684062500001 0.2295219703125 0.8107807859375 0.212210896875 0.8077283765625
0 0.161829403125 0.7700875609375 0.15267217500000002 0.82202078125 0.20364367031250002 0.8310084312500001 0.2128008984375 0.7790752109375 0.161829403125 0.7700875609375
0 0.22840475312500003 0.912721428125 0.22636981406249998 0.92426214375 0.24175743437500002 0.9269753953125001 0.2437923734375 0.9154346796875 0.22840475312500003 0.912721428125
0 0.293458290625 0.8924600390625 0.284131484375 0.9453549875 0.338949884375 0.95502095 0.348276690625 0.902126003125 0.293458290625 0.8924600390625
0 0.3755383140625 0.8628055359375001 0.36892476093750004 0.9003128625000001 0.39392964531249997 0.9047218984375001 0.40054319843749997 0.8672145718750001 0.3755383140625 0.8628055359375001
0 0.399020515625 0.9011572328125 0.3964768421875 0.915583128125 0.41378791562500006 0.9186355374999999 0.416331590625 0.9042096421875 0.399020515625 0.9011572328125
0 0.3842578125 0.9173950937500001 0.381883715625 0.9308592609374999 0.3934244328125 0.9328942015624999 0.395798528125 0.9194300328124999 0.3842578125 0.9173950937500001
0 0.3702315140625 0.9407041953125 0.3675182609375 0.956091815625 0.38386760781249996 0.958974646875 0.3865808609375 0.943587025 0.3702315140625 0.9407041953125
0 0.4462926828125 0.9536200171875 0.442561959375 0.9747779953125001 0.46852857031250006 0.979356609375 0.4722592921875 0.9581986312499999 0.4462926828125 0.9536200171875
0 0.4757964875 1 0.4765638859375 0.9956478656250001 0.4611762640625 0.9929346140625 0.4599304453125 1 0.4757964875 1
0 0.5046722265625 0.9430897265624999 0.50229813125 0.9565538953124999 0.5196092046875 0.9596063046875001 0.5219833 0.9461421359375001 0.5046722265625 0.9430897265624999
0 0.5195707671875 0.8867149031249999 0.5166879359375 0.9030642500000001 0.5397693671875 0.9071341296875 0.5426521984375 0.89078478125 0.5195707671875 0.8867149031249999
0 0.641073353125 0.8050098218749999 0.63802094375 0.8223208953125001 0.6553320171875 0.8253733046875 0.6583844265625001 0.8080622312499999 0.641073353125 0.8050098218749999
0 0.7199384328125 0.8442023656250001 0.717733915625 0.8567048078124999 0.7408153468750001 0.8607746875 0.7430198640625 0.8482722453125 0.7199384328125 0.8442023656250001
0 0.7105523609375 0.8777501265625001 0.7080086875 0.8921760203125 0.7282049390625 0.895737165625 0.7307486140624999 0.8813112703125 0.7105523609375 0.8777501265625001
0 0.7077857125 0.915935765625 0.7054116171875 0.929399934375 0.7236844171875 0.9326219218749999 0.7260585125000001 0.9191577531249999 0.7077857125 0.915935765625
0 0.7497903859374999 0.9223506953125 0.7472467109375 0.936776590625 0.7712898703125 0.941016046875 0.77383354375 0.926590153125 0.7497903859374999 0.9223506953125
0 0.7647552359375 0.9358973046875001 0.761194090625 0.9560935578124999 0.78523725 0.960333015625 0.7887983937499999 0.9401367625000001 0.7647552359375 0.9358973046875001
0 0.7341154640625 1 0.74193169375 0.9556719593749999 0.7015391875 0.948549671875 0.69246710625 1 0.7341154640625 1
0 0.67464341875 0.974547675 0.6717605875 0.9908970234375 0.6823395765625 0.992762384375 0.6852224078125 0.9764130375000001 0.67464341875 0.974547675
0 0.6483050828125 0.9411463171875001 0.6444047828125 0.9632660234375001 0.67037139375 0.9678446375 0.67427169375 0.94572493125 0.6483050828125 0.9411463171875001
0 0.6359188234375 0.9607780921875 0.631340209375 0.9867447031250001 0.6621154515625001 0.9921712078124999 0.666694065625 0.966204596875 0.6359188234375 0.9607780921875
0 0.6404066609375 1 0.6408738578125 0.9973503906250001 0.614907246875 0.9927717765624999 0.613632715625 1 0.6404066609375 1
0 0.5658289843750001 0.97023516875 0.562267840625 0.9904314218750001 0.5815023671875 0.9938229875 0.5850635109375 0.973626734375 0.5658289843750001 0.97023516875
0 0.540252278125 1 0.5406023015625 0.99801491875 0.5204060484374999 0.994453775 0.5194281000000001 1 0.540252278125 1
0 0.6906544796875 0.7825160437500001 0.68556713125 0.8113678343749999 0.7249979109375 0.81832054375 0.730085259375 0.7894687546875 0.6906544796875 0.7825160437500001
0 0.745183596875 0.7460203171875001 0.7428095015625 0.7594844859375 0.7649292062499999 0.7633847874999999 0.7673033031250001 0.7499206187499999 0.745183596875 0.7460203171875001
0 0.71991965 0.70933770625 0.7153410359375 0.7353043171875 0.7461162781249999 0.7407308234375 0.7506948921875 0.7147642125 0.71991965 0.70933770625
0 0.80432741875 0.7395913000000001 0.8007662734375 0.759787553125 0.826732884375 0.7643661671875 0.8302940296875001 0.7441699140625 0.80432741875 0.7395913000000001
0 0.8071058062500001 0.785696071875 0.8047317093749999 0.799160240625 0.8201193312499999 0.8018734937499999 0.8224934265625 0.788409325 0.8071058062500001 0.785696071875
0 0.78247499375 0.8269678624999999 0.7811183671874999 0.8346616734375001 0.793620809375 0.8368661921875 0.7949774359374999 0.82917238125 0.78247499375 0.8269678624999999
0 0.7653370203125001 0.8482408515625 0.7622846109375 0.8655519249999999 0.784404315625 0.8694522250000001 0.787456725 0.8521411515624999 0.7653370203125001 0.8482408515625
0 0.8688572625000001 0.8179045125 0.8641090703125001 0.8448328500000001 0.896807765625 0.8505985125000001 0.9015559578125 0.823670175 0.8688572625000001 0.8179045125
0 0.9099163421875 0.736889484375 0.9072030890624999 0.7522771046875001 0.9293227937499999 0.75617740625 0.932036046875 0.7407897859375 0.9099163421875 0.736889484375
0 0.8756031312499999 0.7149730984375 0.8733986140625 0.727475540625 0.8945565921874999 0.7312062640625 0.8967611109375 0.7187038218749999 0.8756031312499999 0.7149730984375
0 0.9356391500000001 0.8187720578125001 0.9510267718750001 0.8214853109375 0.9539096031250001 0.8051359640625 0.9385219812500001 0.8024227109375 0.9356391500000001 0.8187720578125001
0 0.8325812906250001 0.9195954828125 0.829189725 0.938830009375 0.859003240625 0.9440869375000001 0.8623948078125 0.9248524109374999 0.8325812906250001 0.9195954828125
0 0.919549815625 1 0.929151171875 0.9455480062499999 0.902222834375 0.9407998140625 0.8917842453124999 1 0.919549815625 1
0 0.5586773484374999 0.79990164375 0.5378192171875 0.91819398125 0.6484177437499999 0.9376954859375 0.6692758750000001 0.8194031484375 0.5586773484374999 0.79990164375
0 0.53546916875 0.698134103125 0.5313992890625 0.721215534375 0.5679448890625001 0.727659509375 0.57201476875 0.7045780781250001 0.53546916875 0.698134103125
0 0.5963935609375 0.681606959375 0.5936803078125 0.6969945796875 0.6148382875 0.700725303125 0.617551540625 0.6853376812499999 0.5963935609375 0.681606959375
0 0.6290409046875001 0.521761765625 0.6217490390625 0.5631159968749999 0.6477156484375 0.5676946109375 0.655007515625 0.5263403796875 0.6290409046875001 0.521761765625
0 0.5293757859375 0.6117797046875 0.5203881359375 0.6627512 0.5752065359375 0.6724171640625001 0.5841941859374999 0.6214456687500001 0.5293757859375 0.6117797046875
0 0.430865146875 0.6643193640625 0.419333821875 0.7297167546875001 0.486654665625 0.7415872343750001 0.49818598906249995 0.6761898453125 0.430865146875 0.6643193640625
0 0.41509758437500005 0.5737800796875 0.4081448734375 0.6132108578125 0.43988184218750004 0.6188069421875 0.446834553125 0.5793761625 0.41509758437500005 0.5737800796875
0 0.48253108750000007 0.582199728125 0.475917534375 0.6197070546875 0.508616228125 0.6254727171875001 0.5152297828125 0.587965390625 0.48253108750000007 0.582199728125
0 0.5172553296875 0.5089923453125 0.5133550296875 0.5311120515625001 0.5345130078125 0.5348427734375 0.538413309375 0.51272306875 0.5172553296875 0.5089923453125
0 0.5059387625 0.49162670156250005 0.5025471968749999 0.510861228125 0.5227434484375 0.5144223734375 0.526135015625 0.49518784687500006 0.5059387625 0.49162670156250005
0 0.5449432484375001 0.4841256453125 0.5418908390625 0.5014367203125001 0.5582401859375 0.5043195515625001 0.5612925953125 0.4870084765625 0.5449432484375001 0.4841256453125
0 0.5283093140624999 0.468797290625 0.52406985625 0.4928404484375 0.545227834375 0.4965711703125 0.5494672921875 0.47252801250000004 0.5283093140624999 0.468797290625
0 0.49852484375 0.46899943593750004 0.4920808671875 0.5055450359375 0.5430523625 0.5145326859375 0.5494963375 0.47798708593750006 0.49852484375 0.46899943593750004
0 0.4853185640625 0.4904698734375 0.47158272187500005 0.56836970625 0.5225542171875001 0.5773573562500001 0.536290059375 0.49945752343749994 0.4853185640625 0.4904698734375
0 0.44533152343750004 0.5513455671874999 0.433630621875 0.6177046828125 0.509607 0.63110136875 0.5213079031250001 0.564742253125 0.44533152343750004 0.5513455671874999
0 0.5985314671874999 0.3939161265625 0.5954790578125 0.4112272 0.6108666781250001 0.41394045312500005 0.6139190875 0.396629378125 0.5985314671874999 0.3939161265625
0 0.6468674546875001 0.36723628750000004 0.642627996875 0.39127944531250003 0.6666711546874999 0.39551890156249997 0.6709106125 0.37147574375 0.6468674546875001 0.36723628750000004
0 0.6740061546875 0.46077223749999996 0.6714624812500001 0.4751981328125 0.6820414703125001 0.47706349374999996 0.6845851453125 0.46263759843749996 0.6740061546875 0.46077223749999996
0 0.695812228125 0.446767940625 0.6890290953125 0.48523699374999996 0.7063401703125 0.488289403125 0.7131233015625 0.44982035 0.695812228125 0.446767940625
0 0.705914746875 0.276997721875 0.7038798078124999 0.2885384375 0.719267428125 0.2912516890625 0.72130236875 0.2797109734375 0.705914746875 0.276997721875
0 0.6494143484375 0.172830559375 0.6470402515625 0.186294728125 0.6643513249999999 0.1893471375 0.6667254218750001 0.17588296875 0.6494143484375 0.172830559375
0 0.7376065374999999 0.3643951125 0.7343845499999999 0.3826679125 0.7622746140625 0.3875856828125 0.7654966015625 0.36931288281249997 0.7376065374999999 0.3643951125
0 0.7118106796875 0.36728381250000003 0.70807995625 0.38844179218749997 0.723467578125 0.39115504375 0.7271983 0.369997065625 0.7118106796875 0.36728381250000003
0 0.72982089375 0.3129451015625 0.7210028234375 0.3629548703125 0.7652422328124999 0.370755471875 0.7740603046875 0.320745703125 0.72982089375 0.3129451015625
0 0.7338062875 0.49561148906249997 0.731432190625 0.5090756578125 0.7477815390625 0.5119584890625 0.750155634375 0.49849432031249996 0.7338062875 0.49561148906249997
0 0.7343672437500001 0.46149924999999997 0.7275841125 0.499968303125 0.775670428125 0.50844721875 0.782453559375 0.469978165625 0.7343672437500001 0.46149924999999997
0 0.8344665718750001 0.239671409375 0.8305662703125 0.2617911140625 0.8478773453124999 0.2648435234375 0.8517776453125 0.24272381875 0.8344665718750001 0.239671409375
0 0.8382345578124999 0.2829757921875 0.8328080515625 0.31375103437499996 0.870315378125 0.32036458749999996 0.8757418843749999 0.28958934531249997 0.8382345578124999 0.2829757921875
0 0.8547047828125001 0.3414110796875 0.8501261687499999 0.36737769062500003 0.8751310531250001 0.3717867265625 0.8797096671875 0.345820115625 0.8547047828125001 0.3414110796875
0 0.905457696875 0.2026076828125 0.9015573968749999 0.2247273875 0.9246388281250001 0.2287972671875 0.9285391296875 0.2066775625 0.905457696875 0.2026076828125
0 0.883551575 0.1075153078125 0.8810079 0.12194120312500001 0.9031276046875 0.125841503125 0.9056712796875 0.1114156078125 0.883551575 0.1075153078125
0 0.9359973546875 0.3443414359375 0.93023169375 0.37704013125 0.9706241984374999 0.3841624203125 0.9763898609374999 0.351463725 0.9359973546875 0.3443414359375
0 0.9478179624999999 0.3251057359375 0.9440872406249999 0.346263715625 0.963321765625 0.34965528125 0.9670524890625 0.3284973015625 0.9478179624999999 0.3251057359375
0 0.9017654125 0.29665706406250003 0.8944735453125 0.338011296875 0.9387129562500001 0.3458118984375 0.9460048234375 0.304457665625 0.9017654125 0.29665706406250003
0 0.9110077328124999 0.4495099359375 0.9069378531250001 0.47259136718750006 0.9280958328125 0.47632209062499997 0.9321657109375 0.453240659375 0.9110077328124999 0.4495099359375
0 0.8789072578124999 0.474094396875 0.8765331609375 0.487558565625 0.8899973296875 0.4899326609375 0.892371425 0.47646849218750004 0.8789072578124999 0.474094396875
0 0.9787803921875 0.4560061328125 0.9750496703125 0.4771641125 0.9913990171875 0.48004694375 0.9951297390624999 0.4588889640625 0.9787803921875 0.4560061328125
0 0.718450665625 0.9257493046875 0.7153982562500001 0.943060378125 0.7442500453124999 0.9481477281249999 0.7473024546875 0.930836653125 0.718450665625 0.9257493046875
0 0.138620353125 0.8651579328125001 0.1359071 0.8805455546875001 0.15802680468750002 0.8844458562499999 0.1607400578125 0.869058234375 0.138620353125 0.8651579328125001
0 0.133304159375 0.8756242625 0.129064703125 0.8996674203125 0.1482992296875 0.9030589859375 0.1525386859375 0.8790158281249999 0.133304159375 0.8756242625
0 0.09268750625 0.883832678125 0.085904375 0.9223017296875 0.1330289640625 0.9306110671875001 0.139812096875 0.8921420140625 0.09268750625 0.883832678125
0 0.09698505625 0.8707076656250001 0.094610959375 0.8841718343749999 0.1148072125 0.887732978125 0.1171813078125 0.874268809375 0.09698505625 0.8707076656250001
0 0.10391106875 0.8426758953125001 0.10170654999999999 0.8551783374999999 0.12190280312499999 0.8587394828124999 0.1241073203125 0.846237040625 0.10391106875 0.8426758953125001
0 0.0974019578125 0.817729103125 0.09316250000000001 0.8417722609375 0.122976015625 0.8470291874999999 0.1272154734375 0.8229860296875 0.0974019578125 0.817729103125
0 0.0678278515625 0.90671900625 0.06358839375 0.9307621656249999 0.0770525625 0.9331362609375 0.08129201875 0.9090931031249999 0.0678278515625 0.90671900625
0 0.035644631249999996 0.74337545625 0.0332705359375 0.756839625 0.0428877984375 0.7585354078125001 0.0452618953125 0.7450712390625001 0.035644631249999996 0.74337545625
0 0 0.71180384375 0.0072701828125000005 0.7130857734375 0.010831328125000001 0.6928895203125001 0 0.690979665625 0 0.71180384375
0 0.047376928125 0.6993334953125 0.0436462046875 0.720491475 0.0590338265625 0.723204728125 0.0627645484375 0.7020467484374999 0.047376928125 0.6993334953125
0 0.0316199296875 0.68465558125 0.029754568749999998 0.6952345703125 0.045142190625 0.6979478234375 0.0470075515625 0.687368834375 0.0316199296875 0.68465558125
0 0.15981059687500002 0.694367896875 0.1574365 0.7078320640625 0.1766710265625 0.71122363125 0.1790451234375 0.6977594625 0.15981059687500002 0.694367896875
0 0.113638340625 0.6187958078125 0.0999024984375 0.696695640625 0.1720319734375 0.7094140125 0.185767815625 0.63151418125 0.113638340625 0.6187958078125
0 0.0495221796875 0.6674838656250001 0.045791457812500005 0.6886418453125 0.1054184890625 0.6991557 0.10914921250000001 0.6779977203125 0.0495221796875 0.6674838656250001
0 0.0836505515625 0.5807844421875 0.07788488906249999 0.6134831375 0.10288977343750001 0.6178921734375 0.1086554359375 0.585193478125 0.0836505515625 0.5807844421875
0 0.06260405937499999 0.5651738484375 0.05819502343750001 0.5901787328125 0.09089371874999999 0.59594439375 0.0953027546875 0.570939509375 0.06260405937499999 0.5651738484375
0 0.0778185796875 0.543561703125 0.07510532812500001 0.558949325 0.0972250328125 0.562849625 0.09993828593750001 0.5474620046875 0.0778185796875 0.543561703125
0 0.0991159171875 0.5324425859375 0.094367725 0.559370921875 0.1251429671875 0.564797428125 0.1298911609375 0.537869090625 0.0991159171875 0.5324425859375
0 0.11854672031249999 0.523473415625 0.114476840625 0.546554846875 0.13467309375 0.5501159921875 0.1387429734375 0.527034559375 0.11854672031249999 0.523473415625
0 0.15351389375 0.5697999874999999 0.149783171875 0.5909579671875 0.1757497828125 0.59553658125 0.17948050468750001 0.5743786015625 0.15351389375 0.5697999874999999
0 0.248855940625 0.5127351109375 0.2412249171875 0.5560127953125 0.27007670781250004 0.56110014375 0.27770773125 0.517822459375 0.248855940625 0.5127351109375
0 0.23259373125 0.5262294984375 0.23005005625 0.54065539375 0.245437678125 0.5433686468750001 0.2479813515625 0.5289427515625 0.23259373125 0.5262294984375
0 0.22207400625 0.5437113250000001 0.21817370625 0.5658310296875 0.23644650625 0.5690530171875 0.24034680625 0.5469333125 0.22207400625 0.5437113250000001
0 0.1957089734375 0.5217089765625 0.190791203125 0.5495990390625 0.2196429921875 0.5546863875 0.22456076406249997 0.5267963250000001 0.1957089734375 0.5217089765625
0 0.1967044421875 0.5610537921875001 0.19399118906249999 0.5764414125 0.21514916875 0.5801721359374999 0.2178624203125 0.5647845140625 0.1967044421875 0.5610537921875001
0 0.18100436250000002 0.5488649828125001 0.17812153125000002 0.5652143296875 0.2021646890625 0.5694537875 0.2050475203125 0.5531044406250001 0.18100436250000002 0.5488649828125001
0 0.14524973593749999 0.5351232703125001 0.1398232296875 0.5658985125 0.1600194828125 0.5694596578125 0.16544598906250002 0.5386844156249999 0.14524973593749999 0.5351232703125001
0 0.16892234374999998 0.518969025 0.16349583750000002 0.5497442671874999 0.183692090625 0.5533054125 0.189118596875 0.5225301703125 0.16892234374999998 0.518969025
0 0.151720409375 0.48717866093750006 0.14900715625 0.5025662828125 0.1711268609375 0.5064665828125 0.1738401140625 0.49107896249999994 0.151720409375 0.48717866093750006
0 0.147960640625 0.5028775671875 0.145416965625 0.5173034624999999 0.1761922078125 0.5227299671875001 0.1787358828125 0.5083040734375001 0.147960640625 0.5028775671875
0 0.11646425468749999 0.59995735625 0.11290311093750001 0.620153609375 0.1340610890625 0.62388433125 0.137622234375 0.603688078125 0.11646425468749999 0.59995735625
0 0.0529703609375 0.44547148906249995 0.050935421875 0.45701220468750003 0.0711316734375 0.46057334843750003 0.0731666140625 0.44903263281249994 0.0529703609375 0.44547148906249995
0 0.0144699140625 0.4163712015625 0.0114175046875 0.43368227499999995 0.029690304687500002 0.4369042625 0.0327427140625 0.41959318906250004 0.0144699140625 0.4163712015625
0 0.0925821546875 0.330485928125 0.0864773359375 0.36510807500000003 0.12206120937500001 0.371382471875 0.128166028125 0.336760325 0.0925821546875 0.330485928125
0 0.089663234375 0.2908019546875 0.086441246875 0.3090747546875 0.09798196249999999 0.3111096953125 0.10120395 0.2928368953125 0.089663234375 0.2908019546875
0 0.044882823437500004 0.4604072921875 0.04267830625 0.47290973437500006 0.054219021874999995 0.47494467343749996 0.056423540625000004 0.46244223125 0.044882823437500004 0.4604072921875
0 0.10118664375 0.3716682328125 0.09881254843750001 0.3851324015625 0.11131499062500001 0.3873369203125 0.1136890859375 0.3738727515625 0.10118664375 0.3716682328125
0 0.1518421578125 0.345893203125 0.1482810140625 0.36608945625 0.176171078125 0.3710072265625 0.179732221875 0.3508109734375 0.1518421578125 0.345893203125
0 0.22566624218750003 0.3405652703125 0.2239704578125 0.350182534375 0.23935807968749997 0.3528957875 0.2410538625 0.3432785234375 0.22566624218750003 0.3405652703125
0 0.2264234734375 0.294092296875 0.224388534375 0.3056330125 0.2416996078125 0.30868542187500003 0.24373454843750003 0.29714470625 0.2264234734375 0.294092296875
0 0.25677007500000004 0.268206953125 0.25320893125 0.28840320625000004 0.267634825 0.29094688125 0.2711959703125 0.270750628125 0.25677007500000004 0.268206953125
0 0.2800536515625 0.302061303125 0.277849134375 0.3145637453125 0.2884281234375 0.31642910625 0.29063264218749996 0.3039266640625 0.2800536515625 0.302061303125
0 0.348074809375 0.26496970468750003 0.344174509375 0.287089409375 0.3701411203125 0.2916680234375 0.3740414203125 0.26954831874999996 0.348074809375 0.26496970468750003
0 0.40329045781249995 0.2836303609375 0.3992205796875 0.3067117921875 0.42518718906249997 0.31129040625000004 0.42925706874999997 0.288208975 0.40329045781249995 0.2836303609375
0 0.39455365468750003 0.30787214218750003 0.3918404015625 0.3232597640625 0.4168452859375 0.3276688 0.4195585390625 0.312281178125 0.39455365468750003 0.30787214218750003
0 0.38648929375 0.28612181406250004 0.38377604062500004 0.301509434375 0.402048840625 0.304731421875 0.40476209374999994 0.2893438015625 0.38648929375 0.28612181406250004
0 0.42784822031249997 0.3271298453125 0.4246262328125 0.3454026453125 0.4419373078125 0.3484550546875 0.4451592953125 0.3301822546875 0.42784822031249997 0.3271298453125
0 0.545959240625 0.264659290625 0.54290683125 0.2819703640625 0.559256178125 0.28485319531250003 0.5623085875 0.267542121875 0.545959240625 0.264659290625
0 0.5266619265625 0.2166334140625 0.523948675 0.232021034375 0.5508770109375 0.23676922656250002 0.5535902640625 0.22138160624999997 0.5266619265625 0.2166334140625
0 0.5742591625 0.1660242515625 0.5693413921875 0.19391431406249998 0.5991549078125 0.19917124218749999 0.604072678125 0.17128117812500002 0.5742591625 0.1660242515625
0 0.5694737062499999 0.1284902265625 0.5648950921875 0.1544568375 0.6004789671874999 0.160731234375 0.60505758125 0.1347646234375 0.5694737062499999 0.1284902265625
0 0.5159330140625 0.153756521875 0.5113544 0.17972313281250002 0.5382827359375 0.18447132500000002 0.54286135 0.1585047140625 0.5159330140625 0.153756521875
0 0.4636421546875 0.21692504375000002 0.46160721562499996 0.22846576093749998 0.47410965781250003 0.230670278125 0.47614459687500005 0.21912956249999999 0.4636421546875 0.21692504375000002
0 0.435604515625 0.1678538265625 0.43323042031250003 0.18131799531249998 0.45342667187499996 0.1848791390625 0.45580076875 0.1714149703125 0.435604515625 0.1678538265625
0 0.43545928749999996 0.1405584609375 0.4335939265625 0.15113745 0.4470580953125 0.153511546875 0.44892345625 0.14293255625 0.43545928749999996 0.1405584609375
0 0.4658906765625 0.11419225468750001 0.46199037656249997 0.136311959375 0.47930145 0.13936436875 0.4832017515625 0.1172446640625 0.4658906765625 0.11419225468750001
0 0.500429209375 0.1292069765625 0.49737679999999995 0.1465180515625 0.5156495999999999 0.1497400390625 0.518702009375 0.132428965625 0.500429209375 0.1292069765625
0 0.3439374484375 0.2097006609375 0.340376303125 0.22989691250000002 0.3644194609375 0.23413637031249998 0.36798060625 0.2139401171875 0.3439374484375 0.2097006609375
0 0.40007638593749995 0.1556394921875 0.3978718671875 0.168141934375 0.40652740468750004 0.1696681390625 0.408731921875 0.15716569687499998 0.40007638593749995 0.1556394921875
0 0.39336395468749996 0.0924791890625 0.3899723890625 0.1117137140625 0.409206915625 0.11510528125 0.41259848125 0.0958707546875 0.39336395468749996 0.0924791890625
0 0.380471309375 0.1318542234375 0.3735185984375 0.171285003125 0.394676578125 0.175015725 0.40162928750000004 0.135584946875 0.380471309375 0.1318542234375
0 0.0716342359375 0.21027600781250003 0.0665468875 0.239127796875 0.09539867656249999 0.24421514531250002 0.10048602499999999 0.21536335625 0.0716342359375 0.21027600781250003
0 0.0906352234375 0.161565946875 0.0836825125 0.20099672656249998 0.1211898390625 0.20761027968749998 0.12814255000000002 0.1681795015625 0.0906352234375 0.161565946875
0 0.110822084375 0.0976947625 0.10760009687500001 0.1159675625 0.12779635 0.11952870625 0.1310183375 0.10125590625 0.110822084375 0.0976947625
0 0.40917471718750004 0 0.4075516140625 0.009205071875 0.4229392359375 0.011918325 0.42504075781250006 0 0.40917471718750004 0
0 0.3389310640625 0.00751750625 0.334861184375 0.030598939062500004 0.3589043421875 0.034838396875 0.362974221875 0.0117569640625 0.3389310640625 0.00751750625
0 0.3100247046875 0.0167991359375 0.3045981984375 0.047574378125 0.33152653593750003 0.052322570312500004 0.336953040625 0.021547328125 0.3100247046875 0.0167991359375
0 0.300491359375 0.2114604046875 0.298286840625 0.22396284687499998 0.316559640625 0.22718483437499998 0.318764159375 0.2146823921875 0.300491359375 0.2114604046875
0 0.30430569687500003 0.181392521875 0.3022707578125 0.1929332375 0.31765837812500003 0.19564648906249998 0.31969331875 0.1841057734375 0.30430569687500003 0.181392521875
0 0.30676458281249996 0.1674474890625 0.3040513296875 0.1828351109375 0.31751549843750004 0.18520920624999998 0.32022875 0.16982158593750002 0.30676458281249996 0.1674474890625
0 0.28846508437499996 0.1756245109375 0.2862605671875 0.188126953125 0.303571640625 0.1911793625 0.3057761578125 0.1786769203125 0.28846508437499996 0.1756245109375
0 0.2343854359375 0.189887871875 0.22878935312499998 0.221624840625 0.2730287640625 0.2294254421875 0.278624846875 0.1976884734375 0.2343854359375 0.189887871875
0 0.2144679015625 0.1566270453125 0.20955012968750003 0.18451710937500002 0.2778327 0.19655716875 0.2827504703125 0.16866710468749999 0.2144679015625 0.1566270453125
0 0.2462559171875 0.122567028125 0.24015109843750002 0.1571891765625 0.28823741406250003 0.16566809062500001 0.2943422328125 0.13104594375 0.2462559171875 0.122567028125
0 0.30058875937499996 0.0984320375 0.2905836390625 0.155173890625 0.34155513437499996 0.164161540625 0.351560253125 0.1074196875 0.30058875937499996 0.0984320375
0 0.2762354890625 0.10157510624999999 0.2719960328125 0.1256182640625 0.2998860953125 0.130536034375 0.304125553125 0.10649287656249999 0.2762354890625 0.10157510624999999
0 0.283839815625 0.06969643125 0.278413309375 0.1004716734375 0.296686109375 0.10369366093750002 0.30211261562499997 0.07291841875 0.283839815625 0.06969643125
0 0.21021435624999998 0.079521709375 0.20800983906249998 0.0920241515625 0.2272443640625 0.0954157171875 0.2294488828125 0.082913275 0.21021435624999998 0.079521709375
0 0.264405490625 0.0533784765625 0.2618618171875 0.067804371875 0.28109634375 0.0711959375 0.2836400171875 0.05677004375 0.264405490625 0.0533784765625
0 0.264209215625 0.0657392125 0.2609872265625 0.0840120125 0.277336575 0.08689484374999999 0.2805585625 0.06862204375 0.264209215625 0.0657392125
0 0.22571346406249998 0.070355090625 0.22333936875 0.0838192578125 0.24065044218749998 0.0868716671875 0.24302453750000003 0.0734075 0.22571346406249998 0.070355090625
0 0.248564878125 0.0476104671875 0.24483415625 0.068768446875 0.25445141875 0.0704642296875 0.2581821421875 0.04930625 0.248564878125 0.0476104671875
0 0.2440420078125 0.0676371421875 0.24048086406250002 0.08783339375 0.25683021093749997 0.090716225 0.26039135468749997 0.070519971875 0.2440420078125 0.0676371421875
0 0.2275776515625 0.051347059375000004 0.2240165078125 0.0715433125 0.23651895 0.0737478296875 0.24008009375 0.0535515765625 0.2275776515625 0.051347059375000004
0 0.2534559515625 0.0311194125 0.251929746875 0.039774949999999996 0.261547009375 0.0414707328125 0.2630732140625 0.0328151953125 0.2534559515625 0.0311194125
0 0.2618535984375 0.008801084375 0.2582924546875 0.0289973359375 0.2823356125 0.03323679375 0.28589675625 0.013040540625 0.2618535984375 0.008801084375
0 0.2471745109375 0.016129040625 0.24530915000000003 0.026708029687500003 0.25492641250000003 0.028403812499999997 0.2567917734375 0.0178248234375 0.2471745109375 0.016129040625
0 0.216303159375 0 0.20845578593749997 0.0445046625 0.24692483906249998 0.05128779375 0.25596826093749997 0 0.216303159375 0
0 0.2819638890625 0.00441405 0.28026810625 0.0140313125 0.2956557265625 0.016744565625 0.297351509375 0.007127303125 0.2819638890625 0.00441405
0 0.28819615625 0 0.2878469078125 0.0019806890625 0.3041962546875 0.0048635203124999995 0.305053825 0 0.28819615625 0
0 0.1741589875 0 0.1696173578125 0.025756868750000002 0.1907753359375 0.029487590624999997 0.19597479375 0 0.1741589875 0
0 0.18010875312500002 0 0.1771682875 0.016676212500000002 0.1877472765625 0.0185415734375 0.1909692640625 0.0002687734375 0.1894449734375 0 0.18010875312500002 0
0 0.1600256171875 0.004233034375 0.157990678125 0.0157737515625 0.1685696671875 0.0176391125 0.1706046078125 0.006098396875 0.1600256171875 0.004233034375
0 0.159687634375 0.014585529687500001 0.15748311718750002 0.027087971875 0.1671003796875 0.028783754687500003 0.16930489843750002 0.0162813125 0.159687634375 0.014585529687500001
0 0.14093946562499998 0 0.1364668453125 0.025365490624999997 0.1576248234375 0.029096212500000003 0.1622034375 0.0031296015625 0.1444545828125 0 0.14093946562499998 0
0 0.08883469375 0.028370373437500002 0.08730848906250001 0.0370259109375 0.0959640265625 0.038552115625 0.09749023125 0.029896578125 0.08883469375 0.028370373437500002
0 0.11483387187500001 0.063695184375 0.11262935468749999 0.0761976265625 0.128016975 0.0789108796875 0.13022149375 0.0664084375 0.11483387187500001 0.063695184375
0 0.123031721875 0.028450467187500002 0.11964015624999999 0.04768499375 0.14368331406249998 0.051924451562499994 0.1470748796875 0.032689924999999995 0.123031721875 0.028450467187500002
0 0.1290854921875 0.0334844203125 0.127389709375 0.043101684375 0.140853878125 0.0454757796875 0.1425496609375 0.0358585171875 0.1290854921875 0.0334844203125
0 0.0991267484375 0.0009321281250000001 0.09760054375 0.009587665625 0.104332628125 0.0107747125 0.1058588328125 0.0021191765625 0.0991267484375 0.0009321281250000001
0 0.076535571875 0.06437936718750001 0.07331358437499999 0.0826521671875 0.09254811093750001 0.0860437328125 0.09577009843749999 0.06777093281249999 0.076535571875 0.06437936718750001
0 0.0729139875 0.0567993921875 0.0713877828125 0.065454928125 0.07908159375 0.0668115546875 0.0806077984375 0.05815601875 0.0729139875 0.0567993921875
0 0.06839698749999999 0.118971271875 0.059741449999999995 0.1174450671875 0.0424444640625 0.2155411515625 0.0511 0.21706735625 0.06839698749999999 0.118971271875
0 0.1683340828125 0.1539463609375 0.166468721875 0.16452535 0.1770477109375 0.1663907109375 0.17891307343750001 0.155811721875 0.1683340828125 0.1539463609375
0 0.7132180499999999 0.11466694531249999 0.709148171875 0.1377483765625 0.728382696875 0.14113994218749998 0.7324525765625001 0.1180585109375 0.7132180499999999 0.11466694531249999
0 0.704900496875 0.10278824687499999 0.7013393515625 0.12298449843749999 0.7167269734375 0.12569775156250002 0.7202881171875 0.10550149843750001 0.704900496875 0.10278824687499999
0 0.6773228921875 0.10734603281249999 0.6741009046875 0.1256188328125 0.7010292406249999 0.130367025 0.704251228125 0.11209422499999999 0.6773228921875 0.10734603281249999
0 0.693362128125 0.11761138906249999 0.6889530921875 0.1426162734375 0.7072258921875 0.14583826093750002 0.711634928125 0.1208333765625 0.693362128125 0.11761138906249999
0 0.8075845859375 0.1615509515625 0.80215808125 0.19232619374999999 0.83004814375 0.1972439640625 0.8354746499999999 0.166468721875 0.8075845859375 0.1615509515625
0 0.79817064375 0.1980686796875 0.7949486546875 0.2163414796875 0.81418318125 0.2197330453125 0.81740516875 0.2014602453125 0.79817064375 0.1980686796875
0 0.7719229671875001 0.2063316640625 0.7678530875 0.22941309687500003 0.796704878125 0.2345004453125 0.80077475625 0.2114190140625 0.7719229671875001 0.2063316640625
0 0.734076484375 0.2016415640625 0.72814124375 0.235301984375 0.7666102968749999 0.24208511718749998 0.7725455375 0.20842469531250002 0.734076484375 0.2016415640625
0 0.7423869953125 0.162946015625 0.7369604890625 0.1937212578125 0.7658122781250001 0.19880860625000002 0.771238784375 0.1680333640625 0.7423869953125 0.162946015625
0 0.7784784296875 0.1579061921875 0.7720344546875 0.1944517921875 0.7970393390625 0.198860828125 0.8034833140625001 0.16231522812500002 0.7784784296875 0.1579061921875
0 0.7480549546875 0.0380087296875 0.7458504359375 0.050511171875000004 0.7593146046875 0.052885268750000006 0.7615191234375 0.0403828265625 0.7480549546875 0.0380087296875
0 0.5772091734375 0.0227584234375 0.572121825 0.051610212499999995 0.6173229609375 0.0595803921875 0.6224103109375 0.030728603124999997 0.5772091734375 0.0227584234375
0 0 0.5873545859375 0.016530681250000002 0.590269390625 0.0190743546875 0.5758434968749999 0 0.572480171875 0 0.5873545859375
0 0.017953615625 0.6524970156250001 0.0159186765625 0.66403773125 0.026497665625 0.6659030921875 0.02853260625 0.6543623765625 0.017953615625 0.6524970156250001
0 0 0.6562727015625 0.033115915625 0.6621119296875 0.0458342875 0.58998245625 0 0.581900634375 0 0.6562727015625
0 0.043797 0.5846650890625 0.03769218125 0.6192872375 0.06365879218750001 0.6238658515625 0.0697636109375 0.589243703125 0.043797 0.5846650890625
0 0.0913525796875 0.6411443578125 0.08626523124999999 0.669996146875 0.1016528515625 0.6727094 0.1067402 0.6438576109375 0.0913525796875 0.6411443578125
0 0.05316576562500001 0.62994866875 0.0490958859375 0.6530301 0.0712155921875 0.6569304 0.075285471875 0.63384896875 0.05316576562500001 0.62994866875
0 0.0491457609375 0.6049449578125 0.0432105203125 0.6386053781250001 0.1066844578125 0.649797546875 0.112619696875 0.6161371250000001 0.0491457609375 0.6049449578125
0 0.055543384375000004 0.6417716234374999 0.0511343484375 0.6667765078125 0.0905651265625 0.6737292171875 0.0949741625 0.6487243328125001 0.055543384375000004 0.6417716234374999
0 0.8115655859375 0.51576813125 0.80936106875 0.5282705734375 0.8228252375 0.53064466875 0.8250297546875001 0.5181422265625 0.8115655859375 0.51576813125
0 0.2000892671875 0.6965119750000001 0.19822390625 0.7070909640624999 0.209764621875 0.7091259046875 0.21162998281249998 0.6985469140625 0.2000892671875 0.6965119750000001