0 0 0.5482621140624999 0.0075623984374999995 0.5576008984375 0.025776757812500002 0.5428512015625 0.006725065625 0.519324321875 0 0.5247701734375 0 0.5482621140624999
0 0 0.60393604375 0.0203982765625 0.5874178453125001 0 0.5622280703125 0 0.60393604375
0 0.05467609531249999 0.670869415625 0.065123796875 0.683771253125 0.08106136093750001 0.67086526875 0.070613659375 0.65796343125 0.05467609531249999 0.670869415625
0 0.08299374375 0.66238915 0.0952851578125 0.67756778125 0.10894592656249999 0.6665055093750001 0.0966545125 0.6513268765625 0.08299374375 0.66238915
0 0.138036921875 0.6341518765624999 0.1534011890625 0.6531251671875 0.170856615625 0.638990040625 0.15549234843749998 0.6200167515625 0.138036921875 0.6341518765624999
0 0.1346979578125 0.5470087359375 0.1512913671875 0.5674998890625 0.161157478125 0.5595104703125 0.14456406875 0.5390193171875 0.1346979578125 0.5470087359375
0 0.08668314218749999 0.5645281468750001 0.1075785453125 0.590331821875 0.1265518359375 0.5749675546875 0.10565643124999999 0.5491638796875 0.08668314218749999 0.5645281468750001
0 0.09941998125 0.5391348453125 0.11539881874999999 0.5588670671875 0.149550740625 0.5312113859375 0.133571903125 0.5114791640624999 0.09941998125 0.5391348453125
0 0.0018250890624999998 0.6187939296875 0.025178776562499998 0.64763333125 0.05098245 0.6267379281250001 0.0276287640625 0.5978985265625 0.0018250890624999998 0.6187939296875
0 0.11599699999999999 0.685299384375 0.119069853125 0.6890940421875 0.12286451093749999 0.6860211890625 0.11979165781250001 0.68222653125 0.11599699999999999 0.685299384375
0 0.09607302031250001 0.7460428453125 0.1138955703125 0.7680518609375 0.13666351875 0.749614740625 0.11884096875000001 0.7276057234375 0.09607302031250001 0.7460428453125
0 0.0362138921875 0.2585754265625 0.060182148437500006 0.288173759375 0.08750368593749999 0.26604921406250004 0.0635354296875 0.23645088125 0.0362138921875 0.2585754265625
0 0.1609819125 0.24738725625 0.172044184375 0.261048025 0.1948121328125 0.24261090468750002 0.1837498609375 0.2289501359375 0.1609819125 0.24738725625
0 0.23578861562500003 0.6322750859374999 0.2431634640625 0.641382265625 0.2484759859375 0.6370802703125 0.2411011375 0.6279730906250001 0.23578861562500003 0.6322750859374999
0 0.300013128125 0.4935616234375 0.317835678125 0.5155706390625 0.33832683124999996 0.49897723125000004 0.32050428124999997 0.4769682140625 0.300013128125 0.4935616234375
0 0.3061897421875 0.46782598125 0.3092625953125 0.47162063906249996 0.31457511562499996 0.4673186453125 0.3115022625 0.4635239859375 0.3061897421875 0.46782598125
0 0.23339619374999998 0.4733674859375 0.2413856125 0.483233596875 0.25352851875 0.473400465625 0.24553909843750002 0.46353435468750004 0.23339619374999998 0.4733674859375
0 0.2074955546875 0.452245271875 0.21487040156249998 0.46135245156250004 0.22777223906250002 0.45090475 0.220397390625 0.4417975703125 0.2074955546875 0.452245271875
0 0.19467004375000002 0.4883914890625 0.213107165625 0.5111594359375 0.2305625921875 0.4970243109375 0.212125471875 0.4742563625 0.19467004375000002 0.4883914890625
0 0.179349125 0.5152490375000001 0.1848802609375 0.522079421875 0.18867491875 0.51900656875 0.1831437828125 0.512176184375 0.179349125 0.5152490375000001
0 0.1323551046875 0.47350987343749995 0.14034452343749998 0.48337598281250005 0.1540052921875 0.4723137109375 0.1460158734375 0.46244759999999996 0.1323551046875 0.47350987343749995
0 0.16108105 0.41820473125 0.1721433234375 0.43186549999999996 0.196429134375 0.4121992375 0.18536686093750002 0.39853846875 0.16108105 0.41820473125
0 0.1616687625 0.3630666609375 0.166585328125 0.36913811406249997 0.17113891875 0.365450690625 0.166222353125 0.3593792375 0.1616687625 0.3630666609375
0 0.3807713109375 0.4551818609375 0.393062725 0.4703604921875 0.401410971875 0.463600215625 0.389119559375 0.44842158281250005 0.3807713109375 0.4551818609375
0 0.2740112765625 0.2884293015625 0.276469559375 0.291465028125 0.28329994375 0.2859338921875 0.2808416609375 0.282898165625 0.2740112765625 0.2884293015625
0 0.3094975015625 0.24147240781249998 0.311955784375 0.24450813437500002 0.3165093734375 0.24082071093750002 0.314051090625 0.237784984375 0.3094975015625 0.24147240781249998
0 0.2925101109375 0.1289401109375 0.298041246875 0.13577049531250002 0.3056305625 0.1296247890625 0.3000994265625 0.1227944046875 0.2925101109375 0.1289401109375
0 0.27369145 0.09328681562499999 0.27983715781249996 0.10087613124999999 0.282872884375 0.0984178484375 0.2767271765625 0.0908285328125 0.27369145 0.09328681562499999
0 0.4201261484375 0.070836321875 0.4379486984375 0.0928453390625 0.46906489375 0.067647940625 0.45124234375 0.0456389234375 0.4201261484375 0.070836321875
0 0.42465287968750004 0.011251896875 0.4314131578125 0.01960014375 0.44127926874999995 0.011610724999999999 0.434518990625 0.003262478125 0.42465287968750004 0.011251896875
0 0.4742385984375 0 0.472939928125 0.0010516421874999999 0.49629361406249994 0.029891043750000002 0.510713315625 0.0182142 0.49596374687499994 0 0.4742385984375 0
0 0.545207675 0.0996055171875 0.5642593671875 0.123132396875 0.5915809046875 0.1010078515625 0.5725292125 0.077480971875 0.545207675 0.0996055171875
0 0.5807598578125 0.0123839734375 0.5856764234375 0.0184554265625 0.595542534375 0.0104660078125 0.5906259687500001 0.0043945546875 0.5807598578125 0.0123839734375
0 0.7877504078124999 0.081007346875 0.7976165171875 0.0730179265625 0.7853251046875 0.057839295312500004 0.7754589937499999 0.0658287140625 0.7877504078124999 0.081007346875
0 1 0.599633340625 0.9835367937499999 0.61296498125 1 0.633295346875 1 0.599633340625
0 0.9339607671874999 0.5858826968749999 0.9579290234375 0.6154810296875 0.969312996875 0.60626246875 0.945344740625 0.5766641359375 0.9339607671874999 0.5858826968749999
0 0.9328778609375 0.364969515625 0.9420964218749999 0.3763534890625 0.9527214640624999 0.3677495 0.943502903125 0.356365525 0.9328778609375 0.364969515625
0 0.8945043187499999 0.32378923125000003 0.9086394453125 0.3412446578125 0.9283716671875 0.3252658203125 0.914236540625 0.3078103921875 0.8945043187499999 0.32378923125000003
0 0.8251652640625 0.461617965625 0.8472898093750001 0.488939503125 0.876129209375 0.465585815625 0.8540046640625001 0.438264278125 0.8251652640625 0.461617965625
0 0.831968690625 0.284582603125 0.849791240625 0.3065916203125 0.8718002578125 0.2887690703125 0.85397770625 0.266760053125 0.831968690625 0.284582603125
0 0.8206651921875 0.34588494375 0.8477063015624999 0.379277934375 0.891724334375 0.34363283437500003 0.8646832249999999 0.31023984375 0.8206651921875 0.34588494375
0 0.7294324484375 0.3154658671875 0.7349635859375 0.32229625156249997 0.7433118328125 0.3155359734375 0.737780696875 0.3087055890625 0.7294324484375 0.3154658671875
0 0.717376140625 0.3013534515625 0.7247509890625 0.31046063125 0.7467600046875 0.29263808125 0.73938515625 0.2835309015625 0.717376140625 0.3013534515625
0 0.638185190625 0.1926983625 0.67874685625 0.24278784843749998 0.71745236875 0.2114447421875 0.676890703125 0.16135525625 0.638185190625 0.1926983625
0 0.6188055765625 0.1524729125 0.6212638593750001 0.1555086390625 0.6235406546875 0.15366492812500002 0.621082371875 0.15062920156249998 0.6188055765625 0.1524729125
0 0.5573486062499999 0.1921869765625 0.5733274453125 0.2119191984375 0.5930596671874999 0.1959403609375 0.577080828125 0.1762081390625 0.5573486062499999 0.1921869765625
0 0.549598440625 0.20977234843749998 0.5520567234375 0.212808075 0.55585138125 0.20973522187500002 0.5533930984375 0.2066994953125 0.549598440625 0.20977234843749998
0 0.8517816859374999 0.6675092171875 0.8591565343750001 0.676616396875 0.8712994390625 0.666783265625 0.863924590625 0.6576760859374999 0.8517816859374999 0.6675092171875
0 0.778559103125 0.5879492703125 0.7951525109375 0.6084404234375 0.8255097749999999 0.5838575953125 0.8089163671874999 0.5633664421875 0.778559103125 0.5879492703125
0 0.71682160625 0.5675736453125 0.7401752921875 0.596413046875 0.7591485828125 0.5810487796875 0.735794896875 0.5522093781249999 0.71682160625 0.5675736453125
0 0.759317828125 0.7379868703125 0.7679218171875 0.7486119125 0.7823415171875 0.73693506875 0.7737375281250001 0.7263100265625 0.759317828125 0.7379868703125
0 0.6170798640624999 0.6709617359375 0.6226110015625 0.6777921203124999 0.63323604375 0.66918813125 0.6277049078125 0.6623577468749999 0.6170798640624999 0.6709617359375
0 0.671986678125 0.350046825 0.6793615265625 0.359154003125 0.683915115625 0.3554665796875 0.67654026875 0.3463594 0.671986678125 0.350046825
0 0.5668559890625 0.3164311703125 0.6006573765625001 0.358172409375 0.6332914359374999 0.33174586875 0.599490046875 0.29000463125 0.5668559890625 0.3164311703125
0 0.5429661328125001 0.32572398593749996 0.5509555515625 0.33559009687499997 0.56158059375 0.32698610625 0.553591175 0.3171199953125 0.5429661328125001 0.32572398593749996
0 0.5110022359374999 0.24668164374999998 0.5300539265624999 0.2702085234375 0.5505450796875 0.2536151140625 0.5314933890625 0.230088234375 0.5110022359374999 0.24668164374999998
0 0.494761534375 0.285593428125 0.51750065 0.313673896875 0.54558111875 0.29093478125 0.522842003125 0.2628543125 0.494761534375 0.285593428125
0 0.49662795624999995 0.31738195937499997 0.5107630828125 0.3348373859375 0.528218509375 0.320702259375 0.514083384375 0.3032468328125 0.49662795624999995 0.31738195937499997
0 0.5270471328124999 0.341756440625 0.529505415625 0.3447921671875 0.5333000734375 0.3417193125 0.530841790625 0.3386835875 0.5270471328124999 0.341756440625
0 0.535075753125 0.37106812499999997 0.547367165625 0.38624675625 0.559510071875 0.376413625 0.5472186578125 0.36123499375 0.535075753125 0.37106812499999997
0 0.5485983812499999 0.40095725312499997 0.5621189359375001 0.4176537484375 0.5795743640625 0.403518621875 0.5660538078124999 0.3868221265625 0.5485983812499999 0.40095725312499997
0 0.509919628125 0.3725901359375 0.513607053125 0.377143725 0.5196785046875 0.372227159375 0.5159910812499999 0.3676735703125 0.509919628125 0.3725901359375
0 0.7741727843749999 0.8509893765625 0.7827767734375 0.86161441875 0.79947326875 0.8480938640625 0.7908692796875 0.837468821875 0.7741727843749999 0.8509893765625
0 0.5496584765625 0.4767514734375 0.5711684515625 0.5033140796875 0.5840702890625 0.492866378125 0.5625603140625001 0.466303771875 0.5496584765625 0.4767514734375
0 0.60858715625 0.5634882921875 0.6325554140625 0.5930866234375001 0.6538054984375 0.5758786453125 0.6298372421875 0.5462803125 0.60858715625 0.5634882921875
0 0.5449894578125 0.550902034375 0.57203056875 0.5842950250000001 0.591003859375 0.5689307578125 0.5639627484374999 0.5355377671875 0.5449894578125 0.550902034375
0 0.5384973640624999 0.639094903125 0.55754905625 0.6626217828125001 0.5825937984375 0.64234095 0.5635421078125 0.6188140703125 0.5384973640624999 0.639094903125
0 0.42134541875 0.5844271421875 0.4416262515625 0.6094718859375 0.46894778906249995 0.5873473406249999 0.44866695625 0.5623025984375001 0.42134541875 0.5844271421875
0 0.4186190515625 0.6004575234375 0.44504559062500004 0.6330915828125 0.45946529218750004 0.6214147390625 0.43303875156249994 0.58878068125 0.4186190515625 0.6004575234375
0 0.39482408750000003 0.6385753234375 0.4052717890625 0.6514771609375 0.41893255781249994 0.6404148875 0.40848485625000003 0.62751305 0.39482408750000003 0.6385753234375
0 0.49893605625 0.7446421859375 0.519831459375 0.7704458609375 0.5372868859375 0.756310734375 0.5163914828125 0.730507059375 0.49893605625 0.7446421859375
0 0.4562543984375 0.7741787062500001 0.46977495312500006 0.7908752015625 0.48950717499999996 0.7748963640625 0.4759866203125 0.75819986875 0.4562543984375 0.7741787062500001
0 0.46105336093749993 0.7219134390625 0.4727302046875 0.7363331390625001 0.4856320421875 0.7258854375 0.4739551984375 0.7114657375 0.46105336093749993 0.7219134390625
0 0.6045823765625 0.8394137453124999 0.6138009375 0.85079771875 0.621390253125 0.8446520124999999 0.6121716937499999 0.8332680375000001 0.6045823765625 0.8394137453124999
0 0.46225584375000006 0.8987487484375001 0.48868238281250004 0.9313828078125 0.5296646890625001 0.8981959906249999 0.5032381499999999 0.86556193125 0.46225584375000006 0.8987487484375001
0 0.37646141875 0.8595277046875 0.39305482812500003 0.8800188578125001 0.42568888749999995 0.85359231875 0.40909547812499997 0.833101165625 0.37646141875 0.8595277046875
0 0.35657861562500004 0.837302146875 0.366411746875 0.849445053125 0.380072515625 0.8383827796875 0.370239384375 0.826239875 0.35657861562500004 0.837302146875
0 0.25690688125 0.8112036296875 0.2710420078125 0.82865905625 0.2998814078125 0.8053053703125 0.28574628281250003 0.7878499437500001 0.25690688125 0.8112036296875
0 0.2208843890625 0.7806855140625 0.22887380781250002 0.790551625 0.24025778281250001 0.7813330656249999 0.2322683625 0.7714669546875 0.2208843890625 0.7806855140625
0 0.211626728125 0.865463190625 0.21715786406249998 0.8722935749999999 0.2232293171875 0.8673770093750001 0.2176981796875 0.8605466249999999 0.211626728125 0.865463190625
0 0.1698152828125 0.7975367390625 0.188866975 0.82106361875 0.21163492343749998 0.8026264984375 0.19258323125000001 0.77909961875 0.1698152828125 0.7975367390625