0 0.581801003125 0.294778221875 0.5567961203125 0.2903691859375 0.552726240625 0.3134506171875 0.577731125 0.31785965312500003 0.581801003125 0.294778221875
0 0.468942215625 0.2937190953125 0.44489905781249994 0.2894796375 0.440829178125 0.3125610703125 0.46487233593750005 0.31680052812500004 0.468942215625 0.2937190953125
0 0.41338975937500005 0.2938399734375 0.391270053125 0.2899396734375 0.3888959578125 0.3034038421875 0.4110156625 0.3073041421875 0.41338975937500005 0.2938399734375
0 0.45011902499999995 0.40047071718750005 0.43280795000000005 0.3974183078125 0.4304338546875 0.4108824765625 0.447744928125 0.41393488593749994 0.45011902499999995 0.40047071718750005
0 0.37838445 0.37988895624999997 0.35530301875000003 0.3758190765625 0.351741875 0.39601532968750003 0.37482330625000004 0.400085209375 0.37838445 0.37988895624999997
0 0.3560881234375 0.326376134375 0.33877704999999997 0.323323725 0.336742109375 0.334864440625 0.3540531828125 0.33791685 0.3560881234375 0.326376134375
0 0.28995902500000004 0.34148973437499996 0.2688010453125 0.3377590109375 0.2652399015625 0.3579552640625 0.2863978796875 0.3616859875 0.28995902500000004 0.34148973437499996
0 0.300519534375 0.4137573921875 0.278399828125 0.4098570921875 0.27483868437500003 0.43005334531250006 0.2969583890625 0.43395364531249997 0.300519534375 0.4137573921875
0 0.338129259375 0.5463257015625 0.3102391953125 0.5414079296875001 0.305830159375 0.5664128140625 0.33372022343749996 0.5713305859375 0.338129259375 0.5463257015625
0 0.3456558390625 0.5655021359375 0.3168040484375 0.5604147875 0.3127341703125 0.58349621875 0.341585959375 0.5885835671875 0.3456558390625 0.5655021359375
0 0.5606248468749999 0.5667167531249999 0.546198953125 0.564173078125 0.54382485625 0.577637246875 0.5582507515625 0.580180921875 0.5606248468749999 0.5667167531249999
0 0.5302515484375 0.6040011062499999 0.5177491062499999 0.6017965875 0.514696696875 0.6191076609375 0.5271991390624999 0.6213121796875 0.5302515484375 0.6040011062499999
0 0.6280689171875 0.6509977734375 0.5982554 0.6457408453125 0.5933376296875 0.673630909375 0.6231511453125 0.6788878359375 0.6280689171875 0.6509977734375
0 0.6443578249999999 0.6261043749999999 0.6203146671875001 0.6218649187499999 0.6169231 0.6410994453125001 0.6409662593750001 0.6453389015625 0.6443578249999999 0.6261043749999999
0 0.6028850625 0.5801181343749999 0.5807653562499999 0.5762178328124999 0.5772042125 0.5964140859375 0.59932391875 0.6003143875 0.6028850625 0.5801181343749999
0 0.611654434375 0.5866225484375 0.5885730015624999 0.5825526703125 0.5850118578125 0.6027489218750001 0.6080932890625 0.6068188015625 0.611654434375 0.5866225484375
0 0.7017686000000001 0.5648302609375 0.681572346875 0.561269115625 0.6785199375000001 0.578580190625 0.698716190625 0.5821413343749999 0.7017686000000001 0.5648302609375
0 0.4540568921875 0.6480803296875 0.42905200781249997 0.64367129375 0.42515170625 0.665791 0.45015659062499996 0.670200034375 0.4540568921875 0.6480803296875
0 0.37717218125 0.611716046875 0.35409075 0.60764616875 0.351038340625 0.6249572421875 0.374119771875 0.6290271203125 0.37717218125 0.611716046875
0 0.41727422968749994 0.5642476046875 0.401886609375 0.5615343515625 0.399003778125 0.5778837 0.41439139843749995 0.5805969531249999 0.41727422968749994 0.5642476046875
0 0.49556191875 0.5195458109375 0.47728911875 0.5163238234375 0.474575865625 0.5317114453125 0.49284866562499996 0.5349334328124999 0.49556191875 0.5195458109375
0 0.345223978125 0.7141701203124999 0.3192573671875 0.70959150625 0.3150179109375 0.7336346640625 0.34098452031250004 0.738213278125 0.345223978125 0.7141701203124999
0 0.231505559375 0.6336292140625 0.213232759375 0.6304072265625 0.21018035 0.6477183 0.22845315 0.6509402875 0.231505559375 0.6336292140625
0 0.24037702656249998 0.5608214265625 0.2086400578125 0.5552253421875 0.204570178125 0.5783067749999999 0.23630714687499998 0.5839028578125001 0.24037702656249998 0.5608214265625
0 0.22057919531249998 0.5746840171875001 0.19653603749999998 0.570444559375 0.19331405 0.588717359375 0.21735720781249998 0.5929568171875 0.22057919531249998 0.5746840171875001
0 0.22521003125 0.5174903468750001 0.20501377812500002 0.5139292015625 0.20263968281250003 0.5273933703125 0.22283593437500002 0.530954515625 0.22521003125 0.5174903468750001
0 0.2119931859375 0.4630994140625 0.1956438390625 0.4602165828125 0.1929305859375 0.4756042046875 0.20927993437499998 0.47848703437499995 0.2119931859375 0.4630994140625
0 0.14756808906250002 0.5275990390625 0.1283335625 0.5242074718749999 0.125111575 0.5424802718749999 0.1443461 0.5458718390625 0.14756808906250002 0.5275990390625
0 0.1209208171875 0.5100092468749999 0.10457146875000001 0.5071264156249999 0.1027061078125 0.5177054062499999 0.1190554546875 0.5205882374999999 0.1209208171875 0.5100092468749999
0 0.176269953125 0.4716748578125 0.1628057859375 0.4693007609375 0.1602621109375 0.48372665625 0.1737262796875 0.48610075156250004 0.176269953125 0.4716748578125
0 0.270826896875 0.464052921875 0.25928618124999997 0.4620179828125 0.25742081875 0.472596971875 0.268961534375 0.47463191250000003 0.270826896875 0.464052921875
0 0.1494578 0.4887629578125 0.1282998203125 0.48503223437500004 0.12372120625000001 0.5109988453125001 0.1448791859375 0.5147295671875 0.1494578 0.4887629578125
0 0.1374397421875 0.5119303515625 0.118205215625 0.5085387859375 0.11481364999999999 0.5277733125 0.1340481765625 0.531164878125 0.1374397421875 0.5119303515625
0 0.12472841406249999 0.6346340734375 0.10068525625 0.630394615625 0.0966153765625 0.653476046875 0.120658534375 0.6577155046875001 0.12472841406249999 0.6346340734375
0 0.10346599062499999 0.6933574703125001 0.0765376546875 0.6886092781250001 0.0717894625 0.7155376140625 0.0987177984375 0.7202858078125 0.10346599062499999 0.6933574703125001
0 0.080045403125 0.69121104375 0.058887423437499996 0.6874803218750001 0.05668290625 0.6999827640625 0.077840884375 0.7037134859374999 0.080045403125 0.69121104375
0 0.06364618125 0.7364133546875 0.0482585609375 0.7337001015625 0.045884464062500005 0.7471642703125 0.0612720859375 0.7498775234374999 0.06364618125 0.7364133546875
0 0.1371903734375 0.7523560625 0.1198793 0.7493036531249999 0.1161485765625 0.7704616328125 0.1334596515625 0.7735140421875 0.1371903734375 0.7523560625
0 0.2026179828125 0.7777755015625 0.18242172968749998 0.77421435625 0.1786910078125 0.7953723359375 0.1988872609375 0.7989334796875001 0.2026179828125 0.7777755015625
0 0.1393171453125 0.7909087312499999 0.126814703125 0.7887042125 0.1249493421875 0.799283203125 0.137451784375 0.8014877203124999 0.1393171453125 0.7909087312499999
0 0.1551298875 0.7996467093749999 0.1387805390625 0.7967638781249999 0.13640644375 0.8102280468749999 0.152755790625 0.8131108781249999 0.1551298875 0.7996467093749999
0 0.154452746875 0.8119226546875 0.13810340000000002 0.8090398249999999 0.1357293046875 0.8225039921875 0.1520786515625 0.8253868234375 0.154452746875 0.8119226546875
0 0.2590555953125 0.837308353125 0.24174452031250002 0.83425594375 0.23886169062499998 0.850605290625 0.2561727640625 0.8536577 0.2590555953125 0.837308353125
0 0.30956001093749996 0.7420927515625 0.2864785796875 0.7380228718749999 0.282239121875 0.7620660296875 0.305320553125 0.766135909375 0.30956001093749996 0.7420927515625
0 0.3655619375 0.71973950625 0.3472891375 0.71651751875 0.34440630625 0.7328668656249999 0.36267910625 0.7360888531249999 0.3655619375 0.71973950625
0 0.354052615625 0.740021721875 0.340588446875 0.7376476249999999 0.33889266406249996 0.7472648890625 0.3523568328125 0.749638984375 0.354052615625 0.740021721875
0 0.09381176718749999 0.8324662828125 0.074577240625 0.8290747156249999 0.07084651875 0.8502326953124999 0.0900810453125 0.8536242609375 0.09381176718749999 0.8324662828125
0 0.08097134218749999 0.8406142578125 0.0626985421875 0.8373922703125001 0.0594765546875 0.8556650703124999 0.07774935468750001 0.8588870578125001 0.08097134218749999 0.8406142578125
0 0.0950325578125 0.8649094359375 0.08060666250000001 0.8623657609375 0.0780629875 0.87679165625 0.09248888281249999 0.8793353312500001 0.0950325578125 0.8649094359375
0 0.081314021875 0.8639779296875 0.06977330625 0.8619429890625 0.06722963125 0.8763688843749999 0.078770346875 0.8784038234375 0.081314021875 0.8639779296875
0 0.0834627953125 0.8574154234375 0.0719220796875 0.8553804843749999 0.069887140625 0.8669212 0.08142785625 0.8689561390625 0.0834627953125 0.8574154234375
0 0.1940974125 0.932950246875 0.1905362671875 0.9531465000000001 0.211694246875 0.9568772234375 0.21525539062500001 0.9366809703125 0.1940974125 0.932950246875
0 0.22408050624999998 0.9372454484375 0.2106163375 0.934871353125 0.2082422421875 0.9483355203125001 0.221706409375 0.9507096171875 0.22408050624999998 0.9372454484375
0 0.298606078125 0.8913844781250001 0.28706536250000003 0.8893495390625 0.28520000156249997 0.899928528125 0.2967407171875 0.90196346875 0.298606078125 0.8913844781250001
0 0.3167383453125 0.901027265625 0.30615935625 0.8991619046875 0.3046331515625 0.9078174406249999 0.315212140625 0.909682803125 0.3167383453125 0.901027265625
0 0.3988289359375 0.9472341328124999 0.38440304062499997 0.9446904578125 0.3823681015625 0.9562311749999999 0.396793996875 0.9587748484375 0.3988289359375 0.9472341328124999
0 0.5647801218749999 0.9536883703125 0.54458386875 0.9501272265624999 0.5413618812500001 0.9684000265625 0.561558134375 0.9719611703125001 0.5647801218749999 0.9536883703125
0 0.5858230921875001 0.9440118421875001 0.5694737453125 0.9411290109375001 0.5669300703125 0.9555549062500001 0.5832794171875 0.9584377375 0.5858230921875001 0.9440118421875001
0 0.5724181890625 0.9609849328125 0.5589540203125 0.9586108375 0.5560711890625 0.974960184375 0.5695353578125 0.9773342812499999 0.5724181890625 0.9609849328125
0 0.5110581109375001 0.89562598125 0.4975939421875 0.8932518843749999 0.49521984531249996 0.906716053125 0.5086840140625 0.9090901499999999 0.5110581109375001 0.89562598125
0 0.5192897015625 0.8995565015625001 0.5096724390625 0.89786071875 0.5076374984375 0.9094014343750001 0.5172547625 0.9110972171875 0.5192897015625 0.8995565015625001
0 0.418706859375 0.8991745140624999 0.40428096562500004 0.8966308406250001 0.4015677125 0.9120184609375 0.4159936078125 0.9145621359374999 0.418706859375 0.8991745140624999
0 0.441331778125 0.8749025125 0.4220972515625 0.8715109468750001 0.41887526406250003 0.889783746875 0.438109790625 0.8931753125 0.441331778125 0.8749025125
0 0.46039555312499997 0.8708267640624999 0.43635239531250003 0.8665873062499999 0.43194335937500006 0.8915921906250001 0.4559865171875 0.8958316484375001 0.46039555312499997 0.8708267640624999
0 0.4586950734375 0.8467278625000001 0.44234572656250004 0.8438450312500001 0.4399716296875 0.8573092000000001 0.45632097812500005 0.8601920312500001 0.4586950734375 0.8467278625000001
0 0.5784508296875 0.8142961453125 0.5438286812500001 0.8081913265624999 0.5402675375 0.8283875796875 0.574889684375 0.8344923984375001 0.5784508296875 0.8142961453125
0 0.532406496875 0.8448507624999999 0.5160571484375 0.8419679312499999 0.514022209375 0.853508646875 0.53037155625 0.856391478125 0.532406496875 0.8448507624999999
0 0.6144598218749999 0.82659526875 0.6009956546875 0.8242211718749999 0.5986215578125 0.837685340625 0.6120857265625 0.8400594359375001 0.6144598218749999 0.82659526875
0 0.6790591953125 0.79485008125 0.66944193125 0.7931542984375 0.6677461484375 0.8027715625 0.6773634109375 0.8044673453125 0.6790591953125 0.79485008125
0 0.6620849296875 0.7730161375 0.6524676656249999 0.7713203546875 0.651111040625 0.779014165625 0.660728303125 0.7807099484375 0.6620849296875 0.7730161375
0 0.6251828671874999 0.8473269531250001 0.597292803125 0.8424091828125 0.5918662968749999 0.873184425 0.6197563609375 0.8781021953125 0.6251828671874999 0.8473269531250001
0 0.44952493281250006 0.80594163125 0.433175584375 0.8030588 0.4306319109375 0.8174846953125 0.44698125781250003 0.8203675265625 0.44952493281250006 0.80594163125
0 0.4703158828125 0.8145657749999999 0.45108135625 0.8111742078124999 0.44802894687499994 0.8284852828125 0.4672634734375 0.8318768484374999 0.4703158828125 0.8145657749999999
0 0.45999008750000003 0.8028287828125 0.4436407390625 0.7999459515625 0.4407579078125 0.8162952984375 0.45710725625000004 0.8191781296875 0.45999008750000003 0.8028287828125
0 0.43559720625000004 0.72465140625 0.4202095859375 0.7219381546875 0.41732675468749997 0.7382875015625 0.4327143765625 0.7410007546874999 0.43559720625000004 0.72465140625
0 0.426970715625 0.728584275 0.4048510109375 0.724683975 0.40179860156249997 0.7419950484375 0.42391830625000004 0.7458953484374999 0.426970715625 0.728584275
0 0.42122705624999995 0.716167796875 0.4077628875 0.7137937 0.40521921250000004 0.7282195953125 0.41868338125 0.730593690625 0.42122705624999995 0.716167796875
0 0.659287759375 0.59204670625 0.652555675 0.5908596578124999 0.6510294703125 0.5995151953125 0.6577615546875 0.60070224375 0.659287759375 0.59204670625
0 0.520428921875 0.7525006859375 0.4838833203125 0.746056709375 0.4776089234375 0.7816405843750001 0.5141545234375 0.788084559375 0.520428921875 0.7525006859375
0 0.5340567984375 0.7117678484375001 0.5138605453125 0.7082067046875 0.5101298234375 0.729364684375 0.530326075 0.732925828125 0.5340567984375 0.7117678484375001
0 0.5005333875 0.6741246859375 0.4851457671875 0.6714114328125 0.48141504375000005 0.6925694124999999 0.49680266562500003 0.695282665625 0.5005333875 0.6741246859375
0 0.51750413125 0.6706715062499999 0.49923133125 0.66744951875 0.49600934375000005 0.68572231875 0.51428214375 0.68894430625 0.51750413125 0.6706715062499999
0 0.5289054875 0.6875562875 0.5106326875 0.6843342984375 0.5079194359375 0.6997219203125 0.5261922359375 0.7029439078124999 0.5289054875 0.6875562875
0 0.5158083484375 0.6802887703125 0.4908034640625 0.675879734375 0.48588569374999996 0.703769796875 0.5108905765625 0.7081788328124999 0.5158083484375 0.6802887703125
0 0.4971429953125 0.7017882531249999 0.47887019531249997 0.698566265625 0.4751394734375 0.7197242453125 0.49341227343750005 0.7229462328125 0.4971429953125 0.7017882531249999
0 0.48073907812499994 0.7132744 0.4566959203125 0.7090349421875 0.4527956203125 0.731154646875 0.47683877812500003 0.7353941046875 0.48073907812499994 0.7132744
0 0.499834246875 0.73151580625 0.47098245624999996 0.7264284578125 0.4658951078125 0.7552802468750001 0.494746896875 0.7603675953125 0.499834246875 0.73151580625
0 0.5114597515625 0.7330698828125 0.494148678125 0.7300174734375 0.49041795468749994 0.751175453125 0.5077290296875 0.7542278625 0.5114597515625 0.7330698828125
0 0.46213064375 0.7372629875000001 0.4515516546875 0.7353976265625 0.449855871875 0.745014890625 0.4604348609375 0.7468802515624999 0.46213064375 0.7372629875000001
0 0.476215034375 0.7248720328125 0.45794223437500003 0.7216500453125 0.45455066874999994 0.740884571875 0.47282346875 0.744106559375 0.476215034375 0.7248720328125
0 0.5424318375 0.32403078125 0.5241590375 0.32080879375000004 0.5217849421875 0.3342729625 0.5400577421875 0.33749495 0.5424318375 0.32403078125
0 0.5278944562500001 0.3333669796875 0.511545109375 0.33048414843749996 0.509001434375 0.3449100421875 0.52535078125 0.3477928734375 0.5278944562500001 0.3333669796875
0 0.6163430578125 0.33508006875 0.6019171625 0.33253639375 0.5995430671875 0.3460005625 0.6139689625 0.3485442359375 0.6163430578125 0.33508006875
0 0.558336109375 0.1775951859375 0.52948431875 0.1725078375 0.526771065625 0.18789545937500002 0.5556228562500001 0.1929828078125 0.558336109375 0.1775951859375
0 0.678921275 0.2107571359375 0.6644953796874999 0.2082134609375 0.6621212843750001 0.2216776296875 0.676547178125 0.22422130468749998 0.678921275 0.2107571359375
0 0.7322448640625 0.251395790625 0.710125159375 0.24749549062499998 0.7055465453124999 0.27346210000000004 0.72766625 0.27736240156249997 0.7322448640625 0.251395790625
0 0.7706059515625 0.29534591875 0.74656279375 0.2911064609375 0.742832071875 0.31226444062500003 0.7668752296875 0.31650389843750004 0.7706059515625 0.29534591875
0 0.6792976953125 0.27329604375 0.6639100734375 0.27058279218750003 0.6613664 0.2850086859375 0.6767540203125 0.2877219390625 0.6792976953125 0.27329604375
0 0.6818448906250001 0.2841572734375 0.658763459375 0.28008739375 0.65537189375 0.2993219203125 0.678453325 0.3033918 0.6818448906250001 0.2841572734375
0 0.8270852203124999 0.24779033906249998 0.8097741453125 0.2447379296875 0.80740005 0.2582020984375 0.8247111234375 0.26125450781250004 0.8270852203124999 0.24779033906249998
0 0.792002165625 0.38489443125 0.773729365625 0.38167244375 0.7711856921875 0.3960983390625 0.7894584921875001 0.3993203265625 0.792002165625 0.38489443125
0 0.8435114421875 0.39645597499999996 0.8290855468749999 0.3939123015625 0.8268810296875 0.40641474375 0.8413069234374999 0.4089584171875 0.8435114421875 0.39645597499999996
0 0.5974139468749999 0.29058981250000004 0.574332515625 0.2865199328125 0.5697539015624999 0.31248654375 0.5928353328125 0.316556421875 0.5974139468749999 0.29058981250000004
0 0.6012086296875 0.322495184375 0.5848592828125 0.319612353125 0.5818068734375 0.336923428125 0.5981562203124999 0.33980625781249996 0.6012086296875 0.322495184375
0 0.583135628125 0.33219958437499997 0.5696714593750001 0.3298254890625 0.5678060984375 0.340404478125 0.5812702671875 0.342778575 0.583135628125 0.33219958437499997
0 0.7338567296875 0.045421475 0.7117370234375 0.041521175 0.707497565625 0.0655643328125 0.729617271875 0.069464634375 0.7338567296875 0.045421475
0 0.7138162703125001 0.14501706718750002 0.699390375 0.1424733921875 0.6968467015625001 0.15689928749999998 0.7112725953125 0.1594429625 0.7138162703125001 0.14501706718750002
0 0.72617583125 0.13678430156250002 0.7117499375 0.13424062812499998 0.708697528125 0.1515517015625 0.723123421875 0.1540953765625 0.72617583125 0.13678430156250002
0 0.8423692687500001 0.116119796875 0.8202495640624999 0.1122194953125 0.816179684375 0.135300928125 0.8382993890625 0.139201228125 0.8423692687500001 0.116119796875
0 0.8564073078125001 0.1771011078125 0.8419814125 0.1745574328125 0.8396073156250001 0.1880216015625 0.8540332109375001 0.190565275 0.8564073078125001 0.1771011078125
0 0.761003646875 0.1979607140625 0.7436925734375001 0.1949083046875 0.7401314296875 0.2151045578125 0.7574425031249999 0.21815696718750002 0.761003646875 0.1979607140625
0 0.7619442421875 0.046407551562499996 0.7340541796875 0.04148978125 0.729814721875 0.06553293906249999 0.757704784375 0.070450709375 0.7619442421875 0.046407551562499996
0 0.728578709375 0.736151034375 0.7083824562500001 0.732589890625 0.7038038421875 0.7585565015625 0.7240000953125 0.7621176453125 0.728578709375 0.736151034375
0 0.7489445390625 0.738750453125 0.7325951921875 0.735867621875 0.7297123609375 0.75221696875 0.7460617078125 0.7550998 0.7489445390625 0.738750453125
0 0.080450184375 0 0.07890379843749999 0.00876999375 0.10390868281250001 0.013179028125 0.1062325015625 0 0.080450184375 0
0 0.143914346875 0 0.141217384375 0.015295235937500002 0.1710309015625 0.020552162500000002 0.1746548015625 0 0.143914346875 0
0 0.313587021875 0.0050319234375 0.297237675 0.0021490921875 0.294524421875 0.0175367140625 0.3108737703125 0.020419545312500002 0.313587021875 0.0050319234375
0 0.3420729578125 0.023441734375000002 0.32091497812499997 0.0197110125 0.31616678593750003 0.0466393484375 0.33732476562499997 0.050370071875 0.3420729578125 0.023441734375000002
0 0.35559404375 0.028304935937499998 0.3363595171875 0.0249133703125 0.334155 0.0374158125 0.353389525 0.040807378125 0.35559404375 0.028304935937499998
0 0.092659596875 0.0741638609375 0.069578165625 0.07009398125 0.06432123906250001 0.09990749843749999 0.0874026703125 0.10397737656249999 0.092659596875 0.0741638609375
0 0.20381908124999998 0.0595531265625 0.17689074375 0.054804934375 0.1718033953125 0.0836567234375 0.19873173125000002 0.088404915625 0.20381908124999998 0.0595531265625
0 0.1679820140625 0.06315036093750001 0.138168496875 0.0578934328125 0.134946509375 0.0761662328125 0.164760025 0.0814231609375 0.1679820140625 0.06315036093750001
0 0.19665835468749998 0.027054229687499997 0.1697300171875 0.0223060375 0.16464266875 0.051157826562499994 0.19157100625 0.055906018749999994 0.19665835468749998 0.027054229687499997
0 0.183196534375 0.041538215625 0.160115103125 0.0374683359375 0.15638437968750002 0.058626315625 0.1794658125 0.06269619531250001 0.183196534375 0.041538215625
0 0.23471402812500003 0.1121030484375 0.217402953125 0.10905063906250001 0.213841809375 0.129246890625 0.23115288281250002 0.1322993 0.23471402812500003 0.1121030484375
0 0.21560507499999998 0.197980103125 0.1934853703125 0.194079803125 0.1902633828125 0.21235260312499998 0.21238308749999998 0.216252903125 0.21560507499999998 0.197980103125
0 0.199650628125 0.187233884375 0.18522473281250001 0.184690209375 0.182681059375 0.19911610468750002 0.19710695312499998 0.20165977812500002 0.199650628125 0.187233884375
0 0.0613955765625 0.21491623437500001 0.0431227765625 0.211694246875 0.0390528984375 0.23477567812500003 0.057325698437499996 0.23799766562500002 0.0613955765625 0.21491623437500001
0 0.2118790484375 0.252854246875 0.19168279531250002 0.249293103125 0.18913912187499998 0.2637189984375 0.2093353734375 0.2672801421875 0.2118790484375 0.252854246875
0 0.2754040328125 0.2243903140625 0.2600164125 0.2216770609375 0.256794425 0.2399498609375 0.2721820453125 0.24266311406250002 0.2754040328125 0.2243903140625
0 0.285250140625 0.2444715578125 0.2679390671875 0.24141914843749998 0.26539539218749997 0.25584504375 0.282706465625 0.258897453125 0.285250140625 0.2444715578125
0 0.297071921875 0.2336648984375 0.27687566874999997 0.2301037546875 0.27348410312500004 0.24933828125000002 0.2936803546875 0.252899425 0.297071921875 0.2336648984375
0 0.28258910937500004 0.2286321203125 0.2720101203125 0.22676675781250002 0.2689577109375 0.2440778328125 0.2795367 0.24594319375 0.28258910937500004 0.2286321203125
0 0.2208309125 0.3511163890625 0.1977494796875 0.34704650937500003 0.1936796015625 0.370127940625 0.21676103281249998 0.3741978203125 0.2208309125 0.3511163890625
0 0.18909746562500002 0.370807428125 0.1717863921875 0.36775501875 0.168564403125 0.38602781875000003 0.185875478125 0.389080228125 0.18909746562500002 0.370807428125
0 0.194702940625 0.40650278906250004 0.1745066875 0.4029416453125 0.17162385625 0.4192909921875 0.191820109375 0.42285213749999995 0.194702940625 0.40650278906250004
0 0.22127920781250002 0.32045498125 0.2030064078125 0.31723299374999997 0.19978442031250002 0.33550579375 0.21805722031250002 0.33872778124999997 0.22127920781250002 0.32045498125
0 0.2069102296875 0.3204004125 0.1886374296875 0.3171784234375 0.1855850203125 0.33448949843750003 0.20385782031250002 0.3377114859375 0.2069102296875 0.3204004125
0 0.254885059375 0.3407591984375 0.2404591640625 0.33821552499999996 0.238424225 0.349756240625 0.2528501203125 0.352299915625 0.254885059375 0.3407591984375
0 0.2690263671875 0.33085734843750003 0.2526770203125 0.32797451718750004 0.249115875 0.3481707703125 0.2654652234375 0.3510536015625 0.2690263671875 0.33085734843750003
0 0.30849793124999997 0.42755954375 0.292148584375 0.4246767125 0.28943533125 0.440064334375 0.305784678125 0.442947165625 0.30849793124999997 0.42755954375
0 0.024755228125 0.5436256640625 0.004558975 0.5400645203125001 0.000489096875 0.5631459515625 0.0206853484375 0.566707096875 0.024755228125 0.5436256640625
0 0 0.5268653046875 0.019662009375 0.5303322484375 0.02525809375 0.4985952796875 0 0.4941415953125 0 0.5268653046875
0 0 0.628011315625 0.00813538125 0.629445803125 0.015596826562499999 0.5871298453125 0 0.584379703125 0 0.628011315625
0 0 0.7013917546874999 0.0128976609375 0.703665959375 0.016797960937500002 0.6815462546875 0 0.6785843203125 0 0.7013917546874999
0 0.032801109375 0.635778290625 0.0068344984375 0.6311996765625 0.00276461875 0.6542811093750001 0.0287312296875 0.6588597234375 0.032801109375 0.635778290625
0 0.0425624265625 0.6563403984375 0.015634089062500002 0.6515922062499999 0.013090415624999999 0.6660181015625 0.040018751562499996 0.6707662937500001 0.0425624265625 0.6563403984375
0 0.031363215625 0.6692400890625 0.00635833125 0.664831053125 0.0027971859375 0.6850273062500001 0.0278020703125 0.689436340625 0.031363215625 0.6692400890625
0 0 0.642389915625 0.010485126562499999 0.6442387265625 0.012689645312500001 0.631736284375 0 0.6294987578125 0 0.642389915625
0 0.19404927968750002 0.5873595593750001 0.151733321875 0.5798981140625 0.14664597343750002 0.608749903125 0.18896193125 0.6162113484375 0.19404927968750002 0.5873595593750001
0 0.15739336718750002 0.601224496875 0.13238848281249999 0.5968154625000001 0.1274707125 0.624705525 0.152475596875 0.6291145609375 0.15739336718750002 0.601224496875
0 0.1375688390625 0.626486096875 0.12410467031250001 0.6241120015625 0.1219001515625 0.63661444375 0.1353643203125 0.6389885390625001 0.1375688390625 0.626486096875
0 0.17629225937499998 0.6318266390625 0.154172553125 0.6279263390625001 0.15010267500000002 0.6510077703125 0.1722223796875 0.654908071875 0.17629225937499998 0.6318266390625
0 0.1789811609375 0.6446961109375 0.1597466359375 0.64130454375 0.15635506875 0.6605390703125 0.1755895953125 0.6639306359375 0.1789811609375 0.6446961109375
0 0.1624029703125 0.62342781875 0.122010465625 0.6163055296875 0.11760142968750001 0.6413104140625 0.157993934375 0.648432703125 0.1624029703125 0.62342781875
0 0.2008127578125 0.6108637625 0.17773132656249999 0.606793884375 0.1706090375 0.6471863890625 0.1936904703125 0.65125626875 0.2008127578125 0.6108637625
0 0.1794573296875 0.611064734375 0.16406970781250002 0.6083514812499999 0.1611868765625 0.6247008296875001 0.1765744984375 0.6274140828125 0.1794573296875 0.611064734375
0 0.22414855781249998 0.613491053125 0.1972202203125 0.6087428609375001 0.1909458234375 0.644326734375 0.21787416093749998 0.6490749265625 0.22414855781249998 0.613491053125
0 0.505010171875 0.12009844843749999 0.4819287390625 0.1160285703125 0.4776892828125 0.140071728125 0.5007707140625001 0.14414160625 0.505010171875 0.12009844843749999
0 0.49562292656249995 0.14521716875 0.47157976718750005 0.1409777109375 0.46818820156249996 0.1602122375 0.492231359375 0.16445169531249998 0.49562292656249995 0.14521716875
0 0.491479803125 0 0.48542474843749994 0.034339923437499996 0.524855528125 0.041292634375 0.532136534375 0 0.491479803125 0
0 0.47015981093750003 0 0.4679696203125 0.012421190625 0.4948979578125 0.0171693828125 0.4979253828125 0 0.47015981093750003 0
0 1 0.08739157656249999 0.9953324531250001 0.0865685625 0.99160173125 0.1077265421875 1 0.1092073828125 1 0.08739157656249999
0 0.9777544015625 0.197506246875 0.9565964234375001 0.19377552343749999 0.9520178093749999 0.21974213437499998 0.9731757875 0.22347285781249998 0.9777544015625 0.197506246875
0 0.9852000171874999 0.447717625 0.9640420390625 0.4439869015625 0.9609896296875 0.4612979765625 0.9821476078125 0.46502869843749994 0.9852000171874999 0.447717625
0 0.8581940515625 0.41441514375 0.845691609375 0.412210625 0.8436566703124999 0.423751340625 0.8561591125 0.42595585937499997 0.8581940515625 0.41441514375
0 0.997513228125 0.512857125 0.9869342375000001 0.5109917640625 0.9847297203125001 0.52349420625 0.9953087093749999 0.5253595671875 0.997513228125 0.512857125
0 1 0.5123039828125 0.995759353125 0.5115562421875001 0.9930460999999999 0.5269438640625 1 0.5281700234375 1 0.5123039828125
0 0.942164090625 0.551191515625 0.9258147421875 0.548308684375 0.923779803125 0.5598493999999999 0.94012915 0.5627322312499999 0.942164090625 0.551191515625
0 0.8561280218749999 0.608905659375 0.8378552218750001 0.6056836718749999 0.8346332343749999 0.6239564718749999 0.852906034375 0.6271784593749999 0.8561280218749999 0.608905659375
0 0.8307910250000001 0.6569943234375 0.8154034031249999 0.6542810718750001 0.8130293078124999 0.6677452390624999 0.828416928125 0.6704584921875 0.8307910250000001 0.6569943234375
0 0.8407183984375 0.65130758125 0.8291776828125 0.6492726421875 0.8266340078125 0.6636985359375001 0.8381747234375 0.6657334765625 0.8407183984375 0.65130758125
0 0.832855009375 0.65091268125 0.8174673890624999 0.6481994281250001 0.81577160625 0.6578166921874999 0.8311592265625001 0.6605299437500001 0.832855009375 0.65091268125
0 0.8197743046875001 0.761651740625 0.8034249578124999 0.758768909375 0.8002029703125 0.777041709375 0.8165523171875 0.7799245406249999 0.8197743046875001 0.761651740625
0 0.9233942953125001 0.63514511875 0.8993511359375 0.6309056609375 0.8964683062500001 0.6472550078125 0.9205114640625001 0.651494465625 0.9233942953125001 0.63514511875
0 0.9161558234375 0.65370133125 0.8921126656249999 0.6494618734375 0.8887211 0.6686964 0.9127642578125 0.6729358578125 0.9161558234375 0.65370133125
0 0.938923621875 0.6398666125 0.9100718328124999 0.6347792640625001 0.9058323749999999 0.658822421875 0.934684165625 0.6639097703125 0.938923621875 0.6398666125
0 0.9517373499999999 0.6431176468750001 0.9276941921875 0.6388781890625 0.9229459984374999 0.665806525 0.9469891578125 0.6700459828125 0.9517373499999999 0.6431176468750001
0 0.9610166296875 0.6551659234375 0.9465907359375001 0.6526222484375 0.9442166390625 0.6660864171875 0.9586425343749999 0.6686300921874999 0.9610166296875 0.6551659234375
0 0.9616089796875 0.6433708390625 0.9818052328125001 0.646931984375 0.9885883640625 0.60846293125 0.9683921124999999 0.6049017875 0.9616089796875 0.6433708390625
0 0.807708721875 0.8497623593749999 0.784627290625 0.8456924812500001 0.7810661453125001 0.8658887328124999 0.804147578125 0.8699586125 0.807708721875 0.8497623593749999
0 0.8062963515625 0.86339610625 0.7832149203125 0.859326228125 0.7801625109375 0.8766373015625 0.8032439421875001 0.88070718125 0.8062963515625 0.86339610625
0 0.7855344468750001 0.8602310359375 0.767261646875 0.8570090484374999 0.764378815625 0.873358396875 0.7826516156250001 0.876580384375 0.7855344468750001 0.8602310359375
0 0.785052409375 0.85171720625 0.7725499671875 0.8495126875000001 0.77068460625 0.860091678125 0.7831870484375 0.8622961953124999 0.785052409375 0.85171720625
0 0.9256340312500001 0.8755139109375 0.91697849375 0.87398770625 0.9149435546875001 0.885528421875 0.923599090625 0.8870546265625 0.9256340312500001 0.8755139109375
0 0.80421975625 0.982025253125 0.784023503125 0.9784641093750001 0.781140671875 0.99481345625 0.801336925 0.9983746 0.80421975625 0.982025253125
0 0.8342698468749999 1 0.8363527984375001 0.9881869890624999 0.8219269046875001 0.9856433140625 0.8195528078125 0.9991074828125001 0.8246145234375 1 0.8342698468749999 1
0 0.8515975390625 0.980462959375 0.84101855 0.978597596875 0.8391531890625 0.9891765875 0.8497321781249999 0.9910419484374999 0.8515975390625 0.980462959375
0 0.914727625 0.9598624140625001 0.926268340625 0.9618973546875 0.929151171875 0.9455480062499999 0.9176104546875001 0.9435130671874999 0.914727625 0.9598624140625001
0 0.9322291046875 0.9084088828124999 0.9206883890625001 0.9063739421875001 0.9193317625 0.9140677531250001 0.930872478125 0.9161026937500001 0.9322291046875 0.9084088828124999
0 0.9095845312499999 0.994654140625 0.9201635218750001 0.9965195015624999 0.923385509375 0.9782467015625 0.9128065187500001 0.9763813406249999 0.9095845312499999 0.994654140625
0 0.9155802109375 0.9887699484375 0.9078864015624999 0.987413321875 0.9060210390625001 0.9979923109375 0.9137148500000001 0.9993489375 0.9155802109375 0.9887699484375
0 0.919549815625 1 0.9208418343749999 0.9926725968750001 0.91410975 0.9914855484375 0.9126084234375 1 0.919549815625 1
0 0.6928616484375001 0.9921386406250001 0.6851678375 0.9907820140625001 0.683980790625 0.9975140984375 0.6916746 0.998870725 0.6928616484375001 0.9921386406250001