0 0.52783203125 0.39599609375 0.49462890625 0.39599609375 0.49462890625 0.43212890625 0.52783203125 0.43212890625 0.52783203125 0.39599609375
0 0.45263671875 0.3525390625 0.42529296875 0.3525390625 0.42529296875 0.3720703125 0.45263671875 0.3720703125 0.45263671875 0.3525390625
0 0.48095703125 0.3154296875 0.45751953125 0.3154296875 0.45751953125 0.3359375 0.48095703125 0.3359375 0.48095703125 0.3154296875
0 0.4404296875 0.29150390625 0.4267578125 0.29150390625 0.4267578125 0.30517578125 0.4404296875 0.30517578125 0.4404296875 0.29150390625
0 0.4345703125 0.30126953125 0.4189453125 0.30126953125 0.4189453125 0.31787109375 0.4345703125 0.31787109375 0.4345703125 0.30126953125
0 0.4453125 0.291015625 0.4169921875 0.291015625 0.4169921875 0.3212890625 0.4453125 0.3212890625 0.4453125 0.291015625
0 0.53125 0.2587890625 0.501953125 0.2587890625 0.501953125 0.291015625 0.53125 0.291015625 0.53125 0.2587890625
0 0.56787109375 0.265625 0.54052734375 0.265625 0.54052734375 0.2919921875 0.56787109375 0.2919921875 0.56787109375 0.265625
0 0.65576171875 0.2998046875 0.61083984375 0.2998046875 0.61083984375 0.3486328125 0.65576171875 0.3486328125 0.65576171875 0.2998046875
0 0.69775390625 0.39599609375 0.67333984375 0.39599609375 0.67333984375 0.42041015625 0.69775390625 0.42041015625 0.69775390625 0.39599609375
0 0.67724609375 0.427734375 0.65576171875 0.427734375 0.65576171875 0.4658203125 0.67724609375 0.4658203125 0.67724609375 0.427734375
0 0.63818359375 0.45263671875 0.61669921875 0.45263671875 0.61669921875 0.47021484375 0.63818359375 0.47021484375 0.63818359375 0.45263671875
0 0.7607421875 0.45751953125 0.73046875 0.45751953125 0.73046875 0.48291015625 0.7607421875 0.48291015625 0.7607421875 0.45751953125
0 0.7568359375 0.318359375 0.734375 0.318359375 0.734375 0.3466796875 0.7568359375 0.3466796875 0.7568359375 0.318359375
0 0.75048828125 0.32958984375 0.73681640625 0.32958984375 0.73681640625 0.34228515625 0.75048828125 0.34228515625 0.75048828125 0.32958984375
0 0.7177734375 0.29150390625 0.689453125 0.29150390625 0.689453125 0.31787109375 0.7177734375 0.31787109375 0.7177734375 0.29150390625
0 0.7919921875 0.23388671875 0.7431640625 0.23388671875 0.7431640625 0.30224609375 0.7919921875 0.30224609375 0.7919921875 0.23388671875
0 0.833984375 0.24951171875 0.78125 0.24951171875 0.78125 0.33447265625 0.833984375 0.33447265625 0.833984375 0.24951171875
0 0.8232421875 0.2802734375 0.80859375 0.2802734375 0.80859375 0.2998046875 0.8232421875 0.2998046875 0.8232421875 0.2802734375
0 0.8330078125 0.306640625 0.8154296875 0.306640625 0.8154296875 0.326171875 0.8330078125 0.326171875 0.8330078125 0.306640625
0 0.76123046875 0.24853515625 0.73681640625 0.24853515625 0.73681640625 0.26611328125 0.76123046875 0.26611328125 0.76123046875 0.24853515625
0 0.8095703125 0.265625 0.7958984375 0.265625 0.7958984375 0.2783203125 0.8095703125 0.2783203125 0.8095703125 0.265625
0 0.80712890625 0.2529296875 0.79248046875 0.2529296875 0.79248046875 0.2666015625 0.80712890625 0.2666015625 0.80712890625 0.2529296875
0 0.90625 0.33984375 0.88671875 0.33984375 0.88671875 0.3583984375 0.90625 0.3583984375 0.90625 0.33984375
0 0.951171875 0.40185546875 0.8642578125 0.40185546875 0.8642578125 0.47021484375 0.951171875 0.47021484375 0.951171875 0.40185546875
0 0.95166015625 0.4287109375 0.93212890625 0.4287109375 0.93212890625 0.455078125 0.95166015625 0.455078125 0.95166015625 0.4287109375
0 0.9140625 0.40478515625 0.869140625 0.40478515625 0.869140625 0.44384765625 0.9140625 0.44384765625 0.9140625 0.40478515625
0 0.81640625 0.45263671875 0.78515625 0.45263671875 0.78515625 0.49853515625 0.81640625 0.49853515625 0.81640625 0.45263671875
0 0.998046875 0.44970703125 0.96875 0.44970703125 0.96875 0.48779296875 0.998046875 0.48779296875 0.998046875 0.44970703125
0 0.92236328125 0.505859375 0.89306640625 0.505859375 0.89306640625 0.5390625 0.92236328125 0.5390625 0.92236328125 0.505859375
0 0.9853515625 0.5146484375 0.93359375 0.5146484375 0.93359375 0.5634765625 0.9853515625 0.5634765625 0.9853515625 0.5146484375
0 0.876953125 0.529296875 0.82421875 0.529296875 0.82421875 0.56640625 0.876953125 0.56640625 0.876953125 0.529296875
0 0.8447265625 0.53857421875 0.82421875 0.53857421875 0.82421875 0.56298828125 0.8447265625 0.56298828125 0.8447265625 0.53857421875
0 0.87060546875 0.537109375 0.85498046875 0.537109375 0.85498046875 0.5498046875 0.87060546875 0.5498046875 0.87060546875 0.537109375
0 0.83349609375 0.5205078125 0.78271484375 0.5205078125 0.78271484375 0.5673828125 0.83349609375 0.5673828125 0.83349609375 0.5205078125
0 0.81005859375 0.5244140625 0.79248046875 0.5244140625 0.79248046875 0.5361328125 0.81005859375 0.5361328125 0.81005859375 0.5244140625
0 0.8193359375 0.52880859375 0.8056640625 0.52880859375 0.8056640625 0.54443359375 0.8193359375 0.54443359375 0.8193359375 0.52880859375
0 0.94189453125 0.0283203125 0.89697265625 0.0283203125 0.89697265625 0.0546875 0.94189453125 0.0546875 0.94189453125 0.0283203125
0 0.92822265625 0.03515625 0.91162109375 0.03515625 0.91162109375 0.0478515625 0.92822265625 0.0478515625 0.92822265625 0.03515625
0 0.6943359375 0.05322265625 0.6572265625 0.05322265625 0.6572265625 0.09033203125 0.6943359375 0.09033203125 0.6943359375 0.05322265625
0 0.6796875 0.06005859375 0.6630859375 0.06005859375 0.6630859375 0.07080078125 0.6796875 0.07080078125 0.6796875 0.06005859375
0 0.61669921875 0.01220703125 0.58740234375 0.01220703125 0.58740234375 0.03662109375 0.61669921875 0.03662109375 0.61669921875 0.01220703125
0 0.6103515625 0.01806640625 0.5947265625 0.01806640625 0.5947265625 0.02685546875 0.6103515625 0.02685546875 0.6103515625 0.01806640625
0 0.4150390625 0.04833984375 0.3896484375 0.04833984375 0.3896484375 0.06787109375 0.4150390625 0.06787109375 0.4150390625 0.04833984375
0 0.25732421875 0.08984375 0.19873046875 0.08984375 0.19873046875 0.154296875 0.25732421875 0.154296875 0.25732421875 0.08984375
0 0.23681640625 0.15185546875 0.18505859375 0.15185546875 0.18505859375 0.19873046875 0.23681640625 0.19873046875 0.23681640625 0.15185546875
0 0.119140625 0.046875 0.09765625 0.046875 0.09765625 0.064453125 0.119140625 0.064453125 0.119140625 0.046875
0 0.0634765625 0.36376953125 0.0419921875 0.36376953125 0.0419921875 0.38916015625 0.0634765625 0.38916015625 0.0634765625 0.36376953125
0 0.103515625 0.4296875 0.0654296875 0.4296875 0.0654296875 0.4716796875 0.103515625 0.4716796875 0.103515625 0.4296875
0 0.18359375 0.3994140625 0.15625 0.3994140625 0.15625 0.4248046875 0.18359375 0.4248046875 0.18359375 0.3994140625
0 0.2529296875 0.36669921875 0.228515625 0.36669921875 0.228515625 0.38427734375 0.2529296875 0.38427734375 0.2529296875 0.36669921875
0 0.29541015625 0.45166015625 0.25244140625 0.45166015625 0.25244140625 0.50927734375 0.29541015625 0.50927734375 0.29541015625 0.45166015625
0 0.1474609375 0.5595703125 0.119140625 0.5595703125 0.119140625 0.5947265625 0.1474609375 0.5947265625 0.1474609375 0.5595703125
0 0.29833984375 0.5810546875 0.25732421875 0.5810546875 0.25732421875 0.62890625 0.29833984375 0.62890625 0.29833984375 0.5810546875
0 0.27978515625 0.5859375 0.26123046875 0.5859375 0.26123046875 0.609375 0.27978515625 0.609375 0.27978515625 0.5859375
0 0.2099609375 0.6201171875 0.1787109375 0.6201171875 0.1787109375 0.654296875 0.2099609375 0.654296875 0.2099609375 0.6201171875
0 0.0693359375 0.66259765625 0.0537109375 0.66259765625 0.0537109375 0.68310546875 0.0693359375 0.68310546875 0.0693359375 0.66259765625
0 0.20947265625 0.7275390625 0.11572265625 0.7275390625 0.11572265625 0.7822265625 0.20947265625 0.7822265625 0.20947265625 0.7275390625
0 0.19873046875 0.7509765625 0.17236328125 0.7509765625 0.17236328125 0.771484375 0.19873046875 0.771484375 0.19873046875 0.7509765625
0 0.1357421875 0.74853515625 0.1181640625 0.74853515625 0.1181640625 0.77001953125 0.1357421875 0.77001953125 0.1357421875 0.74853515625
0 0.16845703125 0.73486328125 0.14111328125 0.73486328125 0.14111328125 0.76025390625 0.16845703125 0.76025390625 0.16845703125 0.73486328125
0 0.28515625 0.79443359375 0.24609375 0.79443359375 0.24609375 0.84130859375 0.28515625 0.84130859375 0.28515625 0.79443359375
0 0.1220703125 0.9140625 0.0458984375 0.9140625 0.0458984375 0.9677734375 0.1220703125 0.9677734375 0.1220703125 0.9140625
0 0.1171875 0.9306640625 0.0859375 0.9306640625 0.0859375 0.9609375 0.1171875 0.9609375 0.1171875 0.9306640625
0 0.0751953125 0.91845703125 0.0498046875 0.91845703125 0.0498046875 0.94287109375 0.0751953125 0.94287109375 0.0751953125 0.91845703125
0 0.2373046875 0.865234375 0.1650390625 0.865234375 0.1650390625 0.9384765625 0.2373046875 0.9384765625 0.2373046875 0.865234375
0 0.20947265625 0.8935546875 0.18212890625 0.8935546875 0.18212890625 0.921875 0.20947265625 0.921875 0.20947265625 0.8935546875
0 0.23046875 0.90673828125 0.203125 0.90673828125 0.203125 0.92919921875 0.23046875 0.92919921875 0.23046875 0.90673828125
0 0.43115234375 0.90625 0.36865234375 0.90625 0.36865234375 0.9541015625 0.43115234375 0.9541015625 0.43115234375 0.90625
0 0.42138671875 0.91064453125 0.40185546875 0.91064453125 0.40185546875 0.92724609375 0.42138671875 0.92724609375 0.42138671875 0.91064453125
0 0.39697265625 0.91650390625 0.37451171875 0.91650390625 0.37451171875 0.93603515625 0.39697265625 0.93603515625 0.39697265625 0.91650390625
0 0.41455078125 0.9296875 0.38916015625 0.9296875 0.38916015625 0.947265625 0.41455078125 0.947265625 0.41455078125 0.9296875
0 0.48876953125 0.83447265625 0.46337890625 0.83447265625 0.46337890625 0.86279296875 0.48876953125 0.86279296875 0.48876953125 0.83447265625
0 0.47119140625 0.697265625 0.43994140625 0.697265625 0.43994140625 0.73046875 0.47119140625 0.73046875 0.47119140625 0.697265625
0 0.4765625 0.7314453125 0.458984375 0.7314453125 0.458984375 0.7490234375 0.4765625 0.7490234375 0.4765625 0.7314453125
0 0.63720703125 0.61962890625 0.59814453125 0.61962890625 0.59814453125 0.65771484375 0.63720703125 0.65771484375 0.63720703125 0.61962890625
0 0.7783203125 0.70947265625 0.724609375 0.70947265625 0.724609375 0.80615234375 0.7783203125 0.80615234375 0.7783203125 0.70947265625
0 0.72216796875 0.81298828125 0.68798828125 0.81298828125 0.68798828125 0.84326171875 0.72216796875 0.84326171875 0.72216796875 0.81298828125
0 0.7275390625 0.85009765625 0.681640625 0.85009765625 0.681640625 0.90087890625 0.7275390625 0.90087890625 0.7275390625 0.85009765625
0 0.62158203125 0.8525390625 0.51708984375 0.8525390625 0.51708984375 0.9287109375 0.62158203125 0.9287109375 0.62158203125 0.8525390625
0 0.5556640625 0.86376953125 0.5322265625 0.86376953125 0.5322265625 0.88427734375 0.5556640625 0.88427734375 0.5556640625 0.86376953125
0 0.5927734375 0.8642578125 0.572265625 0.8642578125 0.572265625 0.8818359375 0.5927734375 0.8818359375 0.5927734375 0.8642578125
0 0.607421875 0.8837890625 0.572265625 0.8837890625 0.572265625 0.923828125 0.607421875 0.923828125 0.607421875 0.8837890625
0 0.57177734375 0.8779296875 0.54443359375 0.8779296875 0.54443359375 0.9052734375 0.57177734375 0.9052734375 0.57177734375 0.8779296875
0 0.82177734375 0.96533203125 0.80126953125 0.96533203125 0.80126953125 0.98193359375 0.82177734375 0.98193359375 0.82177734375 0.96533203125
0 0.94921875 1 0.94921875 0.978515625 0.9208984375 0.978515625 0.9208984375 1 0.94921875 1
0 0.33544921875 0.2900390625 0.31787109375 0.2900390625 0.31787109375 0.3046875 0.33544921875 0.3046875 0.33544921875 0.2900390625
0 0.29296875 0.26953125 0.27734375 0.26953125 0.27734375 0.28125 0.29296875 0.28125 0.29296875 0.26953125
0 0.30224609375 0.28271484375 0.27490234375 0.28271484375 0.27490234375 0.29931640625 0.30224609375 0.29931640625 0.30224609375 0.28271484375
0 0.3408203125 0.3037109375 0.267578125 0.3037109375 0.267578125 0.35546875 0.3408203125 0.35546875 0.3408203125 0.3037109375
0 0.3310546875 0.3232421875 0.310546875 0.3232421875 0.310546875 0.3369140625 0.3310546875 0.3369140625 0.3310546875 0.3232421875
0 0.30126953125 0.32080078125 0.27490234375 0.32080078125 0.27490234375 0.34716796875 0.30126953125 0.34716796875 0.30126953125 0.32080078125
0 0.298828125 0.30712890625 0.271484375 0.30712890625 0.271484375 0.32080078125 0.298828125 0.32080078125 0.298828125 0.30712890625
0 0.02490234375 0.58349609375 0.00048828125 0.58349609375 0.00048828125 0.60302734375 0.02490234375 0.60302734375 0.02490234375 0.58349609375
0 0 0.65234375 0.015625 0.65234375 0.015625 0.6015625 0 0.6015625 0 0.65234375
0 0.943359375 0.50439453125 0.93359375 0.50439453125 0.93359375 0.51611328125 0.943359375 0.51611328125 0.943359375 0.50439453125