0 0.18115234375 0.34228515625 0.08447265625 0.34228515625 0.08447265625 0.45068359375 0.18115234375 0.45068359375 0.18115234375 0.34228515625
0 0.53857421875 0.3037109375 0.45166015625 0.3037109375 0.45166015625 0.390625 0.53857421875 0.390625 0.53857421875 0.3037109375
0 0.59716796875 0.390625 0.51513671875 0.390625 0.51513671875 0.4638671875 0.59716796875 0.4638671875 0.59716796875 0.390625
0 0.6806640625 0.4443359375 0.59375 0.4443359375 0.59375 0.5244140625 0.6806640625 0.5244140625 0.6806640625 0.4443359375
0 0.78076171875 0.42236328125 0.69384765625 0.42236328125 0.69384765625 0.50439453125 0.78076171875 0.50439453125 0.78076171875 0.42236328125
0 0.98291015625 0.0849609375 0.90087890625 0.0849609375 0.90087890625 0.20703125 0.98291015625 0.20703125 0.98291015625 0.0849609375
0 1 0.04345703125 0.982421875 0.04345703125 0.982421875 0.10986328125 1 0.10986328125 1 0.04345703125
0 0.78759765625 0.64453125 0.70068359375 0.64453125 0.70068359375 0.7177734375 0.78759765625 0.7177734375 0.78759765625 0.64453125
0 0.50048828125 1 0.50048828125 0.94140625 0.42041015625 0.94140625 0.42041015625 1 0.50048828125 1
0 0.26806640625 0.7578125 0.18310546875 0.7578125 0.18310546875 0.8310546875 0.26806640625 0.8310546875 0.26806640625 0.7578125
0 0 0.5576171875 0.029296875 0.5576171875 0.029296875 0.46875 0 0.46875 0 0.5576171875