0 0.4225293703125 0.4252354625 0.4064321765625 0.4542755703125 0.4380346453125 0.4717931046875 0.454131840625 0.4427529984375 0.4225293703125 0.4252354625
0 0.348065584375 0.46993437812499994 0.3348090703125 0.4938497609375 0.3518914875 0.5033186984375 0.365148 0.47940331562500005 0.348065584375 0.46993437812499994
0 0.329338953125 0.4271738921875 0.317976228125 0.4476727921875 0.33591276406250004 0.4576151765625 0.347275490625 0.437116278125 0.329338953125 0.4271738921875
0 0.288764946875 0.4510204578125 0.282136690625 0.4629781484375 0.29409438125 0.4696064046875 0.3007226375 0.45764871406249996 0.288764946875 0.4510204578125
0 0.29446547343749996 0.46087965156250005 0.2868903234375 0.47454558437500005 0.30141037656249997 0.48259418125 0.308985528125 0.46892824843750003 0.29446547343749996 0.46087965156250005
0 0.2907051203125 0.44651312968749995 0.2769751609375 0.4712826328125 0.30345290625 0.4859594875 0.31718286562500003 0.4611899828125 0.2907051203125 0.44651312968749995
0 0.3041824609375 0.3557267515625 0.28997905468749996 0.381350375 0.318165040625 0.3969741234375 0.3323684484375 0.3713504984375 0.3041824609375 0.3557267515625
0 0.327915565625 0.3270113484375 0.31465905156249996 0.35092673125 0.33772031406249997 0.3637097984375 0.3509768265625 0.339794415625 0.327915565625 0.3270113484375
0 0.40042001406249994 0.26671111718749996 0.37864145625 0.306000675 0.421347496875 0.3296730203125 0.44312605468750005 0.2903834625 0.40042001406249994 0.26671111718749996
0 0.5049091296875 0.2766184421875 0.4930729578125 0.2979714625 0.514425978125 0.309807634375 0.52626215 0.2884546140625 0.5049091296875 0.2766184421875
0 0.522725671875 0.30994200312500003 0.512309840625 0.3287326609375 0.5456205515625 0.34719709062500004 0.5560363828125 0.3284064328125 0.522725671875 0.30994200312500003
0 0.5255678765625 0.35617973125 0.5151520453125 0.3749703890625 0.5305262187500001 0.3834924328125 0.5409420515625001 0.364701775 0.5255678765625 0.35617973125
0 0.589256065625 0.2513548046875 0.5745792125 0.27783254999999996 0.596786353125 0.29014216875 0.6114632062500001 0.26366442343749996 0.589256065625 0.2513548046875
0 0.46565006249999996 0.1873051046875 0.454760784375 0.206949884375 0.4795302875 0.22067984375 0.49041956718749996 0.201035065625 0.46565006249999996 0.1873051046875
0 0.472395046875 0.1983015296875 0.46576679062500004 0.2102592203125 0.47687036093749996 0.21641403124999997 0.48349861875 0.2044563390625 0.472395046875 0.1983015296875
0 0.423223865625 0.2084501484375 0.4094939046875 0.23321965156250002 0.4325551671875 0.24600271718750003 0.44628512656249997 0.22123321406250002 0.423223865625 0.2084501484375
0 0.4088127015625 0.1156036 0.38514035625 0.158309640625 0.4449288125 0.1914509234375 0.4686011578125 0.1487448828125 0.4088127015625 0.1156036
0 0.4428368515625 0.0864515546875 0.41727071875000005 0.132574078125 0.491579228125 0.173763959375 0.5171453609375 0.127641434375 0.4428368515625 0.0864515546875
0 0.464533740625 0.1107604609375 0.4574320375 0.12357227343749999 0.474514453125 0.13304121093750002 0.48161615625 0.1202293984375 0.464533740625 0.1107604609375
0 0.49232947187500004 0.11500231875 0.4838074265625 0.13037649375 0.50088984375 0.13984543124999999 0.5094118875 0.12447125781249999 0.49232947187500004 0.11500231875
0 0.4067109359375 0.1496101078125 0.3948747640625 0.170963128125 0.41024893906250004 0.17948517343749998 0.4220851109375 0.158132153125 0.4067109359375 0.1496101078125
0 0.44509367187500004 0.1156164484375 0.43846541562499997 0.127574140625 0.4495689859375 0.13372895 0.45619724218749996 0.121771259375 0.44509367187500004 0.1156164484375
0 0.432806484375 0.1115969421875 0.42570478125 0.124408753125 0.43766247187499996 0.1310370109375 0.444764175 0.11822519843749998 0.432806484375 0.1115969421875
0 0.5568780953125 0.067040453125 0.5474091578125 0.08412286875 0.563637453125 0.0931183609375 0.573106390625 0.07603594375 0.5568780953125 0.067040453125
0 0.6328933234375 0.0578147734375 0.5907565499999999 0.1338315265625 0.6505450078125 0.16697280781249998 0.69268178125 0.09095605625 0.6328933234375 0.0578147734375
0 0.6566183703124999 0.070407503125 0.64714943125 0.08748991874999999 0.67021069375 0.1002729859375 0.67967963125 0.08319056875 0.6566183703124999 0.070407503125
0 0.6174647046875 0.0916917046875 0.595686146875 0.1309812625 0.6298509796875 0.14991913750000002 0.6516295375000001 0.11062958125 0.6174647046875 0.0916917046875
0 0.611971934375 0.20030268437499998 0.596821634375 0.22763455000000002 0.6369653125 0.249886553125 0.6521156125 0.22255468750000001 0.611971934375 0.20030268437499998
0 0.6974706953124999 0.0400158734375 0.6832672875 0.06563949687500001 0.7165779999999999 0.0841039265625 0.73078140625 0.0584803015625 0.6974706953124999 0.0400158734375
0 0.70989050625 0.13343343125 0.6956871 0.15905705625 0.7247272078125 0.17515425 0.7389306140625 0.1495306265625 0.70989050625 0.13343343125
0 0.74811491875 0.0826036625 0.7230222328125 0.1278720640625 0.7657282734375 0.151544409375 0.790820959375 0.10627600625 0.74811491875 0.0826036625
0 0.708374125 0.18451277500000002 0.68280799375 0.23063529843750002 0.7152645843750001 0.24862628125000003 0.740830715625 0.20250375781250002 0.708374125 0.18451277500000002
0 0.700864525 0.2171965078125 0.690922140625 0.23513304375000002 0.7122751609375 0.24696921718749998 0.7222175453124999 0.22903267968750002 0.700864525 0.2171965078125
0 0.7121296874999999 0.1938521359375 0.7045545375 0.20751806875 0.7156581078124999 0.213672878125 0.7232332578125 0.20000694531250002 0.7121296874999999 0.1938521359375
0 0.6796186515625 0.21826012968750003 0.6549994124999999 0.2626744109375 0.6959972125 0.2853998625 0.72061645 0.2409855796875 0.6796186515625 0.21826012968750003
0 0.671672409375 0.240652815625 0.663150365625 0.256026990625 0.6733998156250001 0.261708353125 0.6819218593749999 0.246334178125 0.671672409375 0.240652815625
0 0.6800136984375 0.2346691796875 0.6733854421875 0.2466268703125 0.687051375 0.2542020203125 0.69367963125 0.2422443296875 0.6800136984375 0.2346691796875
0 0.2034556625 0.1134280046875 0.18546468124999999 0.1458845953125 0.21792127187500002 0.163875578125 0.23591225312500003 0.1314189875 0.2034556625 0.1134280046875
0 0.2023328046875 0.1295539453125 0.1942842078125 0.1440739984375 0.20367953593750002 0.14928191562499998 0.21172813437500002 0.1347618609375 0.2023328046875 0.1295539453125
0 0.12994356093749998 0.1614458390625 0.115740153125 0.1870694640625 0.1370931734375 0.1989056359375 0.15129658125 0.1732820125 0.12994356093749998 0.1614458390625
0 0.13199088125 0.16983830625000002 0.1244157296875 0.1835042390625 0.1321028171875 0.18776526093749998 0.1396779671875 0.174099328125 0.13199088125 0.16983830625000002
0 0.063779246875 0.355339321875 0.0514696265625 0.3775464625 0.06855204375 0.3870154 0.0808616625 0.364808259375 0.063779246875 0.355339321875
0 0 0.56730321875 0.051582867187500006 0.59589606875 0.07998968125 0.5446488203125 0.0236177078125 0.513401325 0 0.556008796875 0 0.56730321875
0 0.06791199375 0.5614017390625 0.0428193078125 0.6066701421875 0.0838171078125 0.62939559375 0.1089097921875 0.5841271906250001 0.06791199375 0.5614017390625
0 0.16921938593750002 0.815746159375 0.158803553125 0.8345368171875001 0.1810106953125 0.8468464359375 0.1914265265625 0.828055778125 0.16921938593750002 0.815746159375
0 0.24628386249999998 0.812684871875 0.22781943437500002 0.8459955828125001 0.264546628125 0.8663538000000001 0.2830110578125 0.8330430874999999 0.24628386249999998 0.812684871875
0 0.2586287625 0.7279701109375 0.24537225000000001 0.7518854937499999 0.267579390625 0.7641951140625001 0.280835903125 0.74027973125 0.2586287625 0.7279701109375
0 0.2636304453125 0.6514670625 0.2517942734375 0.6728200828124999 0.267168446875 0.6813421281250001 0.2790046203125 0.6599891078125 0.2636304453125 0.6514670625
0 0.3585338953125 0.6555026875000001 0.3377022328125 0.693084003125 0.388095359375 0.7210173703125 0.40892702343750004 0.6834360546875 0.3585338953125 0.6555026875000001
0 0.38118704062500003 0.837217871875 0.36745707968749997 0.861987375 0.3982054296875 0.8790314640625001 0.4119353890625 0.8542619609375001 0.38118704062500003 0.837217871875
0 0.47312524375000004 0.7156720390625 0.45324047343749996 0.7515451125 0.49509239374999997 0.7747440109375 0.5149771624999999 0.7388709375 0.47312524375000004 0.7156720390625
0 0.46840035625 0.73426756875 0.459404865625 0.7504958640625 0.4799037640625 0.7618585890625 0.48889925625 0.74563029375 0.46840035625 0.73426756875
0 0.46444313125000003 0.8119078484375001 0.44929283125 0.8392397140625001 0.47918705937499995 0.8558103546875 0.49433735937499995 0.8284784890625 0.46444313125000003 0.8119078484375001
0 0.43342103437499996 0.9554961843750001 0.42584588281249997 0.9691621171874999 0.44378242031250004 0.9791045015625001 0.4513575703125 0.96543856875 0.43342103437499996 0.9554961843750001
0 0.558159696875 0.8644140671875 0.5127087953125 0.9464096640624999 0.5605395609375 0.972922690625 0.6059904625 0.8909270921875001 0.558159696875 0.8644140671875
0 0.57345068125 0.885172121875 0.5606676140625 0.9082333828125 0.5786041515625 0.9181757671874999 0.5913872171875 0.89511450625 0.57345068125 0.885172121875
0 0.540778053125 0.9390792953125 0.532256009375 0.9544534703125 0.5510466671875001 0.9648693015625 0.5595687109374999 0.9494951281249999 0.540778053125 0.9390792953125
0 0.5446808328125 0.9038379921875 0.5314243203125 0.927753375 0.5536314609375 0.94006299375 0.566887975 0.9161476109375 0.5446808328125 0.9038379921875
0 0.65335910625 0.8306508171875 0.6344212312499999 0.8648156484375 0.6754190296875 0.8875411 0.6943569046875 0.8533762671874999 0.65335910625 0.8306508171875
0 0.7241794359375 1 0.756143028125 0.9423361531250001 0.6920839671875 0.9068276359375 0.657048896875 0.970032575 0.7111115625 1 0.7241794359375 1
0 0.7033602343750001 0.9449000390625001 0.690103721875 0.968815421875 0.7148732250000001 0.9825453812499999 0.7281297375 0.9586299984375 0.7033602343750001 0.9449000390625001
0 0.7250699734375 0.9329279749999999 0.7118134609375 0.9568433578125 0.7314582390625 0.9677326359375 0.7447147515625 0.943817253125 0.7250699734375 0.9329279749999999
0 0.82193625 0.7571694250000001 0.7916356484375 0.81183315625 0.8334875687500001 0.8350320546875001 0.86378816875 0.7803683234375 0.82193625 0.7571694250000001
0 0.821045325 0.76784114375 0.8115763875 0.7849235609375 0.826096440625 0.7929721578125 0.835565378125 0.7758897421875 0.821045325 0.76784114375
0 0.8143338765625 0.7920348453125 0.8034445984374999 0.811679625 0.8205270140625001 0.8211485625 0.83141629375 0.8015037843749999 0.8143338765625 0.7920348453125
0 0.8343865515625 0.7830522046875 0.8220769328124999 0.8052593453125001 0.8374511078125 0.8137813890625001 0.8497607265625 0.7915742484375 0.8343865515625 0.7830522046875
0 0.7870917375 0.6719779499999999 0.7747821187499999 0.6941850921875 0.799551621875 0.7079150515625 0.811861240625 0.6857079109375 0.7870917375 0.6719779499999999
0 0.6585657203124999 0.6208328359374999 0.64341541875 0.648164703125 0.6724555265625 0.664261896875 0.6876058265625 0.63693003125 0.6585657203124999 0.6208328359374999
0 0.6910639062499999 0.6327058140624999 0.6825418625 0.6480799875 0.6979160359375001 0.6566020328125 0.70643808125 0.6412278578125 0.6910639062499999 0.6327058140624999
0 0.6711490875 0.43799327187500003 0.6522112124999999 0.47215810312500006 0.6855219234375001 0.4906225328125 0.7044597984375 0.45645769999999997 0.6711490875 0.43799327187500003
0 0.8181412781249999 0.358129928125 0.7921016984375 0.4051065734375 0.876659659375 0.451977815625 0.9026992375 0.40500117187500007 0.8181412781249999 0.358129928125
0 0.8814548875 0.4574272453125 0.8648842468750001 0.487321475 0.891361990625 0.501998328125 0.9079326328124999 0.47210409999999997 0.8814548875 0.4574272453125
0 0.9165154359375001 0.4707205640625 0.89426343125 0.5108642421875 0.9386777140625 0.5354834796875 0.9609297187499999 0.4953398015625 0.9165154359375001 0.4707205640625
0 0.8672817500000001 0.5645762890625 0.8166229328125001 0.655967215625 0.8832443546875 0.6928960734375 0.9339031734375001 0.601505146875 0.8672817500000001 0.5645762890625
0 0.8451464734374999 0.6276740828125 0.8337837484374999 0.64817298125 0.8517202859375 0.6581153671875 0.8630830109375 0.6376164671875 0.8451464734374999 0.6276740828125
0 0.863564515625 0.595454215625 0.8536221312500001 0.6133907515625 0.86899630625 0.6219127953125 0.878938690625 0.603976259375 0.863564515625 0.595454215625
0 0.8877486359375 0.592111340625 0.8707045484375 0.622859690625 0.9057235 0.6422710125 0.9227675890624999 0.6115226640625 0.8877486359375 0.592111340625
0 0.8653430999999999 0.62044606875 0.8520865859375 0.6443614515625 0.87600196875 0.6576179640625 0.8892584812500001 0.63370258125 0.8653430999999999 0.62044606875
0 0.23658822499999999 0.5421282734374999 0.2280661796875 0.5575024484375 0.2408779921875 0.5646041515625 0.24940003593750001 0.5492299765624999 0.23658822499999999 0.5421282734374999
0 0.1980567484375 0.5693401437500001 0.190481596875 0.5830060765625 0.200731046875 0.5886874390625 0.20830619687500002 0.5750215062499999 0.1980567484375 0.5693401437500001
0 0.2140851234375 0.5676175296875 0.2008286109375 0.5915329125000001 0.21534866406250003 0.599581509375 0.22860517812499997 0.5756661265624999 0.2140851234375 0.5676175296875
0 0.2511498734375 0.544058865625 0.21564135625 0.6081179265625 0.260909759375 0.6332106125 0.29641827656249997 0.5691515515625001 0.2511498734375 0.544058865625
0 0.2634978203125 0.5620690125000001 0.25355543593749996 0.5800055484375 0.265513128125 0.5866338046874999 0.2754555125 0.56869726875 0.2634978203125 0.5620690125000001
0 0.2469223890625 0.5869360796875001 0.234139321875 0.609997340625 0.257200584375 0.6227804078125 0.26998365 0.5997191453124999 0.2469223890625 0.5869360796875001
0 0.2337810796875 0.582443125 0.22052456718750002 0.6063585078125 0.2324822578125 0.6129867640625 0.245738771875 0.5890713812499999 0.2337810796875 0.582443125
0 0.3426954140625 0.9560094828125001 0.33085924218749996 0.9773625031250001 0.34794165781249997 0.9868314406250001 0.35977783125 0.9654784203125001 0.3426954140625 0.9560094828125001
0 0.3970283203125 1 0.3984131859375 0.9975016359375 0.3539989046875 0.9728823984374999 0.34642375312499996 0.9865483312500001 0.3706912078125 1 0.3970283203125 1
0 0.7187884343750001 0.1143596640625 0.714053965625 0.12290087187500001 0.7243034140625 0.128582234375 0.7290378828125 0.1200410265625 0.7187884343750001 0.1143596640625