0 0.8119653687499999 0.24848903125000002 0.818896840625 0.1991690390625 0.7715109671875 0.19250938906249998 0.76457949375 0.24182938125 0.8119653687499999 0.24848903125000002
0 0.5912695484375 0.096174609375 0.5969778203125 0.055558145312499994 0.5563613562499999 0.0498498734375 0.550653084375 0.09046633750000001 0.5912695484375 0.096174609375
0 0.5332564468750001 0.2142498453125 0.54440116875 0.1349510359375 0.483476471875 0.126388628125 0.4723317515625 0.20568743750000001 0.5332564468750001 0.2142498453125
0 0.3728893765625 0.1729746890625 0.380772228125 0.1168852859375 0.313078121875 0.1073715 0.3051952703125 0.163460903125 0.3728893765625 0.1729746890625
0 0.2379345859375 0 0.234106040625 0.027241515625 0.2785907390625 0.0334934328125 0.2832979328125 0 0.2379345859375 0
0 0.18813351875 0 0.1857452671875 0.01699329375 0.2282958484375 0.0229733875 0.23152454687500001 0 0.18813351875 0
0 0.1343878125 0 0.13181736875 0.018289659375 0.1675985390625 0.023318375 0.170875721875 0 0.1343878125 0
0 0.1193396859375 0.0579547453125 0.12654298125000002 0.0067006359375 0.0946300453125 0.0022155656249999997 0.08742675 0.0534696734375 0.1193396859375 0.0579547453125
0 0.14222236562499999 0.13020187656249999 0.1457560578125 0.10505835156250001 0.1070737109375 0.099621903125 0.10354001875 0.124765428125 0.14222236562499999 0.13020187656249999
0 0.1536414875 0.17174620000000002 0.15839837968749998 0.137899146875 0.12261720937500001 0.13287043125 0.11786031718750001 0.166717484375 0.1536414875 0.17174620000000002
0 0.2942204765625 0.10472123124999999 0.2973464359375 0.08247888125 0.277038203125 0.079624746875 0.27391224531249997 0.1018670953125 0.2942204765625 0.10472123124999999
0 0.2116153625 0.12762742968750002 0.21446949843750002 0.1073191984375 0.1960953828125 0.10473688437499999 0.193241246875 0.1250451171875 0.2116153625 0.12762742968750002
0 0.2281677234375 0.20983265156250003 0.2325168828125 0.178886775 0.19480159531250002 0.1735862359375 0.1904524359375 0.2045321140625 0.2281677234375 0.20983265156250003
0 0.143921203125 0.3005531875 0.1547941015625 0.22318849531249998 0.1209470484375 0.2184316015625 0.11007415000000001 0.2957962953125 0.143921203125 0.3005531875
0 0.1488165859375 0.3885163265625 0.1561557921875 0.336295159375 0.1087699171875 0.3296355078125 0.1014307109375 0.3818566765625 0.1488165859375 0.3885163265625
0 0.23100873125 0.3966161203125 0.247861725 0.2767008453125 0.166628796875 0.265284303125 0.1497758046875 0.3851995765625 0.23100873125 0.3966161203125
0 0.2824588671875 0.398916165625 0.29224447656249997 0.3292879421875 0.247759778125 0.32303602656249997 0.23797416875000002 0.39266425 0.2824588671875 0.398916165625
0 0.152094109375 0.46343201250000005 0.1556278015625 0.43828848750000005 0.1304842765625 0.4347547953125 0.126950584375 0.4598983203125 0.152094109375 0.46343201250000005
0 0.2767453609375 0.467637446875 0.280143140625 0.4434609796875 0.24919726406249998 0.4391118203125 0.2457994828125 0.4632882875 0.2767453609375 0.467637446875
0 0.38041929531249996 0.4176144046875 0.3868071234375 0.3721626484375 0.342322425 0.36591073125 0.335934596875 0.4113624890625 0.38041929531249996 0.4176144046875
0 0.4238350140625 0.37884581875 0.4295432859375 0.33822935468750004 0.388926821875 0.3325210828125 0.38321855 0.373137546875 0.4238350140625 0.37884581875
0 0.3761564546875 0.2128802359375 0.37969014687499997 0.1877367109375 0.34390897656249997 0.18270799531249998 0.340375284375 0.20785152031249998 0.3761564546875 0.2128802359375
0 0.21591471874999998 0.5917267421875 0.22542850468750003 0.5240326359374999 0.1741743953125 0.516829340625 0.164660609375 0.584523446875 0.21591471874999998 0.5917267421875
0 0.208314134375 0.680892165625 0.21646880781250002 0.622868646875 0.151675878125 0.61376259375 0.14352120468750001 0.6717861140625 0.208314134375 0.680892165625
0 0.2706789734375 0.6546483015625 0.278969559375 0.5956577234375 0.2248142734375 0.5880466953125 0.21652368906250002 0.6470372734375001 0.2706789734375 0.6546483015625
0 0.2792988390625 0.7406694828125 0.28690986875 0.6865141984375 0.20761105781250003 0.6753694765625 0.20000002968750002 0.7295247625 0.2792988390625 0.7406694828125
0 0.3431613328125 0.644125678125 0.356480634375 0.5493539296875001 0.2907206453125 0.540111965625 0.27740134375 0.634883715625 0.3431613328125 0.644125678125
0 0.322636159375 0.6673742875 0.3273930515625 0.633527234375 0.28871070468750004 0.628090784375 0.28395381249999996 0.6619378375 0.322636159375 0.6673742875
0 0.2923646015625 0.6862946515624999 0.2984806078125 0.6427770109375001 0.21337944531250003 0.6308168234375 0.20726344062500002 0.6743344625 0.2923646015625 0.6862946515624999
0 0.3185353015625 0.6860280640624999 0.32152534843749997 0.6647527734375 0.298315940625 0.661490903125 0.29532589374999996 0.68276619375 0.3185353015625 0.6860280640624999
0 0.1741037046875 0.941854253125 0.1784528640625 0.9109083765625 0.1523422796875 0.9072387734375 0.1479931203125 0.93818465 0.1741037046875 0.941854253125
0 0.2539017234375 0.9599722515625 0.2570276828125 0.937729903125 0.2057735734375 0.9305266078125 0.20264761406249998 0.9527689562500001 0.2539017234375 0.9599722515625
0 0.385633434375 0.8892384796874999 0.39378810937500003 0.8312149609375 0.342534 0.8240116656250001 0.3343793265625 0.8820351843750001 0.385633434375 0.8892384796874999
0 0.4630556390625 0.8646177109375 0.46645342031250003 0.84044124375 0.44421107031249996 0.8373152859375 0.44081328906249995 0.861491753125 0.4630556390625 0.8646177109375
0 0.4756221390625 0.9857091453125 0.48051494375 0.950895034375 0.4457008328125 0.9460022296874999 0.44080802812500003 0.9808163406249999 0.4756221390625 0.9857091453125
0 0.7131213078124999 0.9658348515625 0.7211400703125 0.908778390625 0.6273353796875 0.8955949999999999 0.6193166171875 0.9526514609375001 0.7131213078124999 0.9658348515625
0 0.7350160640625 0.8767060234375 0.74262709375 0.8225507375 0.6904059265625 0.8152115312499999 0.6827948968750001 0.8693668156250001 0.7350160640625 0.8767060234375
0 0.771322621875 0.7481839328125 0.7802927625 0.6843580609375 0.7154998328125 0.6752520078125 0.7065296921875001 0.7390778796874999 0.771322621875 0.7481839328125
0 0.4287094546875 0.5792282234374999 0.4331945265625 0.5473152875 0.3935451203125 0.5417429281249999 0.38906005 0.5736558625 0.4287094546875 0.5792282234374999
0 0.31445809687500004 0.2589409625 0.3169044984375 0.2415339078125 0.297563325 0.2388156828125 0.2951169234375 0.2562227390625 0.31445809687500004 0.2589409625
0 0.7850078515625001 0.601690225 0.7907161234375 0.5610737609374999 0.7462314250000001 0.5548218453125 0.740523153125 0.5954383078125 0.7850078515625001 0.601690225
0 0.6203779140625 0.4469006703125 0.628260765625 0.39081126875 0.556698425 0.3807538375 0.5488155734375 0.436843240625 0.6203779140625 0.4469006703125
0 0.8482274375 0.313247996875 0.8554307328125 0.26199388749999997 0.8032095640625 0.25465468125 0.79600626875 0.305908790625 0.8482274375 0.313247996875
0 0.89454430625 0.366106915625 0.9033785359375001 0.303248103125 0.8405197234375 0.29441387343750003 0.83168549375 0.3572726859375 0.89454430625 0.366106915625
0 0.8990084875000001 0.264173703125 0.9011830671875 0.2487007640625 0.8760395421875 0.245167071875 0.8738649625000001 0.2606400109375 0.8990084875000001 0.264173703125
0 0.9847708953125001 0.3240555703125 0.9942846812499999 0.2563614640625 0.8995129328125 0.2430421640625 0.889999146875 0.3107362703125 0.9847708953125001 0.3240555703125
0 0.2584079203125 0.17710164374999998 0.262892990625 0.14518870781249998 0.22904593750000002 0.140431815625 0.22456086718749999 0.1723447515625 0.2584079203125 0.17710164374999998
0 0.21538165 0.1745062546875 0.2182357859375 0.1541980234375 0.19696049531249998 0.1512079765625 0.194106359375 0.17151620781250002 0.21538165 0.1745062546875
0 0.0696799171875 0.05344091875 0.058075212499999994 0.05180998437499999 0.054133787499999995 0.079854684375 0.065738490625 0.08148562031249999 0.0696799171875 0.05344091875
0 0.063535103125 0.2971449359375 0.067476528125 0.2691002359375 0.039431828125 0.265158809375 0.0354904015625 0.2932035109375 0.063535103125 0.2971449359375