0 0.19287109375 0.11181640625 0.16748046875 0.11181640625 0.16748046875 0.13427734375 0.19287109375 0.13427734375 0.19287109375 0.11181640625
0 0.12744140625 0.1552734375 0.10400390625 0.1552734375 0.10400390625 0.1875 0.12744140625 0.1875 0.12744140625 0.1552734375
0 0.365234375 0.08740234375 0.3408203125 0.08740234375 0.3408203125 0.11376953125 0.365234375 0.11376953125 0.365234375 0.08740234375
0 0.44677734375 0.0498046875 0.43896484375 0.0498046875 0.43896484375 0.05859375 0.44677734375 0.05859375 0.44677734375 0.0498046875
0 0.50830078125 0.16259765625 0.49658203125 0.16259765625 0.49658203125 0.18994140625 0.50830078125 0.18994140625 0.50830078125 0.16259765625
0 0.46630859375 0.3173828125 0.46044921875 0.3173828125 0.46044921875 0.3349609375 0.46630859375 0.3349609375 0.46630859375 0.3173828125
0 0.5458984375 0.32177734375 0.5322265625 0.32177734375 0.5322265625 0.33642578125 0.5458984375 0.33642578125 0.5458984375 0.32177734375
0 0.1201171875 0.322265625 0.0986328125 0.322265625 0.0986328125 0.3447265625 0.1201171875 0.3447265625 0.1201171875 0.322265625
0 0.080078125 0.294921875 0.025390625 0.294921875 0.025390625 0.365234375 0.080078125 0.365234375 0.080078125 0.294921875
0 0.2099609375 0.39892578125 0.1962890625 0.39892578125 0.1962890625 0.40771484375 0.2099609375 0.40771484375 0.2099609375 0.39892578125
0 0.75244140625 0.17041015625 0.70849609375 0.17041015625 0.70849609375 0.20166015625 0.75244140625 0.20166015625 0.75244140625 0.17041015625
0 0.78173828125 0.10595703125 0.74462890625 0.10595703125 0.74462890625 0.13525390625 0.78173828125 0.13525390625 0.78173828125 0.10595703125
0 0.8017578125 0.12353515625 0.7900390625 0.12353515625 0.7900390625 0.14501953125 0.8017578125 0.14501953125 0.8017578125 0.12353515625
0 0.86474609375 0.14404296875 0.83544921875 0.14404296875 0.83544921875 0.18212890625 0.86474609375 0.18212890625 0.86474609375 0.14404296875
0 0.888671875 0.15185546875 0.875 0.15185546875 0.875 0.16650390625 0.888671875 0.16650390625 0.888671875 0.15185546875
0 0.9296875 0.068359375 0.9150390625 0.068359375 0.9150390625 0.078125 0.9296875 0.078125 0.9296875 0.068359375
0 0.98193359375 0.14306640625 0.94287109375 0.14306640625 0.94287109375 0.18603515625 0.98193359375 0.18603515625 0.98193359375 0.14306640625
0 1 0.111328125 0.9873046875 0.111328125 0.9873046875 0.1298828125 1 0.1298828125 1 0.111328125
0 0.94091796875 0.20556640625 0.92431640625 0.20556640625 0.92431640625 0.22119140625 0.94091796875 0.22119140625 0.94091796875 0.20556640625
0 0.8779296875 0.24267578125 0.8603515625 0.24267578125 0.8603515625 0.26025390625 0.8779296875 0.26025390625 0.8779296875 0.24267578125
0 0.73388671875 0.27001953125 0.71142578125 0.27001953125 0.71142578125 0.28955078125 0.73388671875 0.28955078125 0.73388671875 0.27001953125
0 0.7998046875 0.32861328125 0.75390625 0.32861328125 0.75390625 0.37255859375 0.7998046875 0.37255859375 0.7998046875 0.32861328125
0 0.8095703125 0.3857421875 0.7890625 0.3857421875 0.7890625 0.4013671875 0.8095703125 0.4013671875 0.8095703125 0.3857421875
0 0.84033203125 0.36279296875 0.81298828125 0.36279296875 0.81298828125 0.39111328125 0.84033203125 0.39111328125 0.84033203125 0.36279296875
0 0.97705078125 0.2763671875 0.94287109375 0.2763671875 0.94287109375 0.318359375 0.97705078125 0.318359375 0.97705078125 0.2763671875
0 0.7705078125 0.9189453125 0.73828125 0.9189453125 0.73828125 0.955078125 0.7705078125 0.955078125 0.7705078125 0.9189453125
0 0.94921875 0.88623046875 0.90625 0.88623046875 0.90625 0.91357421875 0.94921875 0.91357421875 0.94921875 0.88623046875
0 0.9833984375 0.88330078125 0.9658203125 0.88330078125 0.9658203125 0.89794921875 0.9833984375 0.89794921875 0.9833984375 0.88330078125
0 1 0.908203125 0.98046875 0.908203125 0.98046875 0.93359375 1 0.93359375 1 0.908203125
0 0.9970703125 0.9775390625 0.978515625 0.9775390625 0.978515625 0.98828125 0.9970703125 0.98828125 0.9970703125 0.9775390625
0 0.67529296875 0.77490234375 0.65869140625 0.77490234375 0.65869140625 0.78564453125 0.67529296875 0.78564453125 0.67529296875 0.77490234375
0 0.8779296875 0.712890625 0.84375 0.712890625 0.84375 0.740234375 0.8779296875 0.740234375 0.8779296875 0.712890625
0 0.90234375 0.6748046875 0.8779296875 0.6748046875 0.8779296875 0.7099609375 0.90234375 0.7099609375 0.90234375 0.6748046875
0 0.88525390625 0.619140625 0.86376953125 0.619140625 0.86376953125 0.6435546875 0.88525390625 0.6435546875 0.88525390625 0.619140625
0 0.84912109375 0.61474609375 0.83251953125 0.61474609375 0.83251953125 0.62939453125 0.84912109375 0.62939453125 0.84912109375 0.61474609375
0 1 0.5830078125 0.953125 0.5830078125 0.953125 0.62109375 1 0.62109375 1 0.5830078125
0 0.82080078125 0.55078125 0.77490234375 0.55078125 0.77490234375 0.58984375 0.82080078125 0.58984375 0.82080078125 0.55078125
0 0.76123046875 0.48046875 0.73486328125 0.48046875 0.73486328125 0.50390625 0.76123046875 0.50390625 0.76123046875 0.48046875
0 0.8056640625 0.49560546875 0.7587890625 0.49560546875 0.7587890625 0.52783203125 0.8056640625 0.52783203125 0.8056640625 0.49560546875
0 0.80224609375 0.52197265625 0.77099609375 0.52197265625 0.77099609375 0.54638671875 0.80224609375 0.54638671875 0.80224609375 0.52197265625
0 0.89453125 0.43896484375 0.8603515625 0.43896484375 0.8603515625 0.46826171875 0.89453125 0.46826171875 0.89453125 0.43896484375
0 0.90185546875 0.41162109375 0.88134765625 0.41162109375 0.88134765625 0.42919921875 0.90185546875 0.42919921875 0.90185546875 0.41162109375
0 0.916015625 0.40087890625 0.900390625 0.40087890625 0.900390625 0.41748046875 0.916015625 0.41748046875 0.916015625 0.40087890625
0 1 0.44970703125 0.97265625 0.44970703125 0.97265625 0.47509765625 1 0.47509765625 1 0.44970703125
0 0.583984375 0.57568359375 0.560546875 0.57568359375 0.560546875 0.59619140625 0.583984375 0.59619140625 0.583984375 0.57568359375
0 0.42041015625 0.57568359375 0.38037109375 0.57568359375 0.38037109375 0.60400390625 0.42041015625 0.60400390625 0.42041015625 0.57568359375
0 0.21435546875 0.56884765625 0.18505859375 0.56884765625 0.18505859375 0.59521484375 0.21435546875 0.59521484375 0.21435546875 0.56884765625
0 0.09228515625 0.59814453125 0.07763671875 0.59814453125 0.07763671875 0.61279296875 0.09228515625 0.61279296875 0.09228515625 0.59814453125
0 0.03125 0.7021484375 0.0185546875 0.7021484375 0.0185546875 0.708984375 0.03125 0.708984375 0.03125 0.7021484375