0 0.9452711812500001 0.8801310593749999 0.9744966906249999 0.88217470625 0.9764722156250001 0.8539233796874999 0.94724670625 0.8518797328125001 0.9452711812500001 0.8801310593749999
0 0.8947739218749999 0.9372946703125 0.8934796125 0.955804159375 0.9119891015625001 0.9570984703125 0.9132834109375001 0.9385889796875 0.8947739218749999 0.9372946703125
0 0.8912311468749999 0.8479627437499999 0.8899368375 0.8664722328125001 0.901627040625 0.8672896921875 0.90292135 0.848780203125 0.8912311468749999 0.8479627437499999
0 0.8677240562499999 0.645145325 0.8665659890624999 0.661706446875 0.8841012953125 0.6629326343749999 0.8852593625 0.6463715125 0.8677240562499999 0.645145325
0 0.8663645093750001 0.5035923906249999 0.8651383218750001 0.521127696875 0.8836478109374999 0.52242200625 0.8848739984374999 0.5048867 0.8663645093750001 0.5035923906249999
0 0.7645661109375 0.615416034375 0.7625905859375 0.643667359375 0.78889354375 0.6455066421875 0.79086906875 0.617255315625 0.7645661109375 0.615416034375
0 0.6874217203125 0.626663675 0.6852418296875 0.6578375515625 0.6998545843749999 0.658859375 0.7020344749999999 0.6276854984375 0.6874217203125 0.626663675
0 0.6245935515625 0.5801755734375 0.6218005671875 0.6201171015625 0.6471293421875 0.6218882625 0.649922325 0.5819467328125 0.6245935515625 0.5801755734375
0 0.64572549375 0.47396907343750005 0.6438862109375 0.5002720328125 0.66726661875 0.50190695 0.6691059 0.475603990625 0.64572549375 0.47396907343750005
0 1 0.168837165625 0.976037396875 0.1671615375 0.9732444125 0.2071030671875 1 0.208974 1 0.168837165625
0 0.8062266875 0.27863455937500003 0.8045917703125 0.302014965625 0.82407544375 0.303377396875 0.8257103609374999 0.279996990625 0.8062266875 0.27863455937500003
0 0.69251703125 0.497798946875 0.6910183562500001 0.5192309875000001 0.7085536625 0.520457175 0.7100523359375 0.4990251359375 0.69251703125 0.497798946875
0 0.6679066437500001 0.394756990625 0.6659992390625 0.42203413125000006 0.6835345453125 0.42326032031249994 0.6854419484375 0.395983178125 0.6679066437500001 0.394756990625
0 0.7175457078125 0.391864934375 0.7169326140625001 0.40063258749999997 0.7237518984375 0.40110943906249996 0.72436499375 0.3923417859375 0.7175457078125 0.391864934375
0 0.6696479890625 0.6288471296875 0.6689667734375 0.638588965625 0.675786059375 0.6390658171875 0.676467275 0.6293239796875 0.6696479890625 0.6288471296875
0 0.6062438984375 0.49959772031250005 0.605017709375 0.5171330249999999 0.6176820968750001 0.51801860625 0.618908284375 0.5004833 0.6062438984375 0.49959772031250005
0 0.65907890625 0.7729922484375 0.6582614484375 0.7846824515625 0.6719000187499999 0.785636153125 0.6727174781249999 0.77394595 0.65907890625 0.7729922484375
0 0.5560024343750001 0.65810025 0.552800721875 0.70388688125 0.5868971484375 0.7062711359375 0.5900988625 0.6604845046875 0.5560024343750001 0.65810025
0 0.637502359375 0.32557303437499996 0.6356630765625 0.3518759921875 0.65514675 0.3532384234375 0.65698603125 0.326935465625 0.637502359375 0.32557303437499996
0 0.6791297828125 0.26925760312499997 0.6766774078125 0.304328215625 0.7010319984375 0.30603125468750003 0.703484375 0.2709606421875 0.6791297828125 0.26925760312499997
0 0.7035727515625 0.2136984140625 0.7001666734375 0.2624075953125 0.7274438156249999 0.2643149984375 0.7308498921875 0.2156058171875 0.7035727515625 0.2136984140625
0 0.8733798953124999 0.053277784375000005 0.8715406124999999 0.0795807421875 0.8832308171875001 0.08039820156250001 0.8850700984375001 0.05409524375 0.8733798953124999 0.053277784375000005
0 0.91302003125 0.5993653703125 0.9121344499999999 0.6120297578125 0.9170053687499999 0.612370365625 0.9178909484375 0.599705978125 0.91302003125 0.5993653703125
0 0.9580372968749999 0.7395658875 0.95735608125 0.7493077234375 0.969046284375 0.7501251828125 0.9697275 0.7403833453125 0.9580372968749999 0.7395658875
0 0.8594497171875 0.4624825546875 0.8587003796875001 0.47319857499999995 0.8723389515625 0.4741522765625 0.8730882890625 0.46343625624999996 0.8594497171875 0.4624825546875
0 0.6028295546875 0.1004379953125 0.5990828703125 0.1540180953125 0.6312309296875 0.1562661078125 0.634977615625 0.10268600624999999 0.6028295546875 0.1004379953125
0 0.617697653125 0.0628092609375 0.6162671 0.08326711718749999 0.6435442421875 0.08517452187499999 0.64497479375 0.0647166640625 0.617697653125 0.0628092609375
0 0.4970948203125 0.6045441968749999 0.4963454828125 0.6152602171875 0.5051131359375 0.6158733109375001 0.505862471875 0.605157290625 0.4970948203125 0.6045441968749999
0 0.4328875296875 0.682775421875 0.4315250984375 0.7022590937500001 0.4607506078125 0.704302740625 0.4621130390625 0.6848190671875 0.4328875296875 0.682775421875
0 0.400021309375 0.8517929453124999 0.398045784375 0.8800442703125 0.42240037499999994 0.8817473093749999 0.4243759 0.8534959843750001 0.400021309375 0.8517929453124999
0 0.34138997187500003 0.913282503125 0.339686934375 0.93763709375 0.37183499375 0.9398851046875001 0.37353803281250003 0.9155305140625 0.34138997187500003 0.913282503125
0 0.27068663437499996 0.881417396875 0.269937296875 0.8921334171874999 0.277730765625 0.8926783890625 0.278480103125 0.88196236875 0.27068663437499996 0.881417396875
0 0.183265675 0.9066306375 0.1816988796875 0.9290368609374999 0.2070276546875 0.930808021875 0.20859445000000001 0.9084017984375 0.183265675 0.9066306375
0 0.1622459296875 0.94823446875 0.16020228281249999 0.977459978125 0.229369321875 0.9822966078125001 0.23141296875 0.9530710984375 0.1622459296875 0.94823446875
0 0.0538152390625 0.9519101484375 0.0530659015625 0.96262616875 0.057936820312500005 0.9629667765625 0.058686157812499994 0.95225075625 0.0538152390625 0.9519101484375
0 0.1302779609375 0.81041486875 0.1289155296875 0.8298985406250001 0.13573481406250001 0.8303753921875 0.1370972453125 0.81089171875 0.1302779609375 0.81041486875
0 0.22693250156250003 0.562157875 0.226387528125 0.56995134375 0.2448970171875 0.571245653125 0.245441990625 0.563452184375 0.22693250156250003 0.562157875
0 0.37707588125 0.5359464046875 0.37625842187499997 0.5476366078125 0.393793728125 0.5488627953125 0.3946111859375 0.5371725921875 0.37707588125 0.5359464046875
0 0.2294937359375 0.4835317265625 0.2284719125 0.49814448125000005 0.240162115625 0.498961940625 0.2411839390625 0.4843491859375 0.2294937359375 0.4835317265625
0 0.448302803125 0.26633239531249997 0.4459185484375 0.3004288234375 0.47416987343750006 0.30240434843749997 0.476554128125 0.2683079203125 0.448302803125 0.26633239531249997
0 0.44138467343750004 0.24626968906250002 0.44090782187500005 0.253088975 0.4603914953125 0.25445140624999996 0.4608683453125 0.24763212031249998 0.44138467343750004 0.24626968906250002
0 0.40353776718749995 0.1785231890625 0.40156224218750003 0.206774515625 0.44247795625 0.2096356203125 0.44445348124999995 0.1813842953125 0.40353776718749995 0.1785231890625
0 0.42500720625 0.1584876421875 0.42412162656249996 0.17115202812500002 0.43581182968750004 0.17196948750000002 0.4366974109375 0.1593051 0.42500720625 0.1584876421875
0 0.5150236875 0.12415590000000001 0.5144787156249999 0.13194936875000002 0.5242205515625 0.132630584375 0.5247655234375 0.124837115625 0.5150236875 0.12415590000000001
0 0.4717642296875 0.042815129687499995 0.4704699203125 0.0613246203125 0.4870310421875 0.062482685937500004 0.4883253515625 0.043973196874999995 0.4717642296875 0.042815129687499995
0 0.45232819687500003 0.026771823437499998 0.45103388750000006 0.0452813125 0.47149174374999997 0.046711865625 0.472786053125 0.028202375000000002 0.45232819687500003 0.026771823437499998
0 0.47138265781250005 0.0202726640625 0.4696114984375 0.0456014375 0.4881209875 0.0468957484375 0.48989214687500005 0.0215669734375 0.47138265781250005 0.0202726640625
0 0.41313956875 0.0622104265625 0.41061907187499996 0.09825522187499999 0.4495864171875 0.10098008437499999 0.45210691562500005 0.0649352890625 0.41313956875 0.0622104265625
0 0.3721149984375 0.1029048578125 0.37095693125 0.11946597968749999 0.387518053125 0.12062404687499999 0.3886761203125 0.104062925 0.3721149984375 0.1029048578125
0 0.3827762484375 0.02043985625 0.381073209375 0.044794446875 0.41419545312499995 0.0471105796875 0.41589849218749997 0.022755989062500002 0.3827762484375 0.02043985625
0 0.32840555312499997 0 0.3283717859375 0.000482896875 0.3965646421875 0.00525140625 0.39693185625 0 0.32840555312499997 0
0 0.28180532187499996 0.057431903124999996 0.279080459375 0.09639925 0.3199961734375 0.0992603546875 0.3227210359375 0.060293009375 0.28180532187499996 0.057431903124999996
0 0.32850514531249997 0.15957113750000002 0.3271427140625 0.1790548109375 0.345652203125 0.1803491203125 0.347014634375 0.16086544687499998 0.32850514531249997 0.15957113750000002
0 0.3791426671875 0.2893962421875 0.3758728328125 0.3361570578125 0.40996925937500006 0.3385413109375 0.41323909375 0.291780496875 0.3791426671875 0.2893962421875
0 0.28676218593749997 0.30153636562499997 0.2854678765625 0.3200458546875 0.303977365625 0.3213401640625 0.3052716765625 0.302830675 0.28676218593749997 0.30153636562499997
0 0.21251963749999997 0.229286940625 0.20965853281250002 0.270202653125 0.2515484296875 0.2731318796875 0.254409534375 0.2322161671875 0.21251963749999997 0.229286940625
0 0.184428375 0.218022609375 0.183134065625 0.23653209843749998 0.2016435546875 0.2378264078125 0.2029378640625 0.21931691875 0.184428375 0.218022609375
0 0.1948888265625 0.1874277671875 0.1929814234375 0.21470490781249998 0.22025856406250002 0.2166123125 0.22216596875 0.1893351703125 0.1948888265625 0.1874277671875
0 0.165921996875 0.12568643125 0.16476393125 0.14224755312499998 0.18035086875 0.14333749843750002 0.1815089359375 0.12677637656250001 0.165921996875 0.12568643125
0 0.177206809375 0.11130186093750001 0.1764574734375 0.12201788124999999 0.193992778125 0.12324406875 0.194742115625 0.1125280484375 0.177206809375 0.11130186093750001
0 0.124501821875 0.018042703125 0.122458175 0.047268212500000004 0.1497353171875 0.0491756171875 0.1517789640625 0.0199501078125 0.124501821875 0.018042703125
0 0.12320440156250001 0.1275940625 0.1210926328125 0.1577937546875 0.15324069375 0.160041765625 0.1553524609375 0.1298420734375 0.12320440156250001 0.1275940625
0 0.08241514375 0.25592071875 0.0805758625 0.282223678125 0.097136984375 0.28338174375 0.098976265625 0.2570787859375 0.08241514375 0.25592071875
0 0.056956803125 0.214003665625 0.054300060937500005 0.2519968265625 0.08255138749999999 0.2539723515625 0.085208128125 0.215979190625 0.056956803125 0.214003665625
0 0.035705307812499996 0.21692287812500002 0.033934146875 0.242251653125 0.062185471874999995 0.244227178125 0.0639566328125 0.218898403125 0.035705307812499996 0.21692287812500002
0 0.039639440625 0.1956611421875 0.0201557671875 0.1942987109375 0.01715841875 0.237162790625 0.0366420921875 0.23852522187499997 0.039639440625 0.1956611421875
0 0.0496451109375 0.67555544375 0.049304503124999996 0.6804263625 0.05807215624999999 0.68103945625 0.0584127640625 0.6761685374999999 0.0496451109375 0.67555544375
0 0.0406835609375 0.7547129859374999 0.0400023453125 0.764454821875 0.04682163125 0.7649316734375 0.047502846875 0.7551898359375 0.0406835609375 0.7547129859374999
0 0.0121564109375 0.777681325 0.0115433171875 0.7864489781249999 0.020310970312500003 0.787062071875 0.0209240640625 0.77829441875 0.0121564109375 0.777681325
0 0.5867916281250001 0.7287795421875 0.586178534375 0.7375471953125 0.5978687375 0.738364653125 0.5984818328125 0.7295970015625 0.5867916281250001 0.7287795421875
0 0.654661246875 0.84316753125 0.6538437874999999 0.8548577343750001 0.6645598078125 0.855607071875 0.6653772671875 0.8439168671875 0.654661246875 0.84316753125
0 0.72735786875 0.020551145312499998 0.7277665984375 0.01470604375 0.7170505781250001 0.013956706250000001 0.7166418484375 0.0198018078125 0.72735786875 0.020551145312499998