0 0.67431640625 0.564453125 0.67431640625 0.61328125 0.72802734375 0.61328125 0.72802734375 0.564453125 0.67431640625 0.564453125
0 0.78466796875 0.51123046875 0.78466796875 0.52978515625 0.81298828125 0.52978515625 0.81298828125 0.51123046875 0.78466796875 0.51123046875
0 0.80810546875 0.5263671875 0.80810546875 0.5595703125 0.84130859375 0.5595703125 0.84130859375 0.5263671875 0.80810546875 0.5263671875
0 0.837890625 0.56298828125 0.837890625 0.59130859375 0.86328125 0.59130859375 0.86328125 0.56298828125 0.837890625 0.56298828125
0 0.50048828125 0.3984375 0.50048828125 0.416015625 0.52587890625 0.416015625 0.52587890625 0.3984375 0.50048828125 0.3984375
0 0.505859375 0.31005859375 0.505859375 0.34716796875 0.546875 0.34716796875 0.546875 0.31005859375 0.505859375 0.31005859375
0 0.48828125 0.3544921875 0.48828125 0.37109375 0.509765625 0.37109375 0.509765625 0.3544921875 0.48828125 0.3544921875
0 0.44189453125 0.35986328125 0.44189453125 0.39501953125 0.46533203125 0.39501953125 0.46533203125 0.35986328125 0.44189453125 0.35986328125
0 0.36962890625 0.41455078125 0.36962890625 0.45263671875 0.41455078125 0.45263671875 0.41455078125 0.41455078125 0.36962890625 0.41455078125
0 0.3310546875 0.46630859375 0.3310546875 0.48193359375 0.3505859375 0.48193359375 0.3505859375 0.46630859375 0.3310546875 0.46630859375
0 0.28857421875 0.46923828125 0.28857421875 0.47998046875 0.30224609375 0.47998046875 0.30224609375 0.46923828125 0.28857421875 0.46923828125
0 0.24072265625 0.45654296875 0.24072265625 0.49560546875 0.27294921875 0.49560546875 0.27294921875 0.45654296875 0.24072265625 0.45654296875
0 0.2822265625 0.3671875 0.2822265625 0.40625 0.30859375 0.40625 0.30859375 0.3671875 0.2822265625 0.3671875
0 0.3603515625 0.6064453125 0.3603515625 0.6357421875 0.392578125 0.6357421875 0.392578125 0.6064453125 0.3603515625 0.6064453125
0 0.34326171875 0.62451171875 0.34326171875 0.65185546875 0.36962890625 0.65185546875 0.36962890625 0.62451171875 0.34326171875 0.62451171875
0 0.30078125 0.64892578125 0.30078125 0.66650390625 0.3212890625 0.66650390625 0.3212890625 0.64892578125 0.30078125 0.64892578125
0 0.39404296875 0.71337890625 0.39404296875 0.73583984375 0.41650390625 0.73583984375 0.41650390625 0.71337890625 0.39404296875 0.71337890625
0 0.421875 0.70068359375 0.421875 0.71826171875 0.443359375 0.71826171875 0.443359375 0.70068359375 0.421875 0.70068359375
0 0.42724609375 0.7490234375 0.42724609375 0.78125 0.45751953125 0.78125 0.45751953125 0.7490234375 0.42724609375 0.7490234375
0 0.43212890625 0.82373046875 0.43212890625 0.83642578125 0.44580078125 0.83642578125 0.44580078125 0.82373046875 0.43212890625 0.82373046875
0 0.31494140625 0.84521484375 0.31494140625 0.90087890625 0.35986328125 0.90087890625 0.35986328125 0.84521484375 0.31494140625 0.84521484375
0 0.291015625 0.8037109375 0.291015625 0.830078125 0.3125 0.830078125 0.3125 0.8037109375 0.291015625 0.8037109375
0 0.27001953125 0.85302734375 0.27001953125 0.86865234375 0.28759765625 0.86865234375 0.28759765625 0.85302734375 0.27001953125 0.85302734375
0 0.2138671875 0.82470703125 0.2138671875 0.87744140625 0.265625 0.87744140625 0.265625 0.82470703125 0.2138671875 0.82470703125
0 0.30419921875 0.95361328125 0.30419921875 0.96533203125 0.31982421875 0.96533203125 0.31982421875 0.95361328125 0.30419921875 0.95361328125
0 0.36474609375 0.92236328125 0.36474609375 0.97607421875 0.42041015625 0.97607421875 0.42041015625 0.92236328125 0.36474609375 0.92236328125
0 0.4404296875 0.87890625 0.4404296875 0.9169921875 0.4658203125 0.9169921875 0.4658203125 0.87890625 0.4404296875 0.87890625
0 0.47021484375 0.91259765625 0.47021484375 0.92724609375 0.48779296875 0.92724609375 0.48779296875 0.91259765625 0.47021484375 0.91259765625
0 0.45849609375 0.93115234375 0.45849609375 0.94482421875 0.47021484375 0.94482421875 0.47021484375 0.93115234375 0.45849609375 0.93115234375
0 0.44873046875 0.95654296875 0.44873046875 0.97216796875 0.46533203125 0.97216796875 0.46533203125 0.95654296875 0.44873046875 0.95654296875
0 0.52587890625 0.9560546875 0.52587890625 0.9775390625 0.55224609375 0.9775390625 0.55224609375 0.9560546875 0.52587890625 0.9560546875
0 0.56298828125 1 0.56298828125 0.9921875 0.54736328125 0.9921875 0.54736328125 1 0.56298828125 1
0 0.58154296875 0.935546875 0.58154296875 0.94921875 0.59912109375 0.94921875 0.59912109375 0.935546875 0.58154296875 0.935546875
0 0.58642578125 0.87744140625 0.58642578125 0.89404296875 0.60986328125 0.89404296875 0.60986328125 0.87744140625 0.58642578125 0.87744140625
0 0.69189453125 0.77587890625 0.69189453125 0.79345703125 0.70947265625 0.79345703125 0.70947265625 0.77587890625 0.69189453125 0.77587890625
0 0.7763671875 0.80078125 0.7763671875 0.8134765625 0.7998046875 0.8134765625 0.7998046875 0.80078125 0.7763671875 0.80078125
0 0.77294921875 0.83544921875 0.77294921875 0.85009765625 0.79345703125 0.85009765625 0.79345703125 0.83544921875 0.77294921875 0.83544921875
0 0.77685546875 0.87353515625 0.77685546875 0.88720703125 0.79541015625 0.88720703125 0.79541015625 0.87353515625 0.77685546875 0.87353515625
0 0.8193359375 0.87255859375 0.8193359375 0.88720703125 0.84375 0.88720703125 0.84375 0.87255859375 0.8193359375 0.87255859375
0 0.83642578125 0.88330078125 0.83642578125 0.90380859375 0.86083984375 0.90380859375 0.86083984375 0.88330078125 0.83642578125 0.88330078125
0 0.7763671875 0.90673828125 0.7763671875 0.95947265625 0.8173828125 0.95947265625 0.8173828125 0.90673828125 0.7763671875 0.90673828125
0 0.75439453125 0.93701171875 0.75439453125 0.95361328125 0.76513671875 0.95361328125 0.76513671875 0.93701171875 0.75439453125 0.93701171875
0 0.72265625 0.90869140625 0.72265625 0.93115234375 0.7490234375 0.93115234375 0.7490234375 0.90869140625 0.72265625 0.90869140625
0 0.7138671875 0.93017578125 0.7138671875 0.95654296875 0.7451171875 0.95654296875 0.7451171875 0.93017578125 0.7138671875 0.93017578125
0 0.69873046875 0.96533203125 0.69873046875 0.98486328125 0.72509765625 0.98486328125 0.72509765625 0.96533203125 0.69873046875 0.96533203125
0 0.646484375 0.95166015625 0.646484375 0.97216796875 0.666015625 0.97216796875 0.666015625 0.95166015625 0.646484375 0.95166015625
0 0.62646484375 1 0.62646484375 0.9833984375 0.60595703125 0.9833984375 0.60595703125 1 0.62646484375 1
0 0.73681640625 0.7451171875 0.73681640625 0.7744140625 0.77685546875 0.7744140625 0.77685546875 0.7451171875 0.73681640625 0.7451171875
0 0.7841796875 0.69970703125 0.7841796875 0.71337890625 0.806640625 0.71337890625 0.806640625 0.69970703125 0.7841796875 0.69970703125
0 0.7529296875 0.66796875 0.7529296875 0.6943359375 0.7841796875 0.6943359375 0.7841796875 0.66796875 0.7529296875 0.66796875
0 0.84130859375 0.68310546875 0.84130859375 0.70361328125 0.86767578125 0.70361328125 0.86767578125 0.68310546875 0.84130859375 0.68310546875
0 0.85205078125 0.72802734375 0.85205078125 0.74169921875 0.86767578125 0.74169921875 0.86767578125 0.72802734375 0.85205078125 0.72802734375
0 0.8349609375 0.77294921875 0.8349609375 0.78076171875 0.84765625 0.78076171875 0.84765625 0.77294921875 0.8349609375 0.77294921875
0 0.82177734375 0.796875 0.82177734375 0.814453125 0.84423828125 0.814453125 0.84423828125 0.796875 0.82177734375 0.796875
0 0.91845703125 0.7490234375 0.91845703125 0.7763671875 0.95166015625 0.7763671875 0.95166015625 0.7490234375 0.91845703125 0.7490234375
0 0.94482421875 0.662109375 0.94482421875 0.677734375 0.96728515625 0.677734375 0.96728515625 0.662109375 0.94482421875 0.662109375
0 0.9072265625 0.646484375 0.9072265625 0.6591796875 0.9287109375 0.6591796875 0.9287109375 0.646484375 0.9072265625 0.646484375
0 1 0.7216796875 0.984375 0.7216796875 0.984375 0.73828125 1 0.73828125 1 0.7216796875
0 0.900390625 0.85546875 0.900390625 0.875 0.9306640625 0.875 0.9306640625 0.85546875 0.900390625 0.85546875
0 1 0.8642578125 0.97265625 0.8642578125 0.97265625 0.9453125 1 0.9453125 1 0.8642578125
0 0.94384765625 0.97509765625 0.94384765625 0.99951171875 0.96630859375 0.99951171875 0.96630859375 0.97509765625 0.94384765625 0.97509765625
0 0.8896484375 0.9814453125 0.8896484375 0.9970703125 0.9052734375 0.9970703125 0.9052734375 0.9814453125 0.8896484375 0.9814453125
0 0.60986328125 0.78515625 0.60986328125 0.9052734375 0.72216796875 0.9052734375 0.72216796875 0.78515625 0.60986328125 0.78515625
0 0.5693359375 0.68896484375 0.5693359375 0.71240234375 0.6064453125 0.71240234375 0.6064453125 0.68896484375 0.5693359375 0.68896484375
0 0.62646484375 0.662109375 0.62646484375 0.677734375 0.64794921875 0.677734375 0.64794921875 0.662109375 0.62646484375 0.662109375
0 0.630859375 0.4990234375 0.630859375 0.541015625 0.6572265625 0.541015625 0.6572265625 0.4990234375 0.630859375 0.4990234375
0 0.54833984375 0.60498046875 0.54833984375 0.65673828125 0.60400390625 0.65673828125 0.60400390625 0.60498046875 0.54833984375 0.60498046875
0 0.46044921875 0.673828125 0.46044921875 0.740234375 0.52880859375 0.740234375 0.52880859375 0.673828125 0.46044921875 0.673828125
0 0.42919921875 0.58740234375 0.42919921875 0.62744140625 0.46142578125 0.62744140625 0.46142578125 0.58740234375 0.42919921875 0.58740234375
0 0.4970703125 0.583984375 0.4970703125 0.6220703125 0.5302734375 0.6220703125 0.5302734375 0.583984375 0.4970703125 0.583984375
0 0.5185546875 0.505859375 0.5185546875 0.5283203125 0.5400390625 0.5283203125 0.5400390625 0.505859375 0.5185546875 0.505859375
0 0.50439453125 0.49072265625 0.50439453125 0.51025390625 0.52490234375 0.51025390625 0.52490234375 0.49072265625 0.50439453125 0.49072265625
0 0.54150390625 0.4765625 0.54150390625 0.494140625 0.55810546875 0.494140625 0.55810546875 0.4765625 0.54150390625 0.4765625
0 0.5224609375 0.46435546875 0.5224609375 0.48876953125 0.5439453125 0.48876953125 0.5439453125 0.46435546875 0.5224609375 0.46435546875
0 0.4931640625 0.4697265625 0.4931640625 0.5068359375 0.544921875 0.5068359375 0.544921875 0.4697265625 0.4931640625 0.4697265625
0 0.48388671875 0.4931640625 0.48388671875 0.572265625 0.53564453125 0.572265625 0.53564453125 0.4931640625 0.48388671875 0.4931640625
0 0.455078125 0.56005859375 0.455078125 0.62744140625 0.5322265625 0.62744140625 0.5322265625 0.56005859375 0.455078125 0.56005859375
0 0.57861328125 0.37841796875 0.57861328125 0.39599609375 0.59423828125 0.39599609375 0.59423828125 0.37841796875 0.57861328125 0.37841796875
0 0.62158203125 0.34375 0.62158203125 0.3681640625 0.64599609375 0.3681640625 0.64599609375 0.34375 0.62158203125 0.34375
0 0.66455078125 0.43115234375 0.66455078125 0.44580078125 0.67529296875 0.44580078125 0.67529296875 0.43115234375 0.66455078125 0.43115234375
0 0.68359375 0.41357421875 0.68359375 0.45263671875 0.701171875 0.45263671875 0.701171875 0.41357421875 0.68359375 0.41357421875
0 0.6640625 0.24462890625 0.6640625 0.25634765625 0.6796875 0.25634765625 0.6796875 0.24462890625 0.6640625 0.24462890625
0 0.59033203125 0.15185546875 0.59033203125 0.16552734375 0.60791015625 0.16552734375 0.60791015625 0.15185546875 0.59033203125 0.15185546875
0 0.71044921875 0.3251953125 0.71044921875 0.34375 0.73876953125 0.34375 0.73876953125 0.3251953125 0.71044921875 0.3251953125
0 0.685546875 0.33251953125 0.685546875 0.35400390625 0.701171875 0.35400390625 0.701171875 0.33251953125 0.685546875 0.33251953125
0 0.69384765625 0.27587890625 0.69384765625 0.32666015625 0.73876953125 0.32666015625 0.73876953125 0.27587890625 0.69384765625 0.27587890625
0 0.7294921875 0.455078125 0.7294921875 0.46875 0.74609375 0.46875 0.74609375 0.455078125 0.7294921875 0.455078125
0 0.72412109375 0.42138671875 0.72412109375 0.46044921875 0.77294921875 0.46044921875 0.77294921875 0.42138671875 0.72412109375 0.42138671875
0 0.7841796875 0.185546875 0.7841796875 0.2080078125 0.8017578125 0.2080078125 0.8017578125 0.185546875 0.7841796875 0.185546875
0 0.79541015625 0.2275390625 0.79541015625 0.2587890625 0.83349609375 0.2587890625 0.83349609375 0.2275390625 0.79541015625 0.2275390625
0 0.82177734375 0.2822265625 0.82177734375 0.30859375 0.84716796875 0.30859375 0.84716796875 0.2822265625 0.82177734375 0.2822265625
0 0.84765625 0.13671875 0.84765625 0.1591796875 0.87109375 0.1591796875 0.87109375 0.13671875 0.84765625 0.13671875
0 0.8095703125 0.046875 0.8095703125 0.0615234375 0.83203125 0.0615234375 0.83203125 0.046875 0.8095703125 0.046875
0 0.935546875 0.03076171875 0.935546875 0.05029296875 0.970703125 0.05029296875 0.970703125 0.03076171875 0.935546875 0.03076171875
0 0.95947265625 0.05224609375 0.95947265625 0.07470703125 0.98193359375 0.07470703125 0.98193359375 0.05224609375 0.95947265625 0.05224609375
0 0.90234375 0.27099609375 0.90234375 0.30419921875 0.943359375 0.30419921875 0.943359375 0.27099609375 0.90234375 0.27099609375
0 0.91064453125 0.25 0.91064453125 0.271484375 0.93017578125 0.271484375 0.93017578125 0.25 0.91064453125 0.25
0 0.8603515625 0.22998046875 0.8603515625 0.27197265625 0.9052734375 0.27197265625 0.9052734375 0.22998046875 0.8603515625 0.22998046875
0 0.89599609375 0.37890625 0.89599609375 0.40234375 0.91748046875 0.40234375 0.91748046875 0.37890625 0.89599609375 0.37890625
0 0.86865234375 0.40869140625 0.86865234375 0.42236328125 0.88232421875 0.42236328125 0.88232421875 0.40869140625 0.86865234375 0.40869140625
0 0.9638671875 0.37353515625 0.9638671875 0.39501953125 0.98046875 0.39501953125 0.98046875 0.37353515625 0.9638671875 0.37353515625
0 0.7890625 0.88134765625 0.7890625 0.89892578125 0.818359375 0.89892578125 0.818359375 0.88134765625 0.7890625 0.88134765625
0 0.20751953125 0.92236328125 0.20751953125 0.93798828125 0.22998046875 0.93798828125 0.22998046875 0.92236328125 0.20751953125 0.92236328125
0 0.2041015625 0.93359375 0.2041015625 0.9580078125 0.2236328125 0.9580078125 0.2236328125 0.93359375 0.2041015625 0.93359375
0 0.16552734375 0.94873046875 0.16552734375 0.98779296875 0.21337890625 0.98779296875 0.21337890625 0.94873046875 0.16552734375 0.94873046875
0 0.16748046875 0.93505859375 0.16748046875 0.94873046875 0.18798828125 0.94873046875 0.18798828125 0.93505859375 0.16748046875 0.93505859375
0 0.16943359375 0.90625 0.16943359375 0.9189453125 0.18994140625 0.9189453125 0.18994140625 0.90625 0.16943359375 0.90625
0 0.15869140625 0.8828125 0.15869140625 0.9072265625 0.18896484375 0.9072265625 0.18896484375 0.8828125 0.15869140625 0.8828125
0 0.15869140625 1 0.15869140625 0.9755859375 0.14501953125 0.9755859375 0.14501953125 1 0.15869140625 1
0 0.0849609375 0.8203125 0.0849609375 0.833984375 0.0947265625 0.833984375 0.0947265625 0.8203125 0.0849609375 0.8203125
0 0.03125 0.8154296875 0.03125 0.8271484375 0.0419921875 0.8271484375 0.0419921875 0.8154296875 0.03125 0.8154296875
0 0.03125 0.77490234375 0.03125 0.79541015625 0.0517578125 0.79541015625 0.0517578125 0.77490234375 0.03125 0.77490234375
0 0.0888671875 0.77490234375 0.0888671875 0.79638671875 0.1044921875 0.79638671875 0.1044921875 0.77490234375 0.0888671875 0.77490234375
0 0.07080078125 0.76318359375 0.07080078125 0.77392578125 0.08642578125 0.77392578125 0.08642578125 0.76318359375 0.07080078125 0.76318359375
0 0.19873046875 0.75048828125 0.19873046875 0.76416015625 0.21826171875 0.76416015625 0.21826171875 0.75048828125 0.19873046875 0.75048828125
0 0.14013671875 0.68408203125 0.14013671875 0.76318359375 0.21337890625 0.76318359375 0.21337890625 0.68408203125 0.14013671875 0.68408203125
0 0.08544921875 0.7431640625 0.08544921875 0.7646484375 0.14599609375 0.7646484375 0.14599609375 0.7431640625 0.08544921875 0.7431640625
0 0.10400390625 0.65185546875 0.10400390625 0.68505859375 0.12939453125 0.68505859375 0.12939453125 0.65185546875 0.10400390625 0.65185546875
0 0.08056640625 0.64013671875 0.08056640625 0.66552734375 0.11376953125 0.66552734375 0.11376953125 0.64013671875 0.08056640625 0.64013671875
0 0.091796875 0.6162109375 0.091796875 0.6318359375 0.1142578125 0.6318359375 0.1142578125 0.6162109375 0.091796875 0.6162109375
0 0.11083984375 0.6015625 0.11083984375 0.62890625 0.14208984375 0.62890625 0.14208984375 0.6015625 0.11083984375 0.6015625
0 0.12841796875 0.58935546875 0.12841796875 0.61279296875 0.14892578125 0.61279296875 0.14892578125 0.58935546875 0.12841796875 0.58935546875
0 0.1708984375 0.62890625 0.1708984375 0.650390625 0.197265625 0.650390625 0.197265625 0.62890625 0.1708984375 0.62890625
0 0.2548828125 0.55615234375 0.2548828125 0.60009765625 0.2841796875 0.60009765625 0.2841796875 0.55615234375 0.2548828125 0.55615234375
0 0.2412109375 0.572265625 0.2412109375 0.5869140625 0.2568359375 0.5869140625 0.2568359375 0.572265625 0.2412109375 0.572265625
0 0.23388671875 0.59130859375 0.23388671875 0.61376953125 0.25244140625 0.61376953125 0.25244140625 0.59130859375 0.23388671875 0.59130859375
0 0.2041015625 0.57421875 0.2041015625 0.6025390625 0.2333984375 0.6025390625 0.2333984375 0.57421875 0.2041015625 0.57421875
0 0.2119140625 0.61279296875 0.2119140625 0.62841796875 0.2333984375 0.62841796875 0.2333984375 0.61279296875 0.2119140625 0.61279296875
0 0.1943359375 0.603515625 0.1943359375 0.6201171875 0.21875 0.6201171875 0.21875 0.603515625 0.1943359375 0.603515625
0 0.15673828125 0.59619140625 0.15673828125 0.62744140625 0.17724609375 0.62744140625 0.17724609375 0.59619140625 0.15673828125 0.59619140625
0 0.17724609375 0.576171875 0.17724609375 0.607421875 0.19775390625 0.607421875 0.19775390625 0.576171875 0.17724609375 0.576171875
0 0.15478515625 0.5478515625 0.15478515625 0.5634765625 0.17724609375 0.5634765625 0.17724609375 0.5478515625 0.15478515625 0.5478515625
0 0.15380859375 0.56396484375 0.15380859375 0.57861328125 0.18505859375 0.57861328125 0.18505859375 0.56396484375 0.15380859375 0.56396484375
0 0.1396484375 0.6650390625 0.1396484375 0.685546875 0.1611328125 0.685546875 0.1611328125 0.6650390625 0.1396484375 0.6650390625
0 0.05029296875 0.52392578125 0.05029296875 0.53564453125 0.07080078125 0.53564453125 0.07080078125 0.52392578125 0.05029296875 0.52392578125
0 0.00732421875 0.501953125 0.00732421875 0.51953125 0.02587890625 0.51953125 0.02587890625 0.501953125 0.00732421875 0.501953125
0 0.0693359375 0.40380859375 0.0693359375 0.43896484375 0.10546875 0.43896484375 0.10546875 0.40380859375 0.0693359375 0.40380859375
0 0.0595703125 0.365234375 0.0595703125 0.3837890625 0.0712890625 0.3837890625 0.0712890625 0.365234375 0.0595703125 0.365234375
0 0.044921875 0.5400390625 0.044921875 0.552734375 0.056640625 0.552734375 0.056640625 0.5400390625 0.044921875 0.5400390625
0 0.0849609375 0.44287109375 0.0849609375 0.45654296875 0.09765625 0.45654296875 0.09765625 0.44287109375 0.0849609375 0.44287109375
0 0.13037109375 0.40869140625 0.13037109375 0.42919921875 0.15869140625 0.42919921875 0.15869140625 0.40869140625 0.13037109375 0.40869140625
0 0.2021484375 0.390625 0.2021484375 0.400390625 0.2177734375 0.400390625 0.2177734375 0.390625 0.2021484375 0.390625
0 0.19482421875 0.3447265625 0.19482421875 0.3564453125 0.21240234375 0.3564453125 0.21240234375 0.3447265625 0.19482421875 0.3447265625
0 0.22021484375 0.31396484375 0.22021484375 0.33447265625 0.23486328125 0.33447265625 0.23486328125 0.31396484375 0.22021484375 0.31396484375
0 0.2490234375 0.34326171875 0.2490234375 0.35595703125 0.259765625 0.35595703125 0.259765625 0.34326171875 0.2490234375 0.34326171875
0 0.3095703125 0.294921875 0.3095703125 0.3173828125 0.3359375 0.3173828125 0.3359375 0.294921875 0.3095703125 0.294921875
0 0.3671875 0.3037109375 0.3671875 0.3271484375 0.3935546875 0.3271484375 0.3935546875 0.3037109375 0.3671875 0.3037109375
0 0.36279296875 0.3291015625 0.36279296875 0.3447265625 0.38818359375 0.3447265625 0.38818359375 0.3291015625 0.36279296875 0.3291015625
0 0.35107421875 0.30908203125 0.35107421875 0.32470703125 0.36962890625 0.32470703125 0.36962890625 0.30908203125 0.35107421875 0.30908203125
0 0.39892578125 0.34228515625 0.39892578125 0.36083984375 0.41650390625 0.36083984375 0.41650390625 0.34228515625 0.39892578125 0.34228515625
0 0.50439453125 0.26025390625 0.50439453125 0.27783203125 0.52099609375 0.27783203125 0.52099609375 0.26025390625 0.50439453125 0.26025390625
0 0.47705078125 0.21630859375 0.47705078125 0.23193359375 0.50439453125 0.23193359375 0.50439453125 0.21630859375 0.47705078125 0.21630859375
0 0.51513671875 0.158203125 0.51513671875 0.1865234375 0.54541015625 0.1865234375 0.54541015625 0.158203125 0.51513671875 0.158203125
0 0.50390625 0.1220703125 0.50390625 0.1484375 0.5400390625 0.1484375 0.5400390625 0.1220703125 0.50390625 0.1220703125
0 0.45556640625 0.15625 0.45556640625 0.1826171875 0.48291015625 0.1826171875 0.48291015625 0.15625 0.45556640625 0.15625
0 0.4150390625 0.2275390625 0.4150390625 0.2392578125 0.427734375 0.2392578125 0.427734375 0.2275390625 0.4150390625 0.2275390625
0 0.37890625 0.18408203125 0.37890625 0.19775390625 0.3994140625 0.19775390625 0.3994140625 0.18408203125 0.37890625 0.18408203125
0 0.3740234375 0.1572265625 0.3740234375 0.16796875 0.3876953125 0.16796875 0.3876953125 0.1572265625 0.3740234375 0.1572265625
0 0.3994140625 0.1259765625 0.3994140625 0.1484375 0.4169921875 0.1484375 0.4169921875 0.1259765625 0.3994140625 0.1259765625
0 0.43603515625 0.134765625 0.43603515625 0.15234375 0.45458984375 0.15234375 0.45458984375 0.134765625 0.43603515625 0.134765625
0 0.2958984375 0.2412109375 0.2958984375 0.26171875 0.3203125 0.26171875 0.3203125 0.2412109375 0.2958984375 0.2412109375
0 0.341796875 0.17822265625 0.341796875 0.19091796875 0.3505859375 0.19091796875 0.3505859375 0.17822265625 0.341796875 0.17822265625
0 0.32421875 0.1171875 0.32421875 0.13671875 0.34375 0.13671875 0.34375 0.1171875 0.32421875 0.1171875
0 0.318359375 0.158203125 0.318359375 0.1982421875 0.33984375 0.1982421875 0.33984375 0.158203125 0.318359375 0.158203125
0 0.02783203125 0.2890625 0.02783203125 0.318359375 0.05712890625 0.318359375 0.05712890625 0.2890625 0.02783203125 0.2890625
0 0.0380859375 0.23779296875 0.0380859375 0.27783203125 0.076171875 0.27783203125 0.076171875 0.23779296875 0.0380859375 0.23779296875
0 0.046875 0.17138671875 0.046875 0.18994140625 0.0673828125 0.18994140625 0.0673828125 0.17138671875 0.046875 0.17138671875
0 0.32373046875 0.02001953125 0.32373046875 0.03271484375 0.33935546875 0.03271484375 0.33935546875 0.02001953125 0.32373046875 0.02001953125
0 0.255859375 0.04296875 0.255859375 0.06640625 0.2802734375 0.06640625 0.2802734375 0.04296875 0.255859375 0.04296875
0 0.22900390625 0.05712890625 0.22900390625 0.08837890625 0.25634765625 0.08837890625 0.25634765625 0.05712890625 0.22900390625 0.05712890625
0 0.25341796875 0.25048828125 0.25341796875 0.26318359375 0.27197265625 0.26318359375 0.27197265625 0.25048828125 0.25341796875 0.25048828125
0 0.251953125 0.22021484375 0.251953125 0.23193359375 0.267578125 0.23193359375 0.267578125 0.22021484375 0.251953125 0.22021484375
0 0.251953125 0.2060546875 0.251953125 0.2216796875 0.265625 0.2216796875 0.265625 0.2060546875 0.251953125 0.2060546875
0 0.2353515625 0.21728515625 0.2353515625 0.22998046875 0.2529296875 0.22998046875 0.2529296875 0.21728515625 0.2353515625 0.21728515625
0 0.1845703125 0.24072265625 0.1845703125 0.27294921875 0.2294921875 0.27294921875 0.2294921875 0.24072265625 0.1845703125 0.24072265625
0 0.1591796875 0.21142578125 0.1591796875 0.23974609375 0.228515625 0.23974609375 0.228515625 0.21142578125 0.1591796875 0.21142578125
0 0.1845703125 0.17236328125 0.1845703125 0.20751953125 0.2333984375 0.20751953125 0.2333984375 0.17236328125 0.1845703125 0.17236328125
0 0.23388671875 0.13916015625 0.23388671875 0.19677734375 0.28564453125 0.19677734375 0.28564453125 0.13916015625 0.23388671875 0.13916015625
0 0.21044921875 0.146484375 0.21044921875 0.1708984375 0.23876953125 0.1708984375 0.23876953125 0.146484375 0.21044921875 0.146484375
0 0.21240234375 0.11376953125 0.21240234375 0.14501953125 0.23095703125 0.14501953125 0.23095703125 0.11376953125 0.21240234375 0.11376953125
0 0.1416015625 0.13623046875 0.1416015625 0.14892578125 0.1611328125 0.14892578125 0.1611328125 0.13623046875 0.1416015625 0.13623046875
0 0.1904296875 0.10107421875 0.1904296875 0.11572265625 0.2099609375 0.11572265625 0.2099609375 0.10107421875 0.1904296875 0.10107421875
0 0.1923828125 0.11328125 0.1923828125 0.1318359375 0.208984375 0.1318359375 0.208984375 0.11328125 0.1923828125 0.11328125
0 0.1552734375 0.12451171875 0.1552734375 0.13818359375 0.1728515625 0.13818359375 0.1728515625 0.12451171875 0.1552734375 0.12451171875
0 0.173828125 0.09814453125 0.173828125 0.11962890625 0.18359375 0.11962890625 0.18359375 0.09814453125 0.173828125 0.09814453125
0 0.1728515625 0.11865234375 0.1728515625 0.13916015625 0.189453125 0.13916015625 0.189453125 0.11865234375 0.1728515625 0.11865234375
0 0.15380859375 0.10546875 0.15380859375 0.1259765625 0.16650390625 0.1259765625 0.16650390625 0.10546875 0.15380859375 0.10546875
0 0.17578125 0.0810546875 0.17578125 0.08984375 0.185546875 0.08984375 0.185546875 0.0810546875 0.17578125 0.0810546875
0 0.18017578125 0.0576171875 0.18017578125 0.078125 0.20458984375 0.078125 0.20458984375 0.0576171875 0.18017578125 0.0576171875
0 0.1669921875 0.0673828125 0.1669921875 0.078125 0.1767578125 0.078125 0.1767578125 0.0673828125 0.1669921875 0.0673828125
0 0.1337890625 0.04443359375 0.1337890625 0.10205078125 0.1728515625 0.10205078125 0.1728515625 0.04443359375 0.1337890625 0.04443359375
0 0.19921875 0.0498046875 0.19921875 0.0595703125 0.21484375 0.0595703125 0.21484375 0.0498046875 0.19921875 0.0498046875
0 0.19873046875 0.0078125 0.19873046875 0.0244140625 0.22412109375 0.0244140625 0.22412109375 0.0078125 0.19873046875 0.0078125
0 0.18701171875 0.02001953125 0.18701171875 0.03564453125 0.21337890625 0.03564453125 0.21337890625 0.02001953125 0.18701171875 0.02001953125
0 0.20458984375 0.03369140625 0.20458984375 0.04638671875 0.22119140625 0.04638671875 0.22119140625 0.03369140625 0.20458984375 0.03369140625
0 0.185546875 0.03466796875 0.185546875 0.04833984375 0.2041015625 0.04833984375 0.2041015625 0.03466796875 0.185546875 0.03466796875
0 0.16455078125 0.02001953125 0.16455078125 0.03369140625 0.17431640625 0.03369140625 0.17431640625 0.02001953125 0.16455078125 0.02001953125
0 0.0947265625 0.0244140625 0.0947265625 0.0400390625 0.1103515625 0.0400390625 0.1103515625 0.0244140625 0.0947265625 0.0244140625
0 0.10302734375 0 0.10302734375 0.037109375 0.18017578125 0.037109375 0.18017578125 0 0.10302734375 0
0 0.09228515625 0.05810546875 0.09228515625 0.09033203125 0.11376953125 0.09033203125 0.11376953125 0.05810546875 0.09228515625 0.05810546875
0 0.09814453125 0.0615234375 0.09814453125 0.080078125 0.10888671875 0.080078125 0.10888671875 0.0615234375 0.09814453125 0.0615234375
0 0.0791015625 0.07080078125 0.0791015625 0.08251953125 0.08984375 0.08251953125 0.08984375 0.07080078125 0.0791015625 0.07080078125
0 0.08056640625 0.0810546875 0.08056640625 0.09375 0.09033203125 0.09375 0.09033203125 0.0810546875 0.08056640625 0.0810546875
0 0.0595703125 0.0693359375 0.0595703125 0.095703125 0.0810546875 0.095703125 0.0810546875 0.0693359375 0.0595703125 0.0693359375
0 0.03955078125 0.01416015625 0.03955078125 0.03466796875 0.05322265625 0.03466796875 0.05322265625 0.01416015625 0.03955078125 0.01416015625
0 0.01904296875 0.0224609375 0.01904296875 0.0439453125 0.03662109375 0.0439453125 0.03662109375 0.0224609375 0.01904296875 0.0224609375
0 0.0146484375 0 0.0146484375 0.0126953125 0.0400390625 0.0126953125 0.0400390625 0 0.0146484375 0
0 0.01318359375 0.10693359375 0.01318359375 0.11572265625 0.02197265625 0.11572265625 0.02197265625 0.10693359375 0.01318359375 0.10693359375
0 0.044921875 0.13720703125 0.044921875 0.14990234375 0.060546875 0.14990234375 0.060546875 0.13720703125 0.044921875 0.13720703125
0 0.046875 0.10107421875 0.046875 0.12060546875 0.0712890625 0.12060546875 0.0712890625 0.10107421875 0.046875 0.10107421875
0 0.0537109375 0.10498046875 0.0537109375 0.11474609375 0.0673828125 0.11474609375 0.0673828125 0.10498046875 0.0537109375 0.10498046875
0 0.0185546875 0.078125 0.0185546875 0.0869140625 0.025390625 0.0869140625 0.025390625 0.078125 0.0185546875 0.078125
0 0.00732421875 0.14453125 0.00732421875 0.1630859375 0.02685546875 0.1630859375 0.02685546875 0.14453125 0.00732421875 0.14453125
0 0.00244140625 0.1376953125 0.00244140625 0.146484375 0.01025390625 0.146484375 0.01025390625 0.1376953125 0.00244140625 0.1376953125
0 0 0.29931640625 0.0087890625 0.29931640625 0.0087890625 0.19970703125 0 0.19970703125 0 0.29931640625
0 0.11328125 0.216796875 0.11328125 0.2275390625 0.1240234375 0.2275390625 0.1240234375 0.216796875 0.11328125 0.216796875
0 0.64306640625 0.08349609375 0.64306640625 0.10693359375 0.66259765625 0.10693359375 0.66259765625 0.08349609375 0.64306640625 0.08349609375
0 0.6328125 0.0732421875 0.6328125 0.09375 0.6484375 0.09375 0.6484375 0.0732421875 0.6328125 0.0732421875
0 0.6064453125 0.08251953125 0.6064453125 0.10107421875 0.6337890625 0.10107421875 0.6337890625 0.08251953125 0.6064453125 0.08251953125
0 0.6240234375 0.08984375 0.6240234375 0.115234375 0.642578125 0.115234375 0.642578125 0.08984375 0.6240234375 0.08984375
0 0.744140625 0.11328125 0.744140625 0.14453125 0.7724609375 0.14453125 0.7724609375 0.11328125 0.744140625 0.11328125
0 0.7412109375 0.15087890625 0.7412109375 0.16943359375 0.7607421875 0.16943359375 0.7607421875 0.15087890625 0.7412109375 0.15087890625
0 0.716796875 0.16357421875 0.716796875 0.18701171875 0.74609375 0.18701171875 0.74609375 0.16357421875 0.716796875 0.16357421875
0 0.6787109375 0.16552734375 0.6787109375 0.19970703125 0.7177734375 0.19970703125 0.7177734375 0.16552734375 0.6787109375 0.16552734375
0 0.68017578125 0.1259765625 0.68017578125 0.1572265625 0.70947265625 0.1572265625 0.70947265625 0.1259765625 0.68017578125 0.1259765625
0 0.71484375 0.11474609375 0.71484375 0.15185546875 0.740234375 0.15185546875 0.740234375 0.11474609375 0.71484375 0.11474609375
0 0.6640625 0.001953125 0.6640625 0.0146484375 0.677734375 0.0146484375 0.677734375 0.001953125 0.6640625 0.001953125
0 0.4931640625 0.0166015625 0.4931640625 0.0458984375 0.5390625 0.0458984375 0.5390625 0.0166015625 0.4931640625 0.0166015625
0 0 0.69140625 0.01953125 0.69140625 0.01953125 0.66015625 0 0.66015625 0 0.69140625
0 0.02001953125 0.658203125 0.02001953125 0.6728515625 0.03955078125 0.6728515625 0.03955078125 0.658203125 0.02001953125 0.658203125
0 0.0517578125 0.73388671875 0.0517578125 0.74560546875 0.0625 0.74560546875 0.0625 0.73388671875 0.0517578125 0.73388671875
0 0 0.77783203125 0.021484375 0.77783203125 0.021484375 0.73388671875 0 0.73388671875 0 0.77783203125
0 0.0087890625 0.66748046875 0.0087890625 0.74072265625 0.068359375 0.74072265625 0.068359375 0.66748046875 0.0087890625 0.66748046875
0 0.0654296875 0.66259765625 0.0654296875 0.69775390625 0.091796875 0.69775390625 0.091796875 0.66259765625 0.0654296875 0.66259765625
0 0.1220703125 0.7099609375 0.1220703125 0.7392578125 0.1376953125 0.7392578125 0.1376953125 0.7099609375 0.1220703125 0.7099609375
0 0.08251953125 0.70556640625 0.08251953125 0.72900390625 0.10498046875 0.72900390625 0.10498046875 0.70556640625 0.08251953125 0.70556640625
0 0.07421875 0.681640625 0.07421875 0.7158203125 0.138671875 0.7158203125 0.138671875 0.681640625 0.07421875 0.681640625
0 0.0869140625 0.716796875 0.0869140625 0.7421875 0.126953125 0.7421875 0.126953125 0.716796875 0.0869140625 0.716796875
0 0.8095703125 0.46142578125 0.8095703125 0.47412109375 0.8232421875 0.47412109375 0.8232421875 0.46142578125 0.8095703125 0.46142578125
0 0.23876953125 0.74560546875 0.23876953125 0.75634765625 0.25048828125 0.75634765625 0.25048828125 0.74560546875 0.23876953125 0.74560546875