0 0.3537788890625 0.5094329203125 0.3757515453125 0.547490678125 0.40788920781250004 0.528935990625 0.3859165515625 0.4908782328125 0.3537788890625 0.5094329203125
0 0.390059728125 0.3740309890625 0.41593863437499995 0.41885456874999993 0.46921949375 0.38809285 0.4433405875 0.3432692703125 0.390059728125 0.3740309890625
0 0.41695587187500005 0.2936633515625 0.42867462187500005 0.31396082187499996 0.4506635484375 0.30126550937499996 0.4389447984375 0.2809680390625 0.41695587187500005 0.2936633515625
0 0.4680876921875 0.46035126093749995 0.4934783171875 0.5043291140624999 0.5492963609375 0.4721025515625 0.5239057359375 0.42812469843749995 0.4680876921875 0.46035126093749995
0 0.48262030625 0.37810061250000004 0.5021515562500001 0.41192972968749997 0.5241404828125 0.3992344171875 0.5046092328125 0.36540530000000004 0.48262030625 0.37810061250000004
0 0.519532171875 0.38441665 0.530762640625 0.40386839375 0.5468314703125 0.39459105 0.5356010015625 0.37513930625 0.519532171875 0.38441665
0 0.5331865171875 0.404160421875 0.5424638609375 0.42022925312500004 0.554304053125 0.41339331562500004 0.545026709375 0.397324484375 0.5331865171875 0.404160421875
0 0.542698609375 0.391338971875 0.568089234375 0.435316825 0.5959982546875 0.41920354375 0.5706076296875 0.375225690625 0.542698609375 0.391338971875
0 0.5724264828125001 0.4164619734375 0.6105124203125001 0.4824287515625 0.6511073609375 0.4589912515625 0.6130214234375 0.3930244734375 0.5724264828125001 0.4164619734375
0 0.3411339828125 0.5939766125 0.3543175765625 0.616811265625 0.3720778640625 0.606557359375 0.3588942703125 0.58372270625 0.3411339828125 0.5939766125
0 0.22371769062500002 0.48923844218749996 0.23299503437500002 0.505307271875 0.249063865625 0.496029928125 0.239786521875 0.47996109843749996 0.22371769062500002 0.48923844218749996
0 0.2393649171875 0.53489491875 0.25450163593749997 0.5611124843749999 0.2807192015625 0.5459757656249999 0.2655824828125 0.5197582 0.2393649171875 0.53489491875
0 0.24448843125000003 0.58380816875 0.2566954625 0.6049513671875 0.2769929328125 0.5932326171875 0.2647859015625 0.57208941875 0.24448843125000003 0.58380816875
0 0.2089678578125 0.60431598125 0.2324053578125 0.644910921875 0.2763832109375 0.619520296875 0.2529457109375 0.57892535625 0.2089678578125 0.60431598125
0 0.1712944703125 0.6582043828125 0.1849663453125 0.681884765625 0.2103381828125 0.667236328125 0.1966663078125 0.6435559453125 0.1712944703125 0.6582043828125
0 0.0765319296875 0.6356724109375 0.0872741171875 0.654278425 0.10165149062500001 0.64597764375 0.090909303125 0.6273716296875 0.0765319296875 0.6356724109375
0 0.0776662484375 0.6727933593750001 0.0903615609375 0.6947822859375 0.11996203750000001 0.6776924421875 0.10726672500000001 0.6557035156250001 0.0776662484375 0.6727933593750001
0 0 0.60994463125 0.07247605781250001 0.568100559375 0.0402494953125 0.5122825171875001 0 0.5355205734374999 0 0.60994463125
0 0.041604134375000004 0.2724413203125 0.10605725937499999 0.38407740625 0.241373728125 0.30595240625 0.176920603125 0.19431632031249998 0.041604134375000004 0.2724413203125
0 0 0.3283105328125 0.0103788765625 0.3462872734375 0.057739640625 0.3189435234375 0.031860734375 0.27411994375000004 0 0.292514746875 0 0.3283105328125
0 0.0406745390625 0.4173155890625 0.1222175078125 0.5585521531250001 0.3835474390625 0.40767324687500006 0.3020044703125 0.2664366828125 0.0406745390625 0.4173155890625
0 0.20915999687500003 0.2394144015625 0.25261702812500003 0.3146841875 0.3152008953125 0.278551375 0.2717438640625 0.2032815890625 0.20915999687500003 0.2394144015625
0 0.13380005156250002 0.153809021875 0.16065552031250002 0.20032405781249998 0.1944846375 0.1807928078125 0.16762916875 0.134277771875 0.13380005156250002 0.153809021875
0 0.052799545312499994 0.2840198421875 0.0737956390625 0.3203861421875 0.106779028125 0.3013431734375 0.085782934375 0.2649768734375 0.052799545312499994 0.2840198421875
0 0.31589918125 0.1225342796875 0.3261530875 0.140294565625 0.3489877421875 0.127110971875 0.3387338359375 0.1093506859375 0.31589918125 0.1225342796875
0 0.7977475593750001 0.28524515156249997 0.8114194343750001 0.3089255328125 0.836791271875 0.2942770953125 0.823119396875 0.27059671406249997 0.7977475593750001 0.28524515156249997
0 0.8895757156249999 0.288046184375 0.9047124343749999 0.31426375 0.9283928171875001 0.300591875 0.9132560984375001 0.274374309375 0.8895757156249999 0.288046184375
0 1 0.3660254046875 0.9857470765624999 0.3413386171875 0.96544960625 0.3530573671875 0.98302773125 0.383503571875 1 0.373704628125 1 0.3660254046875
0 0.8729519281250001 0.24069825156250002 0.8954128656250001 0.2796017359375 0.9326248953125 0.2581173609375 0.9101639578125 0.21921387656250002 0.8729519281250001 0.24069825156250002
0 0.7624006750000001 0.086327240625 0.7926741125000001 0.138762371875 0.8493378843749999 0.106047528125 0.8190644468749999 0.053612396875 0.7624006750000001 0.086327240625
0 0.7356416593749999 0.4423230125 0.7605440031249999 0.48545513749999997 0.8459625234375 0.43613873124999997 0.8210601796875 0.39300660625 0.7356416593749999 0.4423230125
0 0.7767086109375 0.4704843109375 0.7884273609375 0.49078178125000005 0.8044961921875 0.48150443750000005 0.7927774421875 0.4612069671875 0.7767086109375 0.4704843109375
0 0.7616351296875 0.5400794 0.7811663796875 0.5739085171875 0.8166869531250001 0.5534007046875 0.797155703125 0.5195715875 0.7616351296875 0.5400794
0 0.8721171890624999 0.529291503125 0.8838359390624999 0.549588975 0.91005350625 0.53445225625 0.89833475625 0.514154784375 0.8721171890624999 0.529291503125
0 0.8987961140625 0.48175075781250004 0.9085617390625 0.498665315625 0.9229391140625 0.490364534375 0.9131734890625 0.47344997656250004 0.8987961140625 0.48175075781250004
0 0.919134596875 0.54725148125 0.933294753125 0.571777590625 0.9578208640625 0.557617434375 0.9436607078125 0.533091325 0.919134596875 0.54725148125
0 0.7621468953125 0.614207990625 0.7728890828125 0.6328140046875 0.79064936875 0.6225600984375 0.77990718125 0.603954084375 0.7621468953125 0.614207990625
0 0.7556089421875 0.669290175 0.7629331609375 0.68197609375 0.7747733515624999 0.67514015625 0.7674491328124999 0.6624542375 0.7556089421875 0.669290175
0 0.8585414296874999 0.704019784375 0.8736781484374999 0.73023735 0.8998957140625 0.71510063125 0.8847589953125 0.688883065625 0.8585414296874999 0.704019784375
0 1 0.5687858718750001 0.9469841578124999 0.5993945828125 1 0.691220715625 1 0.5687858718750001
0 0.7977858078125 0.810702025 0.8344069015625 0.8741316187500001 0.8902249453125 0.8419050562500001 0.8536038515625 0.7784754625 0.7977858078125 0.810702025
0 0.4393289203125 0.8705005453125001 0.4671609515625 0.9187070374999999 0.5102930765625 0.8938046937499999 0.48246104531249995 0.8455982015625001 0.4393289203125 0.8705005453125001
0 0.543855828125 0.855257396875 0.553621453125 0.8721719546875001 0.5789932906249999 0.8575235171875001 0.5692276656249999 0.840608959375 0.543855828125 0.855257396875
0 0.60994463125 1 0.600815403125 0.9841877140624999 0.5734277203125 1 0.60994463125 1
0 0.3680664421875 1 0.35324465312500003 0.9743279078124999 0.308779284375 1 0.3680664421875 1
0 0.23912237187500002 0.7932638796875 0.259141903125 0.8279387249999999 0.3014283 0.8035246624999999 0.28140876875 0.7688498171875 0.23912237187500002 0.7932638796875
0 0.1979364953125 0.9016153499999999 0.21502633906250002 0.9312158281249999 0.25562127968750004 0.9077783281249999 0.2385314359375 0.8781778499999999 0.1979364953125 0.9016153499999999
0 0.2441782890625 0.9358100500000001 0.2637095390625 0.9696391671875 0.3068416640625 0.9447368234375 0.2873104140625 0.9109077062500001 0.2441782890625 0.9358100500000001
0 0.23473849218749998 0.869655153125 0.2650119296875 0.9220902859375 0.3343616203125 0.8820512234375 0.3040881828125 0.829616090625 0.23473849218749998 0.869655153125
0 0.1473280140625 0.7436463890625 0.2186170765625 0.8671226671875001 0.44358070625 0.7372398546875 0.37229164375 0.6137635765625 0.1473280140625 0.7436463890625
0 0.34126263749999997 0.6908791359374999 0.36079388749999997 0.724708253125 0.3988516453125 0.702735596875 0.3793203953125 0.6689064796874999 0.34126263749999997 0.6908791359374999
0 0.35305619843749997 0.7415796203125 0.36916947968749997 0.7694886421875 0.4123016046875 0.7445862984375 0.3961883234375 0.7166772765625 0.35305619843749997 0.7415796203125
0 0.2392823078125 0.7339705859375 0.26613777656250004 0.780485621875 0.3109613578125 0.754606715625 0.2841058890625 0.7080916796875 0.2392823078125 0.7339705859375
0 0.3283573203125 0.8257530328125 0.3517948203125 0.8663479734375 0.400847040625 0.8380276609375 0.377409540625 0.7974327203125 0.3283573203125 0.8257530328125
0 0.36334767968750004 0.8765924875 0.37311330468750004 0.8935070453125 0.3967936859375 0.8798351703125 0.3870280609375 0.8629206125 0.36334767968750004 0.8765924875
0 0.5451054890625 1 0.502381359375 0.9259996375 0.39835682499999997 0.98605823125 0.40640610937500005 1 0.5451054890625 1
0 0.46459307031249997 0.7228530859375 0.5490657265625 0.8691640187499999 0.76303489375 0.7456288625 0.6785622375 0.5993179296875 0.46459307031249997 0.7228530859375
0 0.46489197656250003 0.6403629937499999 0.48198182031250003 0.6699634718749999 0.5073536578125 0.6553150343749999 0.4902638140625 0.6257145562499999 0.46489197656250003 0.6403629937499999
0 0.4639949203125 0.6837311234375 0.4801082015625 0.7116401453125001 0.561298084375 0.6647651453125001 0.545184803125 0.6368561234375 0.4639949203125 0.6837311234375
0 0.4107585125 0.7516792078125001 0.4293132 0.7838168703124999 0.45130212500000005 0.7711215578124999 0.43274743750000005 0.7389838953125001 0.4107585125 0.7516792078125001
0 0.4236312890625 0.7183114500000001 0.4485336328125 0.761443575 0.484899934375 0.74044748125 0.459997590625 0.6973153562500001 0.4236312890625 0.7183114500000001
0 0.38951701875 0.6602003640625 0.40221233125 0.6821892890625 0.4242012578125 0.6694939765625 0.4115059453125 0.6475050515625 0.38951701875 0.6602003640625