0 0.3475027046875 0.5727124031249999 0.34546403593749997 0.5582065234375 0.32805698125 0.5606529265625 0.3300956484375 0.5751588062499999 0.3475027046875 0.5727124031249999
0 0.2704542171875 0.4139213875 0.2678719046875 0.39554727343749996 0.25239896562499997 0.397721853125 0.2549812796875 0.4160959671875 0.2704542171875 0.4139213875
0 0.297155459375 0.30218428125 0.29620408125000003 0.2954148703125 0.287500553125 0.296638071875 0.28845193281250003 0.30340748125 0.297155459375 0.30218428125
0 0.30833675 0.3045574921875 0.3058903484375 0.2871504359375 0.29428564375 0.2887813703125 0.296732046875 0.3061884265625 0.30833675 0.3045574921875
0 0.3237495734375 0.298446721875 0.321303171875 0.281039665625 0.303896115625 0.28348606875 0.3063425171875 0.30089312343749997 0.3237495734375 0.298446721875
0 0.47154235624999996 0.5641552046875 0.4696395984375 0.5506163843749999 0.4570678359375 0.5523832296875 0.45897059375 0.5659220515625 0.47154235624999996 0.5641552046875
0 0.48383445625 0.563906903125 0.4812521421875 0.5455327875 0.46674626249999995 0.54757145625 0.46932857656250004 0.565945571875 0.48383445625 0.563906903125
0 0.488071225 0.5835277390625 0.486304378125 0.5709559765625001 0.473732615625 0.572722821875 0.4754994625 0.5852945843749999 0.488071225 0.5835277390625
0 0.499343990625 0.5760264953124999 0.496625765625 0.5566853234375 0.47728459218749997 0.5594035468749999 0.4800028171875 0.5787447203125 0.499343990625 0.5760264953124999
0 0.53689726875 0.70289413125 0.5348586 0.6883882515625 0.5203527203125 0.6904269203125 0.5223913890625 0.7049328 0.53689726875 0.70289413125
0 0.5316673171875 0.72532466875 0.530444115625 0.716621140625 0.5236747046875 0.71757251875 0.52489790625 0.726276046875 0.5316673171875 0.72532466875
0 0.5438235062500001 0.72410930625 0.5417848375000001 0.7096034265625 0.52437778125 0.7120498296875 0.5264164499999999 0.726555709375 0.5438235062500001 0.72410930625
0 0.536118396875 0.711385953125 0.534079728125 0.6968800734375 0.516672671875 0.699326475 0.518711340625 0.7138323546875001 0.536118396875 0.711385953125
0 0.1708158421875 0.532950659375 0.167553971875 0.5097412515624999 0.14627868125000001 0.5127312984375 0.14954055156249998 0.53594070625 0.1708158421875 0.532950659375
0 0.1807817703125 0.5231676828125 0.1784712796875 0.506727684375 0.16396539999999998 0.508766353125 0.16627589062499998 0.52520635 0.1807817703125 0.5231676828125
0 0.115034778125 0.2834024859375 0.112316553125 0.2640613125 0.092008321875 0.2669154484375 0.094726546875 0.286256621875 0.115034778125 0.2834024859375
0 0.15728217656250001 0.2892989171875 0.15537942031250002 0.27576009687499997 0.1408735390625 0.27779876406250004 0.14277629687499999 0.2913375859375 0.15728217656250001 0.2892989171875
0 0.237699584375 0.089640478125 0.236340471875 0.079969890625 0.22473576875 0.08160082656249999 0.22609488125000002 0.09127141250000001 0.237699584375 0.089640478125
0 0.24048052968750003 0.0813603640625 0.23884959375 0.069755659375 0.22627783125 0.07152250624999999 0.22790876718750003 0.083127209375 0.24048052968750003 0.0813603640625
0 0.24557980468750001 0.0860675859375 0.24381295937499997 0.0734958234375 0.23414237187500003 0.0748549359375 0.23590921874999998 0.08742669843749999 0.24557980468750001 0.0860675859375
0 0.31192529687500004 0.21431261875000002 0.3100225390625 0.200773796875 0.298417834375 0.2024047328125 0.30032059218749996 0.21594355312500002 0.31192529687500004 0.21431261875000002
0 0.3207046203125 0.21012028593749998 0.31893777343749996 0.1975485234375 0.308300128125 0.199043546875 0.31006697499999997 0.211615309375 0.3207046203125 0.21012028593749998
0 0.1735993390625 0.3106735234375 0.171968403125 0.2990688203125 0.164231934375 0.300156109375 0.16586286875 0.3117608140625 0.1735993390625 0.3106735234375
0 0.1862312171875 0.31284286875 0.1828334359375 0.2886664015625 0.16832755625 0.2907050703125 0.1717253359375 0.3148815359375 0.1862312171875 0.31284286875
0 0.256204453125 0.33357972343750003 0.25267076093749996 0.308436196875 0.23623076406250001 0.3107466890625 0.23976445625 0.3358902140625 0.256204453125 0.33357972343750003
0 0.268096659375 0.3269775828125 0.2653784359375 0.3076364109375 0.2518396140625 0.30953916718749996 0.25455783906249996 0.328880340625 0.268096659375 0.3269775828125
0 0.40519420781250004 0.28502810625 0.40329145000000005 0.271489284375 0.3887855703125 0.273527953125 0.390688328125 0.2870667734375 0.40519420781250004 0.28502810625
0 0.41723016562500004 0.2759403640625 0.4143760296875 0.2556321328125 0.39406779687500004 0.25848626874999997 0.3969219328125 0.2787945 0.41723016562500004 0.2759403640625
0 0.414924909375 0.287605184375 0.41288624062499996 0.273099303125 0.40128153749999995 0.2747302390625 0.40332020625 0.28923611875 0.414924909375 0.287605184375
0 0.461309734375 0.23522979375 0.45831968749999996 0.213954503125 0.4428467484375 0.21612908281249998 0.44583679531250003 0.23740437343749998 0.461309734375 0.23522979375
0 0.5507626609375 0.22265800468750002 0.5492676375000001 0.212020359375 0.536695875 0.21378720625 0.5381908984375 0.22442485156249997 0.5507626609375 0.22265800468750002
0 0.5578875296875 0.21721895156249998 0.5554411265625 0.19981189531250002 0.5399681890625 0.201986475 0.542414590625 0.21939353125 0.5578875296875 0.21721895156249998
0 0.6998177921875001 0.2973671671875 0.696555921875 0.27415775937500003 0.6781818078125 0.276740071875 0.6814436781250001 0.2999494796875 0.6998177921875001 0.2973671671875
0 0.6872172734374999 0.2813871796875 0.6855863390625 0.269782475 0.6739816359375 0.27141340937499997 0.6756125703125 0.2830181140625 0.6872172734374999 0.2813871796875
0 0.712622203125 0.406017515625 0.7104476234375 0.3905445765625 0.6978758609375 0.392311421875 0.700050440625 0.4077843609375 0.712622203125 0.406017515625
0 0.809892603125 0.32627435 0.8082616687499999 0.3146696453125 0.7966569640625 0.31630057968749997 0.7982878999999999 0.327905284375 0.809892603125 0.32627435
0 0.7560692296875 0.2485359140625 0.7543023843750001 0.2359641515625 0.74559885625 0.23718735156249998 0.7473657015625 0.2497591140625 0.7560692296875 0.2485359140625
0 0.8258463875000001 0.081929975 0.823264075 0.0635558609375 0.8116593703125 0.0651867953125 0.814241684375 0.083560909375 0.8258463875000001 0.081929975
0 0.8350099249999999 0.0909968015625 0.8332430796875 0.07842503906250001 0.8206713171875 0.080191884375 0.8224381624999999 0.09276364687500001 0.8350099249999999 0.0909968015625
0 0.8434573109375 0.0809341609375 0.8411468203125001 0.0644941640625 0.8237397640624999 0.066940565625 0.8260502546874999 0.0833805625 0.8434573109375 0.0809341609375
0 0.846682584375 0.0898493953125 0.844643915625 0.075343515625 0.8330392124999999 0.07697445 0.8350778812499999 0.09148033125 0.846682584375 0.0898493953125
0 0.772561503125 0.2536142734375 0.769843278125 0.2342731 0.7505021046875 0.23699132500000003 0.7532203296875 0.2563324984375 0.772561503125 0.2536142734375
0 0.7857657812500001 0.27739868749999996 0.78182435625 0.24935398593749997 0.7460431859375001 0.2543827015625 0.7499846109375 0.282427403125 0.7857657812500001 0.27739868749999996
0 0.781759084375 0.4909722953125 0.7798563265625 0.4774334734375 0.7682516234375 0.479064409375 0.7701543796875 0.49260322968750003 0.781759084375 0.4909722953125
0 0.7864819859375001 0.478967696875 0.7844433171875 0.4644618171875 0.766069203125 0.46704413125000005 0.7681078718750001 0.4815500109375 0.7864819859375001 0.478967696875
0 0.8115105421875001 0.5868862140625 0.8085204953125 0.5656109234375 0.7872452046875 0.5686009703125 0.7902352515625 0.5898762609375 0.8115105421875001 0.5868862140625
0 0.7168015125 0.5725842265625001 0.7150346671875 0.5600124640625 0.7034299625 0.5616434 0.7051968093750001 0.5742151625 0.7168015125 0.5725842265625001
0 0.7245980984375 0.575433128125 0.7228312515625 0.562861365625 0.713160665625 0.5642204765625001 0.7149275109375 0.5767922390625 0.7245980984375 0.575433128125
0 0.7310512499999999 0.56170611875 0.728740759375 0.545266121875 0.7055313515625 0.5485279921874999 0.7078418421875 0.5649679890625 0.7310512499999999 0.56170611875
0 0.1124238671875 0.7946001703125 0.11106475468749999 0.7849295828125 0.10332828593750001 0.7860168734374999 0.1046873984375 0.7956874593750001 0.1124238671875 0.7946001703125
0 0.184765053125 0.6848311453125 0.1836777640625 0.6770946765625 0.174007178125 0.6784537875 0.1750944671875 0.6861902578125 0.184765053125 0.6848311453125
0 0.20702831875 0.7029046812499999 0.2058051171875 0.6942011531250001 0.1971015890625 0.6954243546875001 0.198324790625 0.7041278828124999 0.20702831875 0.7029046812499999
0 0.2098406234375 0.6808139234375 0.207937865625 0.6672751031249999 0.195366103125 0.6690419484375 0.1972688609375 0.6825807703125 0.2098406234375 0.6808139234375
0 0.2153241125 0.6987803046875001 0.2138290890625 0.688142659375 0.20705967812499998 0.6890940375 0.2085547015625 0.6997316828125 0.2153241125 0.6987803046875001
0 0.21698640781249998 0.696574365625 0.21399636093750002 0.6752990750000001 0.18981989375 0.6786968546875001 0.192809940625 0.6999721453125 0.21698640781249998 0.696574365625
0 0.189900925 0.703832540625 0.1867749671875 0.6815901906249999 0.16646673437499998 0.6844443265625 0.16959269375 0.7066866765625 0.189900925 0.703832540625
0 0.2049948859375 0.71650361875 0.20214075 0.6961953875 0.1789313421875 0.69945725625 0.181785478125 0.7197654874999999 0.2049948859375 0.71650361875
0 0.1489629421875 0.57744059375 0.14733200625 0.5658358890625 0.138628478125 0.567059090625 0.1402594140625 0.5786637953125 0.1489629421875 0.57744059375
0 0.155225303125 0.586915153125 0.15345845625 0.574343390625 0.1437878703125 0.575702503125 0.145554715625 0.588274265625 0.155225303125 0.586915153125
0 0.15938887968749998 0.57794764375 0.1570783890625 0.5615076453125 0.1435395671875 0.563410403125 0.145850059375 0.5798504 0.15938887968749998 0.57794764375
0 0.1617751671875 0.591418509375 0.16014423125 0.5798138046875 0.15240776250000002 0.5809010953125 0.154038696875 0.5925057984375 0.1617751671875 0.591418509375
0 0.1891925875 0.590030640625 0.187833475 0.5803600546875 0.1752617125 0.5821269 0.176620825 0.5917974874999999 0.1891925875 0.590030640625
0 0.18840847968750002 0.5704176453125 0.18718527812500002 0.5617141171875 0.1775146921875 0.5630732296875001 0.17873789375 0.5717767578124999 0.18840847968750002 0.5704176453125
0 0.1818115765625 0.58663025625 0.1781419734375 0.5605196718750001 0.15396550625 0.563917453125 0.157635109375 0.5900280359375001 0.1818115765625 0.58663025625
0 0.8995286390624999 0.8412722859375 0.8980336156250001 0.830634640625 0.8893300875 0.8318578421874999 0.8908251109374999 0.8424954874999999 0.8995286390624999 0.8412722859375
0 0.9000409234375001 0.8589511640625 0.8985459 0.84831351875 0.8898423718749999 0.8495367203124999 0.8913373953124999 0.8601743656249999 0.9000409234375001 0.8589511640625
0 0.9083811531249999 0.8656683 0.906478396875 0.8521294781250001 0.893906634375 0.853896325 0.895809390625 0.8674351453125 0.9083811531249999 0.8656683
0 0.9102185593750001 0.8471661140625001 0.908587625 0.8355614093750001 0.89118056875 0.8380078125000001 0.892811503125 0.8496125156250001 0.9102185593750001 0.8471661140625001
0 0.9663968328125 0.8609662874999999 0.9646299875000001 0.8483945234375 0.9491570484375 0.850569103125 0.9509238953124999 0.8631408671875 0.9663968328125 0.8609662874999999
0 0.744054371875 0.9173615546875 0.7384820125 0.87771215 0.699799665625 0.8831486 0.7053720265625001 0.9227980046875001 0.744054371875 0.9173615546875
0 0.731709996875 0.9102210062499999 0.728991771875 0.8908798328125 0.7135188328125001 0.8930544125000001 0.7162370578125 0.9123955859375 0.731709996875 0.9102210062499999
0 0.7338950203125 0.89068380625 0.7325359078125 0.8810132203125001 0.715128853125 0.883459621875 0.7164879656250001 0.8931302078125001 0.7338950203125 0.89068380625
0 0.4452410859375 0.9559054640625 0.4425228609375 0.9365642921875 0.42511580625 0.93901069375 0.4278340296875 0.9583518671875 0.4452410859375 0.9559054640625
0 0.3655580359375 0.8625712546875001 0.363111634375 0.8451641984375 0.345704578125 0.8476106015625 0.34815097968750003 0.86501765625 0.3655580359375 0.8625712546875001
0 0.284139553125 0.9252941828125 0.282100884375 0.9107883031249999 0.26082559375000003 0.91377835 0.2628642625 0.9282842296875 0.284139553125 0.9252941828125
0 0.3557123640625 0.9714463859375 0.35272231718749997 0.9501710953125 0.33047996875 0.9532970531249999 0.333470015625 0.97457234375 0.3557123640625 0.9714463859375
0 0.3787780203125 0.97067011875 0.375244328125 0.9455265921875 0.34913374531249997 0.9491961953124999 0.35266743749999996 0.974339721875 0.3787780203125 0.97067011875