0 0.3584646640625 0.323897153125 0.34920013125 0.191408178125 0.2108660546875 0.20108143906249998 0.2201305859375 0.3335704140625 0.3584646640625 0.323897153125
0 0.11613492656249999 0.29532145625 0.10782409687500001 0.1764710515625 0.0250184875 0.182261384375 0.0333293171875 0.3011117890625 0.11613492656249999 0.29532145625
0 0.1316259046875 0.4748539734375 0.1270617609375 0.40958366875 0.0569205375 0.41448842187499996 0.061484682812500004 0.47975872500000005 0.1316259046875 0.4748539734375
0 0.325648059375 0.610576065625 0.32074330624999997 0.5404348437500001 0.25449881875 0.5450671093749999 0.25940357187499996 0.6152083312500001 0.325648059375 0.610576065625
0 0.55373015 0.442400728125 0.5465773859375 0.3401114453125 0.4540299390625 0.34658299375 0.461182703125 0.448872275 0.55373015 0.442400728125
0 0.5823581203125 0.8867987734374999 0.5682569578125001 0.685142759375 0.3743944125 0.6986989484375 0.388495575 0.9003549625 0.5823581203125 0.8867987734374999
0 0.17407989375 0.8859799531249999 0.1657009421875 0.7661553640625 0.04879890625 0.7743299515625 0.057177857812499996 0.8941545390625001 0.17407989375 0.8859799531249999
0 0.73918613125 0.4206218578125 0.7326464609375 0.327100228125 0.6498408515625 0.3328905609375 0.656380521875 0.42641219062499996 0.73918613125 0.4206218578125
0 0.7729446078125 0.6443980296875 0.76531499375 0.5352894625 0.662051528125 0.542510346875 0.6696811421875 0.6516189156250001 0.7729446078125 0.6443980296875
0 0.44816503750000003 0.1507142 0.44046730156249997 0.0406314484375 0.3683777109375 0.04567244375 0.376075446875 0.15575519531249998 0.44816503750000003 0.1507142
0 0.47085732656249996 0.1672379234375 0.468949921875 0.13996078125 0.428034209375 0.1428218875 0.42994161249999996 0.170099028125 0.47085732656249996 0.1672379234375
0 0 0.095416128125 0.032004965625 0.09317812343750001 0.027917671875 0.034727104687499996 0 0.0366792984375 0 0.095416128125
0 0.0814361 0.142095234375 0.07728068437499999 0.0826700328125 0.0256489515625 0.086280475 0.029804367187500003 0.145705678125 0.0814361 0.142095234375
0 0 0.3774644140625 0.0017974625 0.403169321875 0.087525621875 0.397174625 0.0820077765625 0.31826575 0 0.3240002921875 0 0.3774644140625
0 0.0261175390625 0.5409686671875 0.0244145 0.5166140765625 0.0098017453125 0.5176358999999999 0.011504784375 0.541990490625 0.0261175390625 0.5409686671875
0 0.079016196875 0.5974748828124999 0.075473875 0.546817334375 0.021893774999999997 0.55056401875 0.0254360953125 0.60122156875 0.079016196875 0.5974748828124999
0 0.1112973890625 0.5061333703125 0.1105480515625 0.49541735 0.09885784843749999 0.49623480937500003 0.099607184375 0.5069508296875 0.1112973890625 0.5061333703125
0 0.1775721453125 0.6209305421875 0.1721224203125 0.54299585 0.0932135453125 0.548513696875 0.0986632703125 0.6264483875 0.1775721453125 0.6209305421875
0 0.22194825156250003 0.7235537562500001 0.21861029531249998 0.6758187578125 0.17477203125000002 0.678884228125 0.1781099875 0.7266192265625 0.22194825156250003 0.7235537562500001
0 0.4033240703125 0.545428653125 0.3993730203125 0.4889260015625 0.3438445515625 0.4928089296875 0.3477956015625 0.54931158125 0.4033240703125 0.545428653125
0 0.3960720078125 0.6027147015625001 0.3930065375 0.5588764375 0.348194090625 0.5620100296875 0.3512595609375 0.60584829375 0.3960720078125 0.6027147015625001
0 0.472627125 0.612535128125 0.471196571875 0.592077271875 0.45171289843749995 0.5934397015624999 0.4531434515625 0.613897559375 0.472627125 0.612535128125
0 0.4540426109375 0.64075573125 0.4532932734375 0.6300397109375 0.44257725312499996 0.630789046875 0.443326590625 0.6415050671875 0.4540426109375 0.64075573125
0 0.433444946875 0.6891855234375 0.4295620171875 0.63365705625 0.3603949796875 0.6384936859375 0.36427790781249997 0.6940221546875 0.433444946875 0.6891855234375
0 0.4706723078125 0.500582371875 0.4691055125 0.478176146875 0.4408541875 0.480151671875 0.4424209828125 0.502557896875 0.4706723078125 0.500582371875
0 0.46201374062499995 0.47475626406250004 0.46037882343750003 0.45137585625 0.436998415625 0.4530107734375 0.43863333281249994 0.47639118125 0.46201374062499995 0.47475626406250004
0 0.43567694843749993 0.406113715625 0.43465512500000003 0.39150096093750003 0.4190681875 0.39259090625000004 0.4200900109375 0.4072036609375 0.43567694843749993 0.406113715625
0 0.441256240625 0.44390251249999996 0.4400300515625 0.42636720781250004 0.422494746875 0.42759339531249996 0.423720934375 0.44512870156249995 0.441256240625 0.44390251249999996
0 0.38638516875 0.450186840625 0.38434152187500004 0.42096133125 0.354141828125 0.42307309843749996 0.35618547500000003 0.45229860781250003 0.38638516875 0.450186840625
0 0.29698178125 0.42462275156249996 0.294938134375 0.3953972421875 0.266686809375 0.3973727671875 0.26873045625 0.4265982765625 0.29698178125 0.42462275156249996
0 0.302414815625 0.3973217890625 0.300439290625 0.3690704640625 0.2653686796875 0.3715228390625 0.2673442046875 0.399774165625 0.302414815625 0.3973217890625
0 0.3077692609375 0.44589472812500003 0.30586185781249997 0.4186175859375 0.27663634843749996 0.4206612328125 0.2785437515625 0.447938375 0.3077692609375 0.44589472812500003
0 0.31052461875000004 0.5342967734374999 0.3042574359375 0.44467187812500003 0.162026625 0.454617625 0.1682938078125 0.5442425203125001 0.31052461875000004 0.5342967734374999
0 0.340100978125 0.5302706984375 0.33655865625 0.47961314843749997 0.31122988125 0.481384309375 0.314772203125 0.532041859375 0.340100978125 0.5302706984375
0 0.24639523749999998 0.5901758625 0.24298916093749998 0.54146668125 0.19038324375 0.5451452453125001 0.193789321875 0.5938544265625 0.24639523749999998 0.5901758625
0 0.22728266874999997 0.6458439109375 0.22346786093749998 0.591289628125 0.1698877609375 0.5950363125 0.17370256875 0.649590596875 0.22728266874999997 0.6458439109375
0 0.5873842406249999 0.293694803125 0.5828882171875 0.2293986828125 0.5176179140625 0.2339628265625 0.5221139359375 0.298258946875 0.5873842406249999 0.293694803125
0 0.564334653125 0.16706450781249998 0.559974875 0.1047167546875 0.495678753125 0.109212778125 0.5000385328125 0.17156053124999998 0.564334653125 0.16706450781249998
0 0.6167397703125 0.1115157859375 0.6119712625 0.04332293125 0.5389074890625001 0.0484320484375 0.543675996875 0.116624903125 0.6167397703125 0.1115157859375
0 0.53845763125 0 0.5418641 0.048714775 0.5993409359374999 0.044695603125 0.5962155140625 0 0.53845763125 0
0 0.610136840625 0.6190721406249999 0.6043465078125 0.5362665296875 0.5234892656250001 0.5419206187500001 0.5292795984375 0.6247262296875 0.610136840625 0.6190721406249999
0 0.5567268171875 0.6952490234375001 0.5545469265625 0.664075146875 0.5175279484375 0.666663765625 0.5197078390625001 0.6978376421875 0.5567268171875 0.6952490234375001
0 0.480161459375 0.6922819437500001 0.47804969062499997 0.66208225 0.4439532640625 0.6644665046875 0.44606503281250004 0.6946661984375 0.480161459375 0.6922819437500001
0 0.0646414125 0.7418958265625 0.01593223125 0.745301903125 0.0202238890625 0.8066754734374999 0.068933071875 0.8032693953125 0.0646414125 0.7418958265625
0 0.044190459375000005 0.7154259015625 0.042351178125 0.6891229437499999 0.019944953125 0.6906897390625 0.0217842359375 0.716992696875 0.044190459375000005 0.7154259015625
0 0.0186372921875 0.5879917265625 0.004998721875 0.5889454296875 0.0077917046875000005 0.6288869578125 0.0214302765625 0.62793325625 0.0186372921875 0.5879917265625
0 0 0.4811213109375 0.028645165625000003 0.479118246875 0.0230591984375 0.39923518750000003 0 0.40084764375 0 0.4811213109375
0 0 0.26624240781249997 0.026356871875 0.26439935625 0.023359523437499998 0.2215352765625 0 0.223168734375 0 0.26624240781249997
0 0 0.205547684375 0.0211591515625 0.2040680921875 0.0178893171875 0.157307278125 0 0.1585582203125 0 0.205547684375
0 0 0.1566003265625 0.026520726562500003 0.1547458171875 0.0224334328125 0.0962947984375 0 0.097863496875 0 0.1566003265625
0 0.1359020078125 0.0810181984375 0.1319509578125 0.024515546875 0.066680653125 0.0290796921875 0.070631703125 0.08558234218750001 0.1359020078125 0.0810181984375
0 0.1718581984375 0.09123020937500001 0.1687246078125 0.0464177625 0.1268347109375 0.0493469890625 0.1299683015625 0.09415943593750001 0.1718581984375 0.09123020937500001
0 0.11972222968749999 0.12962853593749998 0.1178829484375 0.10332557812500001 0.0925541734375 0.10509673906250001 0.0943934546875 0.131399696875 0.11972222968749999 0.12962853593749998
0 0.0670343859375 0.1881338703125 0.064582009375 0.153063259375 0.02464048125 0.15585624375 0.027092856250000002 0.19092685468749998 0.0670343859375 0.1881338703125
0 0.18368441875 0.16235585624999999 0.18021021875 0.112672490625 0.1315010375 0.11607856875 0.1349752359375 0.165761934375 0.18368441875 0.16235585624999999
0 0.2609960015625 0.0849970875 0.25833926093750004 0.047003925 0.19988824375 0.05109121875 0.20254498437500001 0.08908438125 0.2609960015625 0.0849970875
0 0.24890063437499998 0.0310218359375 0.2478788109375 0.01640908125 0.21183401562499998 0.0189295796875 0.2128558390625 0.033542334374999996 0.24890063437499998 0.0310218359375
0 0.27435874843749997 0.0590995203125 0.2729963171875 0.039615846875 0.25643519531250003 0.0407739140625 0.2577976265625 0.0602575875 0.27435874843749997 0.0590995203125
0 0.2435559765625 0.115585028125 0.24212542343750001 0.095127171875 0.215822465625 0.09696645312499999 0.2172530171875 0.117424309375 0.2435559765625 0.115585028125
0 0.2702674375 0.1895855859375 0.2646133484375 0.10872834375 0.1847302890625 0.1143143109375 0.190384378125 0.195171553125 0.2702674375 0.1895855859375
0 0.185809765625 0.20674933437499998 0.1830167828125 0.1668078046875 0.1528170890625 0.1689195734375 0.1556100734375 0.2088611015625 0.185809765625 0.20674933437499998
0 0.155194440625 0.23091647656249997 0.151379634375 0.17636219375 0.126050859375 0.178133353125 0.129865665625 0.2326876375 0.155194440625 0.23091647656249997
0 0.1316268125 0.19487502031249998 0.1286294640625 0.152010940625 0.0847912 0.1550764109375 0.0877885484375 0.19794049062500002 0.1316268125 0.19487502031249998
0 0.194021978125 0.27519085468750004 0.1917739671875 0.2430427953125 0.1703419265625 0.24454146875 0.1725899390625 0.2766895296875 0.194021978125 0.27519085468750004
0 0.1627697390625 0.28324990781250003 0.1594999046875 0.23648909218749997 0.11566164062499999 0.2395545625 0.11893147500000001 0.28631537812499996 0.1627697390625 0.28324990781250003
0 0.14179406875 0.30527455937500003 0.140363515625 0.284816703125 0.11113800625 0.28686035 0.11256855937500002 0.30731820625 0.14179406875 0.30527455937500003
0 0.1587570171875 0.337862071875 0.15671337031250002 0.3086365625 0.11287510625 0.31170203281250003 0.114918753125 0.3409275421875 0.1587570171875 0.337862071875
0 0.5317883328125 0.0866193328125 0.5279735249999999 0.03206505 0.457832303125 0.0369698015625 0.46164710937500003 0.0915240859375 0.5317883328125 0.0866193328125
0 0.4842136234375 0.02925135625 0.48216997656249994 0.000025846875000000003 0.43248661093749996 0.003500046875 0.4345302578125 0.032725556249999996 0.4842136234375 0.02925135625
0 0.49538395625 0 0.496615765625 0.0176156953125 0.525841275 0.0155720484375 0.524752371875 0 0.49538395625 0
0 0.5555770156250001 0.23081899374999998 0.5531927609375 0.1967225671875 0.5103286796875001 0.199719915625 0.512712934375 0.23381634375 0.5555770156250001 0.23081899374999998
0 0.5013156984375 0.22482384375 0.499272053125 0.19559833437500002 0.4885560328125 0.196347671875 0.49059967968749996 0.22557318125 0.5013156984375 0.22482384375
0 0.4931101625 0.198476584375 0.49052154375 0.16145760468749998 0.46519276875 0.163228765625 0.4677813875 0.20024774375 0.4931101625 0.198476584375
0 0.4239941015625 0.2390412203125 0.4218823328125 0.208841528125 0.396553559375 0.21061268906250002 0.39866532656250003 0.24081238124999998 0.4239941015625 0.2390412203125
0 0.47111600625000005 0.2269356125 0.4675055640625 0.17530387812499998 0.42171893281250006 0.1785055921875 0.425329375 0.230137325 0.47111600625000005 0.2269356125
0 0.49268072500000004 0.27633291249999997 0.48900216093750004 0.2237269953125 0.4334736921875 0.22760992500000002 0.43715225625 0.280215840625 0.49268072500000004 0.27633291249999997
0 0.5175052640625 0.3093496359375 0.5133498484375 0.249924434375 0.490943625 0.2514912296875 0.49509903906249997 0.31091643125 0.5175052640625 0.3093496359375
0 0.907760865625 0.38142344375000004 0.9925148421875001 0.37549686875 0.9845446203125 0.26151738125 0.8997906421874999 0.26744395781249997 0.907760865625 0.38142344375000004
0 0.9238008343749999 0.3798123453125 0.9214847015625001 0.3466901015625 0.8844657234375 0.34927872187500003 0.8867818562500001 0.382400965625 0.9238008343749999 0.3798123453125
0 0.873415771875 0.38725140156250004 0.8710315171874999 0.3531549734375 0.8349867218749999 0.35567547187500004 0.8373709765624999 0.3897718984375 0.873415771875 0.38725140156250004
0 0.9972350296875 0.6389930609375 0.9939651953125 0.592232246875 0.93746254375 0.5961832968749999 0.9407323796875 0.6429441125 0.9972350296875 0.6389930609375
0 0.9445263140625 0 0.93595210625 0.0005995671875 0.9390175765625 0.0444378296875 0.9692172703124999 0.0423260625 0.96625754375 0 0.9445263140625 0
0 0.8102062578125 0.38628723125 0.805710234375 0.3219911109375 0.7462850328124999 0.3261465265625 0.7507810546875 0.390442646875 0.8102062578125 0.38628723125
0 0.7810729171874999 0.3266507625 0.779846728125 0.30911545625 0.7593888718749999 0.310546009375 0.7606150609375 0.32808131406249996 0.7810729171874999 0.3266507625
0 0.92435089375 0.91966324375 0.920604209375 0.8660831437500001 0.8670241078125001 0.8698298296875 0.87077079375 0.9234099296875 0.92435089375 0.91966324375
0 0.9190169312500001 0.8573836125 0.916837040625 0.8262097359375 0.8661794921875 0.82975205625 0.86835938125 0.8609259328125001 0.9190169312500001 0.8573836125
0 0.9078719265625 0.7959998015624999 0.903035296875 0.7268327640625001 0.7997718296875 0.7340536484375 0.8046084609375 0.8032206875 0.9078719265625 0.7959998015624999
0 0.8815351343750001 0.7273572546875 0.8774478406249999 0.6689062359375 0.8151000875 0.673266015625 0.8191873812500001 0.731717034375 0.8815351343750001 0.7273572546875
0 0.8129642734375 0.7057206218750001 0.8108525046875 0.6755209296875 0.7806528125 0.677632696875 0.7827645796875 0.7078323906249999 0.8129642734375 0.7057206218750001
0 0.802725103125 0.7132892453124999 0.7983653234375 0.6509414921875 0.7379659390625 0.655165028125 0.7423257171875 0.7175127812500001 0.802725103125 0.7132892453124999
0 0.7361195265625 0.726757284375 0.7330540562500001 0.682919021875 0.691164159375 0.6858482484375 0.6942296296875 0.7296865125 0.7361195265625 0.726757284375
0 0.7232541125 0.7457674453124999 0.7222322890624999 0.731154690625 0.699826065625 0.7327214859375 0.7008478890625 0.747334240625 0.7232541125 0.7457674453124999
0 0.6634406625 0.730371065625 0.6611245296875 0.6972488218749999 0.6270281015625 0.6996330765625001 0.6293442359375 0.7327553203125 0.6634406625 0.730371065625
0 0.7942858421875 0.28461104375 0.7912203718749999 0.24077277968750002 0.74153700625 0.24424697812499999 0.744602475 0.2880852421875 0.7942858421875 0.28461104375
0 0.7621515875 0.2310581 0.7590861171875 0.18721983749999999 0.7123253015625 0.19048967187500002 0.715390771875 0.23432793593749998 0.7621515875 0.2310581
0 0.733144021875 0.2502180828125 0.7299423078125 0.2044314515625 0.68610404375 0.20749692187500002 0.6893057578125 0.253283553125 0.733144021875 0.2502180828125
0 0.7865095156249999 0.25040219218750004 0.78398901875 0.2143573984375 0.737228203125 0.21762723281250002 0.7397487015624999 0.2536720265625 0.7865095156249999 0.25040219218750004
0 0.6889208484375 0.2547788890625 0.6867409578125 0.22360501250000003 0.65556708125 0.22578490156250003 0.657746971875 0.256958778125 0.6889208484375 0.2547788890625
0 0.64633281875 0.21272536406250003 0.645174753125 0.1961642421875 0.6305619984375 0.19718606562500002 0.6317200640625 0.21374718750000002 0.64633281875 0.21272536406250003
0 0.6843090640625 0.174827709375 0.6823335390625 0.14657638281250002 0.6647982328125 0.147802571875 0.6667737578125 0.176053896875 0.6843090640625 0.174827709375
0 0.6401506734375 0.15931556875 0.63803890625 0.129115875 0.61271013125 0.1308870359375 0.6148219 0.161086728125 0.6401506734375 0.15931556875
0 0.663234775 0.146443478125 0.660714278125 0.11039868281250001 0.6256436671875 0.11285105937499999 0.6281641640625 0.1488958546875 0.663234775 0.146443478125
0 0.6542696609374999 0.11623354374999999 0.651953528125 0.0831113 0.6129861828125 0.08583616250000001 0.6153023156249999 0.11895840625000001 0.6542696609374999 0.11623354374999999
0 0.7118146171874999 0.11318855624999999 0.7084085390625 0.0644793734375 0.6635960921875 0.067612965625 0.6670021703125 0.116322146875 0.7118146171874999 0.11318855624999999
0 0.6435349828125 0 0.613981075 0.0020666109375 0.6175915171875 0.05369834375 0.7267000859375 0.0460687296875 0.7234786453125001 0 0.6435349828125 0
0 0.7543857296875001 0.120001165625 0.7507752875 0.06836943281249999 0.7118079421875 0.0710942953125 0.715418384375 0.122726028125 0.7543857296875001 0.120001165625
0 0.7832158609375 0.19630093906249999 0.778447353125 0.12810808437500001 0.7044093953125 0.1332853234375 0.7091779046875 0.201478178125 0.7832158609375 0.19630093906249999
0 0.847753971875 0.1462669515625 0.841759275 0.0605387921875 0.7560311140625 0.06653348906249999 0.7620258125 0.1522616484375 0.847753971875 0.1462669515625
0 0.792004946875 0 0.7968344046875 0.06906445312500001 0.8757432796875 0.0635466078125 0.8712996671875001 0 0.792004946875 0
0 0.7905465125 0.0631409890625 0.7876854078125 0.0222252765625 0.73410530625 0.0259719625 0.7369664125 0.06688767500000001 0.7905465125 0.0631409890625
0 0.731799696875 0 0.7329710609375 0.016751278124999998 0.7699900390625001 0.014162659375 0.7689996890625 0 0.731799696875 0
0 0.863815265625 0.9219384125 0.859727971875 0.8634873953125 0.78958675 0.868392146875 0.7936740437500001 0.926843165625 0.863815265625 0.9219384125
0 0.8214313734375001 0.952802178125 0.8199327000000001 0.9313701375000001 0.782913721875 0.93395875625 0.7844123953125 0.955390796875 0.8214313734375001 0.952802178125
0 0.8075067375 0.9356653609375 0.8105722078125 0.9795036250000001 0.8719457765625 0.9752119671875 0.8688803078125 0.931373703125 0.8075067375 0.9356653609375
0 0.7808531578125 0.8694923328125 0.7784689031250001 0.8353959046874999 0.7541143124999999 0.83709894375 0.7564985671875 0.871195371875 0.7808531578125 0.8694923328125
0 0.7759688875 0.7856444171875 0.7734483890625 0.7495996234375 0.7451970640625001 0.7515751484375001 0.7477175625 0.7876199421875001 0.7759688875 0.7856444171875
0 0.7563215859375 0.8266656515624999 0.7525067796875 0.7721113671875 0.6930815765625 0.77626678125 0.696896384375 0.8308210656250001 0.7563215859375 0.8266656515624999
0 0.6386154421875 0.90733855625 0.636435553125 0.8761646796875 0.595519840625 0.8790257859375 0.5976997296875 0.9101996625 0.6386154421875 0.90733855625
0 0.6360230312499999 0.9892619234375 0.632140103125 0.93373345625 0.5824567375 0.93720765625 0.586339665625 0.9927361234375001 0.6360230312499999 0.9892619234375
0 0.684483775 0.9193048109375 0.6806689671874999 0.864750528125 0.6436499890625 0.8673391468749999 0.647464796875 0.92189343125 0.684483775 0.9193048109375
0 0.75118463125 0.9351985234375 0.7456667859375 0.8562896484375001 0.6813706640625 0.860785671875 0.6868885109375 0.939694546875 0.75118463125 0.9351985234375
0 0.6948589593750001 0.9836792953125 0.69220221875 0.9456861328124999 0.6483639546875 0.948751603125 0.6510206953125001 0.9867447640625 0.6948589593750001 0.9836792953125
0 0.7544885265625 0.98244643125 0.751627421875 0.9415307171875 0.6970731375 0.9453455249999999 0.6999342421875 0.9862612374999999 0.7544885265625 0.98244643125
0 0.7153413171875 0.779604965625 0.713638278125 0.7552503734375 0.6892836875 0.7569534124999999 0.6909867265625 0.7813080046875001 0.7153413171875 0.779604965625
0 0.696027721875 0.8533975937499999 0.687240040625 0.727727903125 0.578131471875 0.73535751875 0.586919153125 0.8610272078125 0.696027721875 0.8533975937499999
0 0.4787809765625 0.9875310468749999 0.473808103125 0.9164156406249999 0.41925381875 0.9202304484375 0.42422669218750003 0.9913458531250001 0.4787809765625 0.9875310468749999
0 0.40231780156249997 0.9860252421875 0.39925233125 0.9421869781250001 0.3524915171875 0.9454568125 0.35555698750000003 0.9892950765625 0.40231780156249997 0.9860252421875
0 0.3510914609375 0.9744336562499999 0.34918405625000004 0.9471565140625 0.3160618125 0.9494726468750001 0.31796921562499997 0.9767497890625 0.3510914609375 0.9744336562499999
0 0.3597318625 1 0.3587963265625 0.9866211921874999 0.311061328125 0.9899591484375 0.31176345156249996 1 0.3597318625 1
0 0.3579212140625 0.8971087203125 0.35485574375 0.85327045625 0.3197851328125 0.8557228328125 0.32285060312499997 0.8995610968750001 0.3579212140625 0.8971087203125
0 0.4061499796875 0.935830965625 0.40226705156250003 0.880302496875 0.3428418484375 0.8844579124999999 0.346724778125 0.9399863796875 0.4061499796875 0.935830965625
0 0.388758046875 0.8411103046875 0.38685064375 0.8138331624999999 0.35665095 0.81594493125 0.3585583546875 0.8432220734375001 0.388758046875 0.8411103046875
0 0.3999780765625 0.875567821875 0.39827503750000004 0.85121323125 0.36320442656249996 0.8536656078125 0.364907465625 0.8780201984374999 0.3999780765625 0.875567821875
0 0.373123696875 0.7575246359375 0.3712162921875 0.7302474937500001 0.35270680312499997 0.7315418031250001 0.35461420625 0.7588189453124999 0.373123696875 0.7575246359375
0 0.37301794843749997 0.8050109671874999 0.370838059375 0.7738370906250001 0.3523285703125 0.7751314 0.354508459375 0.8063052765625001 0.37301794843749997 0.8050109671874999
0 0.3491878484375 0.82821416875 0.3393102234375 0.686957540625 0.23507257343750002 0.694246546875 0.2449501984375 0.835503175 0.3491878484375 0.82821416875
0 0.2561671171875 0.7789188234375 0.25439595625 0.7535900484375 0.22029952812500003 0.755974303125 0.2220706890625 0.781303078125 0.2561671171875 0.7789188234375
0 0.2427021875 0.8033551140625 0.24045417656249998 0.7712070546875001 0.2053835640625 0.77365943125 0.2076315765625 0.8058074906250001 0.2427021875 0.8033551140625
0 0.1451306625 0.7729779875 0.1422014359375 0.731088090625 0.103234090625 0.733812953125 0.10616331718750001 0.7757028499999999 0.1451306625 0.7729779875
0 0.1848166234375 0.8015291843749999 0.181001815625 0.7469749 0.15177630625 0.749018546875 0.15559111406249998 0.80357283125 0.1848166234375 0.8015291843749999
0 0.0705746640625 0.8687440640625 0.0247880328125 0.8719457765625 0.029829028125 0.9440353671875 0.075615659375 0.9408336531250001 0.0705746640625 0.8687440640625
0 0.069423046875 0.9642719421875 0.067447521875 0.9360206156249999 0.0401703796875 0.9379280203125001 0.0421459046875 0.9661793453125 0.069423046875 0.9642719421875
0 0.0786265875 0.99789151875 0.0768554265625 0.97256274375 0.051526651562500005 0.9743339046875 0.0532978125 0.9996626781250001 0.0786265875 0.99789151875
0 0.0454898234375 1 0.043222271875 0.9675725 0.0315320671875 0.9683899578125 0.0337424578125 1 0.0454898234375 1
0 0.134223403125 0.924988034375 0.13238412187499998 0.8986850765625001 0.094390959375 0.9013418171875 0.09623024062499999 0.9276447750000001 0.134223403125 0.924988034375
0 0.23788869531249998 0.9515127281250001 0.2347551046875 0.90670028125 0.1879942890625 0.909970115625 0.19112788125 0.9547825640625 0.23788869531249998 0.9515127281250001
0 0.302930815625 0.9366855953125001 0.29911600781250003 0.8821313109375 0.2465100921875 0.885809875 0.2503248984375 0.9403641593750001 0.302930815625 0.9366855953125001
0 0.26656255624999997 0.8995813515625001 0.26036349531249997 0.8109306406250001 0.17853206875 0.8166528515625 0.18473113125 0.9053035625 0.26656255624999997 0.8995813515625001
0 0.290226615625 1 0.2858826015625 0.9378777234375001 0.2186639296875 0.9425781109375 0.222679259375 1 0.290226615625 1
0 0.211910840625 1 0.20743699843750002 0.9360210703125 0.1743147546875 0.9383372031249999 0.17862663750000002 1 0.211910840625 1
0 0.169304028125 0.9856770515625 0.1644673984375 0.9165100125000001 0.11088729687500001 0.9202566984375 0.11572392812500001 0.9894237359375 0.169304028125 0.9856770515625
0 0.1639424296875 1 0.1631421390625 0.9885553 0.07643979375 0.9946181187500001 0.07681613125 1 0.1639424296875 1
0 0.2265651890625 0.2645941609375 0.22315911093750002 0.21588497968749998 0.1695790109375 0.219631665625 0.1729850890625 0.26834084687500004 0.2265651890625 0.2645941609375
0 0.207871590625 0.319253965625 0.205759821875 0.2890542734375 0.1794568640625 0.2908935546875 0.18156863125 0.3210932484375 0.207871590625 0.319253965625
0 0.1738499609375 0.364706665625 0.1717381921875 0.334506971875 0.140564315625 0.3366868625 0.14267608437499998 0.36688655468750003 0.1738499609375 0.364706665625
0 0.1902712734375 0.4105478390625 0.1877507765625 0.37450304375 0.14391251249999998 0.37756851406249997 0.14643300937499998 0.41361330937499996 0.1902712734375 0.4105478390625
0 0.177385378125 0.44326469218750003 0.1749330015625 0.4081940796875 0.1379140234375 0.41078270000000006 0.1403664 0.44585331093749997 0.177385378125 0.44326469218750003
0 0.2565055203125 0.41276891875 0.2526225921875 0.3572404515625 0.188326471875 0.361736475 0.1922094 0.4172649421875 0.2565055203125 0.41276891875
0 0.4280166109375 0.3175651859375 0.42283937343750005 0.2435272296875 0.358543253125 0.248023253125 0.363720490625 0.322061209375 0.4280166109375 0.3175651859375
0 0.46097856562499995 0.3759549859375 0.45648254218749995 0.311658865625 0.3902380546875 0.31629113124999997 0.394734078125 0.3805872515625 0.46097856562499995 0.3759549859375
0 0.2780330671875 0.37063725937499997 0.2746951109375 0.32290226093749996 0.22696011249999998 0.32624021718749996 0.23029806874999997 0.37397521562499997 0.2780330671875 0.37063725937499997
0 0.3949689390625 0.432944503125 0.387816175 0.3306552203125 0.2942945453125 0.3371948890625 0.30144730937499997 0.43948417187500005 0.3949689390625 0.432944503125