0 0 0.7060546875 0.0419921875 0.7060546875 0.0419921875 0.666015625 0 0.666015625 0 0.7060546875
0 0.10986328125 0.44677734375 0.08740234375 0.44677734375 0.08740234375 0.46533203125 0.10986328125 0.46533203125 0.10986328125 0.44677734375
0 0.2939453125 0.41455078125 0.2470703125 0.41455078125 0.2470703125 0.46728515625 0.2939453125 0.46728515625 0.2939453125 0.41455078125
0 0.39794921875 0.810546875 0.33154296875 0.810546875 0.33154296875 0.873046875 0.39794921875 0.873046875 0.39794921875 0.810546875
0 0.36669921875 0.88916015625 0.33447265625 0.88916015625 0.33447265625 0.91650390625 0.36669921875 0.91650390625 0.36669921875 0.88916015625
0 0.37060546875 0.95654296875 0.33544921875 0.95654296875 0.33544921875 0.99365234375 0.37060546875 0.99365234375 0.37060546875 0.95654296875
0 0.5478515625 0.9111328125 0.4833984375 0.9111328125 0.4833984375 0.96875 0.5478515625 0.96875 0.5478515625 0.9111328125
0 0.49951171875 0.70361328125 0.47998046875 0.70361328125 0.47998046875 0.72509765625 0.49951171875 0.72509765625 0.49951171875 0.70361328125
0 0.53271484375 0.64892578125 0.51318359375 0.64892578125 0.51318359375 0.66455078125 0.53271484375 0.66455078125 0.53271484375 0.64892578125
0 0.30029296875 0.1904296875 0.27001953125 0.1904296875 0.27001953125 0.2236328125 0.30029296875 0.2236328125 0.30029296875 0.1904296875
0 0.05322265625 0.1953125 0.02490234375 0.1953125 0.02490234375 0.24609375 0.05322265625 0.24609375 0.05322265625 0.1953125
0 0 0.03125 0.0185546875 0.03125 0.0185546875 0.0029296875 0 0.0029296875 0 0.03125
0 0.138671875 0.0048828125 0.0947265625 0.0048828125 0.0947265625 0.0380859375 0.138671875 0.0380859375 0.138671875 0.0048828125
0 0.7626953125 0.10546875 0.7412109375 0.10546875 0.7412109375 0.134765625 0.7626953125 0.134765625 0.7626953125 0.10546875