0 0.14727943906250002 0.41408453593749994 0.0653780171875 0.46727194218749996 0.10739606718750001 0.5319740656249999 0.189297490625 0.47878666093750005 0.14727943906250002 0.41408453593749994
0 0 0.285015059375 0.017543315625 0.312029396875 0.0527609265625 0.28915881250000003 0.023507853125 0.24411302968749998 0 0.2593792078125 0 0.285015059375
0 0.1294151265625 0.15437653125 0.047513703125 0.20756393750000002 0.10123298437499999 0.2902843734375 0.18313440625 0.23709696875000003 0.1294151265625 0.15437653125
0 0.360858478125 0 0.31265078281249997 0.03130644375 0.38392190625 0.14105435 0.5075930546875 0.060741368750000004 0.46814714999999996 0 0.360858478125 0
0 0.6405459437500001 0.008168853125 0.6012332609375 0.033698807812499995 0.623571971875 0.06809740625 0.6628846546875 0.042567451562500004 0.6405459437500001 0.008168853125
0 0.5433236671875 0.23141311406249998 0.5089250703125 0.25375182343749997 0.5296681578125 0.285693378125 0.56406675625 0.26335466875 0.5433236671875 0.23141311406249998
0 0.5761447890625 0.2613331875 0.53683210625 0.2868631421875 0.5517245796875 0.30979554062500003 0.5910372625 0.2842655859375 0.5761447890625 0.2613331875
0 0.226368753125 0.526906171875 0.2034363546875 0.5417986453125 0.215137584375 0.559816959375 0.2380699828125 0.544924484375 0.226368753125 0.526906171875
0 0.3049813578125 0.5556171328125 0.277134875 0.57370085 0.303196703125 0.6138325484375 0.3310431875 0.5957488296875 0.3049813578125 0.5556171328125
0 0.400347996875 0.610127040625 0.343836015625 0.6468263515625 0.3677703484375 0.6836819921874999 0.42428232968749996 0.64698268125 0.400347996875 0.610127040625
0 0.5438675749999999 0.3999004 0.5258492625 0.4116016296875 0.5354229953125 0.42634388593750006 0.5534413093749999 0.41464265625 0.5438675749999999 0.3999004
0 0.71754585 0.27197498593749997 0.69707049375 0.28527183749999996 0.7050486046875 0.2975570515625 0.7255239609374999 0.28426019999999996 0.71754585 0.27197498593749997
0 0.669725703125 0.08179046875 0.6533454187500001 0.09242795000000001 0.665578521875 0.111265278125 0.68195880625 0.10062779687500001 0.669725703125 0.08179046875
0 0.2462721578125 0.7072740171875 0.22825384531249998 0.718975246875 0.2410188234375 0.7386315875 0.2590371359375 0.7269303593750001 0.2462721578125 0.7072740171875
0 0.059653895312500003 0.69513955625 0.039178539062500004 0.7084364078125 0.05247539062499999 0.7289117640625 0.072950746875 0.7156149125 0.059653895312500003 0.69513955625
0 0.16712336249999998 0.8355253875 0.13518180625 0.856268475 0.1750723609375 0.9176945421875 0.207013915625 0.8969514546875 0.16712336249999998 0.8355253875
0 0.2306902203125 0.865274040625 0.1938345796875 0.8892083734374999 0.21085455 0.9154168296874999 0.24771018906250003 0.891482496875 0.2306902203125 0.865274040625
0 0.294457609375 0.8558844890625 0.2666111265625 0.87396820625 0.2815036 0.8969006046875 0.309350084375 0.8788168875 0.294457609375 0.8558844890625
0 0.5882443703125 0.797258496875 0.482591534375 0.8658702500000001 0.5171633484375 0.9191061749999999 0.622816184375 0.8504944218749999 0.5882443703125 0.797258496875
0 0.623841815625 1 0.6150833421875 0.9865131328125001 0.5946079859375 0.9998099828125 0.594731384375 1 0.623841815625 1
0 0.7027469749999999 0.8597186656250001 0.6732624625 0.8788661328125 0.6886868109375001 0.9026175453124999 0.7181713234375 0.883470078125 0.7027469749999999 0.8597186656250001
0 0.5962152984375 0.6302281140625 0.5724638859375 0.6456524609375001 0.5916113515625 0.6751369734375 0.615362765625 0.6597126265625 0.5962152984375 0.6302281140625
0 0.662672965625 0.599878590625 0.6045229562500001 0.6376416484375 0.6507959984375 0.7088958859375001 0.708946009375 0.671132828125 0.662672965625 0.599878590625
0 0.832204059375 0.501427984375 0.7634068640625 0.5461054046875 0.7852137 0.5796849875000001 0.8540108953125 0.5350075671875001 0.832204059375 0.501427984375
0 0.8980383921874999 0.4441194515625 0.8710109234375001 0.4616712953125 0.8917540109375001 0.49361285 0.9187814812499999 0.47606100625 0.8980383921874999 0.4441194515625
0 0.955871615625 0.331457203125 0.9345772468750001 0.345285928125 0.9473422234375001 0.3649422703125 0.96863659375 0.35111354375000003 0.955871615625 0.331457203125
0 1 0.377892409375 0.992027553125 0.36561591875 0.9633620546874999 0.38423151093749996 0.9739995359375 0.4006117953125 1 0.383726896875 1 0.377892409375
0 1 0.48561340781249995 0.9742642125 0.5023264234375 0.9907523078124999 0.5277158656250001 1 0.5217103437499999 1 0.48561340781249995
0 0.8108926125 0.7528089234374999 0.777313028125 0.7746157609375001 0.798587990625 0.8073763296875001 0.832167575 0.78556949375 0.8108926125 0.7528089234374999
0 0.9570641875 0.760934921875 0.9324937609375 0.77689114375 0.9452587375 0.7965474859375 0.969829165625 0.7805912640625 0.9570641875 0.760934921875