0 0.32181881875 0.1923494875 0.30371149375 0.182721653125 0.295000596875 0.1991044703125 0.3131079203125 0.20873230468749998 0.32181881875 0.1923494875
0 0.7288050234375001 0.138324671875 0.697763896875 0.1218198125 0.683551378125 0.1485496703125 0.7145925046875 0.1650545296875 0.7288050234375001 0.138324671875
0 0.7520143453125 0.162278553125 0.7192487109375 0.14485675781250001 0.7036607874999999 0.1741733765625 0.736426421875 0.19159517343750002 0.7520143453125 0.162278553125
0 0.757484459375 0.1270291875 0.736790375 0.1160259484375 0.73037181875 0.128097496875 0.751065903125 0.13910073750000002 0.757484459375 0.1270291875
0 0.9120822390625 0.2512592515625 0.8931126609375 0.24117294843749998 0.8766078015625001 0.272214075 0.895577378125 0.28230037812500003 0.9120822390625 0.2512592515625
0 0.9630982421875001 0.2551584078125 0.9277458484375 0.23636120625 0.9048224312500001 0.27947388125 0.940174825 0.29827108281250003 0.9630982421875001 0.2551584078125
0 0.9905346312500001 0.3283659421875 0.9431106874999999 0.303150184375 0.9123933109375001 0.36092117031250004 0.959817253125 0.386136928125 0.9905346312500001 0.3283659421875
0 1 0.3510951765625 0.9918216734374999 0.3467466828125 0.9840277109375 0.3614049921875 0.9960992609374999 0.3678235484375 1 0.36048732499999997 1 0.3510951765625
0 1 0.44897842812500005 0.9792704656250001 0.4379563375 0.965974884375 0.462961690625 0.9927047421875 0.47717420781250003 1 0.4634538234375 1 0.44897842812500005
0 0.8388598515625001 0.3577685625 0.807818725 0.341263703125 0.7812275625 0.39127440625 0.8122686890624999 0.40777926718749996 0.8388598515625001 0.3577685625
0 0.7502686468750001 0.2581275765625 0.69422216875 0.22832713437500002 0.678634246875 0.2576437546875 0.734680725 0.2874441953125 0.7502686468750001 0.2581275765625
0 0.6595448015625001 0.24362262812500002 0.6164321265625 0.22069921093749997 0.5921333046874999 0.26639864687500003 0.6352459796875001 0.2893220640625 0.6595448015625001 0.24362262812500002
0 0.5954123046875 0.0657394671875 0.5729937140625 0.053819290625 0.5619904734375 0.074513375 0.584409065625 0.0864335515625 0.5954123046875 0.0657394671875
0 0.4403957015625 0.13262911093750002 0.42573739218749995 0.12483515 0.41794343125 0.139493459375 0.432601740625 0.147287421875 0.4403957015625 0.13262911093750002
0 0.5080297203125 0.35385001875 0.480437609375 0.3391790328125 0.47035130625 0.35814860937500004 0.4979434171875 0.37281959531250003 0.5080297203125 0.35385001875
0 0.41726604375000004 0.2624551234375 0.3948474515625 0.250534946875 0.3847611484375 0.26950452343750003 0.407179740625 0.28142469999999997 0.41726604375000004 0.2624551234375
0 0.204877890625 0.387321809375 0.1712500046875 0.36944154375 0.1469511828125 0.41514097968749997 0.1805790703125 0.4330212453125 0.204877890625 0.387321809375
0 0.26552787968749997 0.46878811249999996 0.24224703593750002 0.4564094671875 0.2321607328125 0.4753790453125 0.2554415765625 0.4877576890625 0.26552787968749997 0.46878811249999996
0 0.3384534859375 0.5136464843749999 0.305687853125 0.4962246890625 0.29330920781250003 0.5195055328125 0.3260748421875 0.5369273296875 0.3384534859375 0.5136464843749999
0 0.4058693328125 0.40349676875 0.367930178125 0.3833241625 0.3537176609375 0.4100540203125 0.391656815625 0.4302266265625 0.4058693328125 0.40349676875
0 0.6485221734375 0.5441308390625 0.61058301875 0.5239582328125 0.5917858171875 0.5593106265625 0.629724971875 0.5794832328124999 0.6485221734375 0.5441308390625
0 0.6102404421875 0.389393990625 0.58782185 0.37747381406249997 0.57544320625 0.40075465781249997 0.597861796875 0.412674834375 0.6102404421875 0.389393990625
0 0.1830224109375 0.6842821406249999 0.14508325625000001 0.664109534375 0.12399371249999999 0.7037731968750001 0.1619328671875 0.723945803125 0.1830224109375 0.6842821406249999
0 0.3834840484375 0.599527084375 0.35071841406250004 0.5821052875 0.3310042765625 0.6191821890625 0.3637699109375 0.636603984375 0.3834840484375 0.599527084375
0 0.39258387968749997 0.6635379109375 0.361542753125 0.6470330515625 0.341370146875 0.68497220625 0.37241127343749997 0.701477065625 0.39258387968749997 0.6635379109375
0 0.061860940625000006 0.6989402640625 0.0368555890625 0.6856446828125 0.0235600078125 0.710650034375 0.048565359375 0.723945615625 0.061860940625000006 0.6989402640625
0 0.49340434375 0.780741565625 0.4752970203125 0.77111373125 0.46337684375 0.793532321875 0.4814841671875 0.80316015625 0.49340434375 0.780741565625
0 0.3868781921875 0.716911440625 0.370495375 0.7082005421875001 0.3617844765625 0.724583359375 0.37816729375 0.7332942578125 0.3868781921875 0.716911440625
0 0.2645051796875 0.8409749062499999 0.237775321875 0.8267623875 0.2253966765625 0.8500432328124999 0.2521265359375 0.8642557515625 0.2645051796875 0.8409749062499999
0 0.4635533828125 0.8649648296875 0.43078775 0.847543034375 0.4188675734375 0.869961625 0.45163320625000003 0.887383421875 0.4635533828125 0.8649648296875
0 0.5336671578125001 0.9348727359375 0.5060750453125 0.92020175 0.49507180625 0.9408958343749999 0.5226639171875 0.9555668203125001 0.5336671578125001 0.9348727359375
0 0.645314321875 0.9599497984375001 0.6246202375000001 0.9489465578124999 0.6159093390625 0.9653293749999999 0.6366034234375 0.9763326140625 0.645314321875 0.9599497984375001
0 0.7506591640625 1 0.766048828125 0.971056253125 0.6789612234375 0.9247509515625 0.653745465625 0.9721748953124999 0.7060768765625001 1 0.7506591640625 1
0 0.7376667328125001 0.4908815265625 0.6936918046875 0.4674996421875 0.6762700078125 0.5002652765625 0.7202449375 0.5236471609375 0.7376667328125001 0.4908815265625
0 0.8070087921875 0.49567661718749995 0.7690696375 0.4755040109375 0.752564778125 0.5065451359375001 0.7905039328125001 0.5267177421875 0.8070087921875 0.49567661718749995
0 0.8216482734375001 0.4431821796875 0.7923316546875 0.4275942578125 0.7781191375 0.45432411562499997 0.80743575625 0.46991203906249995 0.8216482734375001 0.4431821796875
0 0.8795413015625 0.4341475328125 0.8485001765625 0.4176426734375 0.8329122531250001 0.44695929375 0.8639533796875 0.463464153125 0.8795413015625 0.4341475328125
0 0.7349602921875 0.37220379062500003 0.7142662078125 0.36120055 0.6968444109374999 0.39396618437500003 0.7175384953124999 0.4049694234375 0.7349602921875 0.37220379062500003