0 0.8162997531249999 0.42266849375 0.8638954968749999 0.29867734218750003 0.7344341484375 0.2489817875 0.6868384046875 0.3729729375 0.8162997531249999 0.42266849375
0 1 0.316926665625 0.9696303921875 0.305268865625 0.9269342093749999 0.41649622031250005 1 0.44454355 1 0.316926665625
0 0.925272259375 0.6088526437499999 0.9487201625000001 0.5477687687499999 0.8830777890625001 0.5225710218749999 0.8596298859375 0.5836548968749999 0.925272259375 0.6088526437499999
0 0.696399853125 0.6805178640625 0.7215976000000001 0.6148754890625 0.6596020234375 0.5910776171875 0.634404278125 0.6567199921875 0.696399853125 0.6805178640625
0 0.552069465625 0.46245539375 0.5888161796875 0.36672693125 0.5022047140625 0.3334799046875 0.46545800000000004 0.4292083671875 0.552069465625 0.46245539375
0 0.48957974843749996 0.9154620937500001 0.5620232703125 0.72674026875 0.3805950421875 0.657096496875 0.308151521875 0.845818321875 0.48957974843749996 0.9154620937500001
0 0.8106902187499999 1 0.8512794375 0.8942614703125 0.7418754812499999 0.8522652265625 0.69882933125 0.96440428125 0.79155935 1 0.8106902187499999 1
0 0.37196755625 0.3839063875 0.4055645515625 0.2963832234375 0.3280700828125 0.2666358828125 0.2944730875 0.3541590484375 0.37196755625 0.3839063875
0 0.2934040359375 0.5953839249999999 0.33260053125 0.493273565625 0.23596036874999998 0.45617688437500004 0.196763875 0.5582872421875 0.2934040359375 0.5953839249999999
0 0.7191570796875 0.2070290890625 0.7587035421875 0.1040070296875 0.6912377703125 0.078109346875 0.6516913062499999 0.1811314046875 0.7191570796875 0.2070290890625
0 0.663450878125 0.20499722187499997 0.6732500015625 0.1794696328125 0.6349586171875 0.164770946875 0.62515949375 0.1902985375 0.663450878125 0.20499722187499997
0 1 0.4665103890625 0.9528619046875001 0.44841577031249996 0.9245144390625001 0.522263440625 1 0.5512396328125 1 0.4665103890625
0 0.9548734671875 0.682977884375 0.963622684375 0.66018539375 0.9499471906249999 0.6549358640625 0.9411979734375 0.6777283546875 0.9548734671875 0.682977884375
0 0.9242333953124999 0.735547725 0.94243176875 0.68813934375 0.8922882890625001 0.668891065625 0.874089915625 0.716299446875 0.9242333953124999 0.735547725
0 0.8808653281250001 0.6237106406249999 0.8847149828124999 0.6136819453125 0.8737745875 0.6094823203125 0.8699249328124999 0.619511015625 0.8808653281250001 0.6237106406249999
0 0.8468302921875001 0.7382626984375 0.8748277890624999 0.6653267281249999 0.8009801187500001 0.6369792640624999 0.772982621875 0.709915234375 0.8468302921875001 0.7382626984375
0 0.7415679 0.810828575 0.758716365625 0.76615529375 0.7176898828125 0.7504067015625 0.7005414171875 0.7950799843749999 0.7415679 0.810828575
0 0.631136478125 0.591657159375 0.6514346625 0.5387785796875 0.599467784375 0.5188303640624999 0.5791695984375 0.57170894375 0.631136478125 0.591657159375
0 0.61129414375 0.644710721875 0.627042734375 0.6036842390625 0.5851045515625 0.5875856781250001 0.5693559609375 0.6286121625 0.61129414375 0.644710721875
0 0.511508715625 0.62262030625 0.5188580593750001 0.6034746140625 0.5006240656250001 0.5964752390625 0.4932747234375 0.61562093125 0.511508715625 0.62262030625
0 0.5128249734375 0.6518916703125 0.516674628125 0.641862975 0.5066459328125 0.63801331875 0.5027962765625 0.6480420140625001 0.5128249734375 0.6518916703125
0 0.57306509375 0.7252256078125 0.5930133109375 0.673258728125 0.5282826359375 0.6484109515625 0.5083344203125 0.7003778296875 0.57306509375 0.7252256078125
0 0.55431523125 0.519280603125 0.5623645109375001 0.49831151250000005 0.535925221875 0.4881624203125 0.5278759421875 0.5091315109375001 0.55431523125 0.519280603125
0 0.5655877859375 0.4953646515625 0.573987034375 0.47348385937500004 0.5521062437500001 0.46508461093750003 0.54370699375 0.48696540156249996 0.5655877859375 0.4953646515625
0 0.6035493265625 0.4346218390625 0.6087988578125 0.4209463453125 0.5942116640624999 0.4153468453125 0.5889621328125 0.429022340625 0.6035493265625 0.4346218390625
0 0.5889888484375 0.46982815625 0.595288284375 0.4534175625 0.5788776906249999 0.4471181265625 0.5725782546875 0.46352872031250003 0.5889888484375 0.46982815625
0 0.6514770515625 0.4964302296875 0.6619761125 0.469079240625 0.6337134234375 0.4582302109375 0.6232143625 0.48558120000000005 0.6514770515625 0.4964302296875
0 0.7426247515625 0.497422253125 0.7531238124999999 0.47007126406250005 0.7266845234375 0.459922171875 0.7161854625 0.4872731609375 0.7426247515625 0.497422253125
0 0.751793040625 0.4721755296875 0.761942134375 0.4457362390625 0.729120946875 0.43313736562500005 0.7189718546874999 0.45957665625 0.751793040625 0.4721755296875
0 0.727001009375 0.5149607609375 0.7368001328125 0.489433171875 0.70944914375 0.4789341109375 0.6996500203125 0.5044617 0.727001009375 0.5149607609375
0 0.8042769484375001 0.6392908375 0.83647406875 0.555414471875 0.703365921875 0.504319040625 0.6711688015624999 0.5881954078125 0.8042769484375001 0.6392908375
0 0.667766090625 0.5847971484375 0.6859644625 0.53738876875 0.6622602718749999 0.5282895812499999 0.6440619 0.5756979624999999 0.667766090625 0.5847971484375
0 0.76539035 0.6792807734374999 0.782888784375 0.633695790625 0.7336570046875 0.61479748125 0.71615856875 0.6603824625 0.76539035 0.6792807734374999
0 0.768303728125 0.7384543359375 0.787901975 0.6873991562499999 0.7377584953125 0.668150878125 0.7181602484375 0.7192060578125 0.768303728125 0.7384543359375
0 0.5378357125 0.30060858281249997 0.5609336468749999 0.24043640625 0.499849771875 0.216988503125 0.4767518375 0.2771606796875 0.5378357125 0.30060858281249997
0 0.5959895578125 0.1859005078125 0.6183875546875 0.12755173125 0.558215378125 0.104453796875 0.53581738125 0.1628025734375 0.5959895578125 0.1859005078125
0 0.5703204671875 0.1206069453125 0.594818275 0.056787970312500005 0.5264408031250001 0.03054031875 0.50194299375 0.0943592921875 0.5703204671875 0.1206069453125
0 0.5517626531250001 0 0.5381179140625 0.0355457609375 0.5919081921875 0.0561939140625 0.6101065640625001 0.0087855328125 0.5872194687500001 0 0.5517626531250001 0
0 0.4355333609375 0.610715759375 0.4652807 0.533221290625 0.38960963125000003 0.5041738890625 0.359862290625 0.5816683578124999 0.4355333609375 0.610715759375
0 0.423311171875 0.6834310640625 0.43451017031249994 0.654256675 0.39986558437499997 0.6409578640625 0.3886665859375 0.670132253125 0.423311171875 0.6834310640625
0 0.494663378125 0.7019292687500001 0.5055124078125 0.67366658125 0.47360292031249995 0.6614176765625001 0.462753890625 0.6896803640625 0.494663378125 0.7019292687500001
0 0.8235639640624999 0.9160497375000001 0.8691489453125 0.9335481734375 0.8911969734375 0.8761110953125 0.8456119921875 0.8586126609375 0.8235639640624999 0.9160497375000001
0 0.893877484375 0.84732790625 0.9033266390625 0.8227120171875001 0.8823575484375 0.8146627359374999 0.8729083937500001 0.8392786265625001 0.893877484375 0.84732790625
0 0.9202544390625 0.762263428125 0.933018234375 0.7671629890625 0.9473669499999999 0.7297833046875 0.9346031546875 0.7248837421875 0.9202544390625 0.762263428125
0 1 0.5486245328125 0.9855615375 0.5430821265625 0.9568641031249999 0.617841496875 0.9860384921875 0.6290404953125 1 0.5926695234375 1 0.5486245328125
0 1 0.156359521875 0.9909852499999999 0.1528990828125 0.9706870656250001 0.2057776609375 1 0.21702984218750002 1 0.156359521875
0 0.9725193703125001 0.22007953750000003 0.9886179296875 0.1781413546875 0.9494148453125 0.1630927 0.9333162859374999 0.20503088281249998 0.9725193703125001 0.22007953750000003
0 1 0.23951970312499998 0.98139673125 0.23237857812499998 0.9719475765625001 0.2569944671875 0.9956517671875 0.266093653125 1 0.2547661203125 1 0.23951970312499998
0 0.9467966703125 0.2870894609375 0.9646450734375 0.24059277968749998 0.9190600921875 0.22309434375 0.9012116890625 0.269591025 0.9467966703125 0.2870894609375
0 0.9045977468749999 0.19400686875 0.9182465265624999 0.1584505828125 0.8635445484375 0.13745246093750002 0.8498957687500001 0.173008746875 0.9045977468749999 0.19400686875
0 0.91097635 0.13787714375 0.9162258796874999 0.12420164843749999 0.88249299375 0.11125280625 0.8772434625000001 0.12492830156250001 0.91097635 0.13787714375
0 0.8601875203124999 0.150285359375 0.8671868937499999 0.1320513671875 0.851688 0.1261018984375 0.8446886265625 0.1443358921875 0.8601875203124999 0.150285359375
0 0.8822465906250001 0.21680826562500002 0.8895959328125 0.1976625734375 0.8649800437499999 0.1882134171875 0.8576307 0.2073591109375 0.8822465906250001 0.21680826562500002
0 0.8852101046874999 0.2990139546875 0.91425750625 0.223342884375 0.8394981359375 0.1946454515625 0.810450734375 0.27031652031250003 0.8852101046874999 0.2990139546875
0 0.9144625015625 0.3222723578125 0.9288112171874999 0.284892671875 0.9005485296875 0.2740436421875 0.8861998124999999 0.311423328125 0.9144625015625 0.3222723578125
0 0.9321157953125001 0.3525847234375 0.9517140421875 0.30152954374999996 0.9280098515624999 0.29243035625 0.9084116046874999 0.34348553593750003 0.9321157953125001 0.3525847234375
0 0.9825134249999999 0.33165801875 0.9979120484375 0.2915432359375 0.9568855640624999 0.27579464374999996 0.9414869421875001 0.315909428125 0.9825134249999999 0.33165801875
0 0.8783934625 0.3821725734375 0.8899424296875 0.352086484375 0.8698850374999999 0.3443871734375 0.8583360703125 0.3744732609375 0.8783934625 0.3821725734375
0 0.9268929796875 0.407066034375 0.9436914765625 0.3633044515625 0.90266499375 0.347555859375 0.8858664953125001 0.3913174421875 0.9268929796875 0.407066034375
0 0.926837234375 0.429011475 0.9341865765625 0.40986578281249997 0.9068355875 0.399366721875 0.8994862453125 0.41851241406249995 0.926837234375 0.429011475
0 0.9147633140625 0.4604651125 0.925262375 0.4331141234375 0.8842358906250001 0.4173655328125 0.8737368296874999 0.44471652187500005 0.9147633140625 0.4604651125
0 0.65610385 0.120585840625 0.6757020984375 0.0695306609375 0.6100597234375 0.0443329140625 0.5904614765625 0.09538809375 0.65610385 0.120585840625
0 0.6992268515625 0.0722847265625 0.7097259125 0.0449337375 0.66322923125 0.027085334375 0.6527301703124999 0.0544363234375 0.6992268515625 0.0722847265625
0 0.64427188125 0.03968305 0.6509212859375 0.02236075625 0.623570296875 0.0118616953125 0.6169208921875 0.0291839890625 0.64427188125 0.03968305
0 0.5656671296875 0.2417304 0.577916034375 0.20982091249999998 0.53780125 0.194422290625 0.5255523453125 0.226331778125 0.5656671296875 0.2417304
0 0.5892242078125001 0.240312715625 0.5997232703125001 0.21296172656249998 0.5896945734375 0.2091120703125 0.5791955125 0.23646305937499998 0.5892242078125001 0.240312715625
0 0.618449890625 0.222765303125 0.6317486999999999 0.1881207171875 0.608044509375 0.17902152968750001 0.5947457 0.213666115625 0.618449890625 0.222765303125
0 0.6726859562499999 0.2817650390625 0.6835349859375001 0.25350235 0.6598307953125 0.2444031640625 0.648981765625 0.272665853125 0.6726859562499999 0.2817650390625
0 0.650308084375 0.26376061875 0.668856425 0.2154405375 0.6260065421875 0.198992009375 0.6074582015625001 0.24731208906250002 0.650308084375 0.26376061875
0 0.6243602640625 0.30819426562499996 0.643258575 0.25896248593750004 0.5912916953125 0.23901426875 0.5723933859375 0.28824605000000003 0.6243602640625 0.30819426562499996
0 0.559969496875 0.3206113859375 0.5813175875 0.264997709375 0.5603484953125 0.25694842812499996 0.5390004046875 0.31256210625 0.559969496875 0.3206113859375
0 0.1856711140625 0.160718078125 0.10635324531250001 0.13027080156249998 0.0654069078125 0.236939659375 0.144724775 0.26738693593749996 0.1856711140625 0.160718078125
0 0.1645013015625 0.2744554125 0.1764002375 0.243457625 0.1417556515625 0.2301588140625 0.129856715625 0.261156603125 0.1645013015625 0.2744554125
0 0.2095981078125 0.29595061562499997 0.2218470125 0.264041128125 0.18811412656249998 0.2510922859375 0.175865221875 0.2830017734375 0.2095981078125 0.29595061562499997
0 0 0.4937400875 0.036732715625 0.5078404562500001 0.0535312140625 0.46407887499999995 0.000652634375 0.44378068906249996 0 0.44548085937500004 0 0.4937400875
0 0.2922083546875 0.321908496875 0.31530628906249997 0.261736321875 0.2596926109375 0.24038823125 0.2365946765625 0.30056040624999997 0.2922083546875 0.321908496875
0 0.3010367375 0.2593968734375 0.3073361734375 0.24298628125000002 0.28819048125 0.23563693749999998 0.2818910453125 0.25204753125 0.3010367375 0.2593968734375
0 0 0.7882003578125001 0.02163704375 0.796506040625 0.040885321875000005 0.7463625609375 0 0.7306681546875 0 0.7882003578125001
0 0 0.7212537953125 0.042211640625000005 0.7374573265625 0.0534106390625 0.7082829375 0.0060022578125 0.690084565625 0 0.70572098125 0 0.7212537953125
0 0.12004833125 0.700912490625 0.144896109375 0.636181815625 0.0482559484375 0.599085134375 0.0234081703125 0.6638158078124999 0.12004833125 0.700912490625
0 0.127012084375 0.6282707421875 0.14801020781250002 0.5735687640625 0.0896614296875 0.5511707671875 0.06866330781249999 0.6058727453125 0.127012084375 0.6282707421875
0 0.1688265765625 0.616078740625 0.17967560625 0.587816053125 0.15141291875000001 0.5769670234375 0.1405638890625 0.6052297109375 0.1688265765625 0.616078740625
0 0.20466818125000003 0.6371593234375 0.227066178125 0.578810546875 0.1705408 0.5571124875 0.148142803125 0.6154612640625 0.20466818125000003 0.6371593234375
0 0.24710344375 0.66286305625 0.2628520359375 0.6218365718750001 0.22364895156250003 0.60678791875 0.207900359375 0.6478144015625 0.24710344375 0.66286305625
0 0.23561467500000002 0.6778046718749999 0.24086420625 0.6641291765624999 0.2198951140625 0.656079896875 0.214645584375 0.669755390625 0.23561467500000002 0.6778046718749999
0 0.3082564234375 0.684768425 0.320155359375 0.6537706375 0.288245871875 0.6415217328125 0.27634693593750004 0.6725195203125 0.3082564234375 0.684768425
0 0.32804336875 0.22583006718749998 0.34379195937499996 0.1848035828125 0.297295278125 0.1669551796875 0.2815466859375 0.2079816625 0.32804336875 0.22583006718749998
0 0.371695775 0.1829623734375 0.387444365625 0.141935890625 0.343682784375 0.1251373921875 0.3279341921875 0.1661638765625 0.371695775 0.1829623734375
0 0.3910989125 0.208716240625 0.407547440625 0.1658663578125 0.3665209578125 0.1501177671875 0.350072428125 0.19296765 0.3910989125 0.208716240625
0 0.34274650625 0.1943396515625 0.3556953484375 0.160606765625 0.31193376562499997 0.1438082671875 0.2989849234375 0.1775411546875 0.34274650625 0.1943396515625
0 0.420204196875 0.2214577734375 0.43140319531250004 0.192283384375 0.40222880781250003 0.1810843859375 0.391029809375 0.210258775 0.420204196875 0.2214577734375
0 0.45772769843749994 0.1877438546875 0.46367716718749996 0.1722449609375 0.45000167187500006 0.1669954296875 0.44405220468750006 0.1824943234375 0.45772769843749994 0.1877438546875
0 0.43522613593750004 0.14144887343749998 0.44537522812499997 0.1150095828125 0.42896463437500004 0.108710146875 0.4188155421875 0.1351494359375 0.43522613593750004 0.14144887343749998
0 0.48928392187499997 0.1423249515625 0.5001329515624999 0.1140622640625 0.4764287609375 0.1049630765625 0.46557973124999996 0.133225765625 0.48928392187499997 0.1423249515625
0 0.4800889171875 0.1267658609375 0.49303775937500005 0.0930329734375 0.4602165734375 0.0804341 0.44726773125 0.11416698750000001 0.4800889171875 0.1267658609375
0 0.501141628125 0.10189697812500001 0.5130405640625 0.0708991890625 0.476572578125 0.0569004421875 0.46467364218749996 0.0878982296875 0.501141628125 0.10189697812500001
0 0.45247157812500005 0.0842603359375 0.46997001406249994 0.0386753546875 0.42803182968750003 0.022576793749999997 0.4105333953125 0.06816177500000001 0.45247157812500005 0.0842603359375
0 0.4169052515625 0 0.5180326484375 0.0388191703125 0.5329339328125 0 0.4169052515625 0
0 0.40429860937499995 0.076228865625 0.42284695 0.027908785937500003 0.38637896562499996 0.0139100375 0.3678306234375 0.0622301171875 0.40429860937499995 0.076228865625
0 0.387241509375 0.1533644609375 0.41173931875 0.0895454859375 0.3424501453125 0.062947865625 0.3179523359375 0.12676684062500002 0.387241509375 0.1533644609375
0 0.29391378437500004 0 0.27086275625 0.0600499828125 0.351092325 0.090847228125 0.3818895703125 0.010617659375000001 0.35422962187499996 0 0.29391378437500004 0
0 0.0943612515625 0.82233016875 0.1153593734375 0.767628190625 0.049717 0.74243044375 0.028718878125000003 0.797132421875 0.0943612515625 0.82233016875
0 0.094871690625 0.8523382484375001 0.10257100156250001 0.83228085625 0.067926415625 0.8189820453125 0.060227103125 0.8390394375 0.094871690625 0.8523382484375001
0 0.0211165421875 0.804674559375 0.0053679515625 0.8457010421875 0.062805028125 0.8677490703125 0.0785536203125 0.8267225874999999 0.0211165421875 0.804674559375
0 0.146182178125 0.7799829765624999 0.15843108125 0.7480734890625 0.135638590625 0.7393242718749999 0.1233896859375 0.7712337578125 0.146182178125 0.7799829765624999
0 0.179014584375 0.7026267140625 0.1919634265625 0.6688938265625 0.1655241375 0.658744734375 0.1525752953125 0.692477621875 0.179014584375 0.7026267140625
0 0.21498433281249998 0.7587988265625001 0.2345825796875 0.707743646875 0.1789689015625 0.68639555625 0.1593706546875 0.7374507359375 0.21498433281249998 0.7587988265625001
0 0.286638509375 0.8637112515625001 0.2978375078125 0.8345368625 0.2595461234375 0.8198381781249999 0.248347125 0.8490125656249999 0.286638509375 0.8637112515625001
0 0.273370865625 0.9459626234374999 0.29331908281249996 0.89399574375 0.24682240156250002 0.876147340625 0.226874184375 0.92811421875 0.273370865625 0.9459626234374999
0 0.2356290125 0.8603441609375 0.255227259375 0.8092889812499999 0.2205826734375 0.7959901703125001 0.20098442656249998 0.8470453499999999 0.2356290125 0.8603441609375
0 0.192723384375 0.8658410734374999 0.2210708484375 0.791993403125 0.1608986734375 0.76889546875 0.13255120781250002 0.8427431390625 0.192723384375 0.8658410734374999
0 0.21326779375 0.9213221546874999 0.2269165734375 0.8857658687500001 0.18589008906249999 0.870017278125 0.17224130937499998 0.9055735640625 0.21326779375 0.9213221546874999
0 0.16663290625 0.90655881875 0.18133159062499998 0.868267434375 0.1302764109375 0.8486691875 0.11557772656250001 0.886960571875 0.16663290625 0.90655881875
0 0.23511198437499997 0.7131770671875 0.24386120312499998 0.6903845765625001 0.22106871093749997 0.681635359375 0.21231949375 0.70442785 0.23511198437499997 0.7131770671875
0 0.3113246609375 0.819839334375 0.356470621875 0.7022300828125 0.2543602640625 0.6630335875 0.2092143015625 0.780642840625 0.3113246609375 0.819839334375
0 0.42880674843750005 0.9920303484374999 0.4543544640625 0.925476275 0.40329928437499996 0.9058780265624999 0.37775156875000004 0.9724321 0.42880674843750005 0.9920303484374999
0 0.49897028906249996 1 0.5108240953125 0.969119775 0.4670625140625 0.9523212781250001 0.451313921875 0.9933477609375 0.46864359687499996 1 0.49897028906249996 1
0 0.538196790625 1 0.5444878796875 0.9836111515624999 0.5134900921875001 0.971712215625 0.50369096875 0.9972398046875 0.5108815234375 1 0.538196790625 1
0 0.552588453125 0.9338956484375001 0.5683370437499999 0.8928691656250001 0.5355158578125 0.8802702921875 0.519767265625 0.9212967750000001 0.552588453125 0.9338956484375001
0 0.51793825625 0.96557440625 0.537886471875 0.9136075265624999 0.48227279375 0.8922594359374999 0.46232457812499994 0.944226315625 0.51793825625 0.96557440625
0 0.5349128953125 0.8695784359375001 0.5447120187500001 0.844050846875 0.51644933125 0.8332018171875 0.5066502078124999 0.8587294062499999 0.5349128953125 0.8695784359375001
0 0.5186672234375 0.9009997484375001 0.5274164421875 0.8782072578125 0.4945952546875 0.865608384375 0.4858460375 0.888400875 0.5186672234375 0.9009997484375001
0 0.5633617890625 0.7900164796875 0.5731609125 0.764488890625 0.5558386203125 0.7578394859375 0.5460394953125001 0.7833670749999999 0.5633617890625 0.7900164796875
0 0.54957925625 0.835458803125 0.5607782546875 0.8062844140625 0.5434559609375 0.799635009375 0.5322569625 0.8288093984374999 0.54957925625 0.835458803125
0 0.645813703125 0.8954126265625 0.6965591640625 0.7632161796875 0.599007303125 0.7257695296875 0.5482618421875001 0.8579659765625 0.645813703125 0.8954126265625
0 0.6835400609375 0.8502701374999999 0.6926392484375 0.826565946875 0.6607297609375 0.8143170421875 0.651630575 0.8380212328125 0.6835400609375 0.8502701374999999
0 0.69018385625 0.8779254125 0.7017328234375 0.847839325 0.6689116375 0.8352404515625 0.6573626703125 0.8653265390625 0.69018385625 0.8779254125
0 0.7960201796875 0.8788026500000001 0.8110688343750001 0.8395995656249999 0.7746008484375 0.8256008171874999 0.7595521953125 0.8648039015625001 0.7960201796875 0.8788026500000001
0 0.74060375 0.8910035562499999 0.760201996875 0.8399483765625 0.7328510078125 0.829449315625 0.7132527609375 0.8805044953125 0.74060375 0.8910035562499999
0 0.843640478125 1 0.8457010421875 0.9946320484375001 0.8028511593750001 0.9781835203125 0.7944765968749999 1 0.843640478125 1
0 0.6720899140625 1 0.6785088828125 0.9832780124999999 0.6347473 0.9664795156249999 0.6218799921875 1 0.6720899140625 1
0 0.6100154671875 0.994120275 0.6296137140625 0.9430650953124999 0.580381934375 0.9241667859374999 0.5607836859375 0.9752219656250001 0.6100154671875 0.994120275
0 0.6829938249999999 0.9797694218749999 0.714840978125 0.8968047546875001 0.6382582078125 0.8674073828125 0.60641105625 0.95037205 0.6829938249999999 0.9797694218749999
0 0.880456496875 0.3740731578125 0.8979549312499999 0.328488175 0.8478114515625 0.309239896875 0.8303130171875001 0.35482487812499997 0.880456496875 0.3740731578125
0 0.8568247046874999 0.42201094375 0.8676737343750001 0.3937482546875 0.8430578437499999 0.3842991 0.8322088140625 0.41256178906249996 0.8568247046874999 0.42201094375
0 0.880629165625 0.47717438124999995 0.8914781953125 0.44891169375000006 0.8623038062499999 0.4377126953125 0.8514547765625 0.4659753828125 0.880629165625 0.47717438124999995
0 0.86337481875 0.5207609796875 0.8763236593749999 0.48702809374999995 0.8352971765625 0.4712795015625 0.8223483343750001 0.5050123890625 0.86337481875 0.5207609796875
0 0.8597502828125 0.5533659515625 0.8723491546875 0.520544765625 0.8377045687500001 0.5072459546875 0.8251056953125 0.5400671421875 0.8597502828125 0.5533659515625
0 0.8185310046875 0.5108693328125 0.8384792203125 0.458902453125 0.77830704375 0.4358045203125 0.758358828125 0.4877713984375 0.8185310046875 0.5108693328125
0 0.682349009375 0.3696805609375 0.70894663125 0.3003913875 0.6487744546875 0.2772934546875 0.622176834375 0.3465826265625 0.682349009375 0.3696805609375
0 0.6355792109375 0.4165817984375 0.6586771453125 0.3564096234375 0.5966815703125 0.3326117515625 0.5735836359375 0.3927839265625 0.6355792109375 0.4165817984375
0 0.7947633203125 0.45833511250000003 0.8119117875 0.41366183124999995 0.7672385046875 0.3965133640625 0.7500900390624999 0.44118664687500003 0.7947633203125 0.45833511250000003
0 0.7075699984375 0.5001796140625 0.7443167125000001 0.404451153125 0.656793546875 0.37085415781250003 0.620046834375 0.46658262031250003 0.7075699984375 0.5001796140625