0 0.982297184375 0.57012326875 0.990901175 0.5594982265625 0.9810350640625 0.5515088078125 0.9724310734375001 0.56213385 0.982297184375 0.57012326875
0 1 0.393455353125 0.997921440625 0.39177216875 0.9874737390625 0.40467400624999994 1 0.414817571875 1 0.393455353125
0 0.9576444484375 0.35538670156249996 0.9699358625000001 0.34020806875 0.9539983 0.32730208437499997 0.9417068859375 0.342480715625 0.9576444484375 0.35538670156249996
0 0.8736750734375001 0.5110646453125 0.886581059375 0.49512708125 0.873679221875 0.48467937968749997 0.8607732374999999 0.5006169421875 0.8736750734375001 0.5110646453125
0 0.8844609671875 0.5311082984375 0.8912212453125001 0.5227600515625 0.8843908609375 0.517228915625 0.8776305828125001 0.5255771625000001 0.8844609671875 0.5311082984375
0 0.6819808593750001 0.4180354859375 0.689970278125 0.40816937500000006 0.6801041671875 0.40017995624999997 0.6721147484375 0.41004606718750003 0.6819808593750001 0.4180354859375
0 0.698832084375 0.3669663796875 0.70989435625 0.3533056109375 0.6985103828125 0.34408705156249997 0.687448109375 0.3577478203125 0.698832084375 0.3669663796875
0 0.73699333125 0.181733353125 0.7462118906249999 0.170349378125 0.7386225750000001 0.164203671875 0.7294040140625 0.17558764531249998 0.73699333125 0.181733353125
0 0.731695225 0.200690153125 0.7495177749999999 0.17868113593749999 0.7328212796875 0.16516058125 0.7149987296875 0.1871695984375 0.731695225 0.200690153125
0 0.66657136875 0.2648178 0.6776336421875 0.25115703125 0.663213940625 0.23948018750000002 0.65215166875 0.25314095625 0.66657136875 0.2648178
0 0.8711675203125001 0.2526874359375 0.87854236875 0.24358025625000002 0.8709530531249999 0.23743455 0.8635782046875 0.24654172812500003 0.8711675203125001 0.2526874359375
0 0.761330784375 0.1027982453125 0.7687056328125 0.093691065625 0.7558037953125 0.0832433640625 0.7484289468750001 0.09235054375 0.761330784375 0.1027982453125
0 0.7506108499999999 0.123019240625 0.765360546875 0.10480488125000001 0.7471461890625 0.090055184375 0.7323964921874999 0.10826954375 0.7506108499999999 0.123019240625
0 0.6765468875 0.1516338046875 0.6833071640624999 0.14328555781250002 0.673441053125 0.1352961375 0.6666807765625 0.1436443859375 0.6765468875 0.1516338046875
0 0.6702753828125 0.15472314843749999 0.67580651875 0.14789276406250002 0.668976134375 0.142361628125 0.6634449984375 0.1491920125 0.6702753828125 0.15472314843749999
0 0.6679449703125 0.1490662140625 0.6734761078125 0.14223582968749998 0.665127859375 0.13547555312499998 0.6595967234375 0.1423059375 0.6679449703125 0.1490662140625
0 0.6538655359375001 0.1571422296875 0.6680006609375 0.13968680312499998 0.649027371875 0.1243225359375 0.6348922453125 0.14177796250000002 0.6538655359375001 0.1571422296875
0 0.6582624218750001 0.123004725 0.664408128125 0.1154154078125 0.6537830859375 0.10681141875 0.6476373796875 0.11440073437500001 0.6582624218750001 0.123004725
0 0.527623 0.09889408125 0.53561241875 0.08902797031250001 0.5227105812499999 0.0785802671875 0.5147211625 0.088446378125 0.527623 0.09889408125
0 0.489585340625 0 0.4802516859375 0.011526103125000001 0.5022607031249999 0.029348653125000002 0.5206978234374999 0.006580704687499999 0.5125713296875001 0 0.489585340625 0
0 0.5052928546875 0 0.50233703125 0.0036501390624999997 0.525104978125 0.022087259375 0.542927528125 0.0000782421875 0.5428309078125 0 0.5052928546875 0
0 0.39785345781250003 0 0.3873608671875 0.0129572703125 0.4154413359375 0.035696385937500005 0.4369513109375 0.0091337796875 0.42567203124999997 0 0.39785345781250003 0
0 0.3951131078125 0.017350009375 0.40125881406249997 0.0097606921875 0.3936694984375 0.0036149859375 0.38752379062500003 0.011204301562500001 0.3951131078125 0.017350009375
0 0.40282822031250004 0.027995689062500002 0.408973928125 0.020406371875000003 0.4006256796875 0.0136460953125 0.3944799734375 0.021235410937499997 0.40282822031250004 0.027995689062500002
0 0.3931580140625 0.038385626562500004 0.402376575 0.0270016515625 0.3894747375 0.01655395 0.3802561765625 0.0279379234375 0.3931580140625 0.038385626562500004
0 0.3865585875 0.058173537500000004 0.40192285468750005 0.0392002484375 0.3799138375 0.021377698437500002 0.3645495703125 0.040350987500000005 0.3865585875 0.058173537500000004
0 0.3791878859375 0.040895451562500004 0.3841044515625 0.034823998437499996 0.374238340625 0.0268345796875 0.369321775 0.0329060328125 0.3791878859375 0.040895451562500004
0 0.373978034375 0 0.3692537421875 0.005834015624999999 0.379119853125 0.0138234359375 0.3877238421875 0.0031983921875000003 0.38377415625 0 0.373978034375 0
0 0.3758629375 0 0.3633245765625 0.015483585937499999 0.3830567984375 0.0314624234375 0.40087934843750006 0.0094534078125 0.3892053625 0 0.3758629375 0
0 0.2753647390625 0.034102095312500004 0.2833541578125 0.024235984375 0.271970184375 0.0150174234375 0.263980765625 0.024883534375 0.2753647390625 0.034102095312500004
0 0.3256602984375 0.2582944015625 0.3373371421875 0.24387470156250002 0.322158509375 0.23158328749999998 0.31048166718750003 0.2460029890625 0.3256602984375 0.2582944015625
0 0.1600130578125 0.24793112343749998 0.1686170484375 0.23730608125 0.1564741421875 0.22747294999999998 0.14787015312500001 0.2380979921875 0.1600130578125 0.24793112343749998
0 0.167802425 0.246070921875 0.174562703125 0.23772267500000002 0.16621445625 0.230962396875 0.159454178125 0.23931064375000002 0.167802425 0.246070921875
0 0.17829959687500002 0.26336757187500004 0.19304929375 0.24515321406249999 0.1763527984375 0.2316326578125 0.1616031015625 0.24984701718750002 0.17829959687500002 0.26336757187500004
0 0.187322253125 0.233604240625 0.19408253125 0.22525599375 0.187252146875 0.2197248578125 0.18049186875 0.22807310468750003 0.187322253125 0.233604240625
0 0.2016697734375 0.24459433281249998 0.209044621875 0.2354871546875 0.1991785109375 0.22749773437499998 0.1918036625 0.2366049140625 0.2016697734375 0.24459433281249998
0 0.1940598203125 0.2547677296875 0.20082009687500002 0.24641948125000002 0.19171291875000002 0.2390446328125 0.184952640625 0.24739288125 0.1940598203125 0.2547677296875
0 0.1997703703125 0.2562505390625 0.2145200671875 0.23803618124999998 0.19478784531249999 0.2220573421875 0.1800381484375 0.2402717015625 0.1997703703125 0.2562505390625
0 0.203171146875 0.2357573125 0.2105459953125 0.2266501328125 0.200679884375 0.2186607140625 0.19330503593749998 0.22776789375 0.203171146875 0.2357573125
0 0.3390095359375 0.4117286296875 0.350686378125 0.3973089296875 0.3324720203125 0.3825592328125 0.3207951765625 0.3969789328125 0.3390095359375 0.4117286296875
0 0.3259612640625 0.41310005937499994 0.33333611093750004 0.40399287968750003 0.32195213749999996 0.39477431875 0.3145772890625 0.4038814984375 0.3259612640625 0.41310005937499994
0 0.394859240625 0.25275714374999997 0.40407780000000004 0.2413731703125 0.3934527578125 0.23276918124999998 0.384234196875 0.24415315468749998 0.394859240625 0.25275714374999997
0 0.40171026093749995 0.24196917812500002 0.409085109375 0.2328619984375 0.39997793125 0.22548715000000003 0.3926030828125 0.2345943296875 0.40171026093749995 0.24196917812500002
0 0.409410959375 0.2293560625 0.41617123593749994 0.22100781406249997 0.4085819203125 0.2148621078125 0.40182164218749994 0.2232103546875 0.409410959375 0.2293560625
0 0.41226519687499996 0.23669378281250003 0.41902547500000004 0.2283455359375 0.41219509062500004 0.2228144 0.40543481249999996 0.23116264687500002 0.41226519687499996 0.23669378281250003
0 0.42796765625 0.250665984375 0.43841535781249996 0.2377641484375 0.427790315625 0.2291601578125 0.41734261406249995 0.2420619953125 0.42796765625 0.250665984375
0 0.41817372500000005 0.24336331718749998 0.4243194328125 0.2357740015625 0.415971184375 0.22901372343749998 0.409825478125 0.23660303906250002 0.41817372500000005 0.24336331718749998
0 0.40967904375 0.24842217031249997 0.4182830328125 0.23779712812499998 0.4091758546875 0.2304222796875 0.4005718640625 0.241047321875 0.40967904375 0.24842217031249997
0 0.41840675625 0.2554897328125 0.4257816046875 0.246382553125 0.4174333578125 0.23962227656250001 0.41005850937500005 0.2487294546875 0.41840675625 0.2554897328125
0 0.40689283749999994 0.268156465625 0.42041339375 0.2514599703125 0.40523476093750005 0.23916855625000003 0.39171420625 0.2558650515625 0.40689283749999994 0.268156465625
0 0.424550390625 0.26109305 0.43376895 0.249709075 0.424661771875 0.2423342265625 0.4154432109375 0.2537182015625 0.424550390625 0.26109305
0 0.4312858828125 0.2954491703125 0.44050444375 0.284065196875 0.42760260624999996 0.2736174953125 0.41838404531249995 0.28500146875 0.4312858828125 0.2954491703125
0 0.5872072265625 0.325581796875 0.597654928125 0.3126799609375 0.5832352281250001 0.3010031171875 0.5727875265625 0.3139049546875 0.5872072265625 0.325581796875
0 0.606547540625 0.420409146875 0.6169952421875 0.407507309375 0.6025755421875 0.395830465625 0.592127840625 0.40873230312500003 0.606547540625 0.420409146875
0 0.6334070640625 0.50750281875 0.64692761875 0.49080632343749997 0.6317489859375 0.478514909375 0.61822843125 0.49521140468749997 0.6334070640625 0.50750281875
0 0.6106679484375 0.5355832875 0.62111565 0.5226814515625 0.6044191546875 0.5091608953125 0.593971453125 0.5220627328125 0.6106679484375 0.5355832875
0 0.5151209671875 0.419256234375 0.5231103859374999 0.40939012343750003 0.51248534375 0.40078613281250003 0.504495925 0.41065224375 0.5151209671875 0.419256234375
0 0.5703869078125 0.4099758609375 0.5802200390625 0.3978329546875 0.5650414078125 0.38554154218750003 0.5552082765625 0.397684446875 0.5703869078125 0.4099758609375
0 0.5558579 0.40386520781249996 0.5650764609375 0.39248123281249997 0.55445141875 0.38387724375 0.5452328578125 0.39526121718749996 0.5558579 0.40386520781249996
0 0.5027037562500001 0.42993489374999994 0.5131514578124999 0.41703305625000003 0.4987317578125 0.4053562125 0.48828405625000004 0.41825805000000005 0.5027037562500001 0.42993489374999994
0 0.740898971875 0.62847628125 0.7482738203125 0.6193691015625 0.7391666406249999 0.611994253125 0.7317917921875 0.6211014328125 0.740898971875 0.62847628125
0 0.756958284375 0.5566602796875 0.7661768453125 0.5452763046875 0.755551803125 0.536672315625 0.7463332421875 0.5480562890625 0.756958284375 0.5566602796875
0 0.7524562390625 0.5699787093750001 0.762903940625 0.557076871875 0.750761034375 0.547243740625 0.7403133328125 0.560145578125 0.7524562390625 0.5699787093750001
0 0.756341640625 0.57061184375 0.7717059078124999 0.551638553125 0.75349155 0.5368888562499999 0.7381272828125 0.555862146875 0.756341640625 0.57061184375
0 0.67981939375 0.602262134375 0.6871942421874999 0.59315495625 0.6765692 0.584550965625 0.6691943515625 0.5936581453125 0.67981939375 0.602262134375
0 0.6507737203125 0.6264922562499999 0.6593777109375 0.6158672125 0.65027053125 0.6084923640625 0.641666540625 0.6191174078125 0.6507737203125 0.6264922562499999
0 0.6727683203125 0.6210560109375 0.6844451640625 0.606636309375 0.673061190625 0.59741775 0.661384346875 0.61183745 0.6727683203125 0.6210560109375
0 0.668107496875 0.60974214375 0.6754823453125 0.6006349640625 0.6686519609375 0.595103828125 0.6612771125 0.6042110078125 0.668107496875 0.60974214375
0 0.6711989140625 0.602821015625 0.6779591921875 0.5944727671875001 0.6711288078125001 0.58894163125 0.6643685296874999 0.597289878125 0.6711989140625 0.602821015625
0 0.65948494375 0.62349365625 0.6699326453125 0.61059181875 0.657789740625 0.6007586875 0.6473420390625 0.613660525 0.65948494375 0.62349365625
0 0.658416653125 0.636451184375 0.6676352140625 0.625067209375 0.6547333765625 0.6146195078125001 0.645514815625 0.6260034828125 0.658416653125 0.636451184375
0 0.660573771875 0.7098242499999999 0.672250615625 0.6954045484375 0.660107709375 0.6855714171875 0.6484308671875 0.6999911187500001 0.660573771875 0.7098242499999999
0 0.8432825578124999 0.7107565734375 0.8549594015625 0.6963368734375 0.8428164953125 0.6865037421875 0.8311396515625 0.7009234421875 0.8432825578124999 0.7107565734375
0 0.8345857499999999 0.7370139671875 0.84626259375 0.7225942671875 0.832601825 0.7115319953125 0.8209249812499999 0.7259516953125 0.8345857499999999 0.7370139671875
0 0.8422142671874999 0.7237141015625 0.85081825625 0.713089059375 0.8409521453125001 0.7050996390625001 0.8323481562499999 0.7157246828125 0.8422142671874999 0.7237141015625
0 0.81314805625 0.6486561 0.8199083343750001 0.640307853125 0.8115600859375001 0.6335475749999999 0.8047998078124999 0.6418958234375001 0.81314805625 0.6486561
0 0.8014175953124999 0.6592625796875 0.81063615625 0.64787860625 0.7992521828125 0.6386600453125 0.7900336218749999 0.65004401875 0.8014175953124999 0.6592625796875
0 0.8065713406249999 0.6389322765625 0.8170190421875001 0.626030440625 0.806394 0.61742645 0.795946296875 0.6303282875 0.8065713406249999 0.6389322765625
0 0.7963072 0.63376204375 0.8042966187499999 0.6238959328125 0.7974662343750001 0.6183647953125 0.7894768156249999 0.62823090625 0.7963072 0.63376204375
0 0.8038593890625 0.646160690625 0.8112342375000001 0.6370535109375 0.8021270578124999 0.6296786640625001 0.794752209375 0.6387858421875 0.8038593890625 0.646160690625
0 0.293844809375 0.42793220468750004 0.299375946875 0.4211018203125 0.2910276984375 0.41434154218749997 0.2854965625 0.42117192656249997 0.293844809375 0.42793220468750004
0 0.2953069828125 0.4385407578125 0.3020672609375 0.43019250937500003 0.29523687656250003 0.4246613734375 0.2884765984375 0.433009621875 0.2953069828125 0.4385407578125
0 0.295684375 0.452040675 0.3042883640625 0.4414156328125 0.2951811859375 0.43404078437500004 0.2865771953125 0.44466582656250003 0.295684375 0.452040675
0 0.2860719328125 0.43985856874999996 0.29529049218750003 0.42847459531250004 0.2808707921875 0.4167977515625 0.27165223125 0.42818172656250003 0.2860719328125 0.43985856874999996
0 0.28167712031250003 0.46080344218749997 0.295197675 0.444106946875 0.2785011796875 0.4305863921875 0.264980625 0.4472828875 0.28167712031250003 0.46080344218749997
0 0.27876511718749997 0.476037765625 0.286139965625 0.46693058593750003 0.2747559921875 0.457712025 0.26738114375 0.46681920468750004 0.27876511718749997 0.476037765625
0 0.2698744796875 0.4707231703125 0.281551321875 0.4563034703125 0.2709262796875 0.4476994796875 0.25924943749999996 0.46211917968750005 0.2698744796875 0.4707231703125
0 0.2807345265625 0.5938681671875 0.2960987953125 0.5748948765625 0.282438025 0.5638326046875 0.2670737578125 0.5828058953124999 0.2807345265625 0.5938681671875
0 0.27284414687499997 0.548524028125 0.2832918484375 0.535622190625 0.27039001093750004 0.5251744890625 0.259942309375 0.5380763265625 0.27284414687499997 0.548524028125
0 0.2534150625 0.5585509890625 0.2614044828125 0.548684878125 0.252297303125 0.5413100296875 0.244307884375 0.551176140625 0.2534150625 0.5585509890625
0 0.261654003125 0.5708774562500001 0.27025799375 0.5602524140625 0.2565972234375 0.5491901421875001 0.24799323437499998 0.559815184375 0.261654003125 0.5708774562500001
0 0.26559509531250003 0.5621311796875 0.2760427984375 0.5492293421875 0.26465882343749997 0.54001078125 0.254211121875 0.55291261875 0.26559509531250003 0.5621311796875
0 0.2763108828125 0.56829545 0.28430030156249997 0.5584293390624999 0.272916328125 0.549210778125 0.2649269078125 0.5590768890625 0.2763108828125 0.56829545
0 0.26754396874999997 0.5806734609374999 0.278606240625 0.5670126921875001 0.2694990609375 0.55963784375 0.2584367890625 0.5732986125 0.26754396874999997 0.5806734609374999
0 0.20405972499999997 0.5613082625 0.21020543125 0.553718946875 0.20337504687500002 0.5481878109375 0.197229340625 0.5557771265625 0.20405972499999997 0.5613082625
0 0.1078919515625 0.4853180375 0.1183396546875 0.47241620156249997 0.1069556796875 0.46319764062499996 0.096507978125 0.476099478125 0.1078919515625 0.4853180375
0 0.1113421984375 0.4950232984375 0.1199461875 0.48439825625 0.10932114531249999 0.475794265625 0.1007171546875 0.4864193078125 0.1113421984375 0.4950232984375
0 0.10083070937500001 0.33886062968749997 0.108820128125 0.32899451874999996 0.10047188124999999 0.322234240625 0.0924824625 0.3321003515625 0.10083070937500001 0.33886062968749997
0 0.09130693749999999 0.3374314359375 0.1023692109375 0.32377066718749997 0.0917441671875 0.315166678125 0.0806818953125 0.328827446875 0.09130693749999999 0.3374314359375
0 0.0975783421875 0.4499493171875 0.114786321875 0.4286992328125 0.08974157968749999 0.40841839999999996 0.0725336 0.42966848437499994 0.0975783421875 0.4499493171875
0 0.0674169828125 0.4437458453125 0.076020971875 0.433120803125 0.067672725 0.4263605265625 0.059068734375 0.43698556875000005 0.0674169828125 0.4437458453125
0 0.078675159375 0.44846443437500005 0.0860500078125 0.43935725468750003 0.076942828125 0.43198240625000006 0.0695679796875 0.4410895859375 0.078675159375 0.44846443437500005
0 0.0904571625 0.45486380937500004 0.0978320109375 0.4457566296875 0.08720696875 0.43715264062500003 0.0798321203125 0.44625981875000004 0.0904571625 0.45486380937500004
0 0.0566456046875 0.3313537625 0.06340588281250001 0.3230055140625 0.052021909374999994 0.3137869546875 0.04526163125 0.3221352015625 0.0566456046875 0.3313537625
0 0.04169585625 0.35757402968749996 0.0607475484375 0.33404715 0.0402563953125 0.317453740625 0.021204703125 0.3409806203125 0.04169585625 0.35757402968749996
0 0.0154570265625 0.3457507515625 0.0197590203125 0.34043823125 0.012928635937499999 0.33490709375 0.0086266421875 0.340219615625 0.0154570265625 0.3457507515625
0 0.0297200234375 0.319602665625 0.033407446875 0.315049075 0.0288538578125 0.3113616515625 0.0251664328125 0.315915240625 0.0297200234375 0.319602665625
0 0 0.325065990625 0.0057909671875 0.32975542343750003 0.016238668749999997 0.3168535875 0.009408284375000001 0.31132245 0 0.32294071406249997 0 0.325065990625
0 0.02391458125 0.34694484062500003 0.035591424999999996 0.33252513906250003 0.021930654687500002 0.3214628671875 0.010253812499999999 0.3358825671875 0.02391458125 0.34694484062500003
0 0.023483571875 0.3296317 0.031472990625 0.3197655890625 0.0208479484375 0.31116160000000004 0.0128585296875 0.32102771093750004 0.023483571875 0.3296317
0 0.010072325 0.34076200624999997 0.019905454687499997 0.3286191 0.011557207812500001 0.3218588234375 0.0017240765625 0.334001728125 0.010072325 0.34076200624999997
0 0.081207496875 0.6641372734375001 0.08735320468749999 0.6565479578125 0.0812817515625 0.6516313921875 0.07513604375 0.6592207078125 0.081207496875 0.6641372734375001
0 0.07663534375 0.6635763203125 0.08585390468750001 0.6521923468749999 0.07522886250000001 0.64358835625 0.0660103015625 0.65497233125 0.07663534375 0.6635763203125
0 0.1249079765625 0.6505177796875 0.137199390625 0.635339146875 0.12429755312499999 0.6248914453125 0.11200613906250001 0.640070078125 0.1249079765625 0.6505177796875
0 0.15766990625 0.668251659375 0.1693467484375 0.6538319593749999 0.1549270484375 0.6421551156249999 0.14325020625 0.656574815625 0.15766990625 0.668251659375
0 0.18932019687499999 0.7447739062500001 0.20099704062499998 0.73035420625 0.175193365625 0.7094588015625 0.1635165234375 0.723878503125 0.18932019687499999 0.7447739062500001
0 0.1718255703125 0.750084353125 0.182273271875 0.737182515625 0.1670946390625 0.7248911031249999 0.1566469375 0.7377929390625 0.1718255703125 0.750084353125
0 0.16302152812499998 0.7687153046875 0.1759275125 0.752777740625 0.1592310171875 0.7392571859375 0.1463250328125 0.75519475 0.16302152812499998 0.7687153046875
0 0.39215706093749997 0.8876657390625 0.40383390312499995 0.8732460390625001 0.3932088609375 0.8646420499999999 0.38153201875 0.87906175 0.39215706093749997 0.8876657390625
0 0.4079337734375 0.8891320593750001 0.417152334375 0.8777480859375 0.406527290625 0.8691440953124999 0.39730873125 0.8805280703125 0.4079337734375 0.8891320593750001
0 0.41330810625 0.96008396875 0.42068295468750005 0.950976790625 0.41537043437500004 0.9466747953124999 0.40799558593749996 0.9557819750000001 0.41330810625 0.96008396875
0 0.39525252499999997 0.9699665703125 0.4075439390625 0.9547879375000001 0.391606375 0.941881953125 0.3793149609375 0.9570605859375 0.39525252499999997 0.9699665703125
0 0.388261290625 0.9529957687499999 0.39686527968749996 0.9423707265625 0.38548130625 0.933152165625 0.376877315625 0.9437772093750001 0.388261290625 0.9529957687499999
0 0.34014520625 1 0.34715930781250004 0.9913383046875 0.33577533437499996 0.9821197453125 0.32532763125 0.99502158125 0.3314754671875 1 0.34014520625 1