0 0.91018304375 0.60522184375 0.9042517171875 0.6309132421875 0.918524715625 0.6342084234375001 0.9244560421875001 0.608517025 0.91018304375 0.60522184375
0 0.906762721875 0.78283271875 0.9054446484374999 0.78854191875 0.9235237812499999 0.7927158140625 0.924841853125 0.787006615625 0.906762721875 0.78283271875
0 0.8657351156249999 0.7934057515624999 0.8628792921875 0.8057756843749999 0.877152290625 0.809070865625 0.8800081140625 0.7967009328125 0.8657351156249999 0.7934057515624999
0 0.8376388796875001 0.6741660875 0.8350027343749999 0.6855844875 0.8502272671875 0.689099346875 0.8528634125 0.6776809484374999 0.8376388796875001 0.6741660875
0 0.7902739390625 0.7469189125 0.7880771515625 0.7564342453124999 0.7985440171875 0.7588507124999999 0.8007408046875 0.7493353796875 0.7902739390625 0.7469189125
0 0.8073608437500001 0.7944616156250001 0.8038459843749999 0.8096861484375 0.813361315625 0.8118829359375 0.8168761765625 0.796658403125 0.8073608437500001 0.7944616156250001
0 0.965577278125 0.380477334375 0.961623059375 0.397604934375 0.9825567921875 0.40243786718749996 0.9865110093749999 0.3853102671875 0.965577278125 0.380477334375
0 0.8683085500000001 0.280847821875 0.8632559390625 0.3027330875 0.887995803125 0.308444734375 0.8930484156249999 0.2865594703125 0.8683085500000001 0.280847821875
0 0.8899710765625001 0.31942438906250004 0.8855775015624999 0.338455053125 0.8988989671875001 0.34153055625 0.9032925421875 0.322499890625 0.8899710765625001 0.31942438906250004
0 0.8670954203125 0.33819712968750004 0.864459275 0.3496155296875 0.880635340625 0.35335006875 0.8832714859375 0.34193166875 0.8670954203125 0.33819712968750004
0 0.8592585796875 0.3895071078125 0.8553043609375001 0.40663470625000003 0.8657712265624999 0.4090511734375 0.8697254453125 0.39192357499999997 0.8592585796875 0.3895071078125
0 0.8464486765625001 0.395068834375 0.8442518890624999 0.4045841671875 0.8556702890624999 0.40722031249999996 0.8578670765625 0.39770497968749996 0.8464486765625001 0.395068834375
0 0.898707128125 0.4356977765625 0.89453323125 0.453776909375 0.9116608312500001 0.45773112656250003 0.9158347265625 0.4396519953125 0.898707128125 0.4356977765625
0 0.9251643421875 0.470871159375 0.9231872328125 0.4794349578125 0.9355571656249999 0.48229078281250004 0.9375342734375 0.47372698281250003 0.9251643421875 0.470871159375
0 0.98379715 0.4448187296875 0.980721646875 0.4581401953125 0.9949946453124999 0.461435378125 0.9980701484375001 0.4481139109375 0.98379715 0.4448187296875
0 0.9225646062499999 0.4843024640625 0.9199284609375 0.4957208640625 0.9313468593750001 0.498357009375 0.9339830046875001 0.486938609375 0.9225646062499999 0.4843024640625
0 0.8864045046875001 0.495498125 0.8839880390625 0.505964990625 0.8963579718749999 0.5088208140625 0.8987744375 0.4983539484375 0.8864045046875001 0.495498125
0 0.8326398156250001 0.5156586953125 0.8293446343750001 0.5299316953125001 0.8398115 0.5323481609375 0.8431066812499999 0.5180751625 0.8326398156250001 0.5156586953125
0 0.8331896249999999 0.506765378125 0.831212515625 0.515329178125 0.84167938125 0.51774564375 0.843656490625 0.5091818453125 0.8331896249999999 0.506765378125
0 0.7857130078125001 0.5995374234375 0.7828571828124999 0.6119073562499999 0.792372515625 0.61410414375 0.795228340625 0.6017342109375 0.7857130078125001 0.5995374234375
0 0.7795577171875 0.6717817453125 0.7778002875000001 0.6793940125 0.7901702203125 0.6822498359375 0.79192765 0.6746375703124999 0.7795577171875 0.6717817453125
0 0.132234840625 0.3890362203125 0.1291593375 0.4023576859375 0.148190003125 0.4067512609375 0.15126550625 0.3934297953125 0.132234840625 0.3890362203125
0 0.11791319062500001 0.5140178203125 0.115277046875 0.5254362203125 0.12479237812499999 0.5276330078125 0.1274285234375 0.5162146078125 0.11791319062500001 0.5140178203125
0 0.14016499531249998 0.513141553125 0.1377485296875 0.5236084187500001 0.1472638625 0.5258052078125 0.149680328125 0.515338340625 0.14016499531249998 0.513141553125
0 0.175224865625 0.5262470125 0.1723690421875 0.5386169453125 0.18378744062500002 0.5412530906249999 0.186643265625 0.5288831578125001 0.175224865625 0.5262470125
0 0.2545408265625 0.445335784375 0.250586609375 0.462463384375 0.26295654062499996 0.46531920781249997 0.26691075937500003 0.44819160937499997 0.2545408265625 0.445335784375
0 0.2504119078125 0.3742250421875 0.2471167265625 0.388498040625 0.258535125 0.3911341859375 0.2618303078125 0.3768611859375 0.2504119078125 0.3742250421875
0 0.2348177765625 0.40921148125 0.232401309375 0.41967834687499994 0.2419166421875 0.421875134375 0.244333109375 0.41140826875 0.2348177765625 0.40921148125
0 0.2339384484375 0.4195320984375 0.23196134062499998 0.4280958984375 0.23957360625000002 0.429853328125 0.241550715625 0.4212895296875 0.2339384484375 0.4195320984375
0 0.2303501578125 0.437245303125 0.2281533703125 0.4467606359375 0.234814103125 0.44829838750000006 0.237010890625 0.43878305468749995 0.2303501578125 0.437245303125
0 0.213038678125 0.44277000937500005 0.21106156875 0.451333809375 0.2205769015625 0.453530596875 0.2225540109375 0.444966796875 0.213038678125 0.44277000937500005
0 0.23303923906250001 0.25194873281249996 0.2301834140625 0.26431866406250004 0.24921407968749998 0.268712240625 0.252069903125 0.2563423078125 0.23303923906250001 0.25194873281249996
0 0.20079388593749997 0.276576309375 0.19793806249999998 0.2889462421875 0.208404928125 0.2913627078125 0.211260753125 0.2789927765625 0.20079388593749997 0.276576309375
0 0.2215437359375 0.29088816562500003 0.2191272703125 0.30135503125 0.231497203125 0.30421085625 0.23391366875 0.293743990625 0.2215437359375 0.29088816562500003
0 0.1855632328125 0.33820629375 0.1829270890625 0.34962469218750003 0.1952970203125 0.352480515625 0.19793316562500002 0.3410621171875 0.1855632328125 0.33820629375
0 0.20386204375 0.34142865625 0.20144557812500002 0.351895521875 0.21476704375 0.354971025 0.217183509375 0.344504159375 0.20386204375 0.34142865625
0 0.222052240625 0.33209781718750003 0.2185373796875 0.34732235 0.22805271249999998 0.3495191375 0.23156757187500002 0.3342946046875 0.222052240625 0.33209781718750003
0 0.2367119765625 0.11448613593750001 0.2323184015625 0.1335168015625 0.249446 0.13747101875 0.253839575 0.11844035312500001 0.2367119765625 0.11448613593750001
0 0.2996557484375 0.1696089796875 0.29723928125 0.1800758453125 0.30675461406250004 0.18227263437500002 0.30917108125000003 0.1718057671875 0.2996557484375 0.1696089796875
0 0.100977134375 0.0295288984375 0.097681953125 0.043801896875 0.11005188437499999 0.0466577203125 0.11334706718750001 0.032384721875 0.100977134375 0.0295288984375
0 0.093175478125 0.0958807515625 0.0808055453125 0.0930249265625 0.07707100624999999 0.10920099218749998 0.0894409390625 0.112056815625 0.093175478125 0.0958807515625
0 0.267201121875 0.08444185625 0.2634665828125 0.100617921875 0.272981915625 0.102814709375 0.2767164546875 0.08663864375 0.267201121875 0.08444185625
0 0.3000284078125 0.0985352578125 0.2978316203125 0.108050590625 0.30925002031250004 0.1106867359375 0.3114468078125 0.10117140312499999 0.3000284078125 0.0985352578125
0 0.3881575234375 0.0923218390625 0.3859607359375 0.10183717187500001 0.3954760671875 0.104033959375 0.39767285625 0.0945186265625 0.3881575234375 0.0923218390625
0 0.41981788125 0.0615457046875 0.417840771875 0.0701095046875 0.423549971875 0.0714275765625 0.42552708125 0.062863778125 0.41981788125 0.0615457046875
0 0.43504486093750006 0.039002628125 0.42999225 0.0608878921875 0.443313715625 0.0639633953125 0.44836632656250003 0.04207813125 0.43504486093750006 0.039002628125
0 0.456577453125 0 0.45572617812500005 0.0036872812499999996 0.46619304375 0.0061037484375 0.46760220468749997 0 0.456577453125 0
0 0.408219271875 0.029301576562499997 0.40624216406249997 0.037865376562500004 0.4148059625 0.0398424859375 0.416783071875 0.0312786859375 0.408219271875 0.029301576562499997
0 0.328790565625 0 0.3267169296875 0.008981903125 0.343844528125 0.012936121875000001 0.3468310671875 0 0.328790565625 0
0 0.2401941 0.058161792187500005 0.23645956093749998 0.07433785781249999 0.24502336093750002 0.076314965625 0.24875790000000003 0.060138899999999995 0.2401941 0.058161792187500005
0 0.46040429375 0.07241919218750001 0.45776814843749997 0.083837590625 0.46728348124999997 0.086034378125 0.46991962656249997 0.0746159796875 0.46040429375 0.07241919218750001
0 0.58535376875 0.0391265453125 0.5829373015625 0.0495934109375 0.5972103015625 0.05288859218750001 0.5996267671875 0.0424217265625 0.58535376875 0.0391265453125
0 0.638922946875 0.1522201 0.636726159375 0.1617354328125 0.650047625 0.164810934375 0.6522444140625 0.155295603125 0.638922946875 0.1522201
0 0.6412271265625 0.16828693749999998 0.639469696875 0.1758992046875 0.6489850296874999 0.1780959921875 0.650742459375 0.170483725 0.6412271265625 0.16828693749999998
0 0.60481155 0.171906740625 0.6026147625 0.1814220734375 0.615936228125 0.18449757656250002 0.618133015625 0.17498224375 0.60481155 0.171906740625
0 0.593534503125 0.222923609375 0.5906786796875 0.23529354218749998 0.6040001453125 0.23836904531249997 0.6068559687499999 0.2259991125 0.593534503125 0.222923609375
0 0.59795653125 0.290594146875 0.5935629546875 0.30962481249999996 0.6087874875 0.3131396734375 0.6131810625 0.2941090078125 0.59795653125 0.290594146875
0 0.756761315625 0.23655348593749997 0.7528070984374999 0.2536810859375 0.7651770296875 0.256536909375 0.7691312484374999 0.2394093109375 0.756761315625 0.23655348593749997
0 0.7616343296875 0.1785457546875 0.7581194703125 0.1937702859375 0.7704894015625 0.1966261109375 0.7740042625 0.181401578125 0.7616343296875 0.1785457546875
0 0.8593164109375 0.1635130609375 0.8560212296874999 0.177786059375 0.8693426953125 0.18086156250000002 0.8726378765625 0.1665885640625 0.8593164109375 0.1635130609375
0 0.9388459296875 0.14679514375 0.9329146015625 0.172486540625 0.9528968015625001 0.1770997953125 0.958828128125 0.15140839687500002 0.9388459296875 0.14679514375
0 0.9733413000000001 0.3251415453125 0.97070515625 0.33655994375 0.9830750874999999 0.33941576875 0.9857112328125 0.32799736875 0.9733413000000001 0.3251415453125
0 0.8730398984375001 0.56206904375 0.8708431109375001 0.5715843765625 0.8784553765625001 0.57334180625 0.8806521640625 0.5638264734375 0.8730398984375001 0.56206904375
0 0.8567552171875 0.545781303125 0.8545584296875001 0.5552966359375 0.8640737625 0.5574934234375 0.86627055 0.547978090625 0.8567552171875 0.545781303125
0 0.8821281140625 0.4358792109375 0.8788329328125 0.450152209375 0.89025133125 0.45278835468749995 0.8935465140625001 0.43851535625000004 0.8821281140625 0.4358792109375
0 0.866169890625 0.45073659062500004 0.8641927828125 0.459300390625 0.87561118125 0.4619365359375 0.8775882906250001 0.4533727359375 0.866169890625 0.45073659062500004
0 0.8605322859375001 0.4664733 0.85811581875 0.476940165625 0.871437284375 0.48001566875 0.8738537515625 0.4695488015625 0.8605322859375001 0.4664733
0 0.8369278359375001 0.45150240625000004 0.83451136875 0.46196927343749994 0.8459297687499999 0.4646054171875 0.848346234375 0.45413855156249994 0.8369278359375001 0.45150240625000004
0 0.790481690625 0.48337509843750004 0.7876258671875 0.49574503124999997 0.8009473328125001 0.49882053437499996 0.8038031562500001 0.48645060156250003 0.790481690625 0.48337509843750004
0 0.8121472781250001 0.48937924375 0.8099504890624999 0.4988945765625 0.8185142890625 0.5008716843750001 0.8207110765625 0.49135635312500003 0.8121472781250001 0.48937924375
0 0.776390125 0.49665893125 0.77309494375 0.5109319296875 0.78736794375 0.5142271109375 0.790663125 0.49995411250000005 0.776390125 0.49665893125
0 0.7666860140625 0.5560569421875 0.7636105125 0.5693784078124999 0.77598044375 0.5722342312500001 0.779055946875 0.5589127656249999 0.7666860140625 0.5560569421875
0 0.776090284375 0.571758465625 0.7745525328125 0.5784191984375 0.7793101984375 0.5795175921875 0.78084795 0.5728568593750001 0.776090284375 0.571758465625
0 0.7554496609375 0.5634853265624999 0.7523741578124999 0.5768067921875 0.7656956234375001 0.5798822953125 0.7687711265625 0.5665608296875 0.7554496609375 0.5634853265624999
0 0.718223290625 0.62705295 0.7160265031249999 0.6365682828125 0.7283964359375 0.63942410625 0.7305932234375 0.6299087734375 0.718223290625 0.62705295
0 0.764334409375 0.6552379171875 0.7623573 0.663801715625 0.7728241671875 0.6662181828125 0.774801275 0.6576543828125 0.764334409375 0.6552379171875
0 0.774508778125 0.6545801046874999 0.772311990625 0.6640954375 0.7846819234375 0.6669512609375 0.7868787109375 0.657435928125 0.774508778125 0.6545801046874999
0 0.6841360625 0.779042184375 0.682158953125 0.7876059843750001 0.6935773515625 0.7902421296875 0.6955544609375 0.7816783296875001 0.6841360625 0.779042184375
0 0.8697694968749999 0.7021301515625 0.8671333515624999 0.7135485515625 0.876648684375 0.7157453390625 0.8792848281250001 0.7043269390625 0.8697694968749999 0.7021301515625
0 0.7588265265625 0.8484028421875 0.7555313453125 0.8626758406249999 0.7688528109375 0.8657513437500001 0.7721479921875 0.8514783453125 0.7588265265625 0.8484028421875
0 0.6319485921875 0.7619825078125 0.6297518046875 0.771497840625 0.6421217375 0.7743536640625 0.644318525 0.76483833125 0.6319485921875 0.7619825078125
0 0.63769665 0.7392555484375001 0.6341817890625 0.75448008125 0.646551721875 0.7573359046875 0.6500665828125001 0.742111371875 0.63769665 0.7392555484375001
0 0.6169339468749999 0.8617478640625 0.6134190859374999 0.8769723953125 0.6267405515625 0.8800478984375 0.6302554125000001 0.8648233671875 0.6169339468749999 0.8617478640625
0 0.5827139328125 0.868881303125 0.580736825 0.8774451015625001 0.5921552234374999 0.8800812468749999 0.5941323328125 0.8715174484375 0.5827139328125 0.868881303125
0 0.5920502812499999 0.8284411390624999 0.58985349375 0.837956471875 0.6012718921875 0.8405926171875 0.6034686796875001 0.831077284375 0.5920502812499999 0.8284411390624999
0 0.5708271125 0.78796150625 0.5679712890624999 0.8003314390625 0.5841473546875 0.8040659765625 0.587003178125 0.7916960453125 0.5708271125 0.78796150625
0 0.5461940265624999 0.8143465125 0.54355788125 0.8257649125000001 0.5559278140624999 0.8286207359375 0.558563959375 0.8172023375 0.5461940265624999 0.8143465125
0 0.5251868640625 0.812002253125 0.52255071875 0.8234206515625001 0.5320660515625 0.8256174390625001 0.534702196875 0.814199040625 0.5251868640625 0.812002253125
0 0.5128193796875 0.7830884921875 0.5106225921875 0.7926038234375 0.5220409921875 0.79523996875 0.5242377796875 0.7857246359375 0.5128193796875 0.7830884921875
0 0.49089770625 0.7760229734374999 0.48914027656250003 0.783635240625 0.4986556078125 0.785832028125 0.5004130390625 0.7782197609375 0.49089770625 0.7760229734374999
0 0.6009613484375 0.6400709015625 0.5985448812499999 0.6505377671875 0.6118663484375 0.6536132703125 0.6142828140625001 0.643146403125 0.6009613484375 0.6400709015625
0 0.616770875 0.64973431875 0.6141347296874999 0.6611527171875 0.6236500625 0.6633495046875 0.6262862078125 0.65193110625 0.616770875 0.64973431875
0 0.6419124640625 0.6645589625 0.6386172828125 0.6788319609375 0.6538418140625 0.6823468218750001 0.657136996875 0.6680738234375 0.6419124640625 0.6645589625
0 0.5576115171875 0.43712965937500003 0.55519505 0.44759652499999997 0.56661345 0.4502326703125 0.569029915625 0.43976580312499997 0.5576115171875 0.43712965937500003
0 0.544435075 0.4486202640625 0.5415792515625 0.460990196875 0.5558522499999999 0.46428537812500004 0.5587080734375001 0.4519154453125 0.544435075 0.4486202640625
0 0.5568766015625 0.46853086875 0.555119171875 0.476143134375 0.5655860374999999 0.4785596015625 0.5673434671875001 0.470947334375 0.5568766015625 0.46853086875
0 0.549153884375 0.4737636890625 0.5473964546875 0.48137595624999996 0.5550087203125 0.48313338593750005 0.55676615 0.47552111874999997 0.549153884375 0.4737636890625
0 0.5553097859375 0.3950048828125 0.5533326765625 0.40356868281249997 0.5618964765625 0.405545790625 0.5638735859375 0.3969819921875 0.5553097859375 0.3950048828125
0 0.5411102171875 0.38922102812500003 0.537375678125 0.40539709375 0.548794078125 0.4080332390625 0.5525286171875 0.3918571734375 0.5411102171875 0.38922102812500003
0 0.504254671875 0.4012583828125 0.5013988484375 0.413628315625 0.515671846875 0.41692349687499997 0.5185276703125 0.40455356406250004 0.504254671875 0.4012583828125
0 0.48674339531250005 0.5856386062500001 0.4834482140625 0.5999116046874999 0.49391507968750004 0.6023280718749999 0.4972102609375 0.5880550718750001 0.48674339531250005 0.5856386062500001
0 0.4908772109375 0.604633475 0.48911978125 0.6122457406249999 0.5005381796874999 0.6148818859375 0.5022956093750001 0.60726961875 0.4908772109375 0.604633475
0 0.45855842812500003 0.6317497234375 0.4557026046875 0.64411965625 0.47378173593749995 0.648293553125 0.47663756093750004 0.6359236203124999 0.45855842812500003 0.6317497234375
0 0.4566559734375 0.6247958828125 0.45489854375 0.6324081484375 0.46726847656250003 0.6352639718749999 0.46902590625 0.62765170625 0.4566559734375 0.6247958828125
0 0.44293767968750003 0.5604915078125 0.4396424984375 0.5747645078125 0.45106089843749997 0.577400653125 0.4543560796875 0.563127653125 0.44293767968750003 0.5604915078125
0 0.45369765468749995 0.55946776875 0.4512811890625 0.569934634375 0.46650572187500006 0.5734494953125 0.46892218750000003 0.5629826296875 0.45369765468749995 0.55946776875
0 0.48213565 0.5469904453125001 0.47971918437500005 0.5574573109375 0.4882829828125 0.5594344203125 0.49069945 0.5489675546874999 0.48213565 0.5469904453125001
0 0.4726937484375 0.5423049843750001 0.47049695937499997 0.5518203171875 0.47810922656250004 0.5535777484375 0.4803060140625 0.544062415625 0.4726937484375 0.5423049843750001
0 0.5210368390625 0.57601649375 0.517521978125 0.5912410265625 0.5327465109375 0.5947558875000001 0.5362613703125 0.5795313546874999 0.5210368390625 0.57601649375
0 0.6182425406250001 0.5673884453125 0.616045753125 0.5769037781249999 0.6255610859375 0.579100565625 0.6277578734375 0.5695852328125001 0.6182425406250001 0.5673884453125
0 0.6283033984374999 0.60629330625 0.6256672531249999 0.6177117062499999 0.63613411875 0.620128171875 0.6387702640625 0.6087097734375 0.6283033984374999 0.60629330625
0 0.621642053125 0.6112700390625 0.6187862281250001 0.6236399718750001 0.627350028125 0.6256170812499999 0.6302058515625 0.6132471484375001 0.621642053125 0.6112700390625
0 0.6486509109374999 0.6180066515625 0.6462344453125 0.6284735171875 0.6567013109375 0.6308899828125 0.6591177781249999 0.6204231171875 0.6486509109374999 0.6180066515625
0 0.6521263015625001 0.633341634375 0.65014919375 0.641905434375 0.6596645265625 0.644102221875 0.661641634375 0.635538421875 0.6521263015625001 0.633341634375
0 0.6755900125000001 0.588145028125 0.6727341890625 0.6005149609375 0.6822495203125001 0.6027117484375 0.6851053453125 0.590341815625 0.6755900125000001 0.588145028125
0 0.6555343828125 0.586020446875 0.653557275 0.594584246875 0.6630726078125 0.596781034375 0.665049715625 0.588217234375 0.6555343828125 0.586020446875
0 0.6483244531250001 0.586861528125 0.6454686296875 0.5992314609375 0.6540324296875 0.6012085703125 0.656888253125 0.5888386375 0.6483244531250001 0.586861528125
0 0.63712879375 0.550701428125 0.6333942546875 0.5668774937500001 0.6581341187499999 0.5725891421875 0.6618686578124999 0.5564130765625 0.63712879375 0.550701428125
0 0.6364315125 0.571086575 0.634454403125 0.579650375 0.6468243359375 0.5825061984375 0.64880144375 0.5739424 0.6364315125 0.571086575
0 0.7154975046875001 0.42396913124999996 0.7130810390625 0.434435996875 0.7244994375 0.4370721421875 0.7269159046875 0.4266052765625 0.7154975046875001 0.42396913124999996
0 0.7636258140625001 0.40651629843750003 0.7623077406250001 0.4122254984375 0.7718230734375 0.41442228593749997 0.773141146875 0.4087130859375 0.7636258140625001 0.40651629843750003
0 0.7560511812499999 0.39374280625 0.7540740718750001 0.4023066046875 0.7607348046875 0.40384435625000004 0.7627119140625 0.39528055625 0.7560511812499999 0.39374280625
0 0.7619430375 0.39861092343750004 0.760624965625 0.4043201234375 0.7691887640624999 0.40629723125000006 0.7705068374999999 0.40058803281250005 0.7619430375 0.39861092343750004
0 0.7537396578125 0.45584977968749996 0.7519822265625 0.46346204531249996 0.7605460265625 0.46543915468749997 0.76230345625 0.4578268890625 0.7537396578125 0.45584977968749996
0 0.7369403515624999 0.46349723125000003 0.73496324375 0.47206102968749997 0.7416239765625 0.47359878125000004 0.743601084375 0.4650349828125 0.7369403515624999 0.46349723125000003
0 0.728777665625 0.477147603125 0.725921840625 0.4895175359375 0.7468555734375 0.49435046875 0.749711396875 0.48198053593749995 0.728777665625 0.477147603125
0 0.7434511640625 0.50258475 0.7410346984375 0.513051615625 0.75055003125 0.515248403125 0.752966496875 0.5047815375 0.7434511640625 0.50258475
0 0.7354365625 0.4982288078125 0.7332397734375 0.5077441406250001 0.7418035734374999 0.5097212484375 0.7440003609375 0.5002059156249999 0.7354365625 0.4982288078125
0 0.7260662531250001 0.510598128125 0.7243088234374999 0.51821039375 0.7347756890625 0.5206268609375 0.7365331187499999 0.51301459375 0.7260662531250001 0.510598128125
0 0.721343771875 0.5245416078125 0.7193666624999999 0.5331054078124999 0.7298335296875 0.5355218749999999 0.7318106375 0.526958075 0.721343771875 0.5245416078125
0 0.7185231328125 0.551953415625 0.7158869875 0.5633718140624999 0.726353853125 0.5657882812499999 0.7289899984375 0.55436988125 0.7185231328125 0.551953415625
0 0.7082383125 0.559601478125 0.7060415250000001 0.5691168109375 0.714605325 0.5710939203125001 0.7168021125 0.5615785875 0.7082383125 0.559601478125
0 0.70040453125 0.578339034375 0.6986471015625 0.5859513015625 0.7062593671874999 0.58770873125 0.7080167984375 0.580096465625 0.70040453125 0.578339034375
0 0.6866449328125 0.5641376296875 0.6833497515625 0.5784106296875 0.6966712171875 0.5814861312499999 0.6999663984375 0.5672131328125001 0.6866449328125 0.5641376296875
0 0.6987235921875 0.55089020625 0.6967464828125001 0.55945400625 0.70435875 0.5612114359375 0.7063358578125001 0.5526476375 0.6987235921875 0.55089020625
0 0.692063471875 0.5428379703124999 0.690306040625 0.5504502375 0.694112175 0.5513289515625 0.6958696046874999 0.5437166859375 0.692063471875 0.5428379703124999
0 0.6817064453125 0.5399457375 0.680388371875 0.5456549374999999 0.6870491046875 0.5471926890625001 0.688367178125 0.5414834890625 0.6817064453125 0.5399457375
0 0.6806105 0.5186454671875 0.677754675 0.5310154 0.6853669421874999 0.5327728296875 0.6882227656250001 0.5204028968750001 0.6806105 0.5186454671875
0 0.6922862109375 0.509314015625 0.6903091015625 0.517877815625 0.6988729015625 0.5198549234375001 0.7008500093750001 0.511291125 0.6922862109375 0.509314015625
0 0.7004094281250001 0.526223159375 0.696015853125 0.545253825 0.7207557171875 0.5509654734375 0.72514929375 0.5319348078125 0.7004094281250001 0.526223159375
0 0.71296140625 0.5391435140625 0.7112039765625 0.5467557796875 0.717864709375 0.54829353125 0.7196221390625 0.540681265625 0.71296140625 0.5391435140625
0 0.706118015625 0.5340557171875 0.7041409062499999 0.5426195171875 0.7146077734375 0.5450359828125 0.71658488125 0.5364721828125 0.706118015625 0.5340557171875
0 0.6987407296875 0.36848464375 0.6954455484375 0.38275764375 0.7068639484375 0.3853937890625 0.7101591296875001 0.3711207890625 0.6987407296875 0.36848464375
0 0.6645880265625 0.4382742546875 0.6621715609375001 0.4487411203125 0.67168689375 0.4509379078125 0.674103359375 0.44047104218750005 0.6645880265625 0.4382742546875
0 0.6779810875 0.4584045375 0.673807190625 0.4764836703125 0.68427405625 0.47890013593749997 0.6884479531250001 0.4608210046875 0.6779810875 0.4584045375
0 0.6730845171875 0.3775951921875 0.6708877296875 0.387110525 0.676596928125 0.388428596875 0.678793715625 0.37891326406250003 0.6730845171875 0.3775951921875
0 0.6611940234375 0.33576230156250003 0.6568004484375 0.3547929671875 0.6701219140625 0.35786846875 0.6745154890625 0.3388378046875 0.6611940234375 0.33576230156250003
0 0.6508345484375 0.35892800625 0.6484180828125 0.36939487187500003 0.6636426140625 0.3729097328125 0.66605908125 0.362442865625 0.6508345484375 0.35892800625
0 0.632715334375 0.391828109375 0.629200475 0.4070526421875 0.6491826734374999 0.41166589531250003 0.6526975328125 0.3964413640625 0.632715334375 0.391828109375
0 0.30841596718750003 0.4181849625 0.30512078593749997 0.4324579609375 0.3165391859375 0.43509410624999995 0.3198343671875 0.42082110781250004 0.30841596718750003 0.4181849625
0 0.325802103125 0.39714261562500003 0.32272660000000003 0.41046408124999995 0.3427087984375 0.415077334375 0.3457843015625 0.40175586875 0.325802103125 0.39714261562500003
0 0.3248579140625 0.3187491234375 0.323100484375 0.3263613890625 0.3316642828125 0.3283384984375 0.3334217140625 0.3207262328125 0.3248579140625 0.3187491234375
0 0.26760375625 0.473407853125 0.2636495375 0.49053545156249995 0.2779225375 0.4938306328125 0.2818767546875 0.476703034375 0.26760375625 0.473407853125
0 0.256109478125 0.49931831718749997 0.25567012031249997 0.501221384375 0.27279771875000003 0.5051756015625 0.27323707656249996 0.503272534375 0.256109478125 0.49931831718749997
0 0.4654929984375 0.4454288015625 0.460220709375 0.46826559999999995 0.4792513734375 0.472659175 0.4845236640625 0.4498223765625 0.4654929984375 0.4454288015625
0 0.482108421875 0.4472602734375 0.4794722765625 0.4586786734375 0.4927937421875 0.461754175 0.4954298875 0.4503357765625 0.482108421875 0.4472602734375
0 0.46044834375 0.38262576875 0.45825155625 0.3921411015625 0.47823375468749996 0.39675435625 0.48043054218750003 0.3872390234375 0.46044834375 0.38262576875
0 0.4244023671875 0.347744271875 0.421766221875 0.359162671875 0.4350876890625 0.36223817343750003 0.43772383281250005 0.350819775 0.4244023671875 0.347744271875
0 0.4294555921875 0.31934452343749997 0.425062015625 0.3383751875 0.44504421406250005 0.3429884421875 0.44943779062500006 0.3239577765625 0.4294555921875 0.31934452343749997
0 0.4083743875 0.32600341875 0.4059579203125 0.3364702859375 0.42308551874999994 0.340424503125 0.42550198593750005 0.3299576375 0.4083743875 0.32600341875
0 0.4132030359375 0.350671078125 0.41012753281250003 0.36399254375 0.42440053125 0.367287725 0.427476034375 0.35396625937500004 0.4132030359375 0.350671078125
0 0.414334165625 0.3870132234375 0.41191769999999994 0.397480090625 0.422384565625 0.39989655625 0.42480103125 0.389429690625 0.414334165625 0.3870132234375
0 0.4263745796875 0.3912963484375 0.423299078125 0.40461781406249997 0.441378209375 0.408791709375 0.4444537125 0.39547024375 0.4263745796875 0.3912963484375
0 0.4041573484375 0.4137289734375 0.4008621671875 0.4280019734375 0.412280565625 0.43063811718749995 0.4155757484375 0.41636511875000004 0.4041573484375 0.4137289734375
0 0.3558821796875 0.4361591515625 0.3517082828125 0.45423828281249995 0.36598128281250003 0.4575334640625 0.370155178125 0.43945433281249996 0.3558821796875 0.4361591515625
0 0.3593266703125 0.3908508703125 0.3562511671875 0.4041723359375 0.373378765625 0.40812655312499996 0.37645426875 0.3948050875 0.3593266703125 0.3908508703125
0 0.258756325 0.7635211671875 0.25677921718749996 0.7720849671875001 0.26629455 0.7742817546875 0.2682716578125 0.7657179546874999 0.258756325 0.7635211671875
0 0.1898775546875 0.773176628125 0.1874610890625 0.78364349375 0.1998310203125 0.78649931875 0.2022474875 0.7760324515625 0.1898775546875 0.773176628125
0 0.3225139515625 0.7261237703125001 0.3194384484375 0.7394452359375 0.3299053140625 0.7418617015625 0.3329808171875 0.7285402359375001 0.3225139515625 0.7261237703125001
0 0.26379975624999996 0.83935316875 0.26160296875 0.8488685015625 0.272069834375 0.8512849671874999 0.274266621875 0.8417696343750001 0.26379975624999996 0.83935316875
0 0.41176991249999995 0.8018538875000001 0.409573125 0.8113692203125 0.417185390625 0.8131266515625001 0.41938217812499995 0.80361131875 0.41176991249999995 0.8018538875000001
0 0.391126228125 0.8261531718749999 0.3887097625 0.8366200375 0.396322028125 0.8383774671875001 0.3987384953125 0.8279106015625001 0.391126228125 0.8261531718749999
0 0.3936913921875 0.7911655078125001 0.3919339625 0.7987777734375 0.3985946953125 0.800315525 0.40035212500000006 0.7927032578125 0.3936913921875 0.7911655078125001
0 0.3693532515625 0.79456685625 0.36803517812500003 0.8002760546875001 0.3746959109375 0.80181380625 0.376013984375 0.79610460625 0.3693532515625 0.79456685625
0 0.3826389203125 0.7891149671875 0.38110116875 0.7957757015625 0.388713434375 0.79753313125 0.3902511859375 0.7908723984375 0.3826389203125 0.7891149671875
0 0.46030239375 0.7674561140625 0.45744656875 0.779826046875 0.46886496875 0.7824621921875 0.47172079218749996 0.7700922593749999 0.46030239375 0.7674561140625
0 0.448991384375 0.790402140625 0.44635523906249996 0.8018205390625001 0.45682210625 0.8042370062499999 0.45945825156250003 0.79281860625 0.448991384375 0.790402140625
0 0.4356686953125 0.8003556062499999 0.43391126562500004 0.807967871875 0.443426596875 0.810164659375 0.445184028125 0.8025523937499999 0.4356686953125 0.8003556062499999
0 0.5016194359374999 0.7925297812500001 0.500081684375 0.7991905140625 0.508645484375 0.8011676234375 0.510183234375 0.794506890625 0.5016194359374999 0.7925297812500001
0 0.493531403125 0.7906625125 0.4919936515625 0.7973232453125 0.498654384375 0.798860996875 0.5001921359375 0.7922002640625 0.493531403125 0.7906625125
0 0.47947747031250004 0.79293028125 0.4781593984375 0.7986394812500001 0.483868596875 0.7999575546875 0.4851866703125 0.7942483546875 0.47947747031250004 0.79293028125
0 0.5202884578125 0.7507363609375 0.5191900640625 0.7554940265625001 0.525850796875 0.757031778125 0.526949190625 0.7522741125 0.5202884578125 0.7507363609375
0 0.555862953125 0.739906628125 0.5534464859375 0.75037349375 0.5620102859375 0.752350603125 0.5644267515625 0.7418837359375 0.555862953125 0.739906628125
0 0.5533354218750001 0.7638782296875 0.5513583140625 0.772442028125 0.5599221125 0.7744191375 0.561899221875 0.7658553375 0.5533354218750001 0.7638782296875
0 0.5364097531249999 0.947892525 0.5339932859375 0.958359390625 0.54350861875 0.9605561781249999 0.5459250859375 0.9500893125 0.5364097531249999 0.947892525
0 0.6151385859375 0.4940087078125 0.6122827609375 0.506378640625 0.63321649375 0.5112115734375 0.6360723171875 0.49884164062499997 0.6151385859375 0.4940087078125
0 0.62139881875 0.4734044953125 0.6189823515625 0.48387136093749994 0.6323038171875 0.4869468640625 0.6347202843749999 0.47647999687500003 0.62139881875 0.4734044953125
0 0.64452995 0.46220761093749996 0.6416741265625 0.47457754375 0.664510925 0.47984983281250004 0.6673667484375 0.4674799015625 0.64452995 0.46220761093749996
0 0.6415297140625 0.45349695 0.6384542109375 0.466818415625 0.6489210765625 0.4692348828125 0.6519965796875 0.4559134171875 0.6415297140625 0.45349695
0 0.63512568125 0.4465060875 0.632050178125 0.45982755312499995 0.63966244375 0.46158498281250004 0.642737946875 0.44826351718749996 0.63512568125 0.4465060875
0 0.620303484375 0.4455897390625 0.6174476609374999 0.45795967187500003 0.6307691265625001 0.461035175 0.63362495 0.44866524218750004 0.620303484375 0.4455897390625
0 0.6228279546875 0.454190559375 0.6204114875 0.46465742656250003 0.630878353125 0.46707389218750006 0.6332948203125001 0.4566070265625 0.6228279546875 0.454190559375
0 0.6097995984375 0.44767485156250003 0.606504415625 0.46194784999999994 0.6141166828125 0.4637052796875 0.6174118640625 0.44943228125 0.6097995984375 0.44767485156250003
0 0.6046735562500001 0.4720487890625 0.6020374109375 0.48346718749999995 0.6077466109375 0.48478526093749996 0.6103827546875 0.4733668609375 0.6046735562500001 0.4720487890625
0 0.6042323625 0.49349530937499997 0.6029142890625 0.4992045078125 0.6086234890625 0.50052258125 0.6099415609375 0.49481338125 0.6042323625 0.49349530937499997
0 0.6140395796875 0.505280859375 0.61118375625 0.5176507921875 0.6206990890624999 0.5198475796875 0.6235549125000001 0.507477646875 0.6140395796875 0.505280859375
0 0.604633475 0.5091227890625001 0.6019973296875001 0.5205411890625 0.6096095953125 0.52229861875 0.6122457406249999 0.51088021875 0.604633475 0.5091227890625001
0 0.5972766843749999 0.5149412156250001 0.595079896875 0.5244565484375 0.607449828125 0.5273123734375 0.6096466171875 0.517797040625 0.5972766843749999 0.5149412156250001
0 0.5970199843749999 0.520394328125 0.5946035171874999 0.5308611937500001 0.6003127171875 0.5321792671875001 0.602729184375 0.5217124 0.5970199843749999 0.520394328125
0 0.5891152203125001 0.51556261875 0.5856003609375 0.5307871515625 0.5960672265625 0.53320361875 0.5995820875 0.5179790859375 0.5891152203125001 0.51556261875
0 0.5613016890625 0.5036289843749999 0.5577868296874999 0.518853515625 0.5673021625 0.5210503046875 0.570817021875 0.505825771875 0.5613016890625 0.5036289843749999
0 0.5607136359375 0.5300528484375 0.55829716875 0.5405197140625 0.5649579015625 0.542057465625 0.56737436875 0.5315906 0.5607136359375 0.5300528484375
0 0.585963228125 0.5639451796875 0.583766440625 0.5734605125 0.5923302390625 0.5754376203125 0.5945270265625 0.5659222890625 0.585963228125 0.5639451796875
0 0.568725178125 0.5669812125 0.5674071046875 0.5726904125 0.5740678375 0.5742281640625 0.5753859109375 0.5685189640625 0.568725178125 0.5669812125
0 0.5525849093749999 0.5717740640625 0.550827478125 0.5793863296875 0.5574882109375 0.58092408125 0.5592456421875001 0.573311815625 0.5525849093749999 0.5717740640625
0 0.5463635328125 0.568333246875 0.5450454609375 0.5740424453124999 0.5507546609375 0.5753605187499999 0.5520727328125 0.56965131875 0.5463635328125 0.568333246875
0 0.5508311515625001 0.5402994234375 0.5481950062500001 0.5517178234375 0.5548557390625 0.553255575 0.557491884375 0.5418371750000001 0.5508311515625001 0.5402994234375
0 0.5445369578125 0.53283279375 0.542779528125 0.5404450609375 0.55039179375 0.542202490625 0.5521492234375 0.534590225 0.5445369578125 0.53283279375
0 0.5447578609375 0.5188522921875001 0.5419020359375 0.5312222249999999 0.5533204359375 0.5338583703124999 0.556176259375 0.5214884375 0.5447578609375 0.5188522921875001
0 0.536413128125 0.522438134375 0.5348753765625001 0.5290988671875 0.544390709375 0.5312956546875001 0.5459284609374999 0.5246349218749999 0.536413128125 0.522438134375
0 0.5430034906250001 0.4938921359375 0.5414657390625 0.50055286875 0.550981071875 0.50274965625 0.5525188234375 0.4960889234375 0.5430034906250001 0.4938921359375
0 0.534111396875 0.480313359375 0.5332326828125 0.4841194921875 0.539893415625 0.48565724374999997 0.5407721296875 0.481851109375 0.534111396875 0.480313359375
0 0.5286267734375001 0.425927878125 0.5266496640625 0.43449167656250004 0.53140733125 0.4355900703125 0.5333844390625 0.427026271875 0.5286267734375001 0.425927878125
0 0.46988779843749995 0.4133691671875 0.46835004687500004 0.4200299 0.48262304531250005 0.42332508124999996 0.484160796875 0.4166643484375 0.46988779843749995 0.4133691671875
0 0.49554217500000003 0.42380207187499996 0.492027315625 0.43902660468750004 0.5005911140625 0.44100371406249994 0.504105975 0.42577918124999997 0.49554217500000003 0.42380207187499996
0 0.4387420640625 0.420210109375 0.4356665609375 0.43353157500000006 0.45469722656249995 0.43792515 0.45777272968749994 0.42460368437499996 0.4387420640625 0.420210109375
0 0.4268830828125 0.43250599999999995 0.4246862953125 0.44202133281249995 0.43515316249999997 0.44443779843750003 0.43734995000000004 0.434922465625 0.4268830828125 0.43250599999999995
0 0.43877541249999996 0.45479543749999995 0.4372376625 0.4614561703125 0.444849928125 0.4632136 0.4463876796875 0.4565528671875 0.43877541249999996 0.45479543749999995
0 0.436431153125 0.4758026 0.4348934015625 0.4824633328125 0.4463118 0.48509947656249996 0.4478495515625 0.47843874375000006 0.436431153125 0.4758026
0 0.4442273 0.46808110625 0.44268955 0.47474183906249995 0.4493502828125 0.476279590625 0.45088803437499997 0.46961885781249996 0.4442273 0.46808110625
0 0.41809593281249996 0.47056732968750004 0.41611882343750006 0.47913112968749993 0.42468262343749996 0.4811082390625 0.4266597328125 0.47254443906250004 0.41809593281249996 0.47056732968750004
0 0.42680536875 0.4805960625 0.42526761718749995 0.48725679531250005 0.42907375 0.48813551093749996 0.4306115015625 0.48147477812500006 0.42680536875 0.4805960625
0 0.41447490625 0.44718072343750004 0.411399403125 0.4605021890625 0.419963203125 0.46247929687499995 0.42303870468750004 0.44915783125 0.41447490625 0.44718072343750004
0 0.426038940625 0.45786849218750003 0.423622475 0.46833535781249996 0.44075007343749995 0.472289575 0.44316654062499994 0.461822709375 0.426038940625 0.45786849218750003
0 0.394456909375 0.43404007812499995 0.39226012187500003 0.44355541093750006 0.4027269890625 0.44597187812500005 0.40492377656249995 0.43645654531250005 0.394456909375 0.43404007812499995
0 0.3997607125 0.4653320609375 0.3982229609375 0.47199279375 0.40773829375000004 0.47418958125 0.4092760453125 0.4675288484375 0.3997607125 0.4653320609375
0 0.3952930953125 0.4933658828125 0.39353566562500003 0.50097815 0.4001963984375 0.5025159 0.401953828125 0.49490363437499996 0.3952930953125 0.4933658828125
0 0.393171575 0.48084909062500003 0.3905354296875 0.4922674890625 0.4010022953125 0.49468395625 0.403638440625 0.48326555625 0.393171575 0.48084909062500003
0 0.43174508125 0.4917589859375 0.43020732968750003 0.49841971875 0.43781959531250003 0.5001771484375 0.43935734687499994 0.493516415625 0.43174508125 0.4917589859375
0 0.4285233296875 0.5035433125 0.42632654218750005 0.5130586453125 0.437744940625 0.515694790625 0.439941728125 0.5061794578125001 0.4285233296875 0.5035433125
0 0.43357165625 0.5272594374999999 0.431155190625 0.5377263046875 0.43781592343750003 0.5392640546874999 0.44023238906250006 0.5287971890625001 0.43357165625 0.5272594374999999
0 0.4482463796875 0.539667615625 0.44648895 0.5472798812499999 0.4531496828125 0.5488176328125001 0.45490711250000004 0.5412053671875 0.4482463796875 0.539667615625
0 0.31752284375 0.48292808125000003 0.3157654125 0.49054034843750005 0.3233776796875 0.49229777812500003 0.325135109375 0.4846855109375 0.31752284375 0.48292808125000003
0 0.28755138125 0.45646474687499994 0.2860136296875 0.4631254796875 0.2926743625 0.46466323125000003 0.2942121140625 0.4580024984375 0.28755138125 0.45646474687499994
0 0.29259848437499997 0.49320984218749997 0.29018201875 0.5036767078125 0.30064888437500004 0.5060931734375 0.30306535 0.49562630781249994 0.29259848437499997 0.49320984218749997
0 0.312402309375 0.448671659375 0.3106448796875 0.45628392656249994 0.3201602125 0.4584807140625 0.32191764218749996 0.45086844687500005 0.312402309375 0.448671659375
0 0.2719713265625 0.34161804687499997 0.2708729328125 0.3463757125 0.28038826562499997 0.3485725 0.281486659375 0.343814834375 0.2719713265625 0.34161804687499997
0 0.2540402796875 0.31943783593749997 0.2518434921875 0.32895316874999997 0.2623103578125 0.3313696359375 0.26450714531249997 0.32185430312499996 0.2540402796875 0.31943783593749997
0 0.2580284578125 0.33038108125 0.2564907078125 0.3370418140625 0.26219990625 0.3383598859375 0.2637376578125 0.331699153125 0.2580284578125 0.33038108125
0 0.26454539062500004 0.30432375624999997 0.262348603125 0.3138390875 0.268057803125 0.3151571609375 0.270254590625 0.305641828125 0.26454539062500004 0.30432375624999997
0 0.2714992328125 0.3024213015625 0.2671056578125 0.321451965625 0.28137865624999997 0.3247471484375 0.28577223281249997 0.30571648281249997 0.2714992328125 0.3024213015625
0 0.2677671421875 0.2925394296875 0.2664490703125 0.29824862812499997 0.27596440312500004 0.300445415625 0.277282475 0.2947362171875 0.2677671421875 0.2925394296875
0 0.22961401874999998 0.4816754828125 0.2276369109375 0.49023928124999994 0.23429764375 0.4917770328125 0.23627475156250002 0.48321323437499997 0.22961401874999998 0.4816754828125
0 0.2193298109375 0.4828090609375 0.2180117390625 0.48851826093749995 0.22847860468749998 0.4909347265625 0.2297966765625 0.48522552812499997 0.2193298109375 0.4828090609375
0 0.2297572078125 0.51578504375 0.227999778125 0.5233973093750001 0.2337089765625 0.5247153828125 0.2354664078125 0.517103115625 0.2297572078125 0.51578504375
0 0.230596453125 0.5425384265625001 0.22839966562499997 0.552053759375 0.2350603984375 0.5535915109375 0.23725718593749998 0.544076178125 0.230596453125 0.5425384265625001
0 0.2527778875 0.5115784109375 0.2512401359375 0.51823914375 0.2626585359375 0.5208752890625 0.2641962875 0.51421455625 0.2527778875 0.5115784109375
0 0.2727958828125 0.5247190546875 0.27037941718749997 0.5351859203125 0.2837008828125 0.5382614234374999 0.28611734843750003 0.5277945578125001 0.2727958828125 0.5247190546875
0 0.27568505625 0.54693445 0.274806340625 0.5507405828125 0.2795640078125 0.5518389765625 0.28044272187499997 0.5480328437499999 0.27568505625 0.54693445
0 0.286553034375 0.5649783968750001 0.2841365671875 0.5754452624999999 0.291748834375 0.57720269375 0.2941653 0.5667358265625 0.286553034375 0.5649783968750001
0 0.30482094375 0.5075574953124999 0.3017454421875 0.5208789609375 0.318873040625 0.524833178125 0.32194854375 0.5115117125 0.30482094375 0.5075574953124999
0 0.31561549218749996 0.5280901140625 0.3134187046875 0.537605446875 0.3200794375 0.5391431984375 0.322276225 0.529627865625 0.31561549218749996 0.5280901140625
0 0.3043421171875 0.540020078125 0.30214532968749996 0.5495354109374999 0.3126121953125 0.5519518765625 0.31480898281249997 0.5424365437499999 0.3043421171875 0.540020078125
0 0.30192442656249996 0.5635159125 0.29994731875 0.5720797109375 0.31707491718749997 0.5760339296875 0.319052025 0.5674701296875 0.30192442656249996 0.5635159125
0 0.3342765578125 0.570984990625 0.3331781640625 0.57574265625 0.3436450296875 0.5781591234375 0.34474342343750003 0.5734014562499999 0.3342765578125 0.570984990625
0 0.34013322968750004 0.5608112328125 0.3388151578125 0.5665204328125 0.3473789578125 0.5684975421875 0.3486970296875 0.5627883421875 0.34013322968750004 0.5608112328125
0 0.354444475 0.5465758671875001 0.3518083296875 0.5579942671875 0.36988746093749997 0.5621681625 0.37252360625000003 0.5507497640625 0.354444475 0.5465758671875001
0 0.387858590625 0.5472743734375001 0.385661803125 0.55678970625 0.39422560156249997 0.5587668140625001 0.3964223890625 0.5492514828124999 0.387858590625 0.5472743734375001
0 0.386029565625 0.537831859375 0.3840524578125 0.5463956578125 0.393567790625 0.5485924453125001 0.39554489843749996 0.540028646875 0.386029565625 0.537831859375
0 0.37545286093749997 0.535891159375 0.3732560734375 0.5454064921875 0.38277140625 0.5476032796875 0.38496819375 0.538087946875 0.37545286093749997 0.535891159375
0 0.378382115625 0.5210325546875 0.375526290625 0.5334024859375 0.38599315624999997 0.5358189531249999 0.38884898125 0.5234490203125 0.378382115625 0.5210325546875
0 0.3955825328125 0.529012584375 0.3936054234375 0.5375763828125 0.40026615625 0.539114134375 0.402243265625 0.530550334375 0.3955825328125 0.529012584375
0 0.3908624984375 0.5168981265625 0.38932474687499996 0.523558859375 0.400743146875 0.5261950046874999 0.4022808984375 0.519534271875 0.3908624984375 0.5168981265625
0 0.40711321875 0.505115025 0.405136109375 0.5136788234375 0.4156029765625 0.516095290625 0.41758008437500005 0.507531490625 0.40711321875 0.505115025
0 0.497303890625 0.370588415625 0.49510710312499995 0.3801037484375 0.50271936875 0.381861178125 0.50491615625 0.37234584531250003 0.497303890625 0.370588415625
0 0.5112856156250001 0.35778034999999997 0.5084297921875 0.3701502828125 0.5217512578125 0.373225784375 0.52460708125 0.3608558515625 0.5112856156250001 0.35778034999999997
0 0.5172496796875 0.3731887640625 0.513515140625 0.38936482968749997 0.5258850734375 0.392220653125 0.5296196125 0.37604458749999997 0.5172496796875 0.3731887640625
0 0.5490550625 0.35697873750000003 0.5466385953125 0.367445603125 0.5599600609375 0.37052110625 0.5623765281249999 0.360054240625 0.5490550625 0.35697873750000003
0 0.566917575 0.3295317453125 0.5640617515625 0.341901678125 0.5764316843749999 0.3447575015625 0.5792875078125 0.33238756875000003 0.566917575 0.3295317453125
0 0.5834923046875 0.3749517015625 0.5799774453125 0.39017623437500004 0.5875897109375 0.3919336640625 0.591104571875 0.37670913281249996 0.5834923046875 0.3749517015625
0 0.591543928125 0.37480606562499996 0.588248746875 0.389079065625 0.599667146875 0.391715209375 0.6029623281250001 0.3774422109375 0.591543928125 0.37480606562499996
0 0.5933025828125 0.35416483125 0.5913254734375 0.36272862968749997 0.60084080625 0.36492541875 0.602817915625 0.35636161875 0.5933025828125 0.35416483125
0 0.5890583171875 0.3421602140625 0.5859828140625 0.3554816796875 0.5993042796875 0.3585571828125 0.6023797828124999 0.345235715625 0.5890583171875 0.3421602140625
0 0.631914334375 0.3475441796875 0.6294978687499999 0.3580110453125 0.6380616671875 0.3599881546875 0.640478134375 0.3495212890625 0.631914334375 0.3475441796875
0 0.61899275625 0.3731251265625 0.61679596875 0.382640459375 0.6244082359375 0.3843978890625 0.6266050234375 0.37488255625 0.61899275625 0.3731251265625
0 0.6104653671875 0.3731609234375 0.6082685796875 0.38267625625 0.6149293124999999 0.3842140078125 0.6171261 0.374698675 0.6104653671875 0.3731609234375
0 0.6033288671875 0.3715133328125 0.6009124015625 0.38198019843750003 0.6094762 0.3839573078125 0.6118926671875 0.3734904421875 0.6033288671875 0.3715133328125
0 0.6161733421875 0.3875079640625 0.6141962328125 0.3960717640625 0.6237115656250001 0.3982685515625 0.6256886749999999 0.389704753125 0.6161733421875 0.3875079640625
0 0.6172692875 0.4088082359375 0.6146331421875 0.42022663437499996 0.6241484749999999 0.42242342343750006 0.6267846203125 0.41100502343749995 0.6172692875 0.4088082359375
0 0.607315209375 0.4020000296875 0.6059971375 0.40770922968749995 0.613609403125 0.40946665937500004 0.614927475 0.4037574609375 0.607315209375 0.4020000296875
0 0.5902604296875 0.40207162500000004 0.5830110296875 0.43347222187499995 0.61060549375 0.43984290625 0.6178548937499999 0.408442309375 0.5902604296875 0.40207162500000004
0 0.5882802593750001 0.4432078453125 0.5863031515625 0.45177164531249997 0.595818484375 0.45396843281250004 0.5977955921875 0.4454046328125 0.5882802593750001 0.4432078453125
0 0.5803014546874999 0.44737929374999996 0.578544025 0.4549915609375 0.589010890625 0.45740802656249996 0.5907683203125 0.44979576093749996 0.5803014546874999 0.44737929374999996
0 0.5749933671874999 0.4616887015625 0.57367529375 0.4673979015625 0.5831906265625 0.46959468906249996 0.5845087 0.4638854890625 0.5749933671874999 0.4616887015625
0 0.5821292546875 0.4698507765625 0.580591503125 0.47651150937500003 0.5901068359375 0.4787082984375 0.5916445875 0.47204756562499994 0.5821292546875 0.4698507765625
0 0.5781392390625 0.4784509859375 0.5759424515625 0.48796631875 0.5864093171875 0.49038278437500005 0.58860610625 0.48086745156250005 0.5781392390625 0.4784509859375
0 0.571331034375 0.48840506406250006 0.5695736046875 0.4960173296875 0.5771858703125 0.49777475937500004 0.5789432999999999 0.49016249375000004 0.571331034375 0.48840506406250006
0 0.5610104171875 0.48752573750000006 0.55859395 0.497992603125 0.56715775 0.4999697109375 0.569574215625 0.4895028453125 0.5610104171875 0.48752573750000006
0 0.5346581453125 0.5039924625000001 0.5333400734375 0.5097016625 0.53714620625 0.510580378125 0.5384642796875 0.5048711781249999 0.5346581453125 0.5039924625000001
0 0.660993615625 0.521132303125 0.65901650625 0.529696103125 0.6656772390625 0.5312338546875 0.6676543484375 0.5226700546874999 0.660993615625 0.521132303125
0 0.6641789578124999 0.5073350703124999 0.6622018484375001 0.5158988703125 0.672668715625 0.5183153359375 0.6746458234375 0.5097515375 0.6641789578124999 0.5073350703124999
0 0.6766963625 0.498699065625 0.6751586109375001 0.5053597984375 0.682770878125 0.507117228125 0.6843086296875 0.5004564953124999 0.6766963625 0.498699065625
0 0.6941571515625 0.4621390765625 0.6917406859375 0.4726059421875 0.7022075515624999 0.475022409375 0.7046240187499999 0.46455554374999997 0.6941571515625 0.4621390765625
0 0.71161426875 0.46466599531249997 0.7100765171875 0.47132672812500004 0.7157857171875001 0.47264480000000003 0.71732346875 0.4659840671875 0.71161426875 0.46466599531249997
0 0.7128576875 0.4744744359375 0.71175929375 0.47923210312500003 0.7184200265625 0.4807698546875 0.7195184203125 0.4760121875 0.7128576875 0.4744744359375
0 0.711867909375 0.4917853046875 0.710769515625 0.496542971875 0.7174302484374999 0.49808072187499997 0.7185286421875 0.49332305625000006 0.711867909375 0.4917853046875
0 0.7042556421875 0.490027875 0.7024982125 0.497640140625 0.7063043453125 0.49851885625000003 0.7080617765625 0.49090658906250006 0.7042556421875 0.490027875
0 0.7066696609374999 0.5056189468750001 0.70491223125 0.5132312125 0.712524496875 0.5149886421875001 0.7142819265625 0.5073763765625 0.7066696609374999 0.5056189468750001
0 0.6807598078125 0.487610184375 0.67922205625 0.49427091718750005 0.68493125625 0.49558898906250004 0.6864690078125 0.48892825625 0.6807598078125 0.487610184375
0 0.686322146875 0.49390560156249996 0.6845647171875 0.5015178687499999 0.6921769828125 0.5032752984375 0.6939344125 0.49566303125 0.686322146875 0.49390560156249996
0 0.6481108953125 0.52266821875 0.6463534656250001 0.530280484375 0.6549172640625 0.53225759375 0.6566746953125 0.5246453265625 0.6481108953125 0.52266821875
0 0.643427271875 0.5125666671875 0.64254855625 0.5163728 0.65111235625 0.518349909375 0.6519910703125 0.5145437765625 0.643427271875 0.5125666671875
0 0.6357039421875 0.5243139734375 0.63438586875 0.530023171875 0.6419981359375 0.531780603125 0.6433162078125 0.526071403125 0.6357039421875 0.5243139734375
0 0.633140615625 0.539758184375 0.6318225421875 0.5454673828125001 0.638483275 0.547005134375 0.6398013484375 0.5412959359375 0.633140615625 0.539758184375
0 0.6275782765625 0.5334627656250001 0.6258208453125 0.5410750328125 0.6343846453124999 0.543052140625 0.636142075 0.535439875 0.6275782765625 0.5334627656250001
0 0.59163418125 0.5827937999999999 0.5896570734375 0.5913575984375 0.598220871875 0.5933347078125 0.60019798125 0.5847709078125 0.59163418125 0.5827937999999999
0 0.3506426265625 0.5000957625 0.349324553125 0.5058049609374999 0.36835521875 0.5101985375 0.369673290625 0.5044893375 0.3506426265625 0.5000957625
0 0.3399184484375 0.5096468921875 0.338600375 0.515356090625 0.3481157078125 0.517552878125 0.34943378125 0.5118436796875 0.3399184484375 0.5096468921875
0 0.379632265625 0.4591816671875 0.3767764421875 0.4715516 0.38914637500000004 0.4744074234375 0.3920021984375 0.4620374921875 0.379632265625 0.4591816671875
0 0.38091209375 0.471003015625 0.3784956265625 0.48146988124999995 0.3889624921875 0.483886346875 0.391378959375 0.47341948125 0.38091209375 0.471003015625
0 0.38350876875 0.49014413125 0.38197101718750004 0.496804865625 0.3876802171875 0.4981229375 0.38921796875000003 0.4914622046875 0.38350876875 0.49014413125
0 0.37468888125 0.48710565 0.3718330578125 0.49947558281250004 0.37944532343750004 0.5012330125 0.38230114843749996 0.48886308125 0.37468888125 0.48710565
0 0.3775422578125 0.50079365625 0.3746864328125 0.5131635875 0.38420176562499997 0.515360375 0.387057590625 0.50299044375 0.3775422578125 0.50079365625
0 0.3851909328125 0.5045639921875 0.38365318125000003 0.511224725 0.391265446875 0.5129821546875 0.3928031984375 0.506321421875 0.3851909328125 0.5045639921875
0 0.39715791718750004 0.5113357875 0.39583984375000003 0.5170449875 0.4025005765625 0.5185827390625 0.40381865 0.5128735390625 0.39715791718750004 0.5113357875
0 0.416297196875 0.528282565625 0.41475944531250003 0.5349432984375 0.421420178125 0.53648105 0.4229579296875 0.5298203171875 0.416297196875 0.528282565625
0 0.424861609375 0.5237451890625 0.42332385781250004 0.5304059234375 0.429984590625 0.5319436734375 0.4315223421875 0.525282940625 0.424861609375 0.5237451890625
0 0.47251231406249994 0.525725971875 0.47075488437499996 0.5333382375 0.48122175 0.5357547031250001 0.4829791796875 0.5281424375 0.47251231406249994 0.525725971875
0 0.492129809375 0.51672465 0.48949366406249994 0.52814305 0.49900899687500005 0.5303398375 0.5016451421875 0.5189214375 0.492129809375 0.51672465
0 0.504902078125 0.5221789859375 0.5029249703125 0.5307427859375 0.50863416875 0.5320608578125 0.5106112781250001 0.523497059375 0.504902078125 0.5221789859375
0 0.52521563125 0.5058214875 0.5227991656250001 0.516288353125 0.5313629640624999 0.5182654624999999 0.5337794312499999 0.5077985968750001 0.52521563125 0.5058214875
0 0.52810235625 0.5540948203125 0.5256858890625 0.5645616859375 0.53329815625 0.566319115625 0.535714621875 0.5558522499999999 0.52810235625 0.5540948203125
0 0.51851298125 0.5609011890625 0.5174145875 0.56565885625 0.5259783859375 0.5676359640624999 0.5270767796875 0.5628782984375 0.51851298125 0.5609011890625
0 0.5193201015625 0.540040275 0.5151462046875 0.5581194078125 0.528467671875 0.5611949109375 0.5326415671875 0.543115778125 0.5193201015625 0.540040275
0 0.5088890328125 0.5461512 0.50735128125 0.5528119328125001 0.5149635484374999 0.5545693625 0.5165012984375 0.5479086296875 0.5088890328125 0.5461512
0 0.5072772390625 0.5618150890625 0.5059591671875 0.5675242890625001 0.5126199 0.569062040625 0.513937971875 0.563352840625 0.5072772390625 0.5618150890625
0 0.5039826703125 0.5695736046875 0.5009071671875 0.5828950703125 0.5085194328125 0.5846525 0.5115949359374999 0.571331034375 0.5039826703125 0.5695736046875
0 0.49358984687499996 0.55815398125 0.490734021875 0.5705239125 0.5012008890625 0.5729403796875 0.5040567125 0.560570446875 0.49358984687499996 0.55815398125
0 0.47825302656249996 0.581172825 0.47583655937499997 0.591639690625 0.4834488265625 0.5933971203125 0.48586529218749996 0.5829302546874999 0.47825302656249996 0.581172825
0 0.551741378125 0.590622071875 0.550203628125 0.5972828046875 0.5616220265625 0.59991895 0.563159778125 0.5932582171874999 0.551741378125 0.590622071875
0 0.5570852625 0.5848400546875 0.55598686875 0.5895977203125 0.5607445359375001 0.5906961140625 0.5618429296875 0.5859384484375 0.5570852625 0.5848400546875
0 0.56674745625 0.582059496875 0.5658687421875 0.5858656296875 0.572529475 0.5874033812499999 0.5734081890625 0.5835972484374999 0.56674745625 0.582059496875
0 0.5608161296875 0.6077508953125 0.5588390203125 0.6163146937499999 0.5683543531249999 0.61851148125 0.5703314625 0.6099476828125 0.5608161296875 0.6077508953125
0 0.6041491390625 0.6002157312499999 0.602391709375 0.607827996875 0.6090524421875 0.6093657484375 0.610809871875 0.6017534828125 0.6041491390625 0.6002157312499999
0 0.59606049375 0.604862946875 0.5945227421875 0.6115236796875 0.602135009375 0.613281109375 0.603672759375 0.6066203765625 0.59606049375 0.604862946875
0 0.58932571875 0.6123283515625 0.58712893125 0.621843684375 0.5994988640625001 0.6246995078124999 0.6016956515625 0.615184175 0.58932571875 0.6123283515625
0 0.589397925 0.6228686484375 0.5878601734375 0.62952938125 0.5935693734374999 0.630847453125 0.595107125 0.6241867203125 0.589397925 0.6228686484375
0 0.554629328125 0.6258664359375 0.5522128609375 0.6363333015625 0.5626797265625 0.63874976875 0.56509619375 0.6282829015625 0.554629328125 0.6258664359375
0 0.514276671875 0.464208275 0.5118602046875 0.47467514062499994 0.5261332046875 0.477970321875 0.5285496703125 0.46750345624999995 0.514276671875 0.464208275
0 0.5340058421875 0.435187734375 0.5307106609375001 0.449460734375 0.5411775265625 0.45187720000000003 0.5444727078125 0.4376042015625 0.5340058421875 0.435187734375
0 0.5273802953125 0.4486918578125 0.5254031859375 0.4572556578125 0.5358700515625 0.45967212343749997 0.5378471609375 0.45110832500000003 0.5273802953125 0.4486918578125
0 0.5187442890625 0.43617445312500003 0.5156687859375 0.44949591875 0.5270871859375 0.45213206406250006 0.5301626875000001 0.4388105984375 0.5187442890625 0.43617445312500003
0 0.5052013078125001 0.45359393593749997 0.5019061265625 0.4678669359375 0.5152275921875 0.4709424390625 0.5185227734375 0.4566694390625 0.5052013078125001 0.45359393593749997
0 0.503588290625 0.48228679531249996 0.5007324671875 0.494656728125 0.509296265625 0.49663383593750005 0.512152090625 0.4842639046875 0.503588290625 0.48228679531249996
0 0.5133936718750001 0.5136157984375 0.509219775 0.53169493125 0.514928975 0.533013003125 0.519102871875 0.5149338718750001 0.5133936718750001 0.5136157984375
0 0.5232379109374999 0.5208997703125 0.5212608015625 0.5294635703125 0.5288730671875 0.531221 0.5308501765625 0.5226572015625 0.5232379109374999 0.5208997703125
0 0.49829672968749994 0.32070512500000004 0.49588026249999995 0.331171990625 0.5072986609375 0.3338081359375 0.5097151281250001 0.3233412703125 0.49829672968749994 0.32070512500000004
0 0.5249020265625 0.33787219375 0.523144596875 0.345484459375 0.5336114624999999 0.3479009265625 0.5353688937500001 0.34028865937499997 0.5249020265625 0.33787219375
0 0.5146579 0.301931771875 0.5126807921875 0.310495571875 0.5202930578125 0.3122530015625 0.5222701671875 0.3036892015625 0.5146579 0.301931771875
0 0.55956568125 0.283234296875 0.5564901796874999 0.29655576250000004 0.573617778125 0.30050998125 0.5766932812500001 0.2871885140625 0.55956568125 0.283234296875
0 0.5939634546875 0.331766778125 0.591986346875 0.340330578125 0.6062593453125 0.343625759375 0.6082364546875 0.335061959375 0.5939634546875 0.331766778125
0 0.6283667375 0.32166890000000004 0.624851878125 0.33689343125 0.6391248765624999 0.3401886140625 0.6426397359375 0.32496408125 0.6283667375 0.32166890000000004
0 0.48916843125 0.483968959375 0.483896140625 0.5068057578125 0.504829871875 0.511638690625 0.5101021625 0.48880189218750003 0.48916843125 0.483968959375
0 0.47679605 0.507171071875 0.473720546875 0.5204925375 0.485138946875 0.5231286828124999 0.48821444999999997 0.5098072171875 0.47679605 0.507171071875
0 0.47094182656249994 0.4912868921875 0.46720728749999996 0.5074629578125001 0.4814802859375 0.5107581390625 0.485214825 0.49458207343750005 0.47094182656249994 0.4912868921875
0 0.4655985546875 0.490554425 0.46296240937500005 0.501972825 0.46867160781250006 0.5032908968750001 0.47130775312499995 0.4918724984375 0.4655985546875 0.490554425
0 0.45088680937500003 0.4826478265625 0.44715227031250004 0.4988238921875 0.4576191359375 0.5012403578125 0.46135367499999996 0.4850642921875 0.45088680937500003 0.4826478265625
0 0.46552757187499993 0.4669851609375 0.46245206874999994 0.48030662656249995 0.47577353437500003 0.483382128125 0.4788490375 0.4700606625 0.46552757187499993 0.4669851609375
0 0.49531821249999997 0.470354996875 0.493341103125 0.47891879531250003 0.5085656359375 0.48243365625 0.5105427437500001 0.47386985625 0.49531821249999997 0.470354996875
0 0.5013382703125 0.279312815625 0.49826276875 0.29263428125 0.5134873 0.2961491421875 0.516562803125 0.2828276765625 0.5013382703125 0.279312815625
0 0.46025283281249996 0.515879896875 0.458275725 0.5244436953125 0.465887990625 0.5262011249999999 0.46786510000000003 0.5176373265625 0.46025283281249996 0.515879896875
0 0.453812390625 0.5068761265624999 0.4520549609375 0.51448839375 0.4577641609375 0.515806465625 0.459521590625 0.5081941999999999 0.453812390625 0.5068761265624999
0 0.4542499125 0.5245165140625 0.44875794375 0.5483048453125 0.4658855421875 0.5522590625 0.47137751093749997 0.52847073125 0.4542499125 0.5245165140625
0 0.362769009375 0.7579680093750001 0.3614509359375 0.763677209375 0.36716013593749997 0.7649952812499999 0.368478209375 0.7592860828125 0.362769009375 0.7579680093750001
0 0.3674884296875 0.7765969515625 0.36507196406250003 0.7870638171875 0.37268422968750003 0.788821246875 0.37510069687500003 0.77835438125 0.3674884296875 0.7765969515625
0 0.35409720624999996 0.7369232140624999 0.3523397765625 0.74453548125 0.3628066421875 0.746951946875 0.364564071875 0.7393396812499999 0.35409720624999996 0.7369232140624999
0 0.3590023453125 0.726529778125 0.35636619999999997 0.737948178125 0.3620754 0.73926625 0.3647115453125 0.7278478515625 0.3590023453125 0.726529778125
0 0.416681784375 0.7198011234374999 0.4151440328125 0.7264618578125 0.42656243125 0.7290980015625 0.42810018281250006 0.72243726875 0.416681784375 0.7198011234374999
0 0.4178178109375 0.7040273953125 0.4136439140625 0.7221065265625 0.431723046875 0.7262804234375 0.43589694218749997 0.7082012921875 0.4178178109375 0.7040273953125
0 0.482852815625 0.7045092828125 0.4797773125 0.7178307484374999 0.4911957109375 0.7204668937500001 0.49427121406249996 0.707145428125 0.482852815625 0.7045092828125
0 0.5380132921875 0.6305494484375 0.5364755406249999 0.6372101812500001 0.5431362734375 0.6387479328125 0.5446740250000001 0.6320871984374999 0.5380132921875 0.6305494484375
0 0.541928040625 0.643981365625 0.5401706109375 0.65159363125 0.551589009375 0.6542297765625 0.5533464390625 0.6466175109375001 0.541928040625 0.643981365625
0 0.5456224984375 0.6648793000000001 0.5440847468750001 0.6715400328125 0.5507454796875 0.673077784375 0.55228323125 0.6664170515625 0.5456224984375 0.6648793000000001
0 0.5223457296875 0.6680245609375 0.5197095843749999 0.679442959375 0.5301764515625 0.6818594265625 0.5328125953125 0.6704410265625 0.5223457296875 0.6680245609375
0 0.49577500468749996 0.6724138515625 0.49379789531249996 0.68097765 0.5023616953125 0.682954759375 0.5043388046875 0.6743909593749999 0.49577500468749996 0.6724138515625
0 0.48054924843749997 0.6819279593750001 0.479011496875 0.6885886921875 0.4894783625 0.6910051593750001 0.4910161140625 0.6843444265625 0.48054924843749997 0.6819279593750001
0 0.4746209828125 0.6750469359375 0.47330290937499997 0.6807561359375 0.479012109375 0.6820742078124999 0.48033018125 0.676365009375 0.4746209828125 0.6750469359375
0 0.4561753109375 0.6768019171875 0.4548572375 0.6825111171875 0.4653241046875 0.684927584375 0.46664217656250007 0.679218384375 0.4561753109375 0.6768019171875
0 0.4404750125 0.67317721875 0.4389372609375 0.6798379515625 0.44750105937500007 0.6818150593750001 0.4490388109375 0.6751543265625 0.4404750125 0.67317721875
0 0.430344396875 0.5976741234375 0.4268295359375 0.61289865625 0.43729640312500007 0.6153151218749999 0.4408112625 0.600090590625 0.430344396875 0.5976741234375
0 0.397111103125 0.6200691171875 0.39513399374999997 0.628632915625 0.4017947265625 0.6301706671875 0.4037718359375 0.6216068671875 0.397111103125 0.6200691171875
0 0.391256878125 0.6041849359375 0.3892797703125 0.6127487359375 0.405455834375 0.6164832734375 0.40743294375000005 0.607919475 0.391256878125 0.6041849359375
0 0.3759570796875 0.6227022015625 0.37244221875 0.6379267328125 0.3791029515625 0.639464484375 0.38261781250000004 0.624239953125 0.3759570796875 0.6227022015625
0 0.3834206484375 0.6489804296874999 0.3821025765625 0.6546896296875 0.39161790937499996 0.6568864171875 0.39293598125 0.6511772171875 0.3834206484375 0.6489804296874999
0 0.36863425 0.656591471875 0.3659981046875 0.6680098703125 0.37931957031249997 0.6710853734375 0.381955715625 0.659666975 0.36863425 0.656591471875
0 0.38393160000000004 0.6641321437500001 0.38283320625 0.668889809375 0.38854240624999997 0.6702078828125 0.3896408 0.6654502156250001 0.38393160000000004 0.6641321437500001
0 0.4039131875 0.6752598828124999 0.40281479375 0.6800175484375 0.4123301265625 0.6822143359374999 0.4134285203125 0.6774566703125 0.4039131875 0.6752598828124999
0 0.35139313906249997 0.6921999265625 0.3478782796875 0.707424459375 0.3602482125 0.7102802828125 0.363763071875 0.6950557500000001 0.35139313906249997 0.6921999265625
0 0.356884496875 0.6749260796875001 0.3553467453125 0.6815868125 0.3658136109375 0.684003278125 0.3673513625 0.6773425453125 0.356884496875 0.6749260796875001
0 0.34733336718749996 0.6642019015625 0.344697221875 0.6756203000000001 0.3523094875 0.67737773125 0.35494563281249997 0.6659593312500001 0.34733336718749996 0.6642019015625
0 0.3614995875 0.635400428125 0.3593028 0.6449157609375 0.369769665625 0.6473322265625 0.371966453125 0.63781689375 0.3614995875 0.635400428125
0 0.42199660312500004 0.6338323875 0.42067853125 0.6395415875 0.43114539687500003 0.6419580546875 0.4324634703125 0.6362488546875 0.42199660312500004 0.6338323875
0 0.434256084375 0.6436784624999999 0.43227897656250003 0.6522422625 0.43893970937500004 0.6537800140625001 0.4409168171875 0.6452162140625 0.434256084375 0.6436784624999999
0 0.447614571875 0.6422523875 0.4458571421875 0.6498646531250001 0.451566340625 0.6511827265625 0.45332377187499995 0.643570459375 0.447614571875 0.6422523875
0 0.428143325 0.652790846875 0.42638589531250004 0.6604031125 0.43780429375 0.6630392578125 0.4395617234375 0.6554269921875 0.428143325 0.652790846875
0 0.4106188984375 0.5876077578125 0.40886146874999996 0.5952200234375 0.41647373437499996 0.5969774546875 0.41823116406249994 0.5893651875 0.4106188984375 0.5876077578125
0 0.4182323890625 0.5763362187500001 0.415815921875 0.5868030859375 0.43294352031249994 0.590757303125 0.43535998749999993 0.5802904375 0.4182323890625 0.5763362187500001
0 0.40205632343750003 0.5726016796875 0.400518571875 0.5792624140625 0.4071793046875 0.5808001640625 0.40871705625 0.57413943125 0.40205632343750003 0.5726016796875
0 0.276993946875 0.6389425156249999 0.273698765625 0.653215515625 0.2832140984375 0.655412303125 0.2865092796875 0.641139303125 0.276993946875 0.6389425156249999
0 0.25887779375000003 0.6392701984375 0.25668100625 0.6487855312499999 0.26524480625 0.6507626390625 0.26744159375 0.64124730625 0.25887779375000003 0.6392701984375
0 0.2233051359375 0.630556478125 0.22176738437500002 0.6372172109375 0.2293796515625 0.638974640625 0.230917403125 0.6323139078125 0.2233051359375 0.630556478125
0 0.314325871875 0.6205005171875 0.3123487625 0.6290643171875 0.3209125625 0.631041425 0.322889671875 0.6224776265624999 0.314325871875 0.6205005171875
0 0.3344524828125 0.6461943640625 0.3322556953125 0.655709696875 0.3408194953125 0.6576868046875 0.34301628281249996 0.648171471875 0.3344524828125 0.6461943640625
0 0.3412619125 0.6232113171875 0.3397241609375 0.62987205 0.3454333609375 0.631190121875 0.3469711125 0.6245293890625 0.3412619125 0.6232113171875
0 0.3497541171875 0.6081336453125 0.348875403125 0.611939778125 0.354584603125 0.61325785 0.3554633171875 0.6094517171875 0.3497541171875 0.6081336453125
0 0.36410177187500004 0.595911184375 0.36322305625 0.59971731875 0.36607765625 0.6003763546875 0.3669563703125 0.596570221875 0.36410177187500004 0.595911184375
0 0.3737645765625 0.5866161437499999 0.3717874671875 0.5951799421875 0.3755936 0.5960586578125 0.377570709375 0.5874948578125 0.3737645765625 0.5866161437499999
0 0.377170209375 0.56535289375 0.3758521375 0.5710620921875 0.386319003125 0.573478559375 0.387637075 0.567769359375 0.377170209375 0.56535289375
0 0.351702775 0.5128686421875 0.3470895203125 0.532850840625 0.36421711874999996 0.536805059375 0.36883037343749997 0.5168228609375001 0.351702775 0.5128686421875
0 0.3993305359375 0.3695178625 0.3971337484375 0.37903319375 0.40760061406250003 0.3814496609375 0.40979740312499996 0.371934328125 0.3993305359375 0.3695178625
0 0.393364025 0.3801673859375 0.38984916406250003 0.3953919171875 0.4041221640625 0.3986870984375 0.4076370234375 0.3834625671875 0.393364025 0.3801673859375
0 0.3779950796875 0.3555719328125 0.374919578125 0.3688933984375 0.3920471765625 0.372847615625 0.3951226796875 0.35952615 0.3779950796875 0.3555719328125
0 0.37917118906249997 0.30272420312500004 0.376754721875 0.31319106875 0.3900761875 0.316266571875 0.3924926546875 0.30579970625 0.37917118906249997 0.30272420312500004
0 0.35669909375 0.3110664875 0.3549416640625 0.318678753125 0.37587539531249997 0.3235116859375 0.377632825 0.31589942031249996 0.35669909375 0.3110664875
0 0.7046022984375 0.30619501250000003 0.701966153125 0.3176134109375 0.716239153125 0.3209085921875 0.7188752984375 0.30949019375 0.7046022984375 0.30619501250000003
0 0.5960381625 0.4530169 0.5931823390625001 0.46538683125 0.6112614703125 0.469560728125 0.61411729375 0.45719079531249995 0.5960381625 0.4530169
0 0.5142613703125 0.627070384375 0.512943296875 0.6327795843749999 0.521507096875 0.63475669375 0.5228251687500001 0.62904749375 0.5142613703125 0.627070384375
0 0.525972265625 0.6327808078125 0.5233361203125 0.6441992078125 0.5309483875 0.6459566375 0.5335845328125 0.6345382390625 0.525972265625 0.6327808078125
0 0.6067354093749999 0.7301030828124999 0.6040992640625 0.7415214812500001 0.613614596875 0.74371826875 0.6162507421875 0.7322998703125 0.6067354093749999 0.7301030828124999
0 0.6028426953125 0.482149728125 0.601085265625 0.48976199375 0.61440673125 0.492837496875 0.6161641609374999 0.48522522968750004 0.6028426953125 0.482149728125