0 0.7209345593750001 0.60399049375 0.7220078562500001 0.5835107859375 0.6986024765625001 0.5822841624999999 0.6975291796875001 0.60276386875 0.7209345593750001 0.60399049375
0 0.4490500578125 0.4645700875 0.44986780781249996 0.44896649999999994 0.43523944531250003 0.4481998609375 0.43442169531249997 0.46380344687499997 0.4490500578125 0.4645700875
0 0.49594919531250004 0.2880717765625 0.4966136171875 0.2753938625 0.48198525468750003 0.274627221875 0.48132083437500006 0.28730513593749996 0.49594919531250004 0.2880717765625
0 0.46381168749999996 0.257539390625 0.4646294375 0.24193580468749998 0.45195152343749995 0.2412713828125 0.4511337734375 0.2568749703125 0.46381168749999996 0.257539390625
0 0.46668832499999996 0.267958128125 0.4673527453125 0.2552802140625 0.45467483125 0.25461579218749997 0.4540104109375 0.26729370625 0.46668832499999996 0.267958128125
0 0.6234411718749999 0.7289421375 0.627581028125 0.64994898125 0.548587871875 0.645809125 0.544448015625 0.72480228125 0.6234411718749999 0.7289421375
0 0.626610625 0.55650841875 0.626968390625 0.54968185 0.619166596875 0.5492729749999999 0.61880883125 0.55609954375 0.626610625 0.55650841875
0 0.63233906875 0.81106333125 0.6346900984375 0.7662030203125 0.5898297875 0.763851990625 0.5874787578125 0.8087123015625 0.63233906875 0.81106333125
0 0.563515321875 0.8367935109375001 0.568575146875 0.7402463203125 0.47202795468750003 0.735186496875 0.46696813125 0.8317336875000001 0.563515321875 0.8367935109375001
0 0.42034936875 0.7696384375 0.4256136296875 0.6691903499999999 0.30956195468750003 0.6631083390625 0.30429769375000004 0.763556428125 0.42034936875 0.7696384375
0 0.280499975 0.49925342031250003 0.2846398296875 0.4202602640625 0.20564667343749998 0.41612040781250004 0.20150681874999998 0.4951135640625 0.280499975 0.49925342031250003
0 0.340359528125 0.43931580312499996 0.343068321875 0.3876289234375 0.28845576875 0.3847668015625 0.285746975 0.43645368125 0.340359528125 0.43931580312499996
0 0.19006796875 0.52678486875 0.192827871875 0.4741227640625 0.1372400953125 0.4712095328125 0.13448019218750001 0.5238716359375 0.19006796875 0.52678486875
0 0.142116890625 0.3594952578125 0.1449790125 0.3048827046875 0.091341684375 0.302071690625 0.08847956093750001 0.35668424375 0.142116890625 0.3594952578125
0 0.0968463046875 0.24368601562499997 0.10144614375000001 0.155915840625 0.018552090625 0.1515715484375 0.0139522515625 0.23934172187499997 0.0968463046875 0.24368601562499997
0 0.1730933453125 0.1322894375 0.17391109375 0.11668585000000001 0.1622084046875 0.1160725390625 0.1613906546875 0.131676125 0.1730933453125 0.1322894375
0 0.22851400625 0.3063268796875 0.2289739890625 0.29754986250000004 0.2172713 0.29693654999999997 0.216811315625 0.3057135671875 0.22851400625 0.3063268796875
0 0.0992871125 0.1411341515625 0.1002070796875 0.123580115625 0.080702596875 0.12255792968749998 0.079782628125 0.14011196406249998 0.0992871125 0.1411341515625
0 0.077293459375 0.140959415625 0.0780600984375 0.12633105312499998 0.07123352968749999 0.1259732875 0.070466890625 0.14060165 0.077293459375 0.140959415625
0 0.08106036250000001 0.1157313609375 0.0817758921875 0.102078221875 0.0710484265625 0.1015160203125 0.070332896875 0.11516915781249999 0.08106036250000001 0.1157313609375
0 0.157739084375 0.0987250140625 0.1583012875 0.08799754843749999 0.1446481484375 0.0872820171875 0.144085946875 0.098009484375 0.157739084375 0.0987250140625
0 0.49208764218749995 0.1191811875 0.49305871874999996 0.10065192812499998 0.483306478125 0.1001408359375 0.4823354 0.11867009375 0.49208764218749995 0.1191811875
0 0.398587590625 0 0.3980068125 0.0110818875 0.41653607187499997 0.012052964062500001 0.41716774062499995 0 0.398587590625 0
0 0.4923031203125 0.049761390625 0.49301864999999995 0.0361082515625 0.482291184375 0.03554605 0.48157565468749997 0.049199187500000005 0.4923031203125 0.049761390625
0 0.44428854375000004 0.17290554687499998 0.44464630937500005 0.166078978125 0.42904272343749994 0.1652612296875 0.42868495781249993 0.1720877984375 0.44428854375000004 0.17290554687499998
0 0.376058775 0.215291203125 0.376825415625 0.200662840625 0.3602466046875 0.19979398125 0.3594799640625 0.21442234375 0.376058775 0.215291203125
0 0.456192925 0.27229760000000003 0.4609972015625 0.18062652968749998 0.3634747859375 0.175515596875 0.358670509375 0.2671866671875 0.456192925 0.27229760000000003
0 0.694745015625 0.0867742921875 0.698782653125 0.009731584375000001 0.5681026171875 0.002882934375 0.5640649796874999 0.0799256421875 0.694745015625 0.0867742921875
0 0.6231724062499999 0.0996476765625 0.623632390625 0.090870659375 0.6129049249999999 0.09030845625 0.612444940625 0.0990854734375 0.6231724062499999 0.0996476765625
0 0.7318691578125 0.15277251249999999 0.732431359375 0.142045046875 0.72170389375 0.14148284375 0.7211416921875 0.152210309375 0.7318691578125 0.15277251249999999
0 0.7323719578125 0.105859534375 0.733036378125 0.0931816203125 0.7252345859375 0.0927727453125 0.7245701640625 0.105450659375 0.7323719578125 0.105859534375
0 0.816129375 0.2989842921875 0.8167426875 0.28728160156250004 0.8050399968749999 0.286668290625 0.804426684375 0.2983709796875 0.816129375 0.2989842921875
0 0.8188333484375001 0.340686865625 0.8193444421875 0.3309346234375 0.8017904078125 0.33001465625000004 0.8012793140625 0.339766896875 0.8188333484375001 0.340686865625
0 0.9039140625 0.3686154203125 0.904987359375 0.3481357140625 0.890358996875 0.3473690734375 0.8892857 0.36784878125 0.9039140625 0.3686154203125
0 0.9198118640624999 0.3078407203125 0.9205273953124999 0.2941875828125 0.9078494812500001 0.2935231609375 0.9071339500000001 0.3071762984375 0.9198118640624999 0.3078407203125
0 0.9449957046874999 0.228483578125 0.9458645625000001 0.2119047671875 0.932211425 0.21118923750000002 0.9313425656250001 0.227768046875 0.9449957046874999 0.228483578125
0 0.9766677343750001 0.47315225468750005 0.9775365921875 0.4565734453125 0.9629082296875 0.4558068046875 0.962039371875 0.47238561562500003 0.9766677343750001 0.47315225468750005
0 0.9162411046875001 0.2920071421875 0.9188476812499999 0.242270709375 0.8632599046875 0.239357478125 0.860653328125 0.289093909375 0.9162411046875001 0.2920071421875
0 1 0.1316201578125 0.97897796875 0.1305184390625 0.9750936593749999 0.20463547499999998 1 0.2059407609375 1 0.1316201578125
0 0.8299841499999999 0.0532789140625 0.8306485718750001 0.040601 0.8208963312499999 0.04008990625 0.8202319093750001 0.052767820312500005 0.8299841499999999 0.0532789140625
0 0.8513071625 0.0382610109375 0.8519715828125 0.025583096875 0.8392936687500001 0.0249186765625 0.8386292484375 0.037596590624999995 0.8513071625 0.0382610109375
0 0.8766609171875 0.0302996703125 0.87701868125 0.0234731015625 0.866291215625 0.0229108984375 0.8659334515625 0.029737467187499998 0.8766609171875 0.0302996703125
0 0.890571675 0.0354292640625 0.8910827687499999 0.025677021875 0.8823057515625001 0.025217039062500002 0.8817946578125 0.0349692796875 0.890571675 0.0354292640625
0 0.8433962562499999 0.1239018546875 0.84641170625 0.06636362968750001 0.7527901875 0.0614571328125 0.7497747375 0.11899535937500001 0.8433962562499999 0.1239018546875
0 0.8240216203124999 0.1297317921875 0.82473715 0.11607865312500001 0.8120592359375 0.1154142328125 0.81134370625 0.12906737031249998 0.8240216203124999 0.1297317921875
0 0.4675495625 0.102248759375 0.46811176562499995 0.0915212921875 0.4593347484375 0.091061309375 0.45877254531249995 0.10178877500000001 0.4675495625 0.102248759375
0 0.480061709375 0.050097746875 0.48057280156250004 0.04034550625 0.47179578437499997 0.039885521875 0.471284690625 0.0496377640625 0.480061709375 0.050097746875
0 0.510738453125 0.0898436515625 0.51130065625 0.0791161859375 0.5025236390625001 0.078656203125 0.5019614359375 0.08938366875 0.510738453125 0.0898436515625
0 0.5166685359375001 0.09797765625 0.5172307390625 0.087250190625 0.507478496875 0.086739096875 0.5069162953124999 0.09746656249999999 0.5166685359375001 0.09797765625
0 0.44269181875 0.837795690625 0.443151803125 0.8290186734375 0.4304738890625 0.8283542515625 0.43001390468749995 0.83713126875 0.44269181875 0.837795690625
0 0.41630965781249996 0.8373909625 0.41666742343749996 0.8305643937499999 0.40886562968750007 0.83015551875 0.40850786406250006 0.8369820875 0.41630965781249996 0.8373909625
0 0.364158646875 0.8248788171875001 0.364669740625 0.8151265750000001 0.356867946875 0.8147176999999999 0.356356853125 0.8244699421874999 0.364158646875 0.8248788171875001
0 0.28850973125 0.9715112375 0.28902082500000004 0.961758996875 0.2753676859375 0.961043465625 0.2748565921875 0.9707957078125 0.28850973125 0.9715112375
0 0.5230642546875 0.927574315625 0.5236264562499999 0.91684685 0.512898990625 0.9162846468750001 0.5123367890625 0.9270121124999999 0.5230642546875 0.927574315625
0 0.535746315625 0.9468191046875001 0.5362062984375 0.9380420875000001 0.5264540578125 0.93753099375 0.5259940734375 0.9463080125 0.535746315625 0.9468191046875001
0 0.5851505359375 0.9557646375 0.5857127390625 0.945037171875 0.576935721875 0.9445771890625 0.57637351875 0.9553046546875 0.5851505359375 0.9557646375
0 0.5302126671875 0.875142203125 0.5306726515625 0.8663651859374999 0.5199451859375 0.8658029828125 0.5194852015625 0.8745799999999999 0.5302126671875 0.875142203125
0 0.4916422765625 0.8833887921875 0.49225558906250005 0.871686103125 0.483478571875 0.8712261187499999 0.482865259375 0.882928809375 0.4916422765625 0.8833887921875
0 0.8491130390625001 0.9011451390625 0.8519751609374999 0.8465325859374999 0.7993130578125001 0.8437726828125 0.7964509343749999 0.898385234375 0.8491130390625001 0.9011451390625
0 0.9356697031250001 0.8729216421875 0.938685153125 0.8153834171875 0.8840726015625 0.81252129375 0.88105715 0.87005951875 0.9356697031250001 0.8729216421875
0 0.9499768953125001 0.8145083375000001 0.9531456734375 0.754044440625 0.8926817765624999 0.7508756609375 0.8895129984375 0.8113395593750001 0.9499768953125001 0.8145083375000001
0 0.9619006109375 0.8855422265625 0.9804298687499999 0.886513303125 0.983751975 0.8231237328125 0.9652227171875 0.8221526562499999 0.9619006109375 0.8855422265625
0 0.8892567781249999 0.9281855015625 0.8898189796875 0.9174580359375 0.8820171875 0.9170491609375 0.8814549843749999 0.9277766265625 0.8892567781249999 0.9281855015625
0 0.8329341359375 0.9672835718749999 0.8334452296875 0.95753133125 0.8197920906249999 0.9568158 0.819280996875 0.9665680421875 0.8329341359375 0.9672835718749999
0 0.15991403125 0.299798 0.16027179687499998 0.2929714296875 0.15344522656249998 0.292613665625 0.1530874625 0.299440234375 0.15991403125 0.299798
0 0.193171796875 0.29029508437499996 0.19383621874999998 0.2776171703125 0.1850592015625 0.2771571859375 0.1843947796875 0.2898351 0.193171796875 0.29029508437499996
0 0.0096963890625 0.488483865625 0.010156373437500001 0.4797068484375 0.0013793546875 0.47924686406249994 0.000919371875 0.48802388125 0.0096963890625 0.488483865625
0 0.00736749375 0.7475060234375001 0.007878587500000001 0.7377537828125 0.0010520171875 0.7373960171875 0.000540925 0.7471482578125 0.00736749375 0.7475060234375001
0 0.1191999015625 0.9367236640625001 0.119659884375 0.927946646875 0.1108828671875 0.9274866640624999 0.110422884375 0.93626368125 0.1191999015625 0.9367236640625001
0 0.2947623296875 0.8148855421875 0.2952223140625 0.806108525 0.2854700734375 0.80559743125 0.28501008906249997 0.8143744484375001 0.2947623296875 0.8148855421875
0 0.2618181140625 0.73443784375 0.2622780984375 0.7256608265625 0.25252585625 0.7251497328125 0.252065871875 0.73392675 0.2618181140625 0.73443784375
0 0.2553748640625 0.726765896875 0.2557837390625 0.718964103125 0.24895717031250003 0.7186063390624999 0.2485482953125 0.72640813125 0.2553748640625 0.726765896875
0 0.2436569875 0.7730911171875 0.2440658625 0.765289325 0.2372392921875 0.764931559375 0.23683041875000002 0.772733353125 0.2436569875 0.7730911171875
0 0.3218089125 0.80261235625 0.3246710359375 0.747999803125 0.254454896875 0.74431993125 0.2515927734375 0.7989324843750001 0.3218089125 0.80261235625
0 0.19025794375 0.8030523328125 0.190615709375 0.7962257625 0.18183869218749998 0.7957657796875 0.18148092656249998 0.8025923484374999 0.19025794375 0.8030523328125
0 0.24720426562500003 0.7987024921875 0.24756203124999998 0.7918759234375 0.243661134375 0.7916714859375 0.24330336875 0.7984980546875 0.24720426562500003 0.7987024921875
0 0.297786075 0.7945080546875001 0.2988593703125 0.774028346875 0.2852062328125 0.773312815625 0.2841329359375 0.7937925234375001 0.297786075 0.7945080546875001
0 0.3721600046875 0.5695765984375 0.3726710984375 0.5598243578125001 0.3609684078125 0.5592110453125 0.3604573140625 0.5689632875 0.3721600046875 0.5695765984375
0 0.6036693750000001 0.5650851453125 0.6040782499999999 0.5572833515625 0.5914003359375 0.55661893125 0.5909914609375 0.5644207234375 0.6036693750000001 0.5650851453125
0 0.6116776796875001 0.5708833078125 0.6121887734375 0.5611310656249999 0.6053622046875 0.5607732999999999 0.6048511109375 0.5705255421875 0.6116776796875001 0.5708833078125
0 0.5988360703125 0.5266936375 0.5993982734375 0.5159661718749999 0.593546928125 0.515659515625 0.592984725 0.52638698125 0.5988360703125 0.5266936375
0 0.4992589140625 0.5141407499999999 0.4998211171875 0.503413284375 0.49299454843749996 0.50305551875 0.4924323453125 0.5137829843749999 0.4992589140625 0.5141407499999999
0 0.32909950781249997 0.12237417343749998 0.32955949218749997 0.11359715625 0.3227329234375 0.11323939062499999 0.3222729390625 0.1220164078125 0.32909950781249997 0.12237417343749998
0 0.12391704218749999 0.1096652109375 0.1242748078125 0.10283864218750001 0.11744823906249999 0.1024808765625 0.11709047343750001 0.1093074453125 0.12391704218749999 0.1096652109375
0 0.2058794125 0.3090522625 0.20618606874999998 0.3032009171875 0.1993595 0.30284315156249997 0.19905284375 0.308694496875 0.2058794125 0.3090522625
0 0.2009756640625 0.29999414375 0.20102677343750003 0.29901891875 0.19420020468750002 0.29866115312499997 0.1941490953125 0.299636378125 0.2009756640625 0.29999414375
0 0.13985081875 0.44005346875000007 0.140310803125 0.4312764515625 0.13153378437500002 0.4308164671875 0.13107380156249998 0.439593484375 0.13985081875 0.44005346875000007
0 0.07747928750000001 0.39864651093750003 0.077837053125 0.3918199421875 0.071010484375 0.39146217656250004 0.07065271875 0.3982887453125 0.07747928750000001 0.39864651093750003
0 0.373102053125 0.4209847625 0.37345981875 0.4141581921875 0.3646828015625 0.413698209375 0.3643250359375 0.420524778125 0.373102053125 0.4209847625
0 0.294385178125 0.5048706265625 0.29474294375 0.4980440578125 0.287916375 0.4976862921875 0.287558609375 0.5045128609375 0.294385178125 0.5048706265625
0 0.3990663734375 0.50400036875 0.39947524843750004 0.49619857500000003 0.3916734546875 0.4957897 0.3912645796875 0.50359149375 0.3990663734375 0.50400036875
0 0.461507 0.74001358125 0.46181365625000004 0.7341622359375 0.4569375359375 0.7339066890625 0.4566308796875 0.739758034375 0.461507 0.74001358125
0 0.5498904859375 0.73291073125 0.5500949234375 0.729009834375 0.5403426812500001 0.728498740625 0.5401382453125 0.7323996375 0.5498904859375 0.73291073125
0 0.560915640625 0.8024306734375 0.561324515625 0.79462888125 0.5554731703125 0.7943222249999999 0.5550642953125 0.8021240187500001 0.560915640625 0.8024306734375
0 0.5517020671874999 0.4557702625 0.5522131609375001 0.4460180203125 0.5453865921875 0.4456602546875 0.5448754984375 0.455412496875 0.5517020671874999 0.4557702625
0 0.580667996875 0.3042465328125 0.5810257625 0.29741996249999997 0.5732239703124999 0.2970110890625 0.5728662046874999 0.3038376578125 0.580667996875 0.3042465328125
0 0.845596809375 0.6696868765625 0.846312340625 0.6560337390625001 0.8336344265625 0.6553693171874999 0.8329188953125 0.66902245625 0.845596809375 0.6696868765625