0 0.8700203109375 0.8082218062500001 0.8759084343750001 0.8359232515624999 0.9351322156249999 0.8233348484375 0.9292440921875 0.795633403125 0.8700203109375 0.8082218062500001
0 0.9092473125 0.6381463734375 0.9151354375 0.66584781875 0.9571652171875 0.6569141125 0.9512770921874999 0.6292126671875 0.9092473125 0.6381463734375
0 0.46770235781249997 0.52184076875 0.47359048125000003 0.5495422140625 0.49842626093750003 0.54426320625 0.49253813593749995 0.5165617609375001 0.46770235781249997 0.52184076875
0 0.4465003140625 0.598230725 0.452997553125 0.6287978375 0.4778333328125 0.6235188296875 0.4713360921875 0.5929517171875001 0.4465003140625 0.598230725
0 0.30778318437499996 0.6102443203125001 0.3106257265625 0.62361743125 0.34310328437500004 0.6167141140625 0.340260740625 0.6033410015625 0.30778318437499996 0.6102443203125001
0 0.32413034375 0.623742075 0.3318458171875 0.660040521875 0.39584570937499997 0.6464369234375 0.38813023593749996 0.610138478125 0.32413034375 0.623742075
0 0.379206309375 0.41785050625000003 0.3881400140625 0.45988028593749997 0.4177519046875 0.45358608437500003 0.40881819999999996 0.4115563046875 0.379206309375 0.41785050625000003
0 0.7595147640625 0.7533376953124999 0.76438769375 0.7762630296874999 0.8102383625 0.76651716875 0.8053654328125001 0.743591834375 0.7595147640625 0.7533376953124999
0 1 0.5899032875 0.9472994124999999 0.60110514375 0.951766265625 0.622120034375 1 0.6118676375 1 0.5899032875
0 0.858948215625 0.6363580328125 0.8725518125 0.7003579234374999 0.9021637015625 0.694063721875 0.8885601046874999 0.63006383125 0.858948215625 0.6363580328125
0 0.8255638453125 0.655434653125 0.8377461703125 0.7127479890624999 0.8673580609375 0.7064537875 0.8551757359375 0.6491404515625 0.8255638453125 0.655434653125
0 0.8056523234374999 0.528879265625 0.8160073000000001 0.5775956 0.8580370796875 0.5686618953125 0.8476821031249999 0.519945559375 0.8056523234374999 0.528879265625
0 0.8163075359375 0.49915899374999995 0.8232108531250001 0.53163655 0.8556884109375 0.5247332328125001 0.8487850937499999 0.492255675 0.8163075359375 0.49915899374999995
0 0.8060428953125 0.3545790265625 0.8188343359375001 0.41475802812499996 0.8694611171875 0.403996975 0.856669675 0.34381797187499996 0.8060428953125 0.3545790265625
0 0.7561516578125 0.4979682078125 0.7638671296874999 0.534266653125 0.8001655765625 0.52655118125 0.792450103125 0.490252734375 0.7561516578125 0.4979682078125
0 0.7551086390624999 0.5306372406250001 0.7676970421875 0.589861021875 0.8001745984375 0.5829577046875001 0.7875861953125 0.5237339234375 0.7551086390624999 0.5306372406250001
0 0.731811534375 0.6159587421875 0.74115131875 0.6598989671875 0.8003750984375 0.6473105640625 0.7910353156250001 0.6033703390625 0.731811534375 0.6159587421875
0 0.7328079265625 0.714586521875 0.7405234 0.7508849671875 0.7730009578125 0.74398165 0.765285484375 0.7076832046875 0.7328079265625 0.714586521875
0 0.68555225 0.6871917953125 0.6924555671875 0.719669353125 0.7316196796875001 0.7113447640625 0.7247163624999999 0.67886720625 0.68555225 0.6871917953125
0 0.6748970375 0.7169120671875 0.6807851609375 0.7446135125 0.7247253859375 0.7352737296875 0.7188372609375 0.7075722843750001 0.6748970375 0.7169120671875
0 0.7189134953125 0.682097403125 0.72480161875 0.7097988484375 0.7572791765625 0.70289553125 0.7513910515625 0.675194084375 0.7189134953125 0.682097403125
0 0.6826848 0.5445338343749999 0.688166846875 0.5703248359375 0.7244652921875 0.5626093625 0.7189832453125 0.5368183609375 0.6826848 0.5445338343749999
0 0.7112840359375 0.470065884375 0.72062381875 0.5140061078125 0.7664744875 0.5042602484375001 0.7571347046875 0.46032002343749995 0.7112840359375 0.470065884375
0 0.6966536828125001 0.40828099531250006 0.705993465625 0.45222121875 0.7451575781249999 0.4438966296875 0.7358177953125 0.39995640625 0.6966536828125001 0.40828099531250006
0 0.743944425 0.311370021875 0.7522690140625 0.35053413437500003 0.786657015625 0.3432247390625 0.7783324265625 0.3040606265625 0.743944425 0.311370021875
0 0.7666349515624999 0.1597852171875 0.7731321921875 0.1903523296875 0.8056097484375 0.1834490125 0.7991125078125 0.1528819 0.7666349515624999 0.1597852171875
0 0.8136182171874999 0.2281714046875 0.8180850703125 0.2491862953125 0.8343238484375 0.24573463593749997 0.829856996875 0.22471974687500001 0.8136182171874999 0.2281714046875
0 0.778528603125 0.2885440453125 0.7848228046875 0.3181559359375 0.8258973624999999 0.30942526875 0.8196031609375 0.27981337968750003 0.778528603125 0.2885440453125
0 0.7644242703125 0.2386279015625 0.7688911234375 0.259642790625 0.8051895703125 0.25192731875 0.8007227171875 0.23091242812499999 0.7644242703125 0.2386279015625
0 0.7645326515625 0.25557731562499997 0.770826853125 0.28518920625 0.83100585625 0.2723977640625 0.8247116546875001 0.2427858734375 0.7645326515625 0.25557731562499997
0 0.648639715625 0.1589080125 0.6608220421875 0.21622134843750002 0.7066727109375 0.20647548750000003 0.694490384375 0.14916215156249998 0.648639715625 0.1589080125
0 0.8357433375 0.1091541140625 0.8538137875 0.194168896875 0.9130375671875001 0.18158049375000002 0.8949671171875 0.09656571093750001 0.8357433375 0.1091541140625
0 0.858966559375 0 0.8662530171875 0.0342800875 0.9101932421875001 0.0249403046875 0.9048920171875 0 0.858966559375 0
0 0.3800950765625 0.2928641578125 0.3839528125 0.31101338125 0.396370703125 0.30837387656250004 0.39251296562500004 0.290224653125 0.3800950765625 0.2928641578125
0 0.33397453593750004 0.2802038421875 0.34331431874999996 0.3241440671875 0.4006276546875 0.3119617421875 0.391287871875 0.2680215171875 0.33397453593750004 0.2802038421875
0 0.3036335859375 0.273674078125 0.3081004390625 0.29468896718750004 0.3348466625 0.28900388125 0.330379809375 0.2679889921875 0.3036335859375 0.273674078125
0 0.2912572453125 0.2718120421875 0.2938967484375 0.28422993124999996 0.3063146375 0.281590428125 0.30367513437500004 0.2691725390625 0.2912572453125 0.2718120421875
0 0.27903299375 0.322332603125 0.285733271875 0.3538549375 0.3334943859375 0.343703 0.32679410625 0.3121806640625 0.27903299375 0.322332603125
0 0.2472566703125 0.3795050328125 0.25415998906250004 0.4119825890625 0.2923688796875 0.40386103906250004 0.2854655609375 0.3713834828125 0.2472566703125 0.3795050328125
0 0.20096599375 0.2016490765625 0.21010273906250002 0.244634078125 0.26932651875 0.232045675 0.260189775 0.1890606734375 0.20096599375 0.2016490765625
0 0.2366416015625 0.1581243296875 0.2417175703125 0.1820048875 0.2589115703125 0.1783501890625 0.25383560156249996 0.15446963281249998 0.2366416015625 0.1581243296875
0 0.2742944859375 0.135644459375 0.2805886875 0.16525635 0.305424465625 0.15997734218749998 0.2991302640625 0.13036545156249998 0.2742944859375 0.135644459375
0 0.26710719374999997 0.151149478125 0.270558853125 0.1673882578125 0.28870807656249997 0.16353052031249998 0.2852564171875 0.14729174218750002 0.26710719374999997 0.151149478125
0 0.2513044796875 0.1590011578125 0.2580047578125 0.1905234921875 0.2790196484375 0.1860566390625 0.27231936874999996 0.1545343046875 0.2513044796875 0.1590011578125
0 0.2077060390625 0.08540279375 0.21257896875 0.10832812812499999 0.24792219218749997 0.10081569531250001 0.24304926249999997 0.0778903609375 0.2077060390625 0.08540279375
0 0.16035786406250002 0.11393697968750001 0.16868245312500002 0.1531010921875 0.2097570109375 0.14437042656250001 0.20143242187500002 0.10520631250000001 0.16035786406250002 0.11393697968750001
0 0.3660005234375 0.092689821875 0.369858259375 0.1108390453125 0.4013805953125 0.10413876562499999 0.39752285781249996 0.0859895421875 0.3660005234375 0.092689821875
0 0.390900975 0.068927046875 0.40166202812499996 0.11955382656249999 0.437960475 0.1118383546875 0.42719942031249997 0.061211575 0.390900975 0.068927046875
0 0.45310998593749996 0.16902018593749998 0.4626528078125 0.21391563125 0.5142348109375 0.2029515390625 0.5046919890625 0.1580560921875 0.45310998593749996 0.16902018593749998
0 0.5263806671875 0.1379711390625 0.5298323265625 0.1542099171875 0.5527576609375 0.1493369875 0.5493060015625 0.133098209375 0.5263806671875 0.1379711390625
0 0.512308103125 0.233811646875 0.51677495625 0.2548265375 0.5320585125 0.2515779171875 0.527591659375 0.2305630265625 0.512308103125 0.233811646875
0 0.4533585171875 0.34867566562499996 0.46371349375 0.3973920015625 0.4990567171875 0.3898795671875 0.488701740625 0.34116323125000003 0.4533585171875 0.34867566562499996
0 0.4275537921875 0.32121410625 0.43567534375 0.359422996875 0.46815290000000004 0.3525196796875 0.46003135000000006 0.3143107890625 0.4275537921875 0.32121410625
0 0.38483180156249996 0.3362852234375 0.3903138484375 0.3620762234375 0.4141944046875 0.3570002546875 0.40871235781250004 0.3312092546875 0.38483180156249996 0.3362852234375
0 0.390034575 0.3865958828125 0.3920649625 0.39614810624999997 0.40257240781250003 0.3939146796875 0.4005420203125 0.38436245625 0.390034575 0.3865958828125
0 0.3827089171875 0.38266191250000003 0.384536265625 0.3912589125 0.39217804375 0.389634603125 0.3903506953125 0.3810376015625 0.3827089171875 0.38266191250000003
0 0.42867266718749997 0.36640254843750003 0.436388140625 0.4027009953125 0.46791047499999994 0.396000715625 0.46019500156250004 0.3597022703125 0.42867266718749997 0.36640254843750003
0 0.40105431718749995 0.3632875953125 0.40795763437500004 0.3957651515625 0.44616652500000004 0.3876436015625 0.43926320781249995 0.35516604531249996 0.40105431718749995 0.3632875953125
0 0.3563221453125 0.52155425625 0.36017988125 0.5397034781250001 0.39743355 0.5317849671875 0.3935758125 0.51363574375 0.3563221453125 0.52155425625
0 0.39231133281249997 0.535868865625 0.3979964171875 0.5626150890625 0.448623196875 0.5518540359374999 0.4429381125 0.5251078125 0.39231133281249997 0.535868865625
0 0.2777056234375 0.50631656875 0.290497065625 0.566495571875 0.3487656234375 0.5541102078125 0.33597418125 0.4939312046875 0.2777056234375 0.50631656875
0 0.149470275 0.593476603125 0.1602313296875 0.6441033828125 0.20417155468749998 0.6347636 0.19341049999999999 0.5841368203124999 0.149470275 0.593476603125
0 0.1379513109375 0.21753920937500001 0.1491184421875 0.270076434375 0.1777751109375 0.26398527031249996 0.166607978125 0.21144804687500002 0.1379513109375 0.21753920937500001
0 0.19372699843750002 0.4752461828125 0.1998181609375 0.50390285 0.23420616249999998 0.49659345468750005 0.22811499999999998 0.46793678749999995 0.19372699843750002 0.4752461828125
0 0.17256434062499998 0.5071998796875 0.18251324062500002 0.5540057703125 0.2321847984375 0.5434477546875 0.2222358984375 0.4966418640625 0.17256434062499998 0.5071998796875
0 0.1824995171875 0.521062165625 0.197524384375 0.5917486125 0.272031721875 0.5759115890625 0.257006853125 0.5052251421875 0.1824995171875 0.521062165625
0 0.1012969796875 0.3785815796875 0.105154715625 0.3967308015625 0.12330393906249999 0.392873065625 0.11944620312500001 0.3747238421875 0.1012969796875 0.3785815796875
0 0.06911204062500001 0.4972412015625 0.0727667375 0.514435203125 0.09855773906250001 0.50895315625 0.0949030421875 0.49175915468750003 0.06911204062500001 0.4972412015625
0 0.09033466875 0.4702666546875 0.103938265625 0.5342665453125 0.13832626718750002 0.52695715 0.12472267031249999 0.462957259375 0.09033466875 0.4702666546875
0 0.010954403125000001 0.46317834375 0.0219184953125 0.5147603453125 0.0964258328125 0.498923321875 0.0854617390625 0.4473413203125 0.010954403125000001 0.46317834375
0 0.0868714484375 0.46101898906249994 0.09012006875 0.47630254531249994 0.1034931796875 0.47346000312500003 0.10024455937500001 0.45817644687500003 0.0868714484375 0.46101898906249994
0 0.0087737078125 0.544510603125 0.0112101734375 0.5559732703125 0.0274489515625 0.5525216109375 0.025012485937500002 0.54105894375 0.0087737078125 0.544510603125
0 0.01578540625 0.5939375734375 0.01964314375 0.612086796875 0.0349267 0.6088381765624999 0.031068962500000002 0.590688953125 0.01578540625 0.5939375734375
0 0.01916083125 0.6356512328125 0.028703653125 0.6805466796874999 0.096524434375 0.6661309281250001 0.0869816125 0.62123548125 0.01916083125 0.6356512328125
0 0.0921569390625 0.605658928125 0.097842025 0.6324051515625 0.129364359375 0.6257048734375 0.123679275 0.5989586499999999 0.0921569390625 0.605658928125
0 0.0374419375 0.531428325 0.045563489062500004 0.569637215625 0.0923693796875 0.5596883171875 0.0842478296875 0.5214794265625 0.0374419375 0.531428325
0 0.067355846875 0.5899645953125 0.07344700937500001 0.6186212624999999 0.0982827890625 0.6133422546875 0.09219162656249999 0.5846855875 0.067355846875 0.5899645953125
0 0.0730134859375 0.55082360625 0.08336846249999999 0.5995399421875 0.1253982421875 0.5906062359375001 0.115043265625 0.5418898999999999 0.0730134859375 0.55082360625
0 0.0088430796875 0.5025639187500001 0.01513728125 0.532175809375 0.0390178390625 0.5270998390625 0.0327236375 0.49748795 0.0088430796875 0.5025639187500001
0 0 0.4774873265625 0.031540090625 0.4707832734375 0.0197638421875 0.41538038281249995 0 0.41958131718749997 0 0.4774873265625
0 0.0451187796875 0.40549831562499994 0.0550676796875 0.4523042078125 0.1085601265625 0.4409340359375 0.0986112265625 0.39412814531249996 0.0451187796875 0.40549831562499994
0 0.0885398453125 0.40076159218749996 0.1051890234375 0.4790898171875 0.1567710265625 0.468125725 0.1401218484375 0.3897974984375 0.0885398453125 0.40076159218749996
0 0.1323185796875 0.385965046875 0.145313059375 0.447099271875 0.1797010609375 0.4397898765625 0.16670658124999999 0.37865565156250003 0.1323185796875 0.385965046875
0 0.170139815625 0.3854137421875 0.181103909375 0.43699574375 0.20785013281250003 0.4313106578125 0.1968860390625 0.37972865625 0.170139815625 0.3854137421875
0 0.0234633828125 0.15801049218750002 0.02914846875 0.184756715625 0.053029024999999994 0.179680746875 0.047343940625000004 0.1529345234375 0.0234633828125 0.15801049218750002
0 0.0767755375 0.23503522812500002 0.08022719687499999 0.25127400781250003 0.1155704203125 0.2437615734375 0.11211876093749999 0.2275227953125 0.0767755375 0.23503522812500002
0 0.031785054687499995 0.3639046 0.0413278765625 0.408800046875 0.10628299062499999 0.3949934109375 0.09674016875 0.3500979640625 0.031785054687499995 0.3639046
0 0.07532390312500001 0.3291914546875 0.0862879953125 0.3807734578125 0.1388252203125 0.369606325 0.12786112656249998 0.3180243234375 0.07532390312500001 0.3291914546875
0 0.0741797421875 0.2580505203125 0.0957018515625 0.35930408125 0.17116441093749998 0.34326401875 0.1496423015625 0.24201045781250002 0.0741797421875 0.2580505203125
0 0 0.24489821093750003 0.01166795625 0.29979162656249997 0.06802606875 0.2878123390625 0.051782968750000005 0.2113945578125 0 0.22240136875 0 0.24489821093750003
0 0 0.17947105000000002 0.009619521875 0.1774263578125 0.00494963125 0.1554562453125 0 0.156508321875 0 0.17947105000000002
0 0.48573887656250003 0.4211641765625 0.49365738906249995 0.4584178453125 0.5232692796875 0.45212364374999997 0.5153507671875001 0.41486997499999995 0.48573887656250003 0.4211641765625
0 0.4861171296875 0.4605197671875 0.49362956406249997 0.49586299062499994 0.51846534375 0.4905839828125 0.510952909375 0.45524075937499997 0.4861171296875 0.4605197671875
0 0.547163559375 0.47999128124999996 0.552239528125 0.5038718375 0.5703887515625 0.5000141015625 0.5653127828125 0.47613354531249996 0.547163559375 0.47999128124999996
0 0.5475674749999999 0.44196700624999996 0.5510191343749999 0.45820578437500004 0.557705690625 0.45678451249999996 0.55425403125 0.440545734375 0.5475674749999999 0.44196700624999996
0 0.5115735875 0.4511153125 0.52253768125 0.5026973140625 0.5569256828125 0.49538791875 0.5459615890625 0.44380591718750007 0.5115735875 0.4511153125
0 0.5946649578125001 0.19384261875 0.603395625 0.2349171765625 0.6454254046875 0.22598347031250002 0.6366947374999999 0.1849089140625 0.5946649578125001 0.19384261875
0 0.6201304375000001 0.24084468750000002 0.6398251968750001 0.333501246875 0.692362421875 0.32233411562500003 0.6726676625 0.2296775546875 0.6201304375000001 0.24084468750000002
0 0.611251246875 0.4339216890625 0.6240426890624999 0.4941006921875 0.6718038015625 0.4839487546875 0.6590123609375 0.4237697515625 0.611251246875 0.4339216890625
0 0.5110295218750001 0.3264335203125 0.5282878156249999 0.4076274140625 0.5770041515625 0.3972724359375 0.55974585625 0.31607854375 0.5110295218750001 0.3264335203125
0 0.54640743125 0.2979477453125 0.5598079890625 0.3609924140625 0.6027929921874999 0.3518556703125 0.5893924328125 0.28881100000000004 0.54640743125 0.2979477453125
0 0.5759893359375 0.28916396875 0.586750390625 0.3397907484375 0.6297353921875 0.3306540046875 0.6189743375 0.2800272234375 0.5759893359375 0.28916396875
0 0.597648028125 0.266589440625 0.603739190625 0.2952461078125 0.6257093031250001 0.29057621718750004 0.619618140625 0.2619195484375 0.597648028125 0.266589440625
0 0.4975187984375 0.103172359375 0.5030008453125 0.1289633609375 0.52974706875 0.12327827499999999 0.524265021875 0.097487275 0.4975187984375 0.103172359375
0 0.5174101140625 0.07697998125 0.530607634375 0.139069428125 0.5860105250000001 0.12729318125 0.57281300625 0.0652037328125 0.5174101140625 0.07697998125
0 0.6296834171875 0.032149584375 0.634962425 0.0569853640625 0.6664847593750001 0.050285084375 0.6612057515624999 0.025449306249999998 0.6296834171875 0.032149584375
0 0.5860095640625 0 0.55439175 0.0067205734375 0.563122415625 0.04779513125 0.6586446421875001 0.027491256250000002 0.6528011953124999 0 0.5860095640625 0
0 0.7255954578125 0.044210184375 0.7288440781250001 0.059493740625 0.7441276343750001 0.056245120312499994 0.7408790140625 0.0409615640625 0.7255954578125 0.044210184375
0 0.7175257390625001 0 0.70527061875 0.00260490625 0.7105496265625 0.027440684375000003 0.7458928515625 0.0199282515625 0.7416569703125 0 0.7175257390625001 0
0 0.73516394375 0.011725765624999999 0.7404429515625 0.0365615453125 0.7643235078124999 0.031485575 0.7590445 0.006649796875 0.73516394375 0.011725765624999999
0 0.742156159375 0 0.7482993296875 0.0289013421875 0.790329109375 0.0199676375 0.7860848578125 0 0.742156159375 0
0 0.9028437031250001 0.2416532765625 0.9058892843749999 0.2559816109375 0.9240385078125 0.2521238734375 0.9209929265625 0.2377955390625 0.9028437031250001 0.2416532765625
0 0.85092245625 0.272157878125 0.855389309375 0.2931727671875 0.885956421875 0.286675528125 0.88148956875 0.2656606375 0.85092245625 0.272157878125
0 0.8857859078124999 0.22481224375000003 0.8910649156250001 0.249648021875 0.91399025 0.2447750921875 0.9087112421875 0.21993931249999998 0.8857859078124999 0.22481224375000003
0 0.84734399375 0.22948899687500002 0.8532321171874999 0.2571904421875 0.9048141203125001 0.24622634843750002 0.8989259953125 0.218524903125 0.84734399375 0.22948899687500002
0 0.934024903125 0.7711552921875 0.9372735234375 0.7864388484375 0.9592436359375001 0.78176895625 0.955995015625 0.7664854 0.934024903125 0.7711552921875
0 0.9488915765625 0.5663226265625 0.9539675453124999 0.5902031828125 0.9682958796875001 0.5871576015625 0.9632199109374999 0.5632770453125 0.9488915765625 0.5663226265625
0 0.64319873125 0.8918766937499999 0.6535537078125 0.9405930281250001 0.6984491546875 0.9310502062499999 0.688094178125 0.882333871875 0.64319873125 0.8918766937499999
0 0.5789134609375 0.7068634312500001 0.5882532453125 0.7508036546875 0.6216860234375 0.7436972984375 0.612346240625 0.6997570750000001 0.5789134609375 0.7068634312500001
0 0.7423662546875 0.9356926515625 0.7472391859374999 0.9586179859374999 0.776851075 0.952323784375 0.7719781453125 0.9293984500000001 0.7423662546875 0.9356926515625
0 0.7693433421875 0.8935176437499999 0.778074009375 0.9345922015625 0.8134172328125 0.9270797671875 0.8046865656250001 0.8860052093749999 0.7693433421875 0.8935176437499999
0 0.7651626234375 0.8644548984375 0.7702385921875 0.8883354546875 0.79411915 0.8832594859375 0.7890431796875 0.8593789296875001 0.7651626234375 0.8644548984375
0 0.7895092296875 0.8662685234374999 0.7931639265625 0.883462525 0.8227758171874999 0.8771683234375001 0.8191211203125001 0.859974321875 0.7895092296875 0.8662685234374999
0 0.77293120625 0.8892606921875 0.7859256875 0.9503949171875 0.8680748015624999 0.9329335828125 0.8550803218749999 0.8717993578125001 0.77293120625 0.8892606921875
0 0.835966475 0.9227859671875001 0.839418134375 0.9390247453124999 0.8824031359375001 0.9298880015625001 0.8789514765625001 0.9136492234375 0.835966475 0.9227859671875001
0 0.520737021875 0.766652240625 0.5250008359375 0.7867119078125 0.5479261703125 0.7818389781249999 0.54366235625 0.7617793109375001 0.520737021875 0.766652240625
0 0.3962076984375 0.7162465453125 0.4041262109375 0.7535002125 0.42991721250000003 0.7480181671875 0.42199869999999995 0.7107644984375 0.3962076984375 0.7162465453125
0 0.43815832656250003 0.8995177156249999 0.4477011484375 0.9444131609375 0.5126562625 0.930606525 0.503113440625 0.8857110796875001 0.43815832656250003 0.8995177156249999
0 0.5113086859375 0.9618427265625 0.51739985 0.9904993937500001 0.5489221843750001 0.983799115625 0.542831021875 0.9551424468749999 0.5113086859375 0.9618427265625
0 0.5272728921875001 0.9594478093750001 0.5337701328125 0.9900149218750001 0.56911335625 0.9825024875 0.5626161171875 0.951935375 0.5272728921875001 0.9594478093750001
0 0.579154753125 0.973379465625 0.5815912171875001 0.9848421328124999 0.5968747734375001 0.9815935124999999 0.594438309375 0.9701308453124999 0.579154753125 0.973379465625
0 0.57975230625 0.983236246875 0.5819857328125 0.9937436921874999 0.6106424015624999 0.9876525296875001 0.608408975 0.9771450843749999 0.57975230625 0.983236246875
0 0.48734325156249997 0.8326546953125 0.4928252984375 0.858445696875 0.5338998546875 0.8497150296875 0.5284178078124999 0.823924028125 0.48734325156249997 0.8326546953125
0 0.5166672234374999 0.6911412718750001 0.5241796578125 0.7264844953125 0.5623885484375 0.7183629453125 0.5548761140625 0.683019721875 0.5166672234374999 0.6911412718750001
0 0.513721 0.6373558296875 0.5240759781250001 0.6860721640625 0.563240090625 0.6777475749999999 0.5528851140625 0.629031240625 0.513721 0.6373558296875
0 0.48967209218749996 0.620503234375 0.49880883593750003 0.6634882359375001 0.5303311703125 0.65678795625 0.5211944265625 0.6138029546875 0.48967209218749996 0.620503234375
0 0.45497483125000004 0.6498427125 0.46695411875000004 0.7062008265624999 0.513760009375 0.6962519281249999 0.501780721875 0.6398938140625 0.45497483125000004 0.6498427125
0 0.4326954609375 0.6765426875 0.4402078953125 0.7118859125 0.469819784375 0.7055917109375 0.4623073515625 0.6702484859375 0.4326954609375 0.6765426875
0 0.3120578046875 0.8299775875 0.31693073437499997 0.852902921875 0.3350799578125 0.8490451859375 0.3302070265625 0.8261198515625001 0.3120578046875 0.8299775875
0 0.3206714453125 0.69436385 0.3243261421875 0.7115578515625 0.3396096984375 0.70830923125 0.3359550015625 0.69111523125 0.3206714453125 0.69436385
0 0.23545362500000003 0.711479078125 0.25474230625 0.80222519375 0.321607865625 0.7880124796875 0.3023191828125 0.697266365625 0.23545362500000003 0.711479078125
0 0.2315124140625 0.8056652906249999 0.241867390625 0.8543816265625 0.2838971703125 0.8454479203125 0.27354219375 0.796731584375 0.2315124140625 0.8056652906249999
0 0.24587975625 0.8615158078125 0.24770710624999998 0.8701128078125 0.26203543906250004 0.8670672265625001 0.260208090625 0.8584702249999999 0.24587975625 0.8615158078125
0 0.2778056296875 0.9201236093749999 0.2838967921875 0.948780278125 0.32306090625 0.9404556890625001 0.3169697421875 0.9117990203125 0.2778056296875 0.9201236093749999
0 0.4125926609375 1 0.4051406484375 0.9649410390625001 0.346872090625 0.977326403125 0.3516915125 1 0.4125926609375 1
0 0.181937296875 0.9434961906250001 0.18762238281250002 0.970242415625 0.2105477171875 0.9653694843749999 0.20486263125 0.9386232609375 0.181937296875 0.9434961906250001
0 0.0954781203125 0.9688623125 0.1009601671875 0.9946533140625 0.14012427968750002 0.9863287250000001 0.1346422328125 0.9605377234375 0.0954781203125 0.9688623125
0 0.13504316249999998 1 0.13045211406249999 0.9784008125 0.0922432234375 0.9865223625 0.0951079828125 1 0.13504316249999998 1
0 0.0731305109375 0.7275119 0.038742509375 0.7348212953125 0.0480822921875 0.7787615203125 0.08247029375 0.7714521249999999 0.0731305109375 0.7275119
0 0.1359854875 0.8494320828124999 0.145528309375 0.8943275296875 0.20188642343750002 0.8823482437499999 0.19234360156250002 0.837452796875 0.1359854875 0.8494320828124999
0 0.13314343125 0.07279775000000001 0.1394376328125 0.10240964062499999 0.158542078125 0.098348865625 0.1522478765625 0.068736975 0.13314343125 0.07279775000000001
0 0 0.14103343906250002 0.019474142187499998 0.13689408281249998 0.011555629687500001 0.0996404140625 0 0.1020966390625 0 0.14103343906250002