0 0.16455078125 0.45263671875 0.11279296875 0.45263671875 0.11279296875 0.49755859375 0.16455078125 0.49755859375 0.16455078125 0.45263671875
0 0.5126953125 0.466796875 0.494140625 0.466796875 0.494140625 0.486328125 0.5126953125 0.486328125 0.5126953125 0.466796875
0 0.47314453125 0.3173828125 0.42138671875 0.3173828125 0.42138671875 0.359375 0.47314453125 0.359375 0.47314453125 0.3173828125
0 0.712890625 0.41259765625 0.6806640625 0.41259765625 0.6806640625 0.44677734375 0.712890625 0.44677734375 0.712890625 0.41259765625
0 0.7333984375 0.47900390625 0.689453125 0.47900390625 0.689453125 0.50830078125 0.7333984375 0.50830078125 0.7333984375 0.47900390625
0 0.8046875 0.52294921875 0.7724609375 0.52294921875 0.7724609375 0.55908203125 0.8046875 0.55908203125 0.8046875 0.52294921875
0 0.8486328125 0.28076171875 0.7509765625 0.28076171875 0.7509765625 0.34228515625 0.8486328125 0.34228515625 0.8486328125 0.28076171875
0 0.46337890625 0.35693359375 0.38720703125 0.35693359375 0.38720703125 0.42919921875 0.46337890625 0.42919921875 0.46337890625 0.35693359375
0 0.44189453125 0.3642578125 0.41845703125 0.3642578125 0.41845703125 0.3837890625 0.44189453125 0.3837890625 0.44189453125 0.3642578125
0 0.41748046875 0.39013671875 0.38525390625 0.39013671875 0.38525390625 0.41259765625 0.41748046875 0.41259765625 0.41748046875 0.39013671875
0 0.3115234375 0.4521484375 0.19921875 0.4521484375 0.19921875 0.5322265625 0.3115234375 0.5322265625 0.3115234375 0.4521484375
0 0.2578125 0.46484375 0.228515625 0.46484375 0.228515625 0.4833984375 0.2578125 0.4833984375 0.2578125 0.46484375
0 0.2783203125 0.4736328125 0.2470703125 0.4736328125 0.2470703125 0.5126953125 0.2783203125 0.5126953125 0.2783203125 0.4736328125
0 0.25048828125 0.48388671875 0.21435546875 0.48388671875 0.21435546875 0.52587890625 0.25048828125 0.52587890625 0.25048828125 0.48388671875
0 0.5302734375 0.67138671875 0.484375 0.67138671875 0.484375 0.72412109375 0.5302734375 0.72412109375 0.5302734375 0.67138671875
0 0.5107421875 0.689453125 0.4853515625 0.689453125 0.4853515625 0.716796875 0.5107421875 0.716796875 0.5107421875 0.689453125
0 0.4970703125 0.74609375 0.427734375 0.74609375 0.427734375 0.8154296875 0.4970703125 0.8154296875 0.4970703125 0.74609375
0 0.46875 0.74951171875 0.4296875 0.74951171875 0.4296875 0.79833984375 0.46875 0.79833984375 0.46875 0.74951171875
0 0.322265625 0.861328125 0.2880859375 0.861328125 0.2880859375 0.9111328125 0.322265625 0.9111328125 0.322265625 0.861328125
0 0.587890625 0.94091796875 0.5458984375 0.94091796875 0.5458984375 0.97119140625 0.587890625 0.97119140625 0.587890625 0.94091796875
0 0.68115234375 0.90869140625 0.64501953125 0.90869140625 0.64501953125 0.95361328125 0.68115234375 0.95361328125 0.68115234375 0.90869140625
0 0.73828125 0.912109375 0.712890625 0.912109375 0.712890625 0.94140625 0.73828125 0.94140625 0.73828125 0.912109375
0 0.7880859375 0.86572265625 0.76171875 0.86572265625 0.76171875 0.89794921875 0.7880859375 0.89794921875 0.7880859375 0.86572265625
0 0.8955078125 0.94287109375 0.873046875 0.94287109375 0.873046875 0.95849609375 0.8955078125 0.95849609375 0.8955078125 0.94287109375
0 0.91455078125 0.85888671875 0.85400390625 0.85888671875 0.85400390625 0.91552734375 0.91455078125 0.91552734375 0.91455078125 0.85888671875
0 0.92529296875 0.791015625 0.86083984375 0.791015625 0.86083984375 0.84765625 0.92529296875 0.84765625 0.92529296875 0.791015625
0 0.43310546875 0.9169921875 0.33740234375 0.9169921875 0.33740234375 0.998046875 0.43310546875 0.998046875 0.43310546875 0.9169921875
0 0.4169921875 0.96484375 0.3798828125 0.96484375 0.3798828125 0.998046875 0.4169921875 0.998046875 0.4169921875 0.96484375
0 0.40185546875 0.9345703125 0.35400390625 0.9345703125 0.35400390625 0.96875 0.40185546875 0.96875 0.40185546875 0.9345703125
0 0.46484375 0.98779296875 0.44921875 0.98779296875 0.44921875 0.99853515625 0.46484375 0.99853515625 0.46484375 0.98779296875
0 0.12646484375 0.818359375 0.03662109375 0.818359375 0.03662109375 0.919921875 0.12646484375 0.919921875 0.12646484375 0.818359375
0 0.1181640625 0.89208984375 0.09375 0.89208984375 0.09375 0.91455078125 0.1181640625 0.91455078125 0.1181640625 0.89208984375