0 0.5480753093749999 0.42162062968749997 0.5188222375 0.376574846875 0.4639482828125 0.4122104078125 0.49320135625 0.457256190625 0.5480753093749999 0.42162062968749997
0 0.8997459515624999 0.7183952359375 0.8279429546875001 0.6078283156250001 0.6862534921875 0.699842528125 0.758056490625 0.8104094484375001 0.8997459515624999 0.7183952359375
0 0.7705629046875 0.615398715625 0.7296086015625 0.55233461875 0.6640874640625001 0.59488454375 0.705041765625 0.6579486390625 0.7705629046875 0.615398715625
0 0.7776857078125 0.5187841468750001 0.7479007609375 0.4729193515625 0.7159592046875 0.4936624390625 0.745744153125 0.5395272359375001 0.7776857078125 0.5187841468750001
0 0.5699432343749999 0.6525292703125001 0.51516020625 0.5681708046875 0.445543996875 0.6133801 0.500327025 0.697738565625 0.5699432343749999 0.6525292703125001
0 0.3988734421875 1 0.47397912499999995 0.9512257984374999 0.3920705203125 0.8250976078125 0.2937888140625 0.88892249375 0.3659233890625 1 0.3988734421875 1
0 0.32575099375 1 0.3067530625 0.9707457515625 0.2649833359375 0.997871328125 0.2663657109375 1 0.32575099375 1
0 0.29162681875 0.8210436812499999 0.208654465625 0.6932774625 0.137400228125 0.7395505046874999 0.22037258125 0.867316725 0.29162681875 0.8210436812499999
0 0.1851138234375 0.7924029781249999 0.140436403125 0.7236057828125 0.09866667812499999 0.750731359375 0.1433440984375 0.8195285546875001 0.1851138234375 0.7924029781249999
0 0.0463552484375 0.6298353015625 0.0054045375 0.6564290046875 0.1309268140625 0.8497163625 0.1718775265625 0.823122659375 0.0463552484375 0.6298353015625
0 0.10648971874999999 0.742157765625 0.0719179046875 0.6889218406250001 0.04570945 0.7059418109375 0.0802812640625 0.7591777359375 0.10648971874999999 0.742157765625
0 0.362823559375 0.6670993796875 0.3394211015625 0.6310627531249999 0.27062390625 0.6757401734374999 0.294026365625 0.7117768 0.362823559375 0.6670993796875
0 0.9197614859375 0.7770086593750001 0.9410364484375 0.809769228125 0.99836744375 0.77253804375 0.97709248125 0.739777475 0.9197614859375 0.7770086593750001
0 0.95294684375 0.47308664531250005 0.926353140625 0.43213593437500003 0.8985066578125 0.4502196515625 0.9251003593749999 0.49117036406250003 0.95294684375 0.47308664531250005
0 0.4119602734375 0 0.3761310328125 0.0232677796875 0.4080434765625 0.072408634375 0.44899418750000003 0.04581493125 0.4192416234375 0 0.4119602734375 0
0 0.08398875781250001 0.5075847640625 0.05579943281250001 0.464177009375 0.012391678125 0.49236633437500005 0.040581003125 0.5357740890625 0.08398875781250001 0.5075847640625
0 0.11277734843750001 0.24261497968749998 0.08724739375 0.203302296875 0.028278368749999998 0.24159722968750003 0.05380832343750001 0.28090991249999997 0.11277734843750001 0.24261497968749998
0 0.17283437968749998 0.14772145781249998 0.1584737796875 0.1256080734375 0.14127448125 0.1367774296875 0.15563508125 0.15889081249999998 0.17283437968749998 0.14772145781249998
0 0.292330496875 0.065462103125 0.28009739375 0.0466247765625 0.24078470937500002 0.07215473125 0.2530178140625 0.0909920578125 0.292330496875 0.065462103125
0 0.6575951765625 0.8977737156250001 0.6294058515625001 0.8543659625 0.5876361265625001 0.8814915390625 0.6158254515625 0.92489929375 0.6575951765625 0.8977737156250001
0 0.523475771875 0.5074607921875 0.49688206875 0.46651008125000004 0.4690355859375 0.48459379843750006 0.4956292875 0.5255445109375 0.523475771875 0.5074607921875
0 0.9073183374999999 0.42703102031249995 0.88285213125 0.389356365625 0.8451774765625 0.4138225734375 0.8696436828125 0.45149722812500004 0.9073183374999999 0.42703102031249995