0 0.081416940625 0.71603095625 0.0448063890625 0.7265288640625001 0.0579960671875 0.7725267375 0.09460661875000001 0.76202883125 0.081416940625 0.71603095625
0 0.061173221874999996 0.657832953125 0.028317596875 0.6672541515625 0.036931264062500004 0.6972935796875 0.0697868890625 0.6878723812499999 0.061173221874999996 0.657832953125
0 0.1751127578125 0.573349528125 0.1394409375 0.5835782578125001 0.14751625 0.611740221875 0.1831880703125 0.6015114921875 0.1751127578125 0.573349528125
0 0.1921060265625 0.598954309375 0.1592504015625 0.6083755078124999 0.1670565375 0.6355987390625 0.1999121625 0.626177540625 0.1921060265625 0.598954309375
0 0.054736996875 0.4493836046875 0.0303299625 0.45638220937499996 0.035982681249999995 0.476095584375 0.06038971562499999 0.46909697968749997 0.054736996875 0.4493836046875
0 0.5321663671875 0.048852365625 0.5105755281250001 0.0550434390625 0.516228246875 0.0747568140625 0.5378190859374999 0.06856574062500001 0.5321663671875 0.048852365625
0 0.4621867828125 0.022694446875 0.4387184796875 0.029423873437499998 0.4462554390625 0.0557083734375 0.4697237421875 0.0489789453125 0.4621867828125 0.022694446875
0 0.4170303171875 0.074247715625 0.3935620140625 0.08097714375000001 0.40217568125 0.111016571875 0.425643984375 0.10428714375 0.4170303171875 0.074247715625
0 0.6083120765625 0.1408006859375 0.5904761671875 0.14591505 0.5934371140625 0.15624110468750002 0.611273025 0.15112673906250002 0.6083120765625 0.1408006859375
0 0.6748308578125 0.12477448437500001 0.664504803125 0.1277354328125 0.666927396875 0.136184021875 0.6772534515624999 0.1332230734375 0.6748308578125 0.12477448437500001
0 0.699658596875 0.1369576765625 0.68933254375 0.1399186234375 0.6920243140625 0.14930594531250002 0.7023503671875 0.146344996875 0.699658596875 0.1369576765625
0 0.7510569515625 0.16031633750000002 0.7444858265625001 0.162200578125 0.747446775 0.17252663125 0.7540179 0.170642390625 0.7510569515625 0.16031633750000002
0 0.8656931453125001 0.1030629203125 0.8441023062499999 0.10925399375 0.8492166718749999 0.1270899046875 0.8708075109375001 0.12089883125 0.8656931453125001 0.1030629203125
0 0.9109783453125001 0.18658975312499998 0.9288142546874999 0.1814753875 0.92423824375 0.1655169421875 0.906402334375 0.17063130625 0.9109783453125001 0.18658975312499998
0 0.8760891078125 0.24383424062499998 0.8601306624999999 0.24841025156250002 0.8649758500000001 0.2653074296875 0.8809342953125 0.26073141875 0.8760891078125 0.24383424062499998
0 0.374744253125 0.1818692875 0.36535693125 0.1845610578125 0.3683178796875 0.1948871125 0.37770519999999996 0.19219534062500002 0.374744253125 0.1818692875
0 0.3408300921875 0.1362265171875 0.2816899671875 0.153184675 0.2999940109375 0.21701845937500003 0.35913413437499997 0.2000603015625 0.3408300921875 0.1362265171875
0 0.8061794328125 0.3614085890625 0.7892822546875 0.3662537765625 0.7943966203125 0.3840896875 0.8112937984374999 0.3792445 0.8061794328125 0.3614085890625
0 0.95243500625 0.3347092390625 0.9712096499999999 0.32932569843750004 0.9599042109375 0.28989894843749997 0.9411295687499999 0.295282490625 0.95243500625 0.3347092390625
0 0.600707971875 0.3959445640625 0.586626990625 0.399982221875 0.5909338234375 0.4150019359375 0.60501480625 0.41096427812499997 0.600707971875 0.3959445640625
0 0.508747334375 0.388788578125 0.502176209375 0.39067281875000004 0.504598803125 0.3991214078125 0.511169928125 0.3972371671875 0.508747334375 0.388788578125
0 0.44672418125 0.47717969218749995 0.42982700312500005 0.4820248796875 0.433057128125 0.493289665625 0.44995430625 0.488444478125 0.44672418125 0.47717969218749995
0 0.42820393125 0.538365746875 0.4169391453125 0.541595871875 0.42178433281250005 0.5584930499999999 0.43304911874999996 0.555262925 0.42820393125 0.538365746875
0 0.4946062953125 0.4705611390625 0.47301545625 0.4767522125 0.4783989984375 0.49552685468749996 0.4999898375 0.48933578125 0.4946062953125 0.4705611390625
0 0.5100365499999999 0.47477188281249993 0.48938444375 0.480693778125 0.4953063390625 0.5013458859375 0.515958446875 0.49542398906249996 0.5100365499999999 0.47477188281249993
0 0.569439075 0.45164297812500004 0.5647454140625 0.4529888640625 0.5674371859375 0.46237618437499994 0.572130846875 0.4610302984375 0.569439075 0.45164297812500004
0 0.5688135609375 0.4990625015625 0.5481614546875 0.5049843968750001 0.5530066421875001 0.521881575 0.5736587484375 0.5159596796875 0.5688135609375 0.4990625015625
0 0.5638879890624999 0.5385717890625 0.5376034890625 0.5461087484375 0.545409625 0.5733319796874999 0.5716941249999999 0.565795021875 0.5638879890624999 0.5385717890625
0 0.811665840625 0.4177426796875 0.7853813421875 0.4252796390625 0.79211076875 0.4487479421875 0.81839526875 0.4412109828125 0.811665840625 0.4177426796875
0 0.9002968750000001 0.379629171875 0.8749511078125 0.38689695468749996 0.8811421812500001 0.4084877921875 0.9064879484375 0.4012200109375 0.9002968750000001 0.379629171875
0 0.8969842109374999 0.352133375 0.872577175 0.35913198125 0.8774223640625 0.376029159375 0.9018293984374999 0.3690305546875 0.8969842109374999 0.352133375
0 0.9573525703125 0.3571732109375 0.9385779281250001 0.362556753125 0.9420772296875001 0.37476027031250003 0.9608518734375 0.369376728125 0.9573525703125 0.3571732109375
0 0.9397688984375 0.345452609375 0.9294428453125001 0.3484135578125 0.933211325 0.36155580781249996 0.943537378125 0.358594859375 0.9397688984375 0.345452609375
0 0.931251321875 0.3458631515625 0.88806964375 0.3582452984375 0.8982983734375001 0.39391711875 0.9414800515625 0.38153497187499996 0.931251321875 0.3458631515625
0 0.8506999093750001 0.557413578125 0.8328639984375 0.5625279421875 0.8382475406250001 0.5813025859375001 0.8560834515625 0.5761882203125 0.8506999093750001 0.557413578125
0 0.753596571875 0.573066503125 0.7423317859375 0.5762966281249999 0.745292734375 0.5866226812499999 0.75655751875 0.58339255625 0.753596571875 0.573066503125
0 0.73026624375 0.5838200359375 0.7096141375 0.5897419328125 0.7166127421875 0.6141489671875 0.7372648484375001 0.608227071875 0.73026624375 0.5838200359375
0 0.8848752375 0.6659683390625 0.860468203125 0.67296694375 0.8663900984374999 0.69361905 0.8907971343750001 0.6866204453125 0.8848752375 0.6659683390625
0 0.8650374375000001 0.6818159109375 0.8453240640624999 0.6874686296875 0.8525918453125 0.712814396875 0.8723052203125 0.7071616781250001 0.8650374375000001 0.6818159109375
0 0.8944830749999999 0.683531684375 0.86725984375 0.6913378203125 0.8729125625 0.7110511953125 0.90013579375 0.703245059375 0.8944830749999999 0.683531684375
0 1 0.8159084171875 0.9989003890625 0.8120736187500001 0.983880675 0.8163804515624999 0.9868416234374999 0.8267065062500001 1 0.8229334015624999 1 0.8159084171875
0 0.9561190890625 0.8223091234375 0.937344446875 0.827692665625 0.9416512812500001 0.8427123796875 0.9604259234375 0.8373288375 0.9561190890625 0.8223091234375
0 0.834052190625 0.8943922296875 0.8265423328124999 0.896545646875 0.8281573968749999 0.9021780390625 0.835667253125 0.900024621875 0.834052190625 0.8943922296875
0 0.070573484375 0.3168369703125 0.0546150375 0.32141298125 0.057306809375000003 0.33080030312500003 0.0732652546875 0.3262242921875 0.070573484375 0.3168369703125
0 0.11188909375 0.24657465781250001 0.0987468453125 0.2503431375 0.1027845015625 0.2644241203125 0.11592675156250001 0.260655640625 0.11188909375 0.24657465781250001
0 0.18449608281250002 0.21457984843750003 0.1619665109375 0.2210400984375 0.1686959390625 0.2445084015625 0.191225509375 0.2380481515625 0.18449608281250002 0.21457984843750003
0 0.168085209375 0.23706414531250003 0.1596366203125 0.2394867390625 0.16179003593750002 0.2469965953125 0.170238625 0.24457400156250003 0.168085209375 0.23706414531250003
0 0.2804016734375 0.2089215859375 0.25411717500000003 0.2164585453125 0.2621924875 0.24462050937500002 0.2884769875 0.23708355 0.2804016734375 0.2089215859375
0 0.21943366874999998 0.34882192968750003 0.20629141875 0.35259040937499997 0.209790721875 0.3647939265625 0.222932971875 0.361025446875 0.21943366874999998 0.34882192968750003
0 0.12387640625 0.3680951953125 0.1069792265625 0.3729403828125 0.1120935921875 0.3907762921875 0.1289907703125 0.38593110468749997 0.12387640625 0.3680951953125
0 0.0716477265625 0.45875737499999997 0.05756674375 0.46279503125000004 0.062681109375 0.4806309421875 0.076762090625 0.4765932859375 0.0716477265625 0.45875737499999997
0 0.032128275 0.443167584375 0.02555715 0.4450518234375 0.02797974375 0.45350041250000006 0.034550868750000005 0.45161617343750005 0.032128275 0.443167584375
0 0.0480990390625 0.52189326875 0.0387117171875 0.524585040625 0.0422110203125 0.5367885578125 0.051598340625 0.5340967875 0.0480990390625 0.52189326875
0 0.026451529687500003 0.6093739859375 0.012370546875000001 0.6134116421875 0.016408203125 0.627492625 0.030489185937500003 0.6234549671875 0.026451529687500003 0.6093739859375
0 0.16857674375 0.541698425 0.15731195781250001 0.5449285500000001 0.1591961984375 0.551499675 0.1704609828125 0.54826955 0.16857674375 0.541698425
0 0.273158215625 0.560982165625 0.26283216249999997 0.5639431140625 0.2660622875 0.5752078984375 0.276388340625 0.5722469515624999 0.273158215625 0.560982165625
0 0.336313515625 0.464139075 0.3288036578125 0.46629249218749996 0.33176460625000004 0.4766185453125 0.33927446250000004 0.474465128125 0.336313515625 0.464139075
0 0.24861535781250002 0.6365941421875 0.23641184062499998 0.64009344375 0.240449496875 0.6541744265625 0.25265301562500003 0.6506751234375 0.24861535781250002 0.6365941421875
0 0.3626328125 0.6338697265625 0.3401032421875 0.640329978125 0.346294315625 0.661920815625 0.36882388593750004 0.655460565625 0.3626328125 0.6338697265625
0 0.14640627343749998 0.9249610671875 0.1266928984375 0.9306137859374999 0.1318072640625 0.9484496968749999 0.1515206390625 0.9427969781250001 0.14640627343749998 0.9249610671875
0 0.24530330312499998 0.961621515625 0.2302835890625 0.9659283484375001 0.2351287765625 0.9828255265625 0.250148490625 0.9785186937500001 0.24530330312499998 0.961621515625
0 0.4645412953125 0.944980275 0.452337778125 0.9484795765625 0.4558370796875 0.9606830953125 0.468040596875 0.9571837921874999 0.4645412953125 0.944980275
0 0.4761035921875 0.9020440593749999 0.45826768281249997 0.9071584250000001 0.463651225 0.9259330671875 0.481487134375 0.920818703125 0.4761035921875 0.9020440593749999
0 0.4966109484375 0.8849885796875 0.4712651796875 0.8922563609375 0.47907131718749996 0.9194795921875001 0.504417084375 0.9122118109375 0.4966109484375 0.8849885796875
0 0.4816953328125 0.8577721234375 0.46573688593749996 0.8623481343750001 0.469505365625 0.8754903828125 0.48546381250000004 0.8709143718749999 0.4816953328125 0.8577721234375
0 0.4754183328125 0.8163955328125001 0.45758242187500003 0.8215098984375 0.4626967875 0.839345809375 0.480532696875 0.83423144375 0.4754183328125 0.8163955328125001
0 0.45401074374999995 0.8037395890625 0.42772624375 0.8112765468750001 0.43418649531250003 0.8338061187499999 0.46047099375 0.826269159375 0.45401074374999995 0.8037395890625
0 0.36245510468750003 0.7289089625 0.3511903203125 0.7321390875 0.3557663296875 0.748097534375 0.367031115625 0.7448674078125 0.36245510468750003 0.7289089625
0 0.38566439375 0.7319050218750001 0.3537475015625 0.7410570421875 0.3596693984375 0.76170915 0.391586290625 0.7525571281250001 0.38566439375 0.7319050218750001
0 0.19188643125 0.7204194078125 0.1853153078125 0.7223036484375001 0.188007078125 0.73169096875 0.19457820312500002 0.7298067296874999 0.19188643125 0.7204194078125
0 0.2750353671875 0.7712467640625 0.2496896 0.778514546875 0.25695738281249997 0.8038603140625 0.28230315 0.7965925328125001 0.2750353671875 0.7712467640625
0 0.30306613125 0.7662568249999999 0.28335275625 0.77190954375 0.289005475 0.79162291875 0.30871885 0.7859702000000001 0.30306613125 0.7662568249999999
0 0.29873435000000004 0.795436671875 0.2884082953125 0.7983976203125 0.291638421875 0.80966240625 0.301964475 0.8067014578125 0.29873435000000004 0.795436671875
0 0.24966465312500002 0.8227141078125 0.22713508125 0.8291743578125 0.2335953328125 0.8517039296875 0.256124903125 0.845243678125 0.24966465312500002 0.8227141078125
0 0.5784355578125 0.8833679734375 0.5559059859375 0.8898282249999999 0.558866934375 0.900154278125 0.5813965062500001 0.8936940281249999 0.5784355578125 0.8833679734375
0 0.5623403687499999 0.814837140625 0.5510755828125 0.8180672671875 0.55403653125 0.8283933203125 0.5653013171875 0.8251631953125 0.5623403687499999 0.814837140625
0 0.6044046843750001 0.7560431921874999 0.5649779359375 0.7673486296875 0.5700923 0.785184540625 0.6095190500000001 0.7738791015625 0.6044046843750001 0.7560431921874999
0 0.6477243390625 0.74768515 0.6411532140625 0.7495693906249999 0.6451908703125 0.7636503718750001 0.6517619953125 0.7617661328125 0.6477243390625 0.74768515
0 0.6704122124999999 0.7665774421875 0.6413115171875 0.7749219328125 0.6510018921875 0.8087162890625 0.6801025890625 0.8003717984375 0.6704122124999999 0.7665774421875
0 0.6835519953125 0.9009744390625001 0.66853228125 0.9052812734375 0.6723007609375 0.9184235218750001 0.687320475 0.9141166890625 0.6835519953125 0.9009744390625001
0 0.665329259375 0.9224544031249999 0.6446771515624999 0.9283763 0.6505990484375 0.9490284062500001 0.6712511546875 0.9431065109375 0.665329259375 0.9224544031249999
0 0.6778777171875 0.929015365625 0.6675516640625 0.9319763140624999 0.671858496875 0.946996028125 0.68218455 0.9440350796875 0.6778777171875 0.929015365625
0 0.4915002828125 0.6599044546874999 0.4689707109375 0.6663647046875 0.47543096250000005 0.6888942765625 0.4979605328125 0.6824340249999999 0.4915002828125 0.6599044546874999
0 0.4531129765625 0.6358626859375 0.4268284765625 0.6433996453125 0.43409625937499996 0.6687454125000001 0.4603807578125 0.661208453125 0.4531129765625 0.6358626859375
0 0.4317189390625 0.6374257 0.416699225 0.6417325328125 0.42235194375 0.6614459078125 0.43737165781250004 0.657139075 0.4317189390625 0.6374257
0 0.4487371546875 0.6188309203125 0.4318399765625 0.6236761078125 0.4369543421875 0.6415120171875001 0.4538515203125 0.6366668296875 0.4487371546875 0.6188309203125
0 0.47289872656250004 0.635776759375 0.4578790125 0.64008359375 0.46218584687500003 0.6551033078125 0.4772055609375 0.6507964734375 0.47289872656250004 0.635776759375
0 0.46996488125 0.653888621875 0.453067703125 0.6587338109374999 0.458720421875 0.678447184375 0.4756176 0.673601996875 0.46996488125 0.653888621875
0 0.45360605625000006 0.660611275 0.439525075 0.66464893125 0.4441010859375 0.680607378125 0.4581820671875 0.6765697203125 0.45360605625000006 0.660611275
0 0.440670771875 0.6704159125 0.42471232499999995 0.6749919234374999 0.430634221875 0.6956440296874999 0.44659266718749996 0.69106801875 0.440670771875 0.6704159125
0 0.49866396562500004 0.7167735109375 0.4564210203125 0.72888648125 0.46772645781250005 0.76831323125 0.5099694046875001 0.7562002609375 0.49866396562500004 0.7167735109375
0 0.4606905890625 0.7048040609374999 0.4315898921875 0.71314855 0.44074191406249996 0.74506544375 0.469842609375 0.7367209531250001 0.4606905890625 0.7048040609374999
0 0.47986899687499995 0.7008286171875 0.45921689062500004 0.7067505125 0.46433125468750003 0.7245864234375 0.48498336093749994 0.7186645265625 0.47986899687499995 0.7008286171875
0 0.4522250609375 0.68945295625 0.424063096875 0.6975282703125 0.4286391078125 0.713486715625 0.456801071875 0.7054114031250001 0.4522250609375 0.68945295625
0 0.42587157343750004 0.6949778625 0.40615819843749995 0.7006305828125 0.412349271875 0.7222214203124999 0.43206264687499996 0.7165687015625 0.42587157343750004 0.6949778625
0 0.43098254999999996 0.709259034375 0.41596283593749994 0.7135658671875 0.42107720156250006 0.731401778125 0.436096915625 0.72709494375 0.43098254999999996 0.709259034375
0 0.4256984859375 0.7244891 0.4125562359375 0.7282575796875 0.41632471562499995 0.7413998296875 0.429466965625 0.73763135 0.4256984859375 0.7244891