0 0.236328125 0.37744140625 0.1865234375 0.37744140625 0.1865234375 0.42041015625 0.236328125 0.42041015625 0.236328125 0.37744140625
0 0.05615234375 0.19677734375 0.01611328125 0.19677734375 0.01611328125 0.24365234375 0.05615234375 0.24365234375 0.05615234375 0.19677734375
0 0 0.5390625 0.033203125 0.5390625 0.033203125 0.4921875 0 0.4921875 0 0.5390625
0 0.1298828125 0.8916015625 0.0830078125 0.8916015625 0.0830078125 0.9365234375 0.1298828125 0.9365234375 0.1298828125 0.8916015625
0 0.48681640625 0.771484375 0.45361328125 0.771484375 0.45361328125 0.8115234375 0.48681640625 0.8115234375 0.48681640625 0.771484375
0 0.70068359375 0.76416015625 0.66259765625 0.76416015625 0.66259765625 0.81298828125 0.70068359375 0.81298828125 0.70068359375 0.76416015625
0 0.890625 0.3955078125 0.8359375 0.3955078125 0.8359375 0.4638671875 0.890625 0.4638671875 0.890625 0.3955078125
0 0.78076171875 0.2470703125 0.74560546875 0.2470703125 0.74560546875 0.275390625 0.78076171875 0.275390625 0.78076171875 0.2470703125
0 0.81103515625 0.103515625 0.74267578125 0.103515625 0.74267578125 0.169921875 0.81103515625 0.169921875 0.81103515625 0.103515625
0 0.58544921875 0.11865234375 0.54736328125 0.11865234375 0.54736328125 0.15869140625 0.58544921875 0.15869140625 0.58544921875 0.11865234375
0 0.16845703125 0.0166015625 0.11474609375 0.0166015625 0.11474609375 0.0634765625 0.16845703125 0.0634765625 0.16845703125 0.0166015625
0 0.974609375 0.08349609375 0.9375 0.08349609375 0.9375 0.12060546875 0.974609375 0.12060546875 0.974609375 0.08349609375
0 0.97607421875 0.11865234375 0.94775390625 0.11865234375 0.94775390625 0.15673828125 0.97607421875 0.15673828125 0.97607421875 0.11865234375
0 0.607421875 0.53759765625 0.572265625 0.53759765625 0.572265625 0.56396484375 0.607421875 0.56396484375 0.607421875 0.53759765625
0 0.82568359375 0.630859375 0.79443359375 0.630859375 0.79443359375 0.6943359375 0.82568359375 0.6943359375 0.82568359375 0.630859375
0 0.98583984375 0.82470703125 0.94775390625 0.82470703125 0.94775390625 0.85791015625 0.98583984375 0.85791015625 0.98583984375 0.82470703125
0 0.37353515625 0.552734375 0.32861328125 0.552734375 0.32861328125 0.576171875 0.37353515625 0.576171875 0.37353515625 0.552734375
0 0.30322265625 0.23046875 0.26513671875 0.23046875 0.26513671875 0.25390625 0.30322265625 0.25390625 0.30322265625 0.23046875
0 0.58203125 0.7646484375 0.548828125 0.7646484375 0.548828125 0.8046875 0.58203125 0.8046875 0.58203125 0.7646484375
0 0.6103515625 0.7177734375 0.5751953125 0.7177734375 0.5751953125 0.7529296875 0.6103515625 0.7529296875 0.6103515625 0.7177734375
0 0.4267578125 0.7783203125 0.3837890625 0.7783203125 0.3837890625 0.81640625 0.4267578125 0.81640625 0.4267578125 0.7783203125
0 0.65380859375 0.91162109375 0.61376953125 0.91162109375 0.61376953125 0.94970703125 0.65380859375 0.94970703125 0.65380859375 0.91162109375
0 0.13818359375 0.30078125 0.10107421875 0.30078125 0.10107421875 0.3388671875 0.13818359375 0.3388671875 0.13818359375 0.30078125