0 0.432483225 0.16687436093750002 0.42771180937500003 0.3035098265625 0.5877704968749999 0.3090991984375 0.5925419125 0.172463734375 0.432483225 0.16687436093750002
0 0.5015925859375 0.0906265140625 0.500604221875 0.11892957500000001 0.5308592171875001 0.1199861015625 0.5318475828125 0.0916830421875 0.5015925859375 0.0906265140625
0 0.6162982171875 0.06580596875 0.6104021109375 0.23464836406249998 0.760701121875 0.239896921875 0.766597228125 0.0710545265625 0.6162982171875 0.06580596875
0 1 0.0171556125 0.8834376 0.013085164062499998 0.8781208796875 0.1653361109375 1 0.1695922234375 1 0.0171556125
0 1 0.294668415625 0.8903498921875 0.29083935 0.8852717421875 0.43625852343749993 1 0.440264921875 1 0.294668415625
0 1 0.4387991859375 0.8872747999999999 0.43486273437499995 0.880356246875 0.6329841578125001 0.9955204249999999 0.6370057796874999 1 0.5087275453125 1 0.4387991859375
0 0.8048488859375 0.6406075390625 0.79844155625 0.8240894484375 0.972163790625 0.8301559624999999 0.97857111875 0.646674053125 0.8048488859375 0.6406075390625
0 0.6692683734375 0.8015012031250001 0.6630996140625001 0.978151340625 0.8514613625 0.9847290765625001 0.857630121875 0.808078940625 0.6692683734375 0.8015012031250001
0 0.5660389125 0.5956246953125001 0.5588817890625 0.8005778921875001 0.765786921875 0.8078031796875 0.7729440453125 0.60284998125 0.5660389125 0.5956246953125001
0 0.5654316234375 0.7529258875 0.5639320359375 0.7958684625 0.6058986421875 0.7973339687500001 0.6073982296875 0.75439139375 0.5654316234375 0.7529258875
0 0.361209625 0.766803190625 0.3555520890625 0.9288138125 0.5273223875 0.9348121640624999 0.5329799234375 0.772801540625 0.361209625 0.766803190625
0 0.527870821875 0.6812588765625 0.5267802125000001 0.712489840625 0.5570352078125 0.71354636875 0.5581258171875 0.6823154046875 0.527870821875 0.6812588765625
0 0.45940903125 0.58506099375 0.45777311718749997 0.6319074390625 0.5094993999999999 0.6337137609375 0.5111353140625 0.5868673156249999 0.45940903125 0.58506099375
0 0.602374353125 0.5065064640625 0.6013178265625 0.5367614609375 0.634500725 0.5379202328125 0.635557253125 0.5076652375 0.602374353125 0.5065064640625
0 0.593894290625 0.427549134375 0.592428784375 0.4695157421875 0.6304915203125 0.47084492187500004 0.6319570265625 0.4288783140625 0.593894290625 0.427549134375
0 0.4870521859375 0.32512519218749997 0.47894077968750004 0.5574054828125 0.5970328609375 0.5615293484375 0.6051442671875 0.32924905937500004 0.4870521859375 0.32512519218749997
0 0.45423487656250006 0.41143480625000006 0.4532465125 0.43973786718749996 0.4961890875 0.44123745468750003 0.49717745156250004 0.41293439374999996 0.45423487656250006 0.41143480625000006
0 0.4272671953125 0.358215134375 0.4258016890625 0.400181740625 0.46386442499999997 0.4015109203125 0.46532993125 0.3595443140625 0.4272671953125 0.358215134375
0 0.39371402187500004 0.5495435093750001 0.3920781078125 0.5963899546875 0.438924553125 0.59802586875 0.4405604671875 0.5511794234375 0.39371402187500004 0.5495435093750001
0 0.32643890781249996 0.2794529859375 0.3243258515625 0.33996297656249996 0.3789800375 0.3418715421875 0.38109309375 0.2813615515625 0.32643890781249996 0.2794529859375
0 0.38127434375 0.2901623 0.38018373437499997 0.3213932640625 0.40848679375 0.322381628125 0.409577403125 0.29115066562499997 0.38127434375 0.2901623
0 0.25431648125 0.05023381406250001 0.24838629375000001 0.220052178125 0.39868530468749996 0.22530073437499998 0.4046154921875 0.055482371875000006 0.25431648125 0.05023381406250001
0 0.21935823281250003 0.183860815625 0.2178927265625 0.2258274234375 0.2530275609375 0.227054359375 0.2544930671875 0.18508775156249999 0.21935823281250003 0.183860815625
0 0.196763809375 0.1733002234375 0.19536646562499999 0.2133148953125 0.211957915625 0.21389428281249998 0.21335525937500002 0.17387961093749998 0.196763809375 0.1733002234375
0 0.132019975 0.19449110625 0.13045222343750001 0.239385615625 0.18413044218750002 0.2412601 0.1856981921875 0.196365590625 0.132019975 0.19449110625
0 0.089486378125 0.18127990624999998 0.08802087187499999 0.2232465140625 0.11144409531249999 0.2240644703125 0.1129096015625 0.1820978640625 0.089486378125 0.18127990624999998
0 0.0580989390625 0.2686166109375 0.056872003125 0.30375144375 0.088102965625 0.304842053125 0.08932990156250001 0.2697072203125 0.0580989390625 0.2686166109375
0 0.15892106875 0.0537426375 0.1566035234375 0.120108434375 0.21125770937500002 0.12201700156249999 0.2135752546875 0.0556512046875 0.15892106875 0.0537426375
0 0.2762788203125 0.2747698828125 0.2748133140625 0.316736490625 0.3119000828125 0.3180315890625 0.3133655890625 0.27606498125 0.2762788203125 0.2747698828125
0 0.3651460625 0.5001765859375 0.363987290625 0.533359484375 0.40107405937499996 0.5346545828125 0.40223283125 0.501471684375 0.3651460625 0.5001765859375
0 0.30163223125 0.7100018671874999 0.3004052953125 0.7451367015625 0.331636259375 0.7462273109375 0.33286319531249997 0.7110924765625 0.30163223125 0.7100018671874999
0 0.17780363125 0.702257625 0.17664485937500002 0.7354405234375 0.2117796921875 0.736667459375 0.21293846562500002 0.7034845609375 0.17780363125 0.702257625
0 0 0.849462353125 0.015810028125 0.8500144515624999 0.0167302296875 0.8236633265625001 0 0.82307909375 0 0.849462353125
0 0.1821521375 0.49378629687500003 0.17605154218750002 0.6684844984375 0.331230390625 0.6739034625 0.3373309859375 0.49920526093750006 0.1821521375 0.49378629687500003
0 0.109984765625 0.405764853125 0.105554165625 0.5326406421875001 0.24706946875 0.5375824640625 0.25150006875 0.41070667656250004 0.109984765625 0.405764853125
0 0 0.7561437875 0.063959325 0.758377296875 0.06907155625 0.6119821562500001 0 0.6095701250000001 0 0.7561437875
0 0 0.5304203453125 0.10696699531250001 0.5341557156250001 0.11470350468749999 0.31261106875 0.0063711 0.30882801875 0 0.4912724546875 0 0.5304203453125
0 0.6602957234375 0.38687298281250004 0.659307359375 0.41517604218750004 0.685658484375 0.41609624375000004 0.6866468484375 0.387793184375 0.6602957234375 0.38687298281250004
0 0.7009068218750001 0.3711908921875 0.6999184578125 0.399493953125 0.7282215187500001 0.40048231718749994 0.7292098828125 0.3721792578125 0.7009068218750001 0.3711908921875
0 0.7066046171875 0.347938078125 0.6989021890625 0.5685067562499999 0.86579265 0.5743347 0.8734950781249999 0.35376602031250004 0.7066046171875 0.347938078125