0 0.6171774953125 0.6067314390625 0.6609480249999999 0.6168366625 0.6699548546874999 0.5778237984375 0.626184325 0.5677185765625 0.6171774953125 0.6067314390625
0 0.575708084375 0.6452654765625 0.61281788125 0.6538329484375 0.6218247109374999 0.614820084375 0.5847149125 0.6062526125 0.575708084375 0.6452654765625
0 0.342684315625 0.675656709375 0.372181846875 0.6824667515625 0.380529640625 0.6463084875 0.351032109375 0.6394984453125 0.342684315625 0.675656709375
0 0.1335198625 0.7351091765625 0.17062965937500002 0.7436766484375 0.17963648906250002 0.704663784375 0.142526690625 0.6960963125 0.1335198625 0.7351091765625
0 0.1730268546875 0.5487913140625 0.2215550515625 0.55999493125 0.23253898906249998 0.5124182687500001 0.1840107921875 0.5012146515625 0.1730268546875 0.5487913140625
0 0.036331909375 0.554817178125 0.0753447734375 0.5638240078125001 0.08962389375 0.5019743453125 0.050611029687499996 0.492967515625 0.036331909375 0.554817178125
0 0.26769922031250004 0.2363977421875 0.309566684375 0.24606360781249997 0.320111265625 0.2003900109375 0.2782438015625 0.19072414531249998 0.26769922031250004 0.2363977421875
0 0.4182036390625 0.1032675328125 0.45055577031249994 0.11073661093750001 0.45846420625000006 0.0764814125 0.426112075 0.069012334375 0.4182036390625 0.1032675328125
0 0.8282337015625 0.2786115640625 0.8995986968749999 0.295087471875 0.9112416718749999 0.244656209375 0.8398766765625 0.2281803015625 0.8282337015625 0.2786115640625
0 0.7841183515625 0.4327957515625 0.8117128156250001 0.43916643437499997 0.8207196453125001 0.40015357187499995 0.79312518125 0.3937828875 0.7841183515625 0.4327957515625
0 0.7987422734375 0.9859061328125 0.824433671875 0.991837459375 0.83080435625 0.9642429937499999 0.8051129578125 0.9583116671875 0.7987422734375 0.9859061328125
0 0.7677758390625 0.6425020578125 0.788709571875 0.647334990625 0.7931031468749999 0.628304325 0.7721694140625 0.6234713921874999 0.7677758390625 0.6425020578125
0 0.2604311453125 0.856114840625 0.317523140625 0.869295565625 0.3318022609375 0.8074459031250001 0.2747102640625 0.7942651781250001 0.2604311453125 0.856114840625
0 0.251937103125 0.8907359640625 0.2795315671875 0.8971066484374999 0.284144821875 0.8771244499999999 0.2565503578125 0.8707537656250001 0.251937103125 0.8907359640625
0 0.399168671875 0.9237247999999999 0.43056926874999996 0.9309742 0.43979577656249996 0.891009803125 0.40839517968749994 0.883760403125 0.399168671875 0.9237247999999999
0 0.10301787968750001 0.1227081765625 0.075423415625 0.1163374921875 0.0683936953125 0.14678655625 0.095988159375 0.153157240625 0.10301787968750001 0.1227081765625