0 0.360467278125 0.28415676562500003 0.4061604609375 0.4820756859375 0.608837046875 0.43528410937500006 0.5631438640625 0.2373651890625 0.360467278125 0.28415676562500003
0 0.7154987296875001 0.5890598375 0.751526046875 0.74511129375 0.9047229015625 0.7097430124999999 0.868695584375 0.55369155625 0.7154987296875001 0.5890598375
0 0.8518320312500001 0.6412726984375 0.8685276171874999 0.7135892265625 0.9294257453125001 0.6995297859375 0.9127301593749999 0.6272132578125 0.8518320312500001 0.6412726984375
0 0.6778317781250001 0.5105601796875 0.69914061875 0.60285890625 0.7847786125 0.5830878171875 0.763469771875 0.490789090625 0.6778317781250001 0.5105601796875
0 0.6557920109375 0.8188291171875001 0.6766614921875 0.909224778125 0.7622994875 0.8894536890625 0.7414300046875 0.7990580281249999 0.6557920109375 0.8188291171875001
0 0.4429208578125 0.6499848984375001 0.45895740781249994 0.7194468265625 0.507485603125 0.708243209375 0.4914490546875 0.63878128125 0.4429208578125 0.6499848984375001
0 0.7032450531250001 0.2711687875 0.7177438515625 0.3339699828125 0.7662720484375 0.32276636718749996 0.7517732500000001 0.2599651703125 0.7032450531250001 0.2711687875
0 0.7719319859375 0.186657028125 0.7815978515625 0.22852449218749998 0.80728925 0.22259316562499998 0.797623384375 0.1807257015625 0.7719319859375 0.186657028125
0 0.7180179875 0.1354611734375 0.7272444953125 0.1754255703125 0.7624512265625001 0.16729745625 0.7532247187500001 0.127333059375 0.7180179875 0.1354611734375
0 0.8922712671875 0.2325398984375 0.9030355265625 0.279165028125 0.9334845921875001 0.2721353078125 0.9227203328125 0.22551017812500002 0.8922712671875 0.2325398984375
0 0 0.14238109062499998 0.019769106249999998 0.228010496875 0.0939887015625 0.210875553125 0.072020825 0.1157222265625 0 0.13234954375000002 0 0.14238109062499998
0 0.41297957500000004 1 0.29043565781249997 0.4692039828125 0 0.5362563359375 0 0.5569678031249999 0.1022820421875 1 0.41297957500000004 1
0 0.4966674578125 1 0.45863890625000003 0.8352802453124999 0.35872791249999997 0.858346515625 0.391431196875 1 0.4966674578125 1
0 0.1594560328125 0.5270048890625 0.1851584484375 0.6383342812499999 0.283166375 0.61570736875 0.257463959375 0.5043779765624999 0.1594560328125 0.5270048890625
0 0.25680308749999997 0.4819799234375 0.27942999999999996 0.57998785 0.3403281296875 0.565928409375 0.3177012171875 0.4679204828125 0.25680308749999997 0.4819799234375
0 0.010497323437500001 0.48522370937500003 0.0320258421875 0.57847396875 0.12717916875 0.5565060921875 0.10565065 0.46325583281249993 0.010497323437500001 0.48522370937500003
0 0 0.3648715703125 0.092537234375 0.343507665625 0.0620018859375 0.2112445421875 0 0.22555880468749998 0 0.3648715703125
0 0.4430321984375 0 0.36326037499999997 0.0184167765625 0.39401540156250003 0.1516314328125 0.5824189875 0.1081350375 0.557454046875 0 0.4430321984375 0
0 0.4885145890625 0.1789248328125 0.513118609375 0.2854965578125 0.68249153125 0.2463937375 0.657887509375 0.13982201249999998 0.4885145890625 0.1789248328125
0 0.46450045781249993 0.11832042499999999 0.4842715453125 0.20395841875 0.6079708703125 0.1754001796875 0.5881997812499999 0.089762184375 0.46450045781249993 0.11832042499999999
0 0.185991259375 0.1535540859375 0.1653414546875 0.064109959375 0.0958795265625 0.080146509375 0.11652933125 0.16959063593749998 0.185991259375 0.1535540859375
0 0.0571986296875 0.11663857500000001 0.07059903437500001 0.1746821046875 0.1219818296875 0.1628194515625 0.10858142500000001 0.104775921875 0.0571986296875 0.11663857500000001
0 0.07659644531250001 0.1246883625 0.06780929531249999 0.0866270328125 0.019281098437499998 0.09783064999999999 0.02806825 0.1358919796875 0.07659644531250001 0.1246883625
0 0.8025041984374999 0 0.816167265625 0.059181246875 0.9065629265625 0.038311764062499996 0.897717959375 0 0.8025041984374999 0
0 1 0.4430321984375 0.9837800109374999 0.37277570781249997 0.9228818828125 0.3868351484375 0.949243334375 0.501019140625 1 0.4893010390625 1 0.4430321984375
0 0.608563821875 0.25393991875 0.627895553125 0.337674846875 0.6792783484375 0.3258121921875 0.6599466171875 0.242077265625 0.608563821875 0.25393991875
0 0.34964366562500004 0.3848761046875 0.365240859375 0.452434965625 0.407108321875 0.4427691 0.3915111296875 0.3752102390625 0.34964366562500004 0.3848761046875
0 0.5049724484375 0.44773726406250003 0.51200216875 0.47818632968749997 0.551966565625 0.46895982031249994 0.5449368453125001 0.43851075625 0.5049724484375 0.44773726406250003
0 0.4202942421875 0.16560948749999999 0.427543640625 0.197010084375 0.457041171875 0.19020004375 0.4497917734375 0.1587994453125 0.4202942421875 0.16560948749999999
0 0.1879591875 0.0644006203125 0.193670834375 0.089140484375 0.2193622328125 0.0832091578125 0.213650584375 0.05846929375 0.1879591875 0.0644006203125
0 0.0249128984375 0.4413044828125 0.032821334375 0.4755596796875 0.0680280640625 0.467431565625 0.060119629687499995 0.43317636718749997 0.0249128984375 0.4413044828125
0 0.7180868359375 0.4787159390625 0.7251165562499999 0.5091650046875 0.762226353125 0.5005975328125001 0.7551966328125 0.4701484671875 0.7180868359375 0.4787159390625
0 0.34784125781249997 0.2880739625 0.3597039109375 0.33945675937500003 0.4196505078125 0.325616996875 0.40778785468749995 0.2742342 0.34784125781249997 0.2880739625
0 0.5416410515625001 0.4177232734375 0.5508675609375 0.4576876703125 0.60225035625 0.4458250171875 0.5930238484375 0.4058606203125 0.5416410515625001 0.4177232734375
0 0.79881601875 0.40946450937499995 0.81045899375 0.459895771875 0.8437626578125 0.452207015625 0.8321196828125 0.4017757515625 0.79881601875 0.40946450937499995
0 0.7633112828125 0.3620365421875 0.768144215625 0.382970275 0.8081086125000001 0.373743765625 0.8032756796875 0.35281003437499997 0.7633112828125 0.3620365421875
0 0.5477822125 1 0.542535384375 0.977273484375 0.5130378531249999 0.984083525 0.5167124609375 1 0.5477822125 1
0 0.5147545890624999 0.9481073078125 0.521784309375 0.978556371875 0.556991040625 0.9704282578125 0.5499613203125 0.9399791921875 0.5147545890624999 0.9481073078125
0 0.5883151468750001 0.9281177640625 0.5944661531250001 0.9547606953125 0.6258667499999999 0.9475112953125 0.6197157453125001 0.9208683640625 0.5883151468750001 0.9281177640625
0 0.53494545 0.8271848671875001 0.5419751703125 0.8576339328125 0.5790849671875 0.8490664609374999 0.572055246875 0.8186173953125 0.53494545 0.8271848671875001
0 0.7167357296875 0.9004740359375001 0.7228867343750001 0.9271169671875 0.752384265625 0.9203069265625 0.7462332609375 0.8936639953125001 0.7167357296875 0.9004740359375001
0 0.6460989171875 0.876691825 0.653348315625 0.9080924234375001 0.68094278125 0.9017217390625 0.67369338125 0.870321140625 0.6460989171875 0.876691825