0 0.6582837640625 0.031000087500000002 0.6444550390625 0.0097057171875 0.6256177109375 0.021938821875 0.6394464359375001 0.043233190625 0.6582837640625 0.031000087500000002
0 0.5479097328125 0 0.5591746 0.0173463734375 0.5858856718750001 0 0.5479097328125 0
0 0.772634890625 0.16225924687499998 0.7593380390625 0.1417838921875 0.7372246546875 0.156144490625 0.7505215062499999 0.17661984687500001 0.772634890625 0.16225924687499998
0 0.848578421875 0.21016978437499997 0.8443234296875 0.20361767031250003 0.8369523015624999 0.20840453750000001 0.8412072937499999 0.21495665000000003 0.848578421875 0.21016978437499997
0 0.7874903453125001 0.323199134375 0.78110785625 0.3133709640625 0.7581754578125001 0.32826343750000003 0.764557946875 0.3380916078125 0.7874903453125001 0.323199134375
0 0.6348060046875 0.37228356093750004 0.6316147609375 0.367369475 0.6168725046875 0.3769432078125 0.62006375 0.38185729375 0.6348060046875 0.37228356093750004
0 0.6744681765625 0.441426653125 0.667021940625 0.4299604546875 0.6547367265624999 0.43793856406250004 0.6621829640625 0.4494047640625 0.6744681765625 0.441426653125
0 0.44216158125 0.0846023875 0.43046035156249995 0.06658407499999999 0.41162302500000003 0.078817178125 0.423324253125 0.09683549062499999 0.44216158125 0.0846023875
0 0.3985124328125 0 0.354533171875 0.028560465624999996 0.38431811875 0.0744252625 0.44328714218750004 0.036130331249999995 0.41982383125 0 0.3985124328125 0
0 0.42680137656249995 0.20170380937500001 0.419355140625 0.1902376109375 0.41198401249999994 0.1950244765625 0.41943025 0.2064906765625 0.42680137656249995 0.20170380937500001
0 0.9139067453124999 0.5322076828125 0.8899724125 0.4953520421875 0.8637639578125 0.5123720125 0.8876982906249999 0.549227653125 0.9139067453124999 0.5322076828125
0 0.98391790625 0.521674421875 0.9637066921875 0.49055188125000004 0.939136265625 0.506508103125 0.9593474796875 0.53763064375 0.98391790625 0.521674421875
0 0.98007906875 0.548037946875 0.9736965796874999 0.5382097765625 0.9556782671875 0.5499110046875 0.9620607546875 0.5597391765624999 0.98007906875 0.548037946875
0 0.9971856453125 0.6120337203124999 0.9812294250000001 0.5874632921875 0.9492878687499999 0.60820638125 0.9652440906249999 0.6327768078125 0.9971856453125 0.6120337203124999
0 1 0.6307118078125 0.996218209375 0.6248883609375 0.983932996875 0.632866471875 0.9913792328125 0.644332671875 1 0.6387342796875 1 0.6307118078125
0 0.9870739265624999 0.7094248953125 0.9780320671875 0.695501653125 0.9649278390625 0.7040116375000001 0.9739696984374999 0.7179348796875 0.9870739265624999 0.7094248953125
0 0.921645509375 0.6768096921875 0.9120717765625 0.6620674359375001 0.8973295203125 0.67164116875 0.9069032531250001 0.686383425 0.921645509375 0.6768096921875
0 0.8202616875000001 0.5708975671875 0.8080285843749999 0.5520602390625 0.7916483000000001 0.5626977203125 0.803881403125 0.5815350484375 0.8202616875000001 0.5708975671875
0 0.8070223328124999 0.6580934703125 0.7820242515625 0.6195998015625 0.7451686109375 0.6435341343750001 0.7701666921875 0.682027803125 0.8070223328124999 0.6580934703125
0 0.764428740625 0.6973982453125 0.7532593859375 0.680198946875 0.7401551578125 0.68870893125 0.7513245125 0.7059082296875 0.764428740625 0.6973982453125
0 0.8004296078124999 0.710698153125 0.785537134375 0.6877657546875 0.761785721875 0.7031901015625001 0.7766781953125 0.7261225 0.8004296078124999 0.710698153125
0 0.9473747343750001 0.778289290625 0.92875914375 0.7496237921875 0.89354153125 0.7724943765625001 0.9121571234375001 0.801159875 0.9473747343750001 0.778289290625
0 0.29597201093750003 0.9550409109375 0.2784201671875 0.9280134421874999 0.248116640625 0.9476927828124999 0.265668484375 0.9747202515625 0.29597201093750003 0.9550409109375
0 0.36491888906250003 0.7967356015625 0.3558770296875 0.782812359375 0.34686787343750003 0.7886629734375 0.3559097328125 0.802586215625 0.36491888906250003 0.7967356015625
0 0.527290159375 0.9329070500000001 0.5086745671874999 0.9042415515625001 0.48574216875 0.9191340265625 0.5043577609375001 0.9477995234375 0.527290159375 0.9329070500000001
0 0.572528565625 0.9326393171875 0.5592317140625 0.9121639625 0.5297472015625 0.931311428125 0.543044053125 0.9517867843750001 0.572528565625 0.9326393171875
0 0.6099045796875 0.887989746875 0.5982033515625 0.8699714343749999 0.5777279953125001 0.8832682859375 0.5894292250000001 0.9012865984375 0.6099045796875 0.887989746875
0 0.5939108046875 0.8552927875 0.5848689453125 0.8413695453125 0.5725837312500001 0.84934765625 0.5816255906250001 0.8632708984375 0.5939108046875 0.8552927875
0 0.6452317984375 0.945974984375 0.6707617531250001 0.9852876671875 0.7027033078125 0.964544578125 0.6771733531249999 0.9252318953125 0.6452317984375 0.945974984375
0 0.6321318875 0.7967036249999999 0.6071338078124999 0.75820995625 0.5743732390625 0.7794849187499999 0.59937131875 0.8179785859375001 0.6321318875 0.7967036249999999
0 0.6586565953125 0.708448825 0.6442959953125 0.686335440625 0.6246396546875 0.6991004171874999 0.6390002531250001 0.7212138015625 0.6586565953125 0.708448825
0 0.67016214375 0.7539580203125 0.6446321890625 0.7146453375 0.6176047203125 0.73219718125 0.643134675 0.7715098640625 0.67016214375 0.7539580203125
0 0.6461872 0.7654520687499999 0.6291672312500001 0.7392436140624999 0.608691875 0.752540465625 0.6257118453125 0.7787489203125 0.6461872 0.7654520687499999
0 0.7660655078125 0.79763961875 0.7474499171875 0.7689741203125 0.7228794890625 0.7849303421875 0.74149508125 0.8135958406249999 0.7660655078125 0.79763961875
0 0.7929869625 0.7888897515625 0.78181760625 0.771690453125 0.7670753515625 0.7812641859375 0.77824470625 0.798463484375 0.7929869625 0.7888897515625
0 0.8097082921875 0.79491484375 0.8011983078125 0.781810615625 0.787275065625 0.790852475 0.79578505 0.803956703125 0.8097082921875 0.79491484375
0 0.77831190625 0.882840096875 0.7932043796875 0.9057724953124999 0.8144987499999999 0.8919437703125 0.7996062765625 0.869011371875 0.77831190625 0.882840096875
0 0.48226756562500006 0.6116554625 0.4695025890625 0.591999121875 0.452303290625 0.6031684765625 0.4650682671875 0.6228248187500001 0.48226756562500006 0.6116554625
0 0.3931786625 0.47447057968750006 0.371371825 0.440890996875 0.34762041250000003 0.45631534374999994 0.36942724843749997 0.489894928125 0.3931786625 0.47447057968750006
0 0.2866863359375 0.297935459375 0.27073011406249997 0.2733650328125 0.2486167296875 0.2877256328125 0.2645729515625 0.312296059375 0.2866863359375 0.297935459375
0 0.1956316515625 0.21151490312500001 0.187653540625 0.1992296890625 0.1753683265625 0.2072078 0.1833464375 0.2194930140625 0.1956316515625 0.21151490312500001
0 0.0751645078125 0.2169711015625 0.0682501453125 0.206323915625 0.06251704531249999 0.210047034375 0.0694314078125 0.22069422031250002 0.0751645078125 0.2169711015625