0 0.2853909265625 0.4475564296875 0.28450480625 0.47293158750000003 0.307928028125 0.47374954375 0.3088141484375 0.4483743859375 0.2853909265625 0.4475564296875
0 0.300049015625 0.5594642859375 0.2991969765625 0.583863475 0.32262019999999997 0.5846814328125001 0.3234722375 0.5602822421875 0.300049015625 0.5594642859375
0 0.307900125 0.6144592859375 0.30711625 0.6369065421875 0.320779796875 0.6373836828125 0.321563671875 0.6149364281249999 0.307900125 0.6144592859375
0 0.40838141875 0.5632473359375 0.4077679515625 0.5808147531250001 0.4214314984375 0.5812918953125 0.42204496562499993 0.5637244781249999 0.40838141875 0.5632473359375
0 0.39798348125 0.637148221875 0.397165525 0.66057144375 0.41766084374999995 0.66128715625 0.4184788015625 0.637863934375 0.39798348125 0.637148221875
0 0.3480944921875 0.6666751078125001 0.347481025 0.6842425249999999 0.3591926359375 0.684651503125 0.359806103125 0.6670840859375 0.3480944921875 0.6666751078125001
0 0.3722643984375 0.7300572359374999 0.3715146046875 0.7515285234375 0.392009925 0.7522442359375 0.39275971875 0.7307729484375 0.3722643984375 0.7300572359374999
0 0.442359015625 0.7095417875 0.4415751390625 0.7319890421874999 0.462070459375 0.7327047546875 0.46285433437499995 0.7102575 0.442359015625 0.7095417875
0 0.568402915625 0.653848134375 0.5674145515625 0.6821511953125 0.5927897078125001 0.683037315625 0.5937780734375 0.6547342546875 0.568402915625 0.653848134375
0 0.5863452296875 0.643725959375 0.5853227828125 0.6730049874999999 0.60874600625 0.6738229437500001 0.6097684515624999 0.644543915625 0.5863452296875 0.643725959375
0 0.557630121875 0.43067997187499996 0.5571188984375001 0.44531948593750004 0.5707824453125 0.445796628125 0.57129366875 0.4311571140625 0.557630121875 0.43067997187499996
0 0.598778771875 0.4555687 0.5983357125000001 0.46825627968749994 0.6159031296874999 0.468869746875 0.6163461890625 0.45618216875 0.598778771875 0.4555687
0 0.631704525 0.3521626125 0.630647996875 0.38241760937499997 0.6589510578125 0.3834059734375 0.6600075859375 0.353150978125 0.631704525 0.3521626125
0 0.6047864109375001 0.33949671875 0.603934371875 0.363895909375 0.6234537234374999 0.3645775390625 0.6243057624999999 0.34017835 0.6047864109375001 0.33949671875
0 0.565019596875 0.38696591874999997 0.564235721875 0.4094131734375 0.584731040625 0.41012888593749997 0.5855149171875 0.38768163125 0.565019596875 0.38696591874999997
0 0.57024025 0.37737665 0.56942229375 0.40079987343749995 0.5899176125000001 0.4015155859375 0.5907355703125 0.3780923625 0.57024025 0.37737665
0 0.5361185749999999 0.2911723703125 0.5354028625 0.311667690625 0.5529702796875 0.3122811578125 0.5536859921875 0.2917858375 0.5361185749999999 0.2911723703125
0 0.6530332671875 0.5248871953124999 0.652147146875 0.5502623515625 0.6745944015625 0.5510462281249999 0.675480521875 0.5256710703125 0.6530332671875 0.5248871953124999
0 0.6277231624999999 0.6060845984375 0.62690520625 0.6295078203125 0.644472621875 0.6301212875 0.6452905796875 0.6066980656250001 0.6277231624999999 0.6060845984375
0 0.575135553125 0.57297915 0.5745902484375 0.58859463125 0.5911816984375 0.5891740171875 0.591727003125 0.5735585359375001 0.575135553125 0.57297915
0 0.5199732546875 0.5016746390625 0.5193257046875 0.5202180234375 0.5349411875000001 0.5207633281249999 0.5355887359375 0.50221994375 0.5199732546875 0.5016746390625
0 0.7336264906250001 0.6234630328125 0.7327062890625 0.6498141578125 0.757105478125 0.6506661953124999 0.7580256796875 0.6243150703125 0.7336264906250001 0.6234630328125
0 0.669695946875 0.7472838796875 0.6690483984375 0.7658272640625 0.686615815625 0.76644073125 0.6872633640625 0.747897346875 0.669695946875 0.7472838796875
0 0.5963620515625 0.748631634375 0.5952373609375 0.780838565625 0.6186605828125 0.781656521875 0.6197852734375 0.749449590625 0.5963620515625 0.748631634375
0 0.6128450578125 0.7663074937500001 0.61199301875 0.790706684375 0.630536403125 0.791354234375 0.6313884421875 0.76695504375 0.6128450578125 0.7663074937500001
0 0.5555635031249999 0.7696815453125 0.5548477921875 0.790176865625 0.5685113375 0.7906540078125001 0.5692270500000001 0.7701586875 0.5555635031249999 0.7696815453125
0 0.5035413296875 0.7903395203125 0.50296194375 0.80693096875 0.5185774249999999 0.8074762734375 0.5191568109375 0.790884825 0.5035413296875 0.7903395203125
0 0.5763794890625 0.845161025 0.5756978578124999 0.8646803765625 0.5942412421875 0.8653279265625 0.5949228734374999 0.8458085734375 0.5763794890625 0.845161025
0 0.5626694640625 0.8739969921874999 0.5620900765625 0.8905884421874999 0.5728257203125 0.8909633390625 0.5734051078125 0.8743718890625001 0.5626694640625 0.8739969921874999
0 0.5170050296875 0.824521625 0.5165278890625 0.838185171875 0.531167403125 0.8386963953125001 0.5316445437499999 0.8250328484375 0.5170050296875 0.824521625
0 0.49629748906250004 0.7319456734374999 0.495888509375 0.743657284375 0.506624153125 0.7440321812499999 0.5070331328125001 0.7323205703125 0.49629748906250004 0.7319456734374999
0 0.5376583609375001 0.8486946421875 0.5369085671875 0.8701659296875001 0.5632596921874999 0.87108613125 0.5640094859375 0.8496148437500001 0.5376583609375001 0.8486946421875
0 0.5622728828125 0.8573714625 0.5615912515625 0.8768908140624999 0.581110603125 0.8775724453124999 0.581792234375 0.8580530921875 0.5622728828125 0.8573714625
0 0.6855515343749999 0.852882028125 0.6846994953125 0.8772812171875 0.70812271875 0.878099175 0.7089747562500001 0.8536999843749999 0.6855515343749999 0.852882028125
0 0.746662596875 0.8657648078125 0.7457083124999999 0.8930919015625 0.77303540625 0.894046184375 0.7739896890625 0.866719090625 0.746662596875 0.8657648078125
0 0.747796575 0.88925619375 0.74704678125 0.91072748125 0.759734359375 0.9111705406249999 0.760484153125 0.889699253125 0.747796575 0.88925619375
0 0.7948413109375 0.8992048734375 0.79429600625 0.9148203546874999 0.8079595515625 0.915297496875 0.8085048562500001 0.8996820140624999 0.7948413109375 0.8992048734375
0 0.8003934921875 0.8241576125 0.7997800234375 0.8417250296875001 0.8212513109374999 0.8424748234375 0.821864778125 0.82490740625 0.8003934921875 0.8241576125
0 0.8164597859375 0.7558290375000001 0.8157440749999999 0.7763243578125001 0.8372153609374999 0.7770741515624999 0.8379310734375001 0.7565788312499999 0.8164597859375 0.7558290375000001
0 0.8382749781250001 0.8166860437500001 0.8378319187500001 0.8293736218750001 0.8485675625000001 0.82974851875 0.849010621875 0.817060940625 0.8382749781250001 0.8166860437500001
0 0.8447272109374999 0.7998111 0.844147825 0.8164025484374999 0.8578113703125 0.816879690625 0.8583907578125001 0.800288240625 0.8447272109374999 0.7998111
0 0.856977928125 0.7987731671875 0.8563985421875 0.815364615625 0.8700620890625 0.8158417578125 0.870641475 0.799250309375 0.856977928125 0.7987731671875
0 0.8675586703124999 0.6916553015625 0.866945203125 0.70922271875 0.8835366515624999 0.7098021046875 0.8841501203125001 0.6922346875 0.8675586703124999 0.6916553015625
0 0.7662408453125 0.654893840625 0.7654228875 0.6783170640625 0.789822078125 0.6791691015625 0.790640034375 0.6557458796875 0.7662408453125 0.654893840625
0 0.736311178125 0.6025478921875 0.7356636296875 0.6210912765625001 0.7522550781249999 0.6216706624999999 0.752902628125 0.603127278125 0.736311178125 0.6025478921875
0 0.757997796875 0.6111224671875 0.75752065625 0.6247860140625 0.7672803312500001 0.6251268296875 0.7677574734375 0.6114632828125 0.757997796875 0.6111224671875
0 0.8857612187499999 0.8559648734374999 0.8850795890625 0.8754842249999999 0.906550875 0.87623401875 0.90723250625 0.8567146671874999 0.8857612187499999 0.8559648734374999
0 0.895616940625 0.8675463562499999 0.8949693921874999 0.886089740625 0.9135127765625001 0.8867372906250001 0.9141603265624999 0.8681939062499999 0.895616940625 0.8675463562499999
0 0.9177187375000001 0.85024075 0.9172075140624999 0.8648802640625 0.9318470281250001 0.8653914875 0.9323582515625001 0.8507519734375 0.9177187375000001 0.85024075
0 0.918705546875 0.86395541875 0.91829656875 0.8756670296875001 0.9329360828125 0.8761782531250001 0.9333450609374999 0.8644666421875 0.918705546875 0.86395541875
0 0.9119078546875 0.8627408796875 0.9114988765625001 0.874452490625 0.9232104874999999 0.8748614703125 0.9236194671875 0.8631498578125001 0.9119078546875 0.8627408796875
0 0.9713102171875001 0.7426705359375 0.9918055375 0.7433862484375 0.99255533125 0.7219149609375 0.9720600109375 0.7211992484375 0.9713102171875001 0.7426705359375
0 0.9713907781250001 0.712381459375 0.9709136359375 0.72604500625 0.9845771828125001 0.726522146875 0.9850543234375 0.7128586 0.9713907781250001 0.712381459375
0 0.9156041687500001 0.6449637781249999 0.9151951890625 0.6566753890625 0.9259308328125 0.6570502859375 0.9263398125 0.645338675 0.9156041687500001 0.6449637781249999
0 0.9226295890625 0.62566595625 0.9222546921875001 0.6364016 0.9310384 0.6367083328125 0.931413296875 0.6259726890625 0.9226295890625 0.62566595625
0 0.956961971875 0.5379435124999999 0.9564507484375 0.5525830265625 0.9681623593750001 0.55299200625 0.9686735828125 0.5383524921875 0.956961971875 0.5379435124999999
0 0.94025745625 0.372709096875 0.9395417437500001 0.39320441562499997 0.958085128125 0.393851965625 0.9588008406249999 0.3733566453125 0.94025745625 0.372709096875
0 0.927746484375 0.353217628125 0.927167096875 0.3698090765625 0.9418066109375 0.3703203 0.9423859984374999 0.35372885 0.927746484375 0.353217628125
0 0.9464199953125 0.3641298765625 0.9459428546875 0.3777934234375 0.9625343031250001 0.378372809375 0.9630114453124999 0.3647092640625 0.9464199953125 0.3641298765625
0 0.890236784375 0.43398901093750003 0.8897596421875 0.4476525578125 0.9034231890625 0.44812969999999996 0.90390033125 0.434466153125 0.890236784375 0.43398901093750003
0 0.8929834375000001 0.42529050625 0.8926426218750001 0.4350501828125 0.9043542328124999 0.43545916093750003 0.9046950484374999 0.4256994859375 0.8929834375000001 0.42529050625
0 0.9066035937500001 0.5249476453125 0.9060923703125001 0.539587159375 0.9217078531249999 0.5401324640625 0.9222190765624999 0.5254929500000001 0.9066035937500001 0.5249476453125
0 0.8794190265624999 0.505920921875 0.8787373953125 0.5254402734375 0.8972807796875 0.526087821875 0.8979624109375001 0.5065684703125 0.8794190265624999 0.505920921875
0 0.872729778125 0.487609909375 0.8718777390625 0.5120090984375001 0.897252896875 0.51289521875 0.8981049343749999 0.48849602968749994 0.872729778125 0.487609909375
0 0.8491020656250001 0.4926477578125 0.8485226796875001 0.50923920625 0.8621862265625 0.5097163484375 0.8627656125 0.4931248984375 0.8491020656250001 0.4926477578125
0 0.8003191921875 0.37857107968750003 0.79909225625 0.4137059140625 0.8195875765625 0.41442162656250003 0.8208145124999999 0.3792867921875 0.8003191921875 0.37857107968750003
0 0.8369845859374999 0.41991493125 0.8364052 0.43650638124999996 0.8481168109375 0.43691535937500003 0.848696196875 0.4203239109375 0.8369845859374999 0.41991493125
0 0.8074871375000001 0.34120081562500004 0.8070099953125001 0.3548643625 0.8206735421875001 0.35534150468750003 0.8211506828124999 0.3416779578125 0.8074871375000001 0.34120081562500004
0 0.7670603984375 0.281648196875 0.7667195828125 0.29140787343749996 0.7764792578125 0.2917486890625 0.7768200734375 0.2819890125 0.7670603984375 0.281648196875
0 0.7478013015625 0.3014959671875 0.7474604859375 0.31125564375 0.7552682265625 0.3115282953125 0.7556090421875 0.30176862031249996 0.7478013015625 0.3014959671875
0 0.826524703125 0.3276968359375 0.8255363390625 0.3559998953125 0.8567673031249999 0.35709050468750003 0.8577556671875 0.32878744531250004 0.826524703125 0.3276968359375
0 0.8099890000000001 0.5074050015625 0.8094096140625 0.5239964515625 0.824049128125 0.524507675 0.8246285140625 0.507916225 0.8099890000000001 0.5074050015625
0 0.8156356718750001 0.4856161390625 0.8149540421875001 0.5051354906250001 0.8325214578125 0.505748959375 0.8332030890625 0.48622960624999995 0.8156356718750001 0.4856161390625
0 0.8054499765625 0.49747491874999994 0.804870590625 0.5140663671875 0.8214620406250001 0.5146457546875001 0.8220414265624999 0.4980543046875 0.8054499765625 0.49747491874999994
0 0.7314282515625 0.532510596875 0.730882946875 0.5481260781249999 0.7474743953125 0.5487054640625 0.7480197000000001 0.5330899828125 0.7314282515625 0.532510596875
0 0.7365234203125001 0.5405057859375 0.7357395453125 0.562953040625 0.7533069625000001 0.5635665078125001 0.7540908374999999 0.541119253125 0.7365234203125001 0.5405057859375
0 0.7250271406250001 0.5479215890625 0.72455 0.5615851359375 0.7391895140625 0.5620963578125 0.7396666546875 0.5484328125 0.7250271406250001 0.5479215890625
0 0.56898234375 0.32945199375 0.568743771875 0.33628376718749997 0.57752748125 0.3365905 0.5777660515624999 0.3297587265625 0.56898234375 0.32945199375
0 0.747200209375 0.4446285890625 0.7459051109375 0.48171535781249997 0.7820159125 0.48297637499999996 0.7833110109375 0.4458896046875 0.747200209375 0.4446285890625
0 0.7049671484375 0.4368022515625 0.7042514359375 0.45729757187500003 0.7257227234375 0.458047365625 0.7264384359375 0.43755204531249997 0.7049671484375 0.4368022515625
0 0.6723558828125 0.47523833125000003 0.671810578125 0.4908538125 0.693281865625 0.49160360625 0.6938271703125001 0.47598812500000004 0.6723558828125 0.47523833125000003
0 0.6665744390625 0.45891333593750006 0.6659268890625001 0.47745672031249997 0.684470275 0.47810426875 0.6851178234375 0.459560884375 0.6665744390625 0.45891333593750006
0 0.6817081359375 0.445273028125 0.6810605859375001 0.46381641250000005 0.6966760671875 0.4643617171875 0.6973236171874999 0.4458183328125 0.6817081359375 0.445273028125
0 0.676334115625 0.45925415 0.6754479953125 0.4846293078125 0.70375105625 0.48561767343750006 0.704637175 0.46024251562499996 0.676334115625 0.45925415
0 0.7002220828125 0.474745703125 0.6995745328125 0.4932890875 0.7210458203125001 0.49403888125 0.72169336875 0.475495496875 0.7002220828125 0.474745703125
0 0.7138794296875 0.489391415625 0.7130273921875 0.51379060625 0.735474646875 0.51457448125 0.736326684375 0.490175290625 0.7138794296875 0.489391415625
0 0.7292857781250001 0.46794336718749996 0.7282633328125 0.4972223953125 0.7575423609375 0.4982448421875 0.75856480625 0.46896581406250004 0.7292857781250001 0.46794336718749996
0 0.7292067734375001 0.456214715625 0.72859330625 0.47378213281250003 0.75006459375 0.4745319265625 0.7506780609375 0.456964509375 0.7292067734375001 0.456214715625
0 0.7402243562499999 0.5044801890625 0.739849459375 0.51521583125 0.7496091359375 0.515556646875 0.7499840328125 0.504821003125 0.7402243562499999 0.5044801890625
0 0.7259938218750001 0.49225735468750004 0.725346271875 0.5108007390625 0.7448656234375 0.5114823687500001 0.7455131734375 0.492938984375 0.7259938218750001 0.49225735468750004
0 0.31983793125000004 0.4824712875 0.31919038125 0.5010146718749999 0.332853928125 0.5014918140625 0.3335014765625 0.4829484296875 0.31983793125000004 0.4824712875
0 0.3311064828125 0.49556784531250003 0.3305270953125 0.51215929375 0.345166609375 0.5126705171875 0.34574599687499996 0.49607906875 0.3311064828125 0.49556784531250003
0 0.3204932328125 0.407741603125 0.3199820109375 0.4223811171875 0.33364555625 0.42285825781249997 0.3341567796875 0.40821874375 0.3204932328125 0.407741603125
0 0.172613990625 0.48710169218750005 0.1715915453125 0.5163807203124999 0.1872070265625 0.516926025 0.18822947343750002 0.487646996875 0.172613990625 0.48710169218750005
0 0.1886709984375 0.3630748015625 0.188159775 0.377714315625 0.201823321875 0.37819145625 0.2023345453125 0.36355194218750003 0.1886709984375 0.3630748015625
0 0.2214929515625 0.3046143453125 0.2207090765625 0.3270616 0.2470602015625 0.3279818015625 0.24784407812499998 0.30553454687500003 0.2214929515625 0.3046143453125
0 0.25967652812500003 0.26050990937499996 0.258824490625 0.2849091 0.280295778125 0.28565889375000003 0.281147815625 0.261259703125 0.25967652812500003 0.26050990937499996
0 0.2505488953125 0.3539983109375 0.250003590625 0.3696137921875 0.2646431046875 0.370125015625 0.265188409375 0.3545095328125 0.2505488953125 0.3539983109375
0 0.260949921875 0.3499643125 0.26013196562499996 0.373387534375 0.2796513171875 0.37406916562500003 0.280469275 0.35064594375 0.260949921875 0.3499643125
0 0.2047233625 0.2111987515625 0.2041098953125 0.22876616875 0.21777344062499998 0.229243309375 0.218386909375 0.21167589375 0.2047233625 0.2111987515625
0 0.345375784375 0.226859178125 0.344728234375 0.24540256249999998 0.3593677484375 0.24591378593750002 0.3600152984375 0.2273704015625 0.345375784375 0.226859178125
0 0.34965610625 0.17424213125000002 0.3491448828125 0.1888816453125 0.3618324625 0.1893247046875 0.3623436859375 0.17468519062500001 0.34965610625 0.17424213125000002
0 0.2790703765625 0.43267834374999997 0.27825241875 0.45610156718750006 0.3046035453125 0.45702176874999995 0.30542150156250003 0.43359854531249997 0.2790703765625 0.43267834374999997
0 0.3101371296875 0.42448022031250005 0.30955774375 0.4410716703125 0.3271251609375 0.44168513750000005 0.327704546875 0.4250936875 0.3101371296875 0.42448022031250005
0 0.32226236406250003 0.44102674531249997 0.321785221875 0.45469029218749996 0.332520865625 0.4550651890625 0.3329980078125 0.44140164375 0.32226236406250003 0.44102674531249997
0 0.0172988359375 0.3316842515625 0.0165149609375 0.35413150625 0.0409141515625 0.3549835453125 0.041698026562500004 0.332536290625 0.0172988359375 0.3316842515625
0 0.1187142640625 0.33766865 0.118203040625 0.3523081640625 0.1328425546875 0.35281938749999997 0.133353778125 0.3381798734375 0.1187142640625 0.33766865
0 0.1088415 0.32657515 0.108330278125 0.3412146640625 0.12589769374999998 0.3418281328125 0.1264089171875 0.32718861875 0.1088415 0.32657515
0 0.0722071 0.21438844375000002 0.071423225 0.23683569843750002 0.094846446875 0.23765365625 0.09563032187500001 0.21520640000000002 0.0722071 0.21438844375000002
0 0.1306412265625 0.1920000640625 0.130130003125 0.20663957812499997 0.14379355 0.2071167203125 0.14430477343749998 0.19247720625 0.1306412265625 0.1920000640625
0 0.164575453125 0.283572165625 0.1639619859375 0.3011395828125 0.1844573046875 0.3018552953125 0.1850707734375 0.284287878125 0.164575453125 0.283572165625
0 0.014366290625 0.30373284843750004 0.013377924999999999 0.332035909375 0.037777115625 0.332887946875 0.0387654796875 0.3045848875 0.014366290625 0.30373284843750004
0 0.702040821875 0.24077993125 0.701325109375 0.2612752515625 0.727676234375 0.26219545312500003 0.728391946875 0.2417001328125 0.702040821875 0.24077993125
0 0.701780565625 0.22025053125 0.7012011796875 0.2368419796875 0.7177926296875 0.237421365625 0.718372015625 0.22082991718749997 0.701780565625 0.22025053125
0 0 0.9276349734375 0.0135714890625 0.9281089015624999 0.0142190390625 0.9095655171875 0 0.9090689765625 0 0.9276349734375
0 0.05449860937499999 0.95934141875 0.053612489062500004 0.9847165765625 0.07215587343749999 0.9853641265625 0.07304199375 0.95998896875 0.05449860937499999 0.95934141875
0 0.044650640625 0.891573634375 0.0435941125 0.92182863125 0.06994523750000001 0.9227488328125 0.071001765625 0.8924938359375 0.044650640625 0.891573634375
0 0.035792590624999995 0.7534850609375 0.0352132046875 0.7700765109375001 0.050828687500000004 0.770621815625 0.0514080734375 0.754030365625 0.035792590624999995 0.7534850609375
0 0.0500587625 0.7227141984375 0.04930896875 0.7441854859375 0.0766360625 0.74513976875 0.07738585625 0.72366848125 0.0500587625 0.7227141984375
0 0.0529928640625 0.708647871875 0.052311234375 0.728167225 0.0649988125 0.728610284375 0.06568044375 0.7090909328125 0.0529928640625 0.708647871875
0 0.134998896875 0.9626411296875 0.1341809390625 0.986064353125 0.16443593437499998 0.9871208796875001 0.1652538921875 0.9636976578124999 0.134998896875 0.9626411296875
0 0.1050599421875 0.8545968640625 0.104105659375 0.88192395625 0.13338468750000002 0.882946403125 0.1343389703125 0.8556193109375 0.1050599421875 0.8545968640625
0 0.1136097234375 0.8895845296875 0.1125531953125 0.9198395250000001 0.13109658125 0.9204870749999999 0.1321531078125 0.8902320781249999 0.1136097234375 0.8895845296875
0 0.073873903125 0.8662108749999999 0.0729196203125 0.8935379671874999 0.1021986484375 0.8945604140625001 0.10315293125 0.8672333203125 0.073873903125 0.8662108749999999
0 0.0900904546875 0.8775259046875 0.0892724984375 0.9009491265625 0.1107437859375 0.9016989203125 0.1115617421875 0.8782756984375 0.0900904546875 0.8775259046875
0 0.15279870625 0.8166890499999999 0.1521852375 0.834256465625 0.1726805578125 0.834972178125 0.173294025 0.8174047609375 0.15279870625 0.8166890499999999
0 0.2404994640625 0.8236602578125 0.2397155890625 0.8461075125 0.2582589734375 0.8467550625 0.2590428484375 0.8243078078125 0.2404994640625 0.8236602578125
0 0.23207825624999998 0.8409550234375001 0.2315670328125 0.8555945375 0.24620654687500002 0.856105759375 0.2467177703125 0.8414662453125 0.23207825624999998 0.8409550234375001
0 0.2787325875 0.974011946875 0.2780850390625 0.99255533125 0.3015082609375 0.9933732875000001 0.3021558109375 0.974829903125 0.2787325875 0.974011946875
0 0.2953581390625 0.8197130187500001 0.2946424265625 0.8402083390625 0.309281940625 0.8407195609375 0.309997653125 0.8202242421875001 0.2953581390625 0.8197130187500001
0 0.2583302453125 0.76076766875 0.257784940625 0.77638315 0.27632832500000004 0.7770307 0.27687362968749996 0.7614152171875 0.2583302453125 0.76076766875
0 0.27684574687499997 0.7482226140625 0.27623227968749997 0.76579003125 0.29087179375 0.7663012546875 0.2914852609375 0.7487338375 0.27684574687499997 0.7482226140625
0 0.26449898437499997 0.738019878125 0.263783271875 0.7585151984375 0.2833026234375 0.759196828125 0.28401833593750003 0.738701509375 0.26449898437499997 0.738019878125
0 0.2615308015625 0.753062171875 0.2611559046875 0.763797815625 0.2787233203125 0.764411284375 0.2790982171875 0.753675640625 0.2615308015625 0.753062171875
0 0.3914181421875 0.797172828125 0.390600184375 0.82059605 0.4140234078125 0.82141400625 0.4148413640625 0.797990784375 0.3914181421875 0.797172828125
0 0.4153339921875 0.8258569828125 0.4147205234375 0.8434244 0.4332639078125 0.84407195 0.4338773765625 0.8265045328125 0.4153339921875 0.8258569828125
0 0.44990183593750005 0.8153382265625 0.44918612343750003 0.8358335453124999 0.4657775734375 0.8364129312499999 0.4664932859375 0.8159176125000001 0.44990183593750005 0.8153382265625
0 0.3609927375 0.8009961375 0.3603451890625 0.8195395218750001 0.3788885734375 0.820187071875 0.379536121875 0.8016436875 0.3609927375 0.8009961375
0 0.362938475 0.815232871875 0.36229092500000004 0.83377625625 0.37985834218750003 0.8343897234375 0.3805058921875 0.8158463390625 0.362938475 0.815232871875
0 0.3764223265625 0.764891534375 0.375911103125 0.7795310484375 0.38762271406250004 0.779940028125 0.3881339375 0.7653005140625 0.3764223265625 0.764891534375
0 0.36464875 0.7522659203125001 0.3640693640625 0.7688573703125 0.384564684375 0.7695730828125 0.38514407031250003 0.7529816328125001 0.36464875 0.7522659203125001
0 0.45491646562500004 0.6997201468750001 0.45433707968750003 0.7163115953125 0.46995256249999995 0.7168569 0.4705319484375 0.7002654515625 0.45491646562500004 0.6997201468750001
0 0.609342390625 0.9645482031249999 0.608626678125 0.9850435234375 0.6320499015625 0.9858614796875 0.6327656140625 0.9653661609374999 0.609342390625 0.9645482031249999
0 0.595889915625 1 0.596887184375 0.971441940625 0.5646802531249999 0.9703172500000001 0.563643709375 1 0.595889915625 1
0 0.69556000625 1 0.69664036875 0.9690624531250001 0.6536977953124999 0.9675628656249999 0.6525650640625 1 0.69556000625 1
0 0.747028184375 0.95323319375 0.746176146875 0.9776323843749999 0.7686234015625 0.9784162593750001 0.7694754406250001 0.9540170703124999 0.747028184375 0.95323319375
0 0.699478425 0.9437554578125 0.6985582234375001 0.9701065828125 0.7219814453125 0.970924540625 0.722901646875 0.944573415625 0.699478425 0.9437554578125
0 0.8085079453124999 0.9695489015625001 0.8079285593750001 0.9861403515625 0.8225680734375 0.986651575 0.8231474593750001 0.970060125 0.8085079453124999 0.9695489015625001
0 0.718481909375 0.9312274453124999 0.7175276265625 0.9585545375000001 0.732167140625 0.9590657609375001 0.7331214234375001 0.9317386671874999 0.718481909375 0.9312274453124999
0 0.7328146906249999 0.9405223765624999 0.7319285703125 0.965897534375 0.752423890625 0.9666132468749999 0.753310009375 0.9412380890625001 0.7328146906249999 0.9405223765624999
0 0.698274728125 0.9642337375000001 0.6976271796875 0.982777121875 0.7103147578125 0.9832201812499999 0.7109623078125 0.964676796875 0.698274728125 0.9642337375000001
0 0.729760528125 1 0.7301516859375 0.9887986906249999 0.6989207234375 0.9877080812499999 0.6984914796874999 1 0.729760528125 1
0 0.71754605625 1 0.7177476015625001 0.994228478125 0.7001801859375 0.9936150093749999 0.6999572171875 1 0.71754605625 1
0 0.7468607890625 1 0.7476230578124999 0.9781714906250001 0.7300556406250001 0.9775580234374999 0.7292719484375 1 0.7468607890625 1
0 0.7053047921875 0.9727850734375 0.7045209171875 0.9952323281250001 0.7308720421875 0.9961525296874999 0.7316559171875 0.973705275 0.7053047921875 0.9727850734375
0 0.746715253125 0.9761854734375 0.7461358671875 0.9927769234375001 0.7676071531249999 0.9935267171875 0.768186540625 0.9769352671875 0.746715253125 0.9761854734375
0 0.7747097843749999 1 0.7750121140624999 0.9913424093750001 0.7467090546875 0.9903540453125 0.746372209375 1 0.7747097843749999 1
0 0.8832717125 0.9692282375 0.8828286515625001 0.981915815625 0.89551623125 0.9823588765625001 0.895959290625 0.9696712968750001 0.8832717125 0.9692282375
0 0.9608100140625 0.9734016703125 0.960298790625 0.988041184375 0.9720104031250001 0.9884501640625001 0.9725216250000001 0.9738106500000001 0.9608100140625 0.9734016703125
0 0.96476696875 1 0.9652297515624999 0.9867476421875001 0.9505902374999999 0.9862364187500001 0.9501096015625 1 0.96476696875 1
0 0.6290894921875 0.790815128125 0.6275899046875 0.8337577015625 0.6568689328125 0.8347801484374999 0.6583685203125 0.7918375734375 0.6290894921875 0.790815128125
0 0.6479210156249999 0.82518468125 0.6470348953125 0.8505598390625 0.67533795625 0.851548203125 0.6762240765625 0.826173046875 0.6479210156249999 0.82518468125
0 0.6756958125 0.8413005437500001 0.6752186703125 0.854964090625 0.6879062499999999 0.8554071499999999 0.688383390625 0.8417436046875 0.6756958125 0.8413005437500001
0 0.675595121875 0.8022107171874999 0.6748112468749999 0.824657971875 0.6982344687500001 0.8254759296874999 0.6990183453125 0.803028675 0.675595121875 0.8022107171874999
0 0.6879651250000001 0.7977568984375 0.6872834937500001 0.8172762515625 0.706802846875 0.8179578812500001 0.7074844765625 0.7984385296875 0.6879651250000001 0.7977568984375
0 0.669211053125 0.8171337265625 0.667779628125 0.858124365625 0.6931547859375 0.8590104859375 0.6945862109375 0.818019846875 0.669211053125 0.8171337265625
0 0.6514236609374999 0.78084631875 0.650605703125 0.8042695406249999 0.69159634375 0.805700965625 0.6924143 0.78227774375 0.6514236609374999 0.78084631875
0 0.654594778125 0.8019659484374999 0.6540494734375 0.8175814296875 0.670640921875 0.818160815625 0.6711862265625 0.802545334375 0.654594778125 0.8019659484374999
0 0.650777665625 0.7573719734375 0.6498233828125 0.7846990671875 0.685934184375 0.785960084375 0.6868884671875 0.758632990625 0.650777665625 0.7573719734375
0 0.12309834374999999 0.5479106640625 0.12228038593749999 0.5713338859375 0.1466795765625 0.572185925 0.147497534375 0.548762703125 0.12309834374999999 0.5479106640625
0 0.1492790609375 0.5537107031249999 0.1484270234375 0.57810989375 0.167946375 0.578791525 0.1687984140625 0.554392334375 0.1492790609375 0.5537107031249999
0 0 0.577812496875 0.040900178125 0.5792407625 0.042297521875 0.5392260906249999 0 0.5377490296875 0 0.577812496875
0 0 0.6178759656249999 0.011199774999999999 0.61826706875 0.011915487499999999 0.5977717499999999 0 0.5973556515625 0 0.6178759656249999
0 0 0.5988213890625 0.021624040625 0.5995765171875 0.0225783234375 0.5722494234375 0 0.5714609703125 0 0.5988213890625
0 0.0224389703125 0.04457936875 0.0216550953125 0.0670266234375 0.0431263828125 0.06777641718750001 0.0439102578125 0.0453291625 0.0224389703125 0.04457936875
0 0.038661721875 0.0417258265625 0.0381504984375 0.056365340625 0.0518140453125 0.0568424828125 0.05232526875 0.04220296875 0.038661721875 0.0417258265625
0 0.1339595328125 0.0689940640625 0.1332097390625 0.09046535156249999 0.1595608640625 0.09138555312499999 0.1603106578125 0.069914265625 0.1339595328125 0.0689940640625
0 0.21063284843750002 0 0.21034837187500002 0.0081463671875 0.2269398203125 0.008725753125000001 0.2272445296875 0 0.21063284843750002 0
0 0.3806996421875 0.026798215625 0.3799498484375 0.048269503125 0.397517265625 0.0488829703125 0.398267059375 0.027411682812499998 0.3806996421875 0.026798215625
0 0.36539707187500003 0.157202978125 0.36495401250000004 0.16989055625 0.3766656234375 0.1702995359375 0.3771086828125 0.15761195625 0.36539707187500003 0.157202978125
0 0.4434915421875 0.005539170312499999 0.4431166453125 0.0162748140625 0.4558042234375 0.016717875 0.45617912031249996 0.00598223125 0.4434915421875 0.005539170312499999
0 0.44270781562500006 0 0.44244741093749995 0.007457025000000001 0.4580628921875 0.0080023296875 0.45834234062499996 0 0.44270781562500006 0
0 0.48915597499999997 0.0550145390625 0.48857658906249996 0.0716059875 0.5002882 0.07201496562500001 0.5008675859375 0.05542351718750001 0.48915597499999997 0.0550145390625
0 0.55828235625 0.132181053125 0.5576348078125 0.1507244375 0.5761781921875 0.1513719875 0.576825740625 0.132828603125 0.55828235625 0.132181053125
0 0.609429253125 0.1505788234375 0.6088839484374999 0.16619430625 0.6225474953125001 0.166671446875 0.6230928 0.151055965625 0.609429253125 0.1505788234375
0 0.6024162296875 0.1415395046875 0.6020072515625 0.153251115625 0.616646765625 0.1537623390625 0.61705574375 0.1420507265625 0.6024162296875 0.1415395046875
0 0.6031195453125 0.1493813265625 0.602574240625 0.16499680781249998 0.6123339171875 0.1653376234375 0.612879221875 0.1497221421875 0.6031195453125 0.1493813265625
0 0.7146013828125 0.14692283281250001 0.714021996875 0.16351428125 0.7325653812499999 0.16416183125 0.7331447671875 0.14757038125 0.7146013828125 0.14692283281250001
0 0.5749047984375 0.061917584375 0.574052759375 0.086316775 0.590644209375 0.0868961609375 0.591496246875 0.0624969703125 0.5749047984375 0.061917584375
0 0.594287825 0.0665030859375 0.5934357859375 0.090902275 0.6129551375 0.09158390625 0.6138071765625 0.067184715625 0.594287825 0.0665030859375
0 0.5774190796875 0.045882281250000004 0.5763966328125 0.075161309375 0.6007958234374999 0.07601334843749999 0.60181826875 0.0467343203125 0.5774190796875 0.045882281250000004
0 0.578855146875 0.0327408 0.578003109375 0.057139990625000005 0.6053302015625001 0.058094273437499996 0.606182240625 0.033695084375 0.578855146875 0.0327408
0 0.5894947453125 0.0218750296875 0.588983521875 0.03651454375 0.60264706875 0.036991684375 0.6031582906249999 0.0223521703125 0.5894947453125 0.0218750296875
0 0.5777320109375 0.022930003125 0.5784477234375001 0.0024346828125 0.53940901875 0.0010714218750000001 0.5386933078125 0.021566740625 0.5777320109375 0.022930003125
0 0.8035337203124999 0.146608365625 0.8027157624999999 0.1700315890625 0.8232110828125 0.1707473015625 0.8240290390625 0.14732407812499998 0.8035337203124999 0.146608365625
0 0.8172313484375 0.14610954062499998 0.816413390625 0.1695327625 0.8339808078125 0.17014622968749998 0.8347987640625 0.1467230078125 0.8172313484375 0.14610954062499998
0 0.816986578125 0.16710988437500002 0.8163390296875 0.18565326875 0.832930478125 0.1862326546875 0.833578028125 0.1676892703125 0.816986578125 0.16710988437500002
0 0.8086226906249999 0.1687721265625 0.80817963125 0.1814597046875 0.8189152749999999 0.1818346015625 0.8193583343749999 0.16914702343750002 0.8086226906249999 0.1687721265625
0 0.812622628125 0.026246775 0.8123158937499999 0.0350304828125 0.8240275046875001 0.0354394609375 0.8243342390624999 0.026655753124999997 0.812622628125 0.026246775
0 0.9349950093749999 0.131655940625 0.934279296875 0.15215125937500001 0.950870746875 0.152730646875 0.9515864593750001 0.1322353265625 0.9349950093749999 0.131655940625
0 0.936624725 0.09897806718749999 0.9361135015625001 0.11361758125000002 0.9497770484375 0.114094721875 0.950288271875 0.0994552078125 0.936624725 0.09897806718749999
0 0.92685420625 0.08495666406249999 0.9264793093750001 0.0956923078125 0.937214953125 0.09606720468749999 0.93758985 0.0853315609375 0.92685420625 0.08495666406249999
0 0.8976681359375001 0.0253079984375 0.8980771140625 0.013596387500000001 0.8814856640625001 0.0130170015625 0.8810766859375001 0.0247286125 0.8976681359375001 0.0253079984375
0 0.8442796109374999 0.0151377890625 0.8438706312500001 0.026849400000000002 0.8516783734375 0.027122053125 0.8520873515625 0.015410440624999999 0.8442796109374999 0.0151377890625
0 0.9328370515625 0.025558965625000003 0.9332119484374999 0.014823321875 0.9146685640625 0.0141757734375 0.9142936671875 0.0249114171875 0.9328370515625 0.025558965625000003
0 0.9261756859375 0.0204405578125 0.9259030328125 0.028248298437500003 0.9366386765625 0.0286231953125 0.9369113296875 0.020815454687500002 0.9261756859375 0.0204405578125
0 0.9437090203125 0.0220299921875 0.9439475921874999 0.01519821875 0.9293080781249999 0.014686996875 0.92906950625 0.02151876875 0.9437090203125 0.0220299921875
0 0.9835703046875001 0.1817215359375 0.9831954078124999 0.1924571796875 0.99490701875 0.1928661578125 0.9952819156249999 0.1821305140625 0.9835703046875001 0.1817215359375
0 0.9862147125 0.175950934375 0.9859079796874999 0.1847346421875 0.997619590625 0.185143621875 0.9979263250000001 0.1763599125 0.9862147125 0.175950934375
0 1 0.048913240625 0.9911503375 0.048604203125 0.9902983000000001 0.0730033921875 1 0.0733421828125 1 0.048913240625
0 0.960508028125 0.24052280625 0.9602353750000001 0.24833054843750002 0.9670671484375 0.24856911875 0.9673398000000001 0.24076137812499998 0.960508028125 0.24052280625