0 0.54931640625 0.38134765625 0.51611328125 0.38134765625 0.51611328125 0.45556640625 0.54931640625 0.45556640625 0.54931640625 0.38134765625
0 0.45263671875 0.271484375 0.42724609375 0.271484375 0.42724609375 0.302734375 0.45263671875 0.302734375 0.45263671875 0.271484375
0 0.39892578125 0.23779296875 0.37451171875 0.23779296875 0.37451171875 0.25537109375 0.39892578125 0.25537109375 0.39892578125 0.23779296875
0 0.453125 0.1943359375 0.4208984375 0.1943359375 0.4208984375 0.22265625 0.453125 0.22265625 0.453125 0.1943359375
0 0.68896484375 0.1220703125 0.66845703125 0.1220703125 0.66845703125 0.1376953125 0.68896484375 0.1376953125 0.68896484375 0.1220703125
0 0.7373046875 0.2373046875 0.68359375 0.2373046875 0.68359375 0.3037109375 0.7373046875 0.3037109375 0.7373046875 0.2373046875
0 0.8359375 0.296875 0.8037109375 0.296875 0.8037109375 0.3505859375 0.8359375 0.3505859375 0.8359375 0.296875
0 0.87158203125 0.32763671875 0.84423828125 0.32763671875 0.84423828125 0.35107421875 0.87158203125 0.35107421875 0.87158203125 0.32763671875
0 0.85400390625 0.185546875 0.82275390625 0.185546875 0.82275390625 0.2216796875 0.85400390625 0.2216796875 0.85400390625 0.185546875
0 0.89453125 0.15234375 0.8720703125 0.15234375 0.8720703125 0.1806640625 0.89453125 0.1806640625 0.89453125 0.15234375
0 0.85107421875 0.13134765625 0.80615234375 0.13134765625 0.80615234375 0.16748046875 0.85107421875 0.16748046875 0.85107421875 0.13134765625
0 0.916015625 0.01611328125 0.8701171875 0.01611328125 0.8701171875 0.05615234375 0.916015625 0.05615234375 0.916015625 0.01611328125
0 0.80615234375 0 0.80615234375 0.0068359375 0.83154296875 0.0068359375 0.83154296875 0 0.80615234375 0
0 1 0.1083984375 0.9814453125 0.1083984375 0.9814453125 0.134765625 1 0.134765625 1 0.1083984375
0 1 0.15234375 0.98828125 0.15234375 0.98828125 0.177734375 1 0.177734375 1 0.15234375
0 0.95947265625 0.3818359375 0.93310546875 0.3818359375 0.93310546875 0.421875 0.95947265625 0.421875 0.95947265625 0.3818359375
0 1 0.41748046875 0.9921875 0.41748046875 0.9921875 0.43017578125 1 0.43017578125 1 0.41748046875
0 0.943359375 0.486328125 0.927734375 0.486328125 0.927734375 0.5029296875 0.943359375 0.5029296875 0.943359375 0.486328125
0 1 0.46240234375 0.994140625 0.46240234375 0.994140625 0.48681640625 1 0.48681640625 1 0.46240234375
0 0.8984375 0.5791015625 0.876953125 0.5791015625 0.876953125 0.599609375 0.8984375 0.599609375 0.8984375 0.5791015625
0 0.82177734375 0.59619140625 0.79931640625 0.59619140625 0.79931640625 0.62353515625 0.82177734375 0.62353515625 0.82177734375 0.59619140625
0 0.86083984375 0.60791015625 0.82861328125 0.60791015625 0.82861328125 0.63720703125 0.86083984375 0.63720703125 0.86083984375 0.60791015625
0 0.8662109375 0.64794921875 0.8203125 0.64794921875 0.8203125 0.67333984375 0.8662109375 0.67333984375 0.8662109375 0.64794921875
0 0.7236328125 0.6708984375 0.6904296875 0.6708984375 0.6904296875 0.69921875 0.7236328125 0.69921875 0.7236328125 0.6708984375
0 0.72607421875 0.7978515625 0.66650390625 0.7978515625 0.66650390625 0.8359375 0.72607421875 0.8359375 0.72607421875 0.7978515625
0 0.9482421875 0.84521484375 0.90234375 0.84521484375 0.90234375 0.88037109375 0.9482421875 0.88037109375 0.9482421875 0.84521484375
0 0.9169921875 0.9453125 0.8896484375 0.9453125 0.8896484375 0.966796875 0.9169921875 0.966796875 0.9169921875 0.9453125
0 0.8779296875 0.95703125 0.8662109375 0.95703125 0.8662109375 0.9697265625 0.8779296875 0.9697265625 0.8779296875 0.95703125
0 0.82373046875 0.86279296875 0.78271484375 0.86279296875 0.78271484375 0.92919921875 0.82373046875 0.92919921875 0.82373046875 0.86279296875
0 0.7548828125 0.87890625 0.7431640625 0.87890625 0.7431640625 0.892578125 0.7548828125 0.892578125 0.7548828125 0.87890625
0 0.65576171875 0.92431640625 0.63916015625 0.92431640625 0.63916015625 0.94580078125 0.65576171875 0.94580078125 0.65576171875 0.92431640625
0 0.7333984375 0.978515625 0.7216796875 0.978515625 0.7216796875 0.9931640625 0.7333984375 0.9931640625 0.7333984375 0.978515625
0 0.79443359375 0.98583984375 0.78173828125 0.98583984375 0.78173828125 0.99658203125 0.79443359375 0.99658203125 0.79443359375 0.98583984375
0 0.63427734375 0.83740234375 0.58642578125 0.83740234375 0.58642578125 0.88427734375 0.63427734375 0.88427734375 0.63427734375 0.83740234375
0 0.46435546875 0.57958984375 0.41845703125 0.57958984375 0.41845703125 0.62353515625 0.46435546875 0.62353515625 0.46435546875 0.57958984375
0 0.5556640625 0.6396484375 0.515625 0.6396484375 0.515625 0.6728515625 0.5556640625 0.6728515625 0.5556640625 0.6396484375
0 0.6298828125 0.5244140625 0.603515625 0.5244140625 0.603515625 0.546875 0.6298828125 0.546875 0.6298828125 0.5244140625
0 0.39794921875 0.4326171875 0.36181640625 0.4326171875 0.36181640625 0.4716796875 0.39794921875 0.4716796875 0.39794921875 0.4326171875
0 0.35546875 0.47412109375 0.3349609375 0.47412109375 0.3349609375 0.49072265625 0.35546875 0.49072265625 0.35546875 0.47412109375
0 0.30615234375 0.4248046875 0.25537109375 0.4248046875 0.25537109375 0.470703125 0.30615234375 0.470703125 0.30615234375 0.4248046875
0 0.21533203125 0.431640625 0.17138671875 0.431640625 0.17138671875 0.4794921875 0.21533203125 0.4794921875 0.21533203125 0.431640625
0 0.29345703125 0.49951171875 0.24755859375 0.49951171875 0.24755859375 0.54638671875 0.29345703125 0.54638671875 0.29345703125 0.49951171875
0 0.3662109375 0.3603515625 0.3271484375 0.3603515625 0.3271484375 0.390625 0.3662109375 0.390625 0.3662109375 0.3603515625
0 0.26171875 0.27587890625 0.2373046875 0.27587890625 0.2373046875 0.32373046875 0.26171875 0.32373046875 0.26171875 0.27587890625
0 0.2177734375 0.29443359375 0.205078125 0.29443359375 0.205078125 0.30517578125 0.2177734375 0.30517578125 0.2177734375 0.29443359375
0 0.23486328125 0.197265625 0.17822265625 0.197265625 0.17822265625 0.244140625 0.23486328125 0.244140625 0.23486328125 0.197265625
0 0.13916015625 0.244140625 0.06884765625 0.244140625 0.06884765625 0.2890625 0.13916015625 0.2890625 0.13916015625 0.244140625
0 0.0498046875 0.298828125 0.021484375 0.298828125 0.021484375 0.3203125 0.0498046875 0.3203125 0.0498046875 0.298828125
0 0.12451171875 0.3544921875 0.06787109375 0.3544921875 0.06787109375 0.4052734375 0.12451171875 0.4052734375 0.12451171875 0.3544921875
0 0.0927734375 0.44384765625 0.0419921875 0.44384765625 0.0419921875 0.49072265625 0.0927734375 0.49072265625 0.0927734375 0.44384765625
0 0.0498046875 0.0009765625 0.0166015625 0.0009765625 0.0166015625 0.0322265625 0.0498046875 0.0322265625 0.0498046875 0.0009765625
0 0.1796875 0.7548828125 0.1494140625 0.7548828125 0.1494140625 0.80078125 0.1796875 0.80078125 0.1796875 0.7548828125
0 0.1259765625 0.78857421875 0.0888671875 0.78857421875 0.0888671875 0.82373046875 0.1259765625 0.82373046875 0.1259765625 0.78857421875
0 0.240234375 0.763671875 0.2080078125 0.763671875 0.2080078125 0.8095703125 0.240234375 0.8095703125 0.240234375 0.763671875
0 0.33740234375 0.59228515625 0.30615234375 0.59228515625 0.30615234375 0.63427734375 0.33740234375 0.63427734375 0.33740234375 0.59228515625
0 0.3935546875 0.6103515625 0.3681640625 0.6103515625 0.3681640625 0.640625 0.3935546875 0.640625 0.3935546875 0.6103515625
0 0.43408203125 0.71484375 0.38818359375 0.71484375 0.38818359375 0.759765625 0.43408203125 0.759765625 0.43408203125 0.71484375
0 0.3564453125 0.78466796875 0.31640625 0.78466796875 0.31640625 0.82763671875 0.3564453125 0.82763671875 0.3564453125 0.78466796875
0 0.30322265625 0.814453125 0.26123046875 0.814453125 0.26123046875 0.8515625 0.30322265625 0.8515625 0.30322265625 0.814453125
0 0.24755859375 0.8642578125 0.20068359375 0.8642578125 0.20068359375 0.919921875 0.24755859375 0.919921875 0.24755859375 0.8642578125
0 0.12890625 0.90966796875 0.0888671875 0.90966796875 0.0888671875 0.94580078125 0.12890625 0.94580078125 0.12890625 0.90966796875
0 0.21044921875 0.89208984375 0.18310546875 0.89208984375 0.18310546875 0.91357421875 0.21044921875 0.91357421875 0.21044921875 0.89208984375
0 0.40283203125 0.84130859375 0.35693359375 0.84130859375 0.35693359375 0.86865234375 0.40283203125 0.86865234375 0.40283203125 0.84130859375
0 0.3466796875 0.87451171875 0.310546875 0.87451171875 0.310546875 0.91650390625 0.3466796875 0.91650390625 0.3466796875 0.87451171875
0 0.15966796875 1 0.15966796875 0.984375 0.14013671875 0.984375 0.14013671875 1 0.15966796875 1
0 0.5322265625 0.72265625 0.4921875 0.72265625 0.4921875 0.7578125 0.5322265625 0.7578125 0.5322265625 0.72265625
0 0.60888671875 0.71240234375 0.56396484375 0.71240234375 0.56396484375 0.74658203125 0.60888671875 0.74658203125 0.60888671875 0.71240234375
0 0.5927734375 0.74658203125 0.5537109375 0.74658203125 0.5537109375 0.80517578125 0.5927734375 0.80517578125 0.5927734375 0.74658203125
0 0.517578125 0.90625 0.5009765625 0.90625 0.5009765625 0.927734375 0.517578125 0.927734375 0.517578125 0.90625
0 0.43896484375 0.02294921875 0.41748046875 0.02294921875 0.41748046875 0.05029296875 0.43896484375 0.05029296875 0.43896484375 0.02294921875
0 0.33740234375 0.015625 0.31884765625 0.015625 0.31884765625 0.03515625 0.33740234375 0.03515625 0.33740234375 0.015625
0 0.142578125 0.62353515625 0.1259765625 0.62353515625 0.1259765625 0.64501953125 0.142578125 0.64501953125 0.142578125 0.62353515625
0 0.03955078125 0.67626953125 0.02587890625 0.67626953125 0.02587890625 0.68994140625 0.03955078125 0.68994140625 0.03955078125 0.67626953125