0 0.630274821875 0.0546347 0.6574687796875 0.0574929 0.6615519234375 0.0186443890625 0.634357965625 0.0157861890625 0.630274821875 0.0546347
0 1 0.485780084375 0.97409469375 0.48305732656249994 0.9691949234375 0.529675540625 0.9993025187500001 0.5328399765625 1 0.5262038859375 1 0.485780084375
0 0.7857933625 0.700404975 0.8100736828124999 0.7029569390625 0.8137485109375 0.667993278125 0.7894681921875 0.6654413140625 0.7857933625 0.700404975
0 0.6462128390624999 0.6410561234375 0.6743780109374999 0.644016403125 0.6773382890625 0.61585123125 0.64917311875 0.612890953125 0.6462128390624999 0.6410561234375
0 0.8325369765625 0.6900978296875 0.85196123125 0.6921394015625 0.85339033125 0.678542421875 0.8339660765625 0.6765008515625001 0.8325369765625 0.6900978296875
0 0.9409396843750001 0.9293018828124999 0.957450303125 0.93103721875 0.960308503125 0.9038432609375 0.9437978859375 0.9021079249999999 0.9409396843750001 0.9293018828124999
0 0.5991936421874999 0.686684203125 0.6273588140624999 0.6896444828125 0.629910778125 0.6653641625 0.6017456078125 0.662403884375 0.5991936421874999 0.686684203125
0 0.42752378750000003 0.6990811671875 0.45763138437500006 0.702245603125 0.46079582031250005 0.67213800625 0.4306882234375 0.6689735703124999 0.42752378750000003 0.6990811671875
0 0.22333429374999997 0.64717979375 0.29229040156249997 0.6544273734375 0.301783709375 0.564104584375 0.23282760156250001 0.5568570046875 0.22333429374999997 0.64717979375
0 0.1361193171875 0.8977367046875001 0.1662269140625 0.900901140625 0.17061629218750002 0.8591389906250001 0.14050869531250001 0.8559745546874999 0.1361193171875 0.8977367046875001
0 0.0798599796875 0.367957725 0.10511151249999999 0.3706117671875 0.10796971250000001 0.343417809375 0.0827181796875 0.340763765625 0.0798599796875 0.367957725
0 0.6224119796875 0.2742541890625 0.6738862578125 0.2796643546875 0.6803172078124999 0.21847794843749999 0.6288429296875 0.213067784375 0.6224119796875 0.2742541890625
0 0.48687075 0.0596921296875 0.50629500625 0.0617337015625 0.5091532062499999 0.034539743750000004 0.48972895000000005 0.032498171874999995 0.48687075 0.0596921296875
0 0.41481179062500007 0.47435335 0.43714968593750003 0.47670115781250005 0.438885021875 0.4601905390625 0.41654712656250004 0.4578427328125 0.41481179062500007 0.47435335