0 0.72412109375 0.46240234375 0.69384765625 0.46240234375 0.69384765625 0.48388671875 0.72412109375 0.48388671875 0.72412109375 0.46240234375
0 0.318359375 0.44921875 0.2919921875 0.44921875 0.2919921875 0.484375 0.318359375 0.484375 0.318359375 0.44921875
0 0.146484375 0.41748046875 0.11328125 0.41748046875 0.11328125 0.45068359375 0.146484375 0.45068359375 0.146484375 0.41748046875
0 0.109375 0.38037109375 0.078125 0.38037109375 0.078125 0.40576171875 0.109375 0.40576171875 0.109375 0.38037109375
0 0.5771484375 0.296875 0.548828125 0.296875 0.548828125 0.322265625 0.5771484375 0.322265625 0.5771484375 0.296875
0 0.525390625 0.25537109375 0.4990234375 0.25537109375 0.4990234375 0.27685546875 0.525390625 0.27685546875 0.525390625 0.25537109375
0 0.34521484375 0.2568359375 0.32470703125 0.2568359375 0.32470703125 0.27734375 0.34521484375 0.27734375 0.34521484375 0.2568359375
0 0.32763671875 0.17138671875 0.29833984375 0.17138671875 0.29833984375 0.19677734375 0.32763671875 0.19677734375 0.32763671875 0.17138671875
0 0.2314453125 0.03662109375 0.1796875 0.03662109375 0.1796875 0.06982421875 0.2314453125 0.06982421875 0.2314453125 0.03662109375
0 0.62548828125 0.01025390625 0.58544921875 0.01025390625 0.58544921875 0.03857421875 0.62548828125 0.03857421875 0.62548828125 0.01025390625
0 0.66552734375 0 0.66552734375 0.0205078125 0.68896484375 0.0205078125 0.68896484375 0 0.66552734375 0
0 0.69091796875 0.037109375 0.66552734375 0.037109375 0.66552734375 0.0634765625 0.69091796875 0.0634765625 0.69091796875 0.037109375
0 0.71923828125 0.09375 0.69873046875 0.09375 0.69873046875 0.1220703125 0.71923828125 0.1220703125 0.71923828125 0.09375
0 0.54541015625 0.091796875 0.49169921875 0.091796875 0.49169921875 0.1298828125 0.54541015625 0.1298828125 0.54541015625 0.091796875
0 0.4755859375 0.13671875 0.421875 0.13671875 0.421875 0.18359375 0.4755859375 0.18359375 0.4755859375 0.13671875
0 0.41357421875 0.19189453125 0.37353515625 0.19189453125 0.37353515625 0.23193359375 0.41357421875 0.23193359375 0.41357421875 0.19189453125
0 0.38330078125 0.2255859375 0.35498046875 0.2255859375 0.35498046875 0.2568359375 0.38330078125 0.2568359375 0.38330078125 0.2255859375
0 0.435546875 0.2353515625 0.41015625 0.2353515625 0.41015625 0.2607421875 0.435546875 0.2607421875 0.435546875 0.2353515625
0 0.5439453125 0.45361328125 0.5087890625 0.45361328125 0.5087890625 0.52880859375 0.5439453125 0.52880859375 0.5439453125 0.45361328125
0 0.73876953125 0.5078125 0.72216796875 0.5078125 0.72216796875 0.5263671875 0.73876953125 0.5263671875 0.73876953125 0.5078125
0 0.7421875 0.529296875 0.7158203125 0.529296875 0.7158203125 0.552734375 0.7421875 0.552734375 0.7421875 0.529296875
0 0.81494140625 0.50537109375 0.77587890625 0.50537109375 0.77587890625 0.55810546875 0.81494140625 0.55810546875 0.81494140625 0.50537109375
0 0.63671875 0.587890625 0.599609375 0.587890625 0.599609375 0.6357421875 0.63671875 0.6357421875 0.63671875 0.587890625
0 0.5849609375 0.5693359375 0.5732421875 0.5693359375 0.5732421875 0.578125 0.5849609375 0.578125 0.5849609375 0.5693359375
0 0.56787109375 0.5029296875 0.55419921875 0.5029296875 0.55419921875 0.5146484375 0.56787109375 0.5146484375 0.56787109375 0.5029296875
0 0.49951171875 0.65087890625 0.48388671875 0.65087890625 0.48388671875 0.66650390625 0.49951171875 0.66650390625 0.49951171875 0.65087890625
0 0.5478515625 0.66552734375 0.5390625 0.66552734375 0.5390625 0.68212890625 0.5478515625 0.68212890625 0.5478515625 0.66552734375
0 0.4541015625 0.54833984375 0.4453125 0.54833984375 0.4453125 0.55615234375 0.4541015625 0.55615234375 0.4541015625 0.54833984375
0 0.40673828125 0.48095703125 0.39111328125 0.48095703125 0.39111328125 0.48974609375 0.40673828125 0.48974609375 0.40673828125 0.48095703125
0 0.29248046875 0.552734375 0.27392578125 0.552734375 0.27392578125 0.5810546875 0.29248046875 0.5810546875 0.29248046875 0.552734375
0 0.27294921875 0.41552734375 0.26220703125 0.41552734375 0.26220703125 0.42626953125 0.27294921875 0.42626953125 0.27294921875 0.41552734375
0 0.4775390625 0.46630859375 0.4638671875 0.46630859375 0.4638671875 0.47802734375 0.4775390625 0.47802734375 0.4775390625 0.46630859375
0 0.85986328125 0.30859375 0.81494140625 0.30859375 0.81494140625 0.34765625 0.85986328125 0.34765625 0.85986328125 0.30859375
0 0.99462890625 0.32958984375 0.95556640625 0.32958984375 0.95556640625 0.37744140625 0.99462890625 0.37744140625 0.99462890625 0.32958984375
0 0.875 0.24267578125 0.82421875 0.24267578125 0.82421875 0.29345703125 0.875 0.29345703125 0.875 0.24267578125
0 0.9033203125 0.16650390625 0.8251953125 0.16650390625 0.8251953125 0.25341796875 0.9033203125 0.25341796875 0.9033203125 0.16650390625
0 0.79541015625 0.22705078125 0.78173828125 0.22705078125 0.78173828125 0.24267578125 0.79541015625 0.24267578125 0.79541015625 0.22705078125
0 0.771484375 0.37744140625 0.7626953125 0.37744140625 0.7626953125 0.39306640625 0.771484375 0.39306640625 0.771484375 0.37744140625
0 0.7919921875 0.376953125 0.78125 0.376953125 0.78125 0.388671875 0.7919921875 0.388671875 0.7919921875 0.376953125
0 0.88134765625 0.65966796875 0.85888671875 0.65966796875 0.85888671875 0.68310546875 0.88134765625 0.68310546875 0.88134765625 0.65966796875
0 0.861328125 0.64013671875 0.8515625 0.64013671875 0.8515625 0.64990234375 0.861328125 0.64990234375 0.861328125 0.64013671875
0 0.70751953125 0.734375 0.67626953125 0.734375 0.67626953125 0.759765625 0.70751953125 0.759765625 0.70751953125 0.734375
0 0.66748046875 0.6376953125 0.65283203125 0.6376953125 0.65283203125 0.65234375 0.66748046875 0.65234375 0.66748046875 0.6376953125
0 0.65576171875 0.77734375 0.63720703125 0.77734375 0.63720703125 0.8017578125 0.65576171875 0.8017578125 0.65576171875 0.77734375
0 0.603515625 0.80712890625 0.5712890625 0.80712890625 0.5712890625 0.83251953125 0.603515625 0.83251953125 0.603515625 0.80712890625
0 0.55126953125 0.7890625 0.52294921875 0.7890625 0.52294921875 0.8154296875 0.55126953125 0.8154296875 0.55126953125 0.7890625
0 0.7255859375 0.84765625 0.68359375 0.84765625 0.68359375 0.8935546875 0.7255859375 0.8935546875 0.7255859375 0.84765625
0 0.81640625 0.88232421875 0.783203125 0.88232421875 0.783203125 0.91259765625 0.81640625 0.91259765625 0.81640625 0.88232421875
0 0.916015625 0.83935546875 0.8896484375 0.83935546875 0.8896484375 0.86474609375 0.916015625 0.86474609375 0.916015625 0.83935546875
0 0.8984375 0.75244140625 0.8515625 0.75244140625 0.8515625 0.78466796875 0.8984375 0.78466796875 0.8984375 0.75244140625
0 0.8759765625 0.70849609375 0.8251953125 0.70849609375 0.8251953125 0.74853515625 0.8759765625 0.74853515625 0.8759765625 0.70849609375
0 0.98583984375 0.67919921875 0.95654296875 0.67919921875 0.95654296875 0.72509765625 0.98583984375 0.72509765625 0.98583984375 0.67919921875
0 0.47900390625 0.7451171875 0.42529296875 0.7451171875 0.42529296875 0.794921875 0.47900390625 0.794921875 0.47900390625 0.7451171875
0 0.4140625 0.7001953125 0.375 0.7001953125 0.375 0.7294921875 0.4140625 0.7294921875 0.4140625 0.7001953125
0 0.37109375 0.7373046875 0.359375 0.7373046875 0.359375 0.7509765625 0.37109375 0.7509765625 0.37109375 0.7373046875
0 0.38037109375 0.79736328125 0.34814453125 0.79736328125 0.34814453125 0.84326171875 0.38037109375 0.84326171875 0.38037109375 0.79736328125
0 0.4697265625 0.888671875 0.40234375 0.888671875 0.40234375 0.9619140625 0.4697265625 0.9619140625 0.4697265625 0.888671875
0 0.470703125 0.8564453125 0.4638671875 0.8564453125 0.4638671875 0.8671875 0.470703125 0.8671875 0.470703125 0.8564453125
0 0.2568359375 0.708984375 0.2138671875 0.708984375 0.2138671875 0.7880859375 0.2568359375 0.7880859375 0.2568359375 0.708984375
0 0.27099609375 0.69775390625 0.26416015625 0.69775390625 0.26416015625 0.70654296875 0.27099609375 0.70654296875 0.27099609375 0.69775390625
0 0.2265625 0.6435546875 0.208984375 0.6435546875 0.208984375 0.666015625 0.2265625 0.666015625 0.2265625 0.6435546875
0 0.1650390625 0.6279296875 0.1552734375 0.6279296875 0.1552734375 0.6357421875 0.1650390625 0.6357421875 0.1650390625 0.6279296875
0 0.1708984375 0.611328125 0.1611328125 0.611328125 0.1611328125 0.6201171875 0.1708984375 0.6201171875 0.1708984375 0.611328125
0 0.1923828125 0.587890625 0.181640625 0.587890625 0.181640625 0.59765625 0.1923828125 0.59765625 0.1923828125 0.587890625
0 0.12060546875 0.8056640625 0.08154296875 0.8056640625 0.08154296875 0.837890625 0.12060546875 0.837890625 0.12060546875 0.8056640625
0 0.11181640625 0.8251953125 0.08642578125 0.8251953125 0.08642578125 0.861328125 0.11181640625 0.861328125 0.11181640625 0.8251953125
0 0.0185546875 0.76904296875 0.0087890625 0.76904296875 0.0087890625 0.78466796875 0.0185546875 0.78466796875 0.0185546875 0.76904296875
0 0.03857421875 0.638671875 0.02978515625 0.638671875 0.02978515625 0.650390625 0.03857421875 0.650390625 0.03857421875 0.638671875
0 0.0830078125 0.6044921875 0.0703125 0.6044921875 0.0703125 0.61328125 0.0830078125 0.61328125 0.0830078125 0.6044921875
0 0.1123046875 0.53076171875 0.099609375 0.53076171875 0.099609375 0.54345703125 0.1123046875 0.54345703125 0.1123046875 0.53076171875
0 0.1279296875 0.486328125 0.1123046875 0.486328125 0.1123046875 0.498046875 0.1279296875 0.498046875 0.1279296875 0.486328125
0 0 0.2314453125 0.01171875 0.2314453125 0.01171875 0.220703125 0 0.220703125 0 0.2314453125
0 0.34716796875 0.123046875 0.33837890625 0.123046875 0.33837890625 0.130859375 0.34716796875 0.130859375 0.34716796875 0.123046875
0 0.3818359375 0.01953125 0.3681640625 0.01953125 0.3681640625 0.0380859375 0.3818359375 0.0380859375 0.3818359375 0.01953125
0 0.46533203125 0.064453125 0.45361328125 0.064453125 0.45361328125 0.0751953125 0.46533203125 0.0751953125 0.46533203125 0.064453125
0 0.55078125 0.072265625 0.5390625 0.072265625 0.5390625 0.078125 0.55078125 0.078125 0.55078125 0.072265625
0 0.5048828125 0.1865234375 0.49609375 0.1865234375 0.49609375 0.1962890625 0.5048828125 0.1962890625 0.5048828125 0.1865234375
0 0.5009765625 0.14013671875 0.490234375 0.14013671875 0.490234375 0.15087890625 0.5009765625 0.15087890625 0.5009765625 0.14013671875
0 1 0.01806640625 0.9892578125 0.01806640625 0.9892578125 0.03271484375 1 0.03271484375 1 0.01806640625
0 0.61572265625 0.02197265625 0.59423828125 0.02197265625 0.59423828125 0.03662109375 0.61572265625 0.03662109375 0.61572265625 0.02197265625
0 0.86376953125 0.4501953125 0.85498046875 0.4501953125 0.85498046875 0.4599609375 0.86376953125 0.4599609375 0.86376953125 0.4501953125
0 0.96826171875 0.5537109375 0.95947265625 0.5537109375 0.95947265625 0.564453125 0.96826171875 0.564453125 0.96826171875 0.5537109375
0 0.98974609375 0.51123046875 0.97802734375 0.51123046875 0.97802734375 0.52490234375 0.98974609375 0.52490234375 0.98974609375 0.51123046875
0 0.65283203125 0.6728515625 0.63720703125 0.6728515625 0.63720703125 0.6875 0.65283203125 0.6875 0.65283203125 0.6728515625
0 0.5849609375 0.66552734375 0.5791015625 0.66552734375 0.5791015625 0.67041015625 0.5849609375 0.67041015625 0.5849609375 0.66552734375
0 0.37353515625 0.70166015625 0.36279296875 0.70166015625 0.36279296875 0.71044921875 0.37353515625 0.71044921875 0.37353515625 0.70166015625
0 0.30615234375 0.91650390625 0.29541015625 0.91650390625 0.29541015625 0.92529296875 0.30615234375 0.92529296875 0.30615234375 0.91650390625
0 0.232421875 0.96533203125 0.2197265625 0.96533203125 0.2197265625 0.97412109375 0.232421875 0.97412109375 0.232421875 0.96533203125
0 0.39794921875 0.94921875 0.38623046875 0.94921875 0.38623046875 0.9580078125 0.39794921875 0.9580078125 0.39794921875 0.94921875
0 0.27294921875 0.4716796875 0.26123046875 0.4716796875 0.26123046875 0.4833984375 0.27294921875 0.4833984375 0.27294921875 0.4716796875
0 0.181640625 0.48974609375 0.1708984375 0.48974609375 0.1708984375 0.50146484375 0.181640625 0.50146484375 0.181640625 0.48974609375
0 0.158203125 0.45947265625 0.142578125 0.45947265625 0.142578125 0.46923828125 0.158203125 0.46923828125 0.158203125 0.45947265625
0 0.19677734375 0.07666015625 0.18505859375 0.07666015625 0.18505859375 0.09130859375 0.19677734375 0.09130859375 0.19677734375 0.07666015625
0 0.10888671875 0.09033203125 0.09716796875 0.09033203125 0.09716796875 0.10205078125 0.10888671875 0.10205078125 0.10888671875 0.09033203125
0 0.603515625 0.37255859375 0.5927734375 0.37255859375 0.5927734375 0.38134765625 0.603515625 0.38134765625 0.603515625 0.37255859375
0 0.80224609375 0.85205078125 0.79248046875 0.85205078125 0.79248046875 0.86181640625 0.80224609375 0.86181640625 0.80224609375 0.85205078125
0 0.92822265625 0.88134765625 0.91552734375 0.88134765625 0.91552734375 0.89306640625 0.92822265625 0.89306640625 0.92822265625 0.88134765625
0 0.78515625 0.57763671875 0.7744140625 0.57763671875 0.7744140625 0.58837890625 0.78515625 0.58837890625 0.78515625 0.57763671875
0 0.60595703125 0.44580078125 0.59423828125 0.44580078125 0.59423828125 0.45654296875 0.60595703125 0.45654296875 0.60595703125 0.44580078125
0 0.75732421875 0.984375 0.74462890625 0.984375 0.74462890625 0.9921875 0.75732421875 0.9921875 0.75732421875 0.984375
0 0.5849609375 0.93017578125 0.576171875 0.93017578125 0.576171875 0.94189453125 0.5849609375 0.94189453125 0.5849609375 0.93017578125
0 0.482421875 0.96875 0.4736328125 0.96875 0.4736328125 0.98046875 0.482421875 0.98046875 0.482421875 0.96875
0 0.77490234375 0.8095703125 0.76318359375 0.8095703125 0.76318359375 0.814453125 0.77490234375 0.814453125 0.77490234375 0.8095703125
0 0.45703125 0.21435546875 0.4453125 0.21435546875 0.4453125 0.22509765625 0.45703125 0.22509765625 0.45703125 0.21435546875
0 0.32958984375 0.1484375 0.32080078125 0.1484375 0.32080078125 0.15625 0.32958984375 0.15625 0.32958984375 0.1484375
0 0.38818359375 0.2744140625 0.38134765625 0.2744140625 0.38134765625 0.283203125 0.38818359375 0.283203125 0.38818359375 0.2744140625
0 0.669921875 0.15966796875 0.658203125 0.15966796875 0.658203125 0.17138671875 0.669921875 0.17138671875 0.669921875 0.15966796875
0 0.77734375 0.28369140625 0.76953125 0.28369140625 0.76953125 0.29931640625 0.77734375 0.29931640625 0.77734375 0.28369140625
0 0 0.17822265625 0.0107421875 0.17822265625 0.0107421875 0.16357421875 0 0.16357421875 0 0.17822265625
0 0.02294921875 0.39404296875 0.01123046875 0.39404296875 0.01123046875 0.40283203125 0.02294921875 0.40283203125 0.02294921875 0.39404296875
0 0.02294921875 0.4248046875 0.01416015625 0.4248046875 0.01416015625 0.4326171875 0.02294921875 0.4326171875 0.02294921875 0.4248046875
0 0.0439453125 0.55908203125 0.0322265625 0.55908203125 0.0322265625 0.57763671875 0.0439453125 0.57763671875 0.0439453125 0.55908203125
0 0.560546875 0.34814453125 0.548828125 0.34814453125 0.548828125 0.35693359375 0.560546875 0.35693359375 0.560546875 0.34814453125
0 0.3896484375 0.5419921875 0.3720703125 0.5419921875 0.3720703125 0.5537109375 0.3896484375 0.5537109375 0.3896484375 0.5419921875
0 0.15283203125 0.69873046875 0.14306640625 0.69873046875 0.14306640625 0.71142578125 0.15283203125 0.71142578125 0.15283203125 0.69873046875
0 0.828125 0.16259765625 0.8125 0.16259765625 0.8125 0.17138671875 0.828125 0.17138671875 0.828125 0.16259765625
0 0.62255859375 0.29931640625 0.61279296875 0.29931640625 0.61279296875 0.30810546875 0.62255859375 0.30810546875 0.62255859375 0.29931640625
0 0.02783203125 0.009765625 0.01416015625 0.009765625 0.01416015625 0.0205078125 0.02783203125 0.0205078125 0.02783203125 0.009765625
0 0.0625 0.01611328125 0.046875 0.01611328125 0.046875 0.02587890625 0.0625 0.02587890625 0.0625 0.01611328125