0 0.9393000640625001 0.21952709218750002 0.94615136875 0.1920480140625 0.88740299375 0.1774003984375 0.880551690625 0.2048794765625 0.9393000640625001 0.21952709218750002
0 0.9555116437500001 0.38661538906250004 0.962362946875 0.3591363109375 0.920670553125 0.3487412296875 0.9138192500000001 0.37622030781250004 0.9555116437500001 0.38661538906250004
0 0.4931206796875 0.48318791406250006 0.49997198281250005 0.45570883437500004 0.47533556718750003 0.4495662875 0.4684842640625 0.477045365625 0.4931206796875 0.48318791406250006
0 0.474597521875 0.40610454999999995 0.48215758124999997 0.375782809375 0.45752116562499995 0.3696402609375 0.44996110624999996 0.399962003125 0.474597521875 0.40610454999999995
0 0.3439645984375 0.39114713125 0.34727212500000004 0.37788136875 0.315055275 0.36984880625 0.3117477484375 0.3831145671875 0.3439645984375 0.39114713125
0 0.3920421609375 0.38602441718749997 0.40101973125 0.3500173484375 0.3375335859375 0.33418847500000004 0.328556015625 0.3701955421875 0.3920421609375 0.38602441718749997
0 0.4057871046875 0.5852076187499999 0.4161821859375 0.5435152234375 0.3868079984375 0.5361914156250001 0.37641291718750003 0.5778838109375 0.4057871046875 0.5852076187499999
0 0.8136806453125001 0.2672136546875 0.8193506890625001 0.2444723484375 0.7738680765625 0.23313225937499998 0.7681980328125 0.255873565625 0.8136806453125001 0.2672136546875
0 1 0.4047527921875 0.9557529890625001 0.3937207734375 0.9505554484375001 0.4145669703125 1 0.4268948828125 1 0.4047527921875
0 0.8928625671875 0.383575953125 0.908691440625 0.32008980625 0.8793172546875001 0.3127659984375 0.8634883796875 0.3762521453125 0.8928625671875 0.383575953125
0 0.8601642984375 0.3633458546875 0.874339409375 0.306492590625 0.8449652234375 0.2991687828125 0.8307901109375001 0.35602204843749996 0.8601642984375 0.3633458546875
0 0.8481663953125 0.49220052187499996 0.8602152390625 0.4438752453125 0.81852284375 0.4334801640625 0.806474 0.48180544062499997 0.8481663953125 0.49220052187499996
0 0.84830235 0.51991203125 0.8563349125 0.48769518125 0.8241180625 0.47966261718750003 0.8160855 0.5118794671875 0.84830235 0.51991203125
0 0.8510017265625001 0.668534478125 0.8658855937500001 0.60883855 0.8156652093750001 0.5963172015625 0.8007813421875 0.65601313125 0.8510017265625001 0.668534478125
0 0.7919317765625 0.5199476890625 0.800909346875 0.48394062031249996 0.764902278125 0.47496305000000005 0.7559247078125 0.51097011875 0.7919317765625 0.5199476890625
0 0.7882393078125001 0.4863171484375 0.8028869234375 0.42756877343750005 0.7706700734374999 0.4195362109375 0.7560224578125 0.47828458593749995 0.7882393078125001 0.4863171484375
0 0.7944655968750001 0.4068496171875 0.8053331828125 0.3632621140625 0.746584809375 0.3486145 0.7357172234375 0.39220200312500003 0.7944655968750001 0.4068496171875
0 0.77237191875 0.301701640625 0.7813494890625 0.26569457343749997 0.7491326390624999 0.257662009375 0.74015506875 0.293669078125 0.77237191875 0.301701640625
0 0.730821846875 0.3290842421875 0.738854409375 0.29686739218749997 0.700004678125 0.2871810671875 0.6919721156249999 0.3193979171875 0.730821846875 0.3290842421875
0 0.7259481203125 0.3001914734375 0.7327994234374999 0.2727123953125 0.6892119203125 0.2618448109375 0.682360615625 0.2893238890625 0.7259481203125 0.3001914734375
0 0.7573520968749999 0.333686059375 0.7642034 0.30620698125 0.73198655 0.29817441875 0.7251352468750001 0.325653496875 0.7573520968749999 0.333686059375
0 0.7201347890625 0.470846471875 0.7265135890625001 0.44526250312500004 0.690506521875 0.43628493281249997 0.684127721875 0.4618689015625 0.7201347890625 0.470846471875
0 0.755593253125 0.5486296765625001 0.7664608390625001 0.5050421734375 0.7209782265625 0.493702084375 0.710110640625 0.5372895875 0.755593253125 0.5486296765625001
0 0.7321826703125 0.6082125734375 0.74305025625 0.5646250687500001 0.704200525 0.55493874375 0.6933329390625 0.598526246875 0.7321826703125 0.6082125734375
0 0.7713246875 0.7055336734375001 0.7810110140625001 0.6666839421875 0.7468990546875001 0.6581788765625001 0.7372127296875 0.6970286078125 0.7713246875 0.7055336734375001
0 0.78681605 0.857345521875 0.794376109375 0.8270237796875 0.762159259375 0.8189912171874999 0.7545992 0.849312959375 0.78681605 0.857345521875
0 0.8200489140625 0.786624403125 0.8252464546875 0.76577820625 0.8091380296875 0.761761925 0.8039404890625 0.782608121875 0.8200489140625 0.786624403125
0 0.8117240656250001 0.7312064781250001 0.819047871875 0.7018322921875 0.7783030328125 0.6916734625000001 0.7709792249999999 0.7210476484375 0.8117240656250001 0.7312064781250001
0 0.7911485046875 0.779418721875 0.7963460453125 0.758572525 0.7603389765624999 0.7495949546875 0.7551414359375 0.7704411515625 0.7911485046875 0.779418721875
0 0.8155372062499999 0.7683897109375 0.8228610125 0.739015525 0.763165084375 0.7241316578125 0.7558412765625 0.7535058453125 0.8155372062499999 0.7683897109375
0 0.6821278421875 0.85741174375 0.696302953125 0.8005584796875 0.6508203406249999 0.789218390625 0.6366452296875 0.8460716546875 0.6821278421875 0.85741174375
0 0.8806468609375001 0.9169726812500001 0.9016732749999999 0.8326403375 0.8429249015625 0.817992721875 0.8218984875 0.9023250656249999 0.8806468609375001 0.9169726812500001
0 0.385257390625 0.7058963125 0.38974617500000003 0.6878927796875 0.3774279671875 0.6848215046874999 0.3729391828125 0.7028250390624999 0.385257390625 0.7058963125
0 0.3832581640625 0.72804316875 0.3941257484375 0.684455665625 0.337272484375 0.6702805546875 0.3264048984375 0.7138680578125001 0.3832581640625 0.72804316875
0 0.3223860703125 0.7259500140624999 0.3275836109375 0.7051038171874999 0.3010520875 0.6984887640624999 0.295854546875 0.7193349625 0.3223860703125 0.7259500140624999
0 0.29573896718750003 0.723835209375 0.29881024218749996 0.7115170015625 0.28649203437500004 0.7084457265624999 0.2834207609375 0.7207639343750001 0.29573896718750003 0.723835209375
0 0.32034481875 0.681660121875 0.3281411296875 0.6503908265625 0.2807634078125 0.6385782343749999 0.272967096875 0.6698475296875 0.32034481875 0.681660121875
0 0.2811075984375 0.621051025 0.2891401609375 0.5888341734375 0.251237984375 0.5793841 0.243205421875 0.6116009499999999 0.2811075984375 0.621051025
0 0.24948423437499997 0.8023806546875001 0.26011556874999997 0.75974070625 0.20136719374999998 0.7450930921875 0.1907358609375 0.7877330406249999 0.24948423437499997 0.8023806546875001
0 0.241926721875 0.836728865625 0.24783301875000002 0.81304000625 0.2307770390625 0.8087874718749999 0.22487074375 0.8324763328125 0.241926721875 0.836728865625
0 0.28635256875000004 0.8623991234374999 0.2936763765625 0.8330249375 0.2690399609375 0.8268823890625001 0.2617161546875 0.856256575 0.28635256875000004 0.8623991234374999
0 0.2730778921875 0.8449989546875001 0.2770941734375 0.8288905296875001 0.259090640625 0.82440174375 0.2550743578125 0.8405101687500001 0.2730778921875 0.8449989546875001
0 0.2604014875 0.8373093078125 0.2681977984375 0.8060400124999999 0.2473516 0.800842471875 0.23955528906249998 0.8321117671874999 0.2604014875 0.8373093078125
0 0.228474375 0.9128850500000001 0.2341444203125 0.89014374375 0.19908490625 0.8814024265624999 0.1934148625 0.9041437328124999 0.228474375 0.9128850500000001
0 0.1878362 0.8841333312499999 0.1975225265625 0.8452835999999999 0.15677768593750002 0.8351247703125001 0.147091359375 0.8739745015624999 0.1878362 0.8841333312499999
0 0.383136528125 0.910181853125 0.3876253125 0.8921783187500001 0.3563560171875 0.8843820078125001 0.35186723125 0.9023855421875 0.383136528125 0.910181853125
0 0.4119302734375 0.9359804234375 0.424451621875 0.885760040625 0.388444553125 0.8767824687499999 0.37592320468749996 0.9270028531250001 0.4119302734375 0.9359804234375
0 0.4927554609375 0.8418993531250001 0.503859296875 0.7973642953125 0.452691359375 0.7846066953124999 0.441587521875 0.8291417531249999 0.4927554609375 0.8418993531250001
0 0.536471278125 0.8683990390625 0.540487559375 0.8522906140625001 0.517746253125 0.84662056875 0.5137299718749999 0.8627289953125 0.536471278125 0.8683990390625
0 0.5181716375 0.770235775 0.5233691781250001 0.7493895765625 0.50820830625 0.745609546875 0.503010765625 0.7664557453125 0.5181716375 0.770235775
0 0.4831653 0.65834570625 0.49521414531249996 0.6100204296875 0.46015463125 0.6012791109375 0.4481057875 0.6496043874999999 0.4831653 0.65834570625
0 0.45357523750000006 0.6841812093749999 0.4630253125 0.64627903125 0.4308084609375 0.63824646875 0.42135838750000004 0.6761486453125001 0.45357523750000006 0.6841812093749999
0 0.40287725625000004 0.6655020296874999 0.40925605625 0.6399180609374999 0.3855671953125 0.6340117640625 0.37918839531250004 0.6595957343750001 0.40287725625000004 0.6655020296874999
0 0.396566915625 0.6120960671875 0.39892943281250004 0.602620521875 0.38850633437500004 0.6000217515624999 0.386143815625 0.609497296875 0.396566915625 0.6120960671875
0 0.3862657625 0.6150632234375 0.3883920296875 0.606535234375 0.38081159375 0.60464521875 0.3786853265625 0.613173209375 0.3862657625 0.6150632234375
0 0.4553229296875 0.638823090625 0.46430049999999995 0.602816021875 0.4330312046875 0.5950197109375 0.424053634375 0.6310267796875 0.4553229296875 0.638823090625
0 0.434245575 0.6426260421875 0.44227813749999995 0.6104091921875 0.4043759609375 0.60095911875 0.3963433984375 0.63317596875 0.434245575 0.6426260421875
0 0.394116525 0.4826584125 0.398605309375 0.464654878125 0.36165068749999996 0.45544105625000003 0.3571619015625 0.47344459062500005 0.394116525 0.4826584125
0 0.44384912343750005 0.4729160515625 0.450464175 0.446384528125 0.400243790625 0.4338631796875 0.3936287390625 0.46039470312499997 0.44384912343750005 0.4729160515625
0 0.335862303125 0.5003406796875 0.3507461703125 0.44064475156249994 0.29294535 0.42623338750000006 0.278061484375 0.4859293171875 0.335862303125 0.5003406796875
0 0.1965335984375 0.40521461406250003 0.20905494687499998 0.3549942296875 0.16546744375 0.3441266453125 0.1529460953125 0.3943470296875 0.1965335984375 0.40521461406250003
0 0.15674075468749998 0.7767409625 0.16973460625 0.72462546875 0.14130797343749998 0.7175379125 0.128314121875 0.76965340625 0.15674075468749998 0.7767409625
0 0.22716163437499998 0.52255503125 0.234249190625 0.49412839843749995 0.20013723125 0.4856233328125 0.193049675 0.5140499640625 0.22716163437499998 0.52255503125
0 0.22228790781250002 0.4936622625 0.23386424843750003 0.4472320953125 0.18459141875 0.43494700000000003 0.173015078125 0.481377165625 0.22228790781250002 0.4936622625
0 0.2573372328125 0.486297703125 0.2748198703125 0.4161786765625 0.20091062499999998 0.39775103125 0.1834279890625 0.4678700578125 0.2573372328125 0.486297703125
0 0.11530594999999999 0.61191870625 0.11979473593750001 0.593915171875 0.10179120156250002 0.5894263875 0.0973024171875 0.607429921875 0.11530594999999999 0.61191870625
0 0.0948622140625 0.49409814531249996 0.099114746875 0.477042165625 0.073530778125 0.470663365625 0.0692782453125 0.4877193453125 0.0948622140625 0.49409814531249996
0 0.12365850625000001 0.5239231859375 0.13948738125 0.4604370390625 0.105375421875 0.4519319734375 0.089546546875 0.51541811875 0.12365850625000001 0.5239231859375
0 0.083876503125 0.538159425 0.09663410312500001 0.4869914859375 0.0227248578125 0.46856384218749997 0.0099672578125 0.51973178125 0.083876503125 0.538159425
0 0.099028459375 0.5278468109375 0.1028084890625 0.5126859406250001 0.0895427265625 0.509378415625 0.085762696875 0.5245392859375 0.099028459375 0.5278468109375
0 0.026734771875 0.44238924375 0.0295697953125 0.43101859062500003 0.01346136875 0.427002309375 0.010626346875000001 0.4383729625 0.026734771875 0.44238924375
0 0.034519621875 0.393000834375 0.0390084078125 0.3749973 0.0238475359375 0.37121727031249996 0.019358751562500002 0.3892208046875 0.034519621875 0.393000834375
0 0.09146426875 0.3644242390625 0.10256810624999999 0.31988918125 0.0352917421875 0.30311529843749996 0.02418790625 0.34765035625 0.09146426875 0.3644242390625
0 0.1273621265625 0.3879682296875 0.133977178125 0.36143670625 0.10270788125000001 0.35364039375 0.0960928296875 0.38017191875 0.1273621265625 0.3879682296875
0 0.085250715625 0.46402411718750003 0.0947007890625 0.42612194062500003 0.048270621875 0.4145456 0.038820548437500005 0.4524477765625 0.085250715625 0.46402411718750003
0 0.0953955359375 0.40113369375 0.1024830921875 0.3727070609375 0.0778466765625 0.3665645140625 0.070759121875 0.394991146875 0.0953955359375 0.40113369375
0 0.11673970781250001 0.444700821875 0.1287885515625 0.3963755453125 0.08709615781249999 0.38598046406250003 0.07504731249999999 0.434305740625 0.11673970781250001 0.444700821875
0 0.032920620312499996 0.4862028109375 0.040244426562500005 0.45682862343749997 0.016555567187500002 0.4509223265625 0.009231759374999999 0.4802965140625 0.032920620312499996 0.4862028109375
0 0 0.5635437609375 0.0171032078125 0.56780806875 0.0308058140625 0.5128499125 0 0.5051691609375 0 0.5635437609375
0 0 0.4870479421875 0.0042513671875 0.46999663593749996 0 0.46893665156250003 0 0.4870479421875
0 0.09516086875 0.59179909375 0.106737209375 0.545368928125 0.05367416093750001 0.5321388234375 0.0420978203125 0.578568990625 0.09516086875 0.59179909375
0 0.1364950640625 0.597575803125 0.155867715625 0.519876340625 0.1046997765625 0.507118740625 0.085327125 0.584818203125 0.1364950640625 0.597575803125
0 0.16267475781250001 0.60963865625 0.177794875 0.5489951734375 0.14368291718749998 0.5404901062499999 0.12856279843750001 0.6011335890625 0.16267475781250001 0.60963865625
0 0.192873278125 0.609619553125 0.20563087812499997 0.5584516140625 0.1790993546875 0.5518365625 0.1663417546875 0.6030045015625001 0.192873278125 0.609619553125
0 0.035507275 0.831056584375 0.042122328125000004 0.8045250609375 0.0184334671875 0.798618765625 0.011818415625 0.8251502890625 0.035507275 0.831056584375
0 0.10284573125 0.758774359375 0.1068620125 0.742665934375 0.0718024984375 0.733924615625 0.0677862171875 0.750033040625 0.10284573125 0.758774359375
0 0.09175431875 0.6357371546875 0.10285815625000001 0.591202096875 0.0384244546875 0.5751369703125 0.027320618749999998 0.619672028125 0.09175431875 0.6357371546875
0 0.12173696406250001 0.6688773625 0.1344945640625 0.6177094234375 0.082379071875 0.604715571875 0.069621471875 0.6558835109375 0.12173696406250001 0.6688773625
0 0.140852025 0.7456050734375 0.165894721875 0.6451643046875 0.09103792187500001 0.626500409375 0.0659952265625 0.7269411781249999 0.140852025 0.7456050734375
0 0 0.7623193390624999 0.041983825 0.7727870828125 0.0608839734375 0.696982728125 0.0049782624999999995 0.68304386875 0 0.7030105890625 0 0.7623193390624999
0 0.512370421875 0.5856139 0.52158424375 0.5486592765625 0.49221005624999997 0.5413354703125 0.482996234375 0.5782900921875 0.512370421875 0.5856139
0 0.5093841625 0.5451142265625 0.5181254796875 0.5100547125 0.49348906562500006 0.5039121640625 0.484747746875 0.538971678125 0.5093841625 0.5451142265625
0 0.56444006875 0.5261313000000001 0.5703463640625 0.5024424390625 0.5523428296875 0.49795365468749997 0.546436534375 0.5216425140625 0.56444006875 0.5261313000000001
0 0.5521460578124999 0.5613114859375 0.5561623390625 0.5452030609375 0.5495294578125 0.5435492984375 0.5455131765625 0.5596577234375 0.5521460578124999 0.5613114859375
0 0.5439724453125 0.5577638874999999 0.5567300453125 0.5065959484375 0.5226180859375 0.4980908828125 0.5098604859375 0.549258821875 0.5439724453125 0.5577638874999999
0 0.6256149468750001 0.8196697187499999 0.6357737765625 0.7789248796875 0.59408138125 0.768529796875 0.5839225515625001 0.8092746375000001 0.6256149468750001 0.8196697187499999
0 0.6631283609375 0.7761837859375 0.686044790625 0.6842710078125 0.633929296875 0.6712771546875 0.6110128671874999 0.7631899343749999 0.6631283609375 0.7761837859375
0 0.656255096875 0.5817332625 0.6711389640625 0.522037334375 0.6237612421875001 0.5102247421875 0.6088773765625 0.5699206703125 0.656255096875 0.5817332625
0 0.5532906953125 0.685894515625 0.573372103125 0.605352390625 0.5250468265625 0.593303546875 0.5049654203125 0.673845671875 0.5532906953125 0.685894515625
0 0.5819675875 0.7141801 0.5975602109375 0.6516415078125 0.5549202609375 0.641010175 0.5393276390625 0.7035487671875 0.5819675875 0.7141801
0 0.6112249234375 0.72399091875 0.6237462703125 0.673770534375 0.581106321875 0.6631392015625 0.5685849734375 0.7133595859375 0.6112249234375 0.72399091875
0 0.6112363843749999 0.7421100328125 0.6183239406250001 0.7136834000000001 0.5965301875 0.70824960625 0.5894426328125 0.7366762390625 0.6112363843749999 0.7421100328125
0 0.51020275 0.9031143625 0.51658155 0.8775303937500001 0.49005002500000006 0.8709153421875 0.483671225 0.8964993109374999 0.51020275 0.9031143625
0 0.5575944796875001 0.9370725375 0.57295085 0.8754815 0.51799269375 0.86177889375 0.5026363234375 0.9233699312500001 0.5575944796875001 0.9370725375
0 0.6445459687499999 0.9798876109375 0.6506885171875 0.9552511953125 0.619419221875 0.947454884375 0.6132766734375 0.9720912984375 0.6445459687499999 0.9798876109375
0 0.6365120109375 1 0.6420576828125 0.9777575234375 0.5473022421875 0.9541323374999999 0.5371434125000001 0.9948771781250001 0.5576899296875 1 0.6365120109375 1
0 0.7247120671875 0.9671653578124999 0.7284920968749999 0.9520044875 0.7133312265625 0.9482244578125 0.709551196875 0.963385328125 0.7247120671875 0.9671653578124999
0 0.7260868281249999 1 0.728988796875 0.9883608390624999 0.693929284375 0.9796195203125 0.688847859375 1 0.7260868281249999 1
0 0.7421901671875 1 0.747811571875 0.9774537750000001 0.7241227109375 0.9715474796875 0.7179801625 0.9961838937499999 0.733285728125 1 0.7421901671875 1
0 0.7708742375 1 0.7733993609375001 0.9898722796874999 0.7317069671875001 0.9794771984375 0.7265900578125 1 0.7708742375 1
0 0.9115856656249999 0.7767371734374999 0.91512944375 0.7625238578125 0.8971259093749999 0.758035071875 0.89358213125 0.7722483890625 0.9115856656249999 0.7767371734374999
0 0.87307885 0.747510403125 0.8782763906250001 0.7266642062499999 0.8479546499999999 0.719104146875 0.842757109375 0.73995034375 0.87307885 0.747510403125
0 0.8986882906250001 0.7941538984375 0.9048308374999999 0.7695174828125 0.8820895312499999 0.7638474390625001 0.8759469843750001 0.7884838546874999 0.8986882906250001 0.7941538984375
0 0.888859640625 0.795225946875 0.8957109453125 0.76774686875 0.84454300625 0.7549892687499999 0.8376917031250001 0.782468346875 0.888859640625 0.795225946875
0 0.9650174421875001 0.24959093124999998 0.9687974718750001 0.2344300609375 0.9470037203125001 0.22899626875 0.9432236906250001 0.2441571390625 0.9650174421875001 0.24959093124999998
0 0.965146065625 0.45292764218750003 0.9710523625 0.42923878281250005 0.956839046875 0.4256950046875 0.95093275 0.44938386562500005 0.965146065625 0.45292764218750003
0 0.70132285625 0.124463428125 0.7133716999999999 0.076138153125 0.6688366421875 0.065034315625 0.6567877984375 0.113359590625 0.70132285625 0.124463428125
0 0.6192492234375 0.3042854390625 0.630116809375 0.2606979359375 0.5969524046875 0.252429121875 0.5860848187500001 0.296016625 0.6192492234375 0.3042854390625
0 0.786798253125 0.080355028125 0.7924682984375 0.057613721875 0.7630941109375 0.050289914062499996 0.757424065625 0.0730312203125 0.786798253125 0.080355028125
0 0.817972346875 0.12486334218749999 0.8281311765625 0.0841185015625 0.7930716624999999 0.0753771828125 0.7829128328125 0.1161220234375 0.817972346875 0.12486334218749999
0 0.801409246875 0.15092745624999998 0.80731554375 0.12723859531249998 0.7836266828125 0.12133229999999999 0.7777203859374999 0.14502115937499999 0.801409246875 0.15092745624999998
0 0.8314896421875 0.15138213125 0.835742175 0.1343261515625 0.8063679890625 0.12700234375 0.8021154546875 0.1440583234375 0.8314896421875 0.15138213125
0 0.8678396265625 0.14081925625 0.8829597453125 0.0801757734375 0.801470065625 0.0598581140625 0.7863499468749999 0.12050159687499999 0.8678396265625 0.14081925625
0 0.8931567796875 0.0998279765625 0.8971730609374999 0.08371955156250001 0.8545331125000001 0.07308821875 0.85051683125 0.08919664375 0.8931567796875 0.0998279765625
0 0.552771725 0.239903953125 0.5577330140625001 0.22000530937499999 0.5349917078125 0.214335265625 0.53003041875 0.23423390781250003 0.552771725 0.239903953125
0 0.42940179062499995 0.2866416875 0.43861561406250005 0.249687065625 0.41303164375 0.243308265625 0.403817821875 0.2802628875 0.42940179062499995 0.2866416875
0 0.5165726671875001 0.11463254375000001 0.5276765046875 0.07009748593750001 0.463242803125 0.054032359375000005 0.4521389671875 0.09856741718749999 0.5165726671875001 0.11463254375000001
0 0.558689171875 0.0466295953125 0.565776728125 0.0182029625 0.53450743125 0.010406651562499999 0.5274198765625 0.038833282812499995 0.558689171875 0.0466295953125
0 0.5783502890625 0.050525203124999994 0.5859103484375 0.020203462499999998 0.5508508359375 0.01146214375 0.5432907765625 0.041783884375000004 0.5783502890625 0.050525203124999994
0 0.6107881093749999 0.03345139375 0.61362313125 0.0220807421875 0.5984622609375 0.0183007125 0.5956272390625 0.029671365625 0.6107881093749999 0.03345139375
0 0.6249950578125001 0.0269289984375 0.627593828125 0.0165059 0.5991671968750001 0.009418343749999999 0.596568425 0.0198414421875 0.6249950578125001 0.0269289984375
0 0.5397052828125 0.1772650640625 0.5460840828125 0.1516810953125 0.5053392421875 0.141522265625 0.49896044218749996 0.167106234375 0.5397052828125 0.1772650640625
0 0.56122998125 0.31900691718749996 0.5699713 0.2839474046875 0.5320691234375 0.2744973296875 0.5233278046875001 0.30955684375 0.56122998125 0.31900691718749996
0 0.5573560234375 0.3728930265625 0.5694048671874999 0.32456775000000004 0.5305551359375 0.314881425 0.5185062921875 0.3632067 0.5573560234375 0.3728930265625
0 0.52515318125 0.3870060453125 0.5357845140624999 0.344366096875 0.50451521875 0.3365697859375 0.4938838859375 0.379209734375 0.52515318125 0.3870060453125
0 0.5066618609375 0.3602535515625 0.5206007203125 0.30434784062500003 0.4741705546875 0.2927715 0.4602316953125 0.3486772109375 0.5066618609375 0.3602535515625
0 0.46827189843749994 0.32853977031250003 0.4770132171875 0.29348025624999996 0.44763902968749997 0.2861564484375 0.4388977109375 0.3212159625 0.46827189843749994 0.32853977031250003
0 0.34169187968750003 0.168153121875 0.3473619234375 0.14541181718750001 0.3293583890625 0.14092303125 0.3236883453125 0.1636643375 0.34169187968750003 0.168153121875
0 0.3427247578125 0.30327610312500003 0.3469772921875 0.28622012343750003 0.331816421875 0.28244009531250003 0.3275638875 0.2994960734375 0.3427247578125 0.30327610312500003
0 0.3093241015625 0.29595484375000003 0.331768028125 0.2059371734375 0.26543921875 0.18939954375 0.2429952921875 0.27941721406250003 0.3093241015625 0.29595484375000003
0 0.2840359296875 0.1955459125 0.2960847734375 0.1472206375 0.2543923796875 0.13682555624999998 0.242343534375 0.18515083125 0.2840359296875 0.1955459125
0 0.272864596875 0.133379528125 0.27499086250000004 0.1248515375 0.260777546875 0.121307759375 0.2586512796875 0.12983575 0.272864596875 0.133379528125
0 0.33145281875 0.08206417187500001 0.3385403734375 0.053637539062499996 0.29969064218749997 0.0439512140625 0.29260308749999997 0.072377846875 0.33145281875 0.08206417187500001
0 0.368017053125 0 0.363623821875 0.017620284375 0.4214246421875 0.032031646875 0.429411028125 0 0.368017053125 0
0 0.220350153125 0.051343790624999996 0.2269652046875 0.0248122671875 0.2042238984375 0.019142221875 0.197608846875 0.045673746875 0.220350153125 0.051343790624999996
0 0.11640239687500001 0 0.11208760312499999 0.0173056953125 0.150937334375 0.026992020312499997 0.157316134375 0.0014080515625 0.1516687484375 0 0.11640239687500001 0
0 0.092198184375 0.214141659375 0.058086225000000005 0.20563659374999999 0.047218640625 0.249224096875 0.0813306 0.2577291625 0.092198184375 0.214141659375
0 0.20430795000000002 0.1520157171875 0.21541178749999998 0.107480659375 0.1595060765625 0.0935418 0.1484022390625 0.1380768578125 0.20430795000000002 0.1520157171875
0 0.1374088546875 0.9188639375 0.1447326625 0.8894897500000001 0.12578157343750002 0.8847647125 0.11845776562500002 0.9141389 0.1374088546875 0.9188639375