0 0.06575580625 0.3484530421875 0.0250109671875 0.3382942125 0.014615884374999999 0.37998660625 0.055360725 0.3901454359375 0.06575580625 0.3484530421875
0 0.061880573437499996 0.40032591562500003 0.040086821875 0.3948921234375 0.0341805265625 0.41858098281249995 0.055974278125 0.42401477656250003 0.061880573437499996 0.40032591562500003
0 0 0.61688606875 0.0325347140625 0.6249978828125 0.039858521875000004 0.5956236968749999 0.006694117187499999 0.58735488125 0 0.6142035171875 0 0.61688606875
0 0.13332986093750002 0.6486192484375 0.1067983375 0.642004196875 0.10278205625 0.658112621875 0.12931357968749999 0.6647276734374999 0.13332986093750002 0.6486192484375
0 0.14269874062500001 0.66957465625 0.1076392265625 0.6608333375 0.0948816265625 0.7120012765625 0.129941140625 0.7207425953125 0.14269874062500001 0.66957465625
0 0.171970084375 0.7015310578125 0.12459236250000001 0.689718465625 0.11396102968749999 0.7323584140625 0.16133875 0.7441710078125 0.171970084375 0.7015310578125
0 0.20499853437499999 0.6820883640625001 0.168991465625 0.67311079375 0.160958903125 0.70532764375 0.19696597031250002 0.7143052140624999 0.20499853437499999 0.6820883640625001
0 0.23876630312499997 0.708120640625 0.1714899390625 0.691346759375 0.1521172875 0.7690462203124999 0.21939365156249999 0.7858201031250001 0.23876630312499997 0.708120640625
0 0.45194694531249996 0.731078784375 0.386565690625 0.7147774078125 0.3697918078125 0.782053771875 0.4351730640625 0.7983551484375 0.45194694531249996 0.731078784375
0 0.45119234375 0.661444996875 0.413290165625 0.6519949234375 0.40336758906250003 0.6917922078125 0.441269765625 0.7012422828125 0.45119234375 0.661444996875
0 0.58491660625 0.5085913546875 0.5166926875 0.49158122187500003 0.48078240625 0.63560949375 0.5490063234375 0.6526196265624999 0.58491660625 0.5085913546875
0 0.5545346671875 0.9675098578125001 0.5374786874999999 0.963257325 0.53275365 0.9822084140625 0.5498096296874999 0.9864609468750001 0.5545346671875 0.9675098578125001
0 0.39303652499999997 0.27304574531250003 0.3485014671875 0.2619419078125 0.3373976296875 0.30647696562500004 0.3819326875 0.3175808015625 0.39303652499999997 0.27304574531250003
0 0.44199176093750003 0 0.4405928796875 0.0056106078125 0.46238663124999996 0.0110444 0.465140309375 0 0.44199176093750003 0
0 0.5094244890625 0 0.5082134328125 0.0048572796875 0.53190229375 0.010763575000000001 0.5345859546875 0 0.5094244890625 0
0 0.6631398546875 0.0454976921875 0.6337656671875 0.038173884375 0.6238430890625 0.0779711703125 0.6532172765625 0.085294978125 0.6631398546875 0.0454976921875
0 0.7771943953125 0.0623604078125 0.734554446875 0.051729075 0.7168355578125001 0.12279565625 0.75947550625 0.13342699062500002 0.7771943953125 0.0623604078125
0 0.7365272390625 0.1750089 0.7052579437500001 0.1672125890625 0.6979341359375 0.196586775 0.72920343125 0.20438308749999998 0.7365272390625 0.1750089
0 0.841836640625 0.22089142499999997 0.793511365625 0.20884258125000002 0.7816987734375 0.25622030156250003 0.8300240484374999 0.268269146875 0.841836640625 0.22089142499999997
0 0.8007463375 0.2262465703125 0.76189660625 0.2165602453125 0.7524465328125001 0.254462421875 0.7912962640625001 0.26414874843749997 0.8007463375 0.2262465703125
0 0.7682792265625 0.1970159796875 0.7265868328125 0.18662089843750002 0.70886794375 0.2576874796875 0.7505603375 0.2680825609375 0.7682792265625 0.1970159796875
0 0.9351465546875 0.205910771875 0.9057723671875 0.198586965625 0.8970310484375 0.233646478125 0.9264052359375 0.24097028593749997 0.9351465546875 0.205910771875
0 1 0.234661284375 0.979571128125 0.2295677953125 0.963742253125 0.293053940625 1 0.3020940125 1 0.234661284375
0 0.9767854609375 0.13174999375000002 0.9834005140625001 0.1052184703125 0.92275703125 0.0900983515625 0.916141978125 0.116629875 0.9767854609375 0.13174999375000002