0 0.64013671875 0.53173828125 0.59716796875 0.53173828125 0.59716796875 0.56982421875 0.64013671875 0.56982421875 0.64013671875 0.53173828125
0 0.68798828125 0.44873046875 0.64697265625 0.44873046875 0.64697265625 0.48095703125 0.68798828125 0.48095703125 0.68798828125 0.44873046875
0 0.49853515625 0.55126953125 0.46630859375 0.55126953125 0.46630859375 0.58251953125 0.49853515625 0.58251953125 0.49853515625 0.55126953125
0 0.578125 0.4658203125 0.5439453125 0.4658203125 0.5439453125 0.4990234375 0.578125 0.4990234375 0.578125 0.4658203125
0 0.54638671875 0.4482421875 0.51416015625 0.4482421875 0.51416015625 0.478515625 0.54638671875 0.478515625 0.54638671875 0.4482421875
0 0.52734375 0.4150390625 0.490234375 0.4150390625 0.490234375 0.4541015625 0.52734375 0.4541015625 0.52734375 0.4150390625
0 0.49951171875 0.46728515625 0.47509765625 0.46728515625 0.47509765625 0.50048828125 0.49951171875 0.50048828125 0.49951171875 0.46728515625
0 0.46826171875 0.40625 0.43701171875 0.40625 0.43701171875 0.4375 0.46826171875 0.4375 0.46826171875 0.40625
0 0.4873046875 0.3759765625 0.4580078125 0.3759765625 0.4580078125 0.404296875 0.4873046875 0.404296875 0.4873046875 0.3759765625
0 0.40283203125 0.50927734375 0.36865234375 0.50927734375 0.36865234375 0.53857421875 0.40283203125 0.53857421875 0.40283203125 0.50927734375
0 0.46044921875 0.62646484375 0.42626953125 0.62646484375 0.42626953125 0.66455078125 0.46044921875 0.66455078125 0.46044921875 0.62646484375
0 0.630859375 0.63818359375 0.5966796875 0.63818359375 0.5966796875 0.67236328125 0.630859375 0.67236328125 0.630859375 0.63818359375
0 0.73974609375 0.65576171875 0.70654296875 0.65576171875 0.70654296875 0.68212890625 0.73974609375 0.68212890625 0.73974609375 0.65576171875
0 0.6767578125 0.6787109375 0.6494140625 0.6787109375 0.6494140625 0.71484375 0.6767578125 0.71484375 0.6767578125 0.6787109375
0 0.77587890625 0.767578125 0.73583984375 0.767578125 0.73583984375 0.794921875 0.77587890625 0.794921875 0.77587890625 0.767578125
0 0.59814453125 0.74658203125 0.56103515625 0.74658203125 0.56103515625 0.78564453125 0.59814453125 0.78564453125 0.59814453125 0.74658203125
0 0.56201171875 0.77392578125 0.53076171875 0.77392578125 0.53076171875 0.80419921875 0.56201171875 0.80419921875 0.56201171875 0.77392578125
0 0.65087890625 0.7841796875 0.60986328125 0.7841796875 0.60986328125 0.8251953125 0.65087890625 0.8251953125 0.65087890625 0.7841796875
0 0.46142578125 0.68310546875 0.43212890625 0.68310546875 0.43212890625 0.71923828125 0.46142578125 0.71923828125 0.46142578125 0.68310546875
0 0.3642578125 0.64794921875 0.3310546875 0.64794921875 0.3310546875 0.68896484375 0.3642578125 0.68896484375 0.3642578125 0.64794921875
0 0.32080078125 0.66845703125 0.29443359375 0.66845703125 0.29443359375 0.69970703125 0.32080078125 0.69970703125 0.32080078125 0.66845703125
0 0.3193359375 0.56201171875 0.2880859375 0.56201171875 0.2880859375 0.59716796875 0.3193359375 0.59716796875 0.3193359375 0.56201171875
0 0.30908203125 0.49755859375 0.27490234375 0.49755859375 0.27490234375 0.52685546875 0.30908203125 0.52685546875 0.30908203125 0.49755859375
0 0.37255859375 0.39453125 0.34814453125 0.39453125 0.34814453125 0.421875 0.37255859375 0.421875 0.37255859375 0.39453125
0 0.33837890625 0.37548828125 0.31298828125 0.37548828125 0.31298828125 0.41064453125 0.33837890625 0.41064453125 0.33837890625 0.37548828125
0 0.26708984375 0.42333984375 0.23583984375 0.42333984375 0.23583984375 0.45263671875 0.26708984375 0.45263671875 0.26708984375 0.42333984375
0 0.3740234375 0.33984375 0.3408203125 0.33984375 0.3408203125 0.369140625 0.3740234375 0.369140625 0.3740234375 0.33984375
0 0.4072265625 0.2216796875 0.3759765625 0.2216796875 0.3759765625 0.2529296875 0.4072265625 0.2529296875 0.4072265625 0.2216796875
0 0.3701171875 0.22021484375 0.3388671875 0.22021484375 0.3388671875 0.25537109375 0.3701171875 0.25537109375 0.3701171875 0.22021484375
0 0.36474609375 0.11328125 0.33251953125 0.11328125 0.33251953125 0.142578125 0.36474609375 0.142578125 0.36474609375 0.11328125
0 0.29345703125 0.1318359375 0.25927734375 0.1318359375 0.25927734375 0.15625 0.29345703125 0.15625 0.29345703125 0.1318359375
0 0.271484375 0.146484375 0.2373046875 0.146484375 0.2373046875 0.173828125 0.271484375 0.173828125 0.271484375 0.146484375
0 0.2822265625 0.056640625 0.248046875 0.056640625 0.248046875 0.095703125 0.2822265625 0.095703125 0.2822265625 0.056640625
0 0.23974609375 0.037109375 0.21435546875 0.037109375 0.21435546875 0.0712890625 0.23974609375 0.0712890625 0.23974609375 0.037109375
0 0.57275390625 0.10888671875 0.54443359375 0.10888671875 0.54443359375 0.14111328125 0.57275390625 0.14111328125 0.57275390625 0.10888671875
0 0.59521484375 0.1796875 0.55517578125 0.1796875 0.55517578125 0.2158203125 0.59521484375 0.2158203125 0.59521484375 0.1796875
0 0.6474609375 0.2451171875 0.6142578125 0.2451171875 0.6142578125 0.2705078125 0.6474609375 0.2705078125 0.6474609375 0.2451171875
0 0.60009765625 0.3095703125 0.56494140625 0.3095703125 0.56494140625 0.341796875 0.60009765625 0.341796875 0.60009765625 0.3095703125
0 0.72265625 0.31298828125 0.69140625 0.31298828125 0.69140625 0.34326171875 0.72265625 0.34326171875 0.72265625 0.31298828125
0 0.81298828125 0.32177734375 0.77685546875 0.32177734375 0.77685546875 0.35791015625 0.81298828125 0.35791015625 0.81298828125 0.32177734375
0 0.80078125 0.19580078125 0.775390625 0.19580078125 0.775390625 0.21923828125 0.80078125 0.21923828125 0.80078125 0.19580078125
0 0.71875 0.185546875 0.689453125 0.185546875 0.689453125 0.2177734375 0.71875 0.2177734375 0.71875 0.185546875
0 0.82421875 0.10888671875 0.7802734375 0.10888671875 0.7802734375 0.14794921875 0.82421875 0.14794921875 0.82421875 0.10888671875
0 0.73779296875 0.10009765625 0.70751953125 0.10009765625 0.70751953125 0.13037109375 0.73779296875 0.13037109375 0.73779296875 0.10009765625
0 0.68115234375 0.09521484375 0.64794921875 0.09521484375 0.64794921875 0.11962890625 0.68115234375 0.11962890625 0.68115234375 0.09521484375
0 0.685546875 0.12060546875 0.6494140625 0.12060546875 0.6494140625 0.15087890625 0.685546875 0.15087890625 0.685546875 0.12060546875
0 0.72607421875 0.04931640625 0.67724609375 0.04931640625 0.67724609375 0.09228515625 0.72607421875 0.09228515625 0.72607421875 0.04931640625
0 0.64404296875 0.01708984375 0.60302734375 0.01708984375 0.60302734375 0.05224609375 0.64404296875 0.05224609375 0.64404296875 0.01708984375
0 0.927734375 0.318359375 0.8916015625 0.318359375 0.8916015625 0.3505859375 0.927734375 0.3505859375 0.927734375 0.318359375
0 0.8642578125 0.392578125 0.8310546875 0.392578125 0.8310546875 0.4248046875 0.8642578125 0.4248046875 0.8642578125 0.392578125
0 0.873046875 0.45068359375 0.837890625 0.45068359375 0.837890625 0.48583984375 0.873046875 0.48583984375 0.873046875 0.45068359375
0 0.7724609375 0.38427734375 0.7412109375 0.38427734375 0.7412109375 0.41650390625 0.7724609375 0.41650390625 0.7724609375 0.38427734375
0 0.98828125 0.39404296875 0.9580078125 0.39404296875 0.9580078125 0.43017578125 0.98828125 0.43017578125 0.98828125 0.39404296875
0 1 0.19091796875 0.9873046875 0.19091796875 0.9873046875 0.22998046875 1 0.22998046875 1 0.19091796875
0 0.9658203125 0.16748046875 0.9306640625 0.16748046875 0.9306640625 0.20166015625 0.9658203125 0.20166015625 0.9658203125 0.16748046875
0 1 0.0234375 0.9873046875 0.0234375 0.9873046875 0.046875 1 0.046875 1 0.0234375
0 0.79150390625 0 0.79150390625 0.01171875 0.82373046875 0.01171875 0.82373046875 0 0.79150390625 0
0 0.40234375 0 0.40234375 0.0166015625 0.435546875 0.0166015625 0.435546875 0 0.40234375 0
0 0.34228515625 0 0.34228515625 0.0166015625 0.38037109375 0.0166015625 0.38037109375 0 0.34228515625 0
0 0.3544921875 0.00439453125 0.31640625 0.00439453125 0.31640625 0.03466796875 0.3544921875 0.03466796875 0.3544921875 0.00439453125
0 0.33837890625 0.02783203125 0.30615234375 0.02783203125 0.30615234375 0.05712890625 0.33837890625 0.05712890625 0.33837890625 0.02783203125
0 0.3203125 0.044921875 0.291015625 0.044921875 0.291015625 0.080078125 0.3203125 0.080078125 0.3203125 0.044921875
0 0.1728515625 0.01806640625 0.140625 0.01806640625 0.140625 0.05126953125 0.1728515625 0.05126953125 0.1728515625 0.01806640625
0 0.09765625 0.08349609375 0.0673828125 0.08349609375 0.0673828125 0.11767578125 0.09765625 0.11767578125 0.09765625 0.08349609375
0 0.109375 0.20166015625 0.0751953125 0.20166015625 0.0751953125 0.23681640625 0.109375 0.23681640625 0.109375 0.20166015625
0 0 0.2880859375 0.0107421875 0.2880859375 0.0107421875 0.2578125 0 0.2578125 0 0.2880859375
0 0.107421875 0.3076171875 0.05859375 0.3076171875 0.05859375 0.35546875 0.107421875 0.35546875 0.107421875 0.3076171875
0 0.14892578125 0.35107421875 0.12158203125 0.35107421875 0.12158203125 0.37646484375 0.14892578125 0.37646484375 0.14892578125 0.35107421875
0 0.1865234375 0.375 0.15234375 0.375 0.15234375 0.40625 0.1865234375 0.40625 0.1865234375 0.375
0 0.080078125 0.3662109375 0.041015625 0.3662109375 0.041015625 0.404296875 0.080078125 0.404296875 0.080078125 0.3662109375
0 0.14013671875 0.48974609375 0.11083984375 0.48974609375 0.11083984375 0.52490234375 0.14013671875 0.52490234375 0.14013671875 0.48974609375
0 0.197265625 0.50732421875 0.16796875 0.50732421875 0.16796875 0.53564453125 0.197265625 0.53564453125 0.197265625 0.50732421875
0 0.20556640625 0.53857421875 0.15673828125 0.53857421875 0.15673828125 0.58544921875 0.20556640625 0.58544921875 0.20556640625 0.53857421875
0 0.23193359375 0.61376953125 0.19580078125 0.61376953125 0.19580078125 0.65478515625 0.23193359375 0.65478515625 0.23193359375 0.61376953125
0 0.1669921875 0.58544921875 0.138671875 0.58544921875 0.138671875 0.61474609375 0.1669921875 0.61474609375 0.1669921875 0.58544921875
0 0.1484375 0.60546875 0.119140625 0.60546875 0.119140625 0.640625 0.1484375 0.640625 0.1484375 0.60546875
0 0.1513671875 0.6396484375 0.1259765625 0.6396484375 0.1259765625 0.6767578125 0.1513671875 0.6767578125 0.1513671875 0.6396484375
0 0.142578125 0.666015625 0.10546875 0.666015625 0.10546875 0.703125 0.142578125 0.703125 0.142578125 0.666015625
0 0.23876953125 0.67041015625 0.20458984375 0.67041015625 0.20458984375 0.70849609375 0.23876953125 0.70849609375 0.23876953125 0.67041015625
0 0.07568359375 0.67236328125 0.04931640625 0.67236328125 0.04931640625 0.70166015625 0.07568359375 0.70166015625 0.07568359375 0.67236328125
0 0.09033203125 0.72265625 0.06005859375 0.72265625 0.06005859375 0.75 0.09033203125 0.75 0.09033203125 0.72265625
0 0.0537109375 0.75 0.0205078125 0.75 0.0205078125 0.7822265625 0.0537109375 0.7822265625 0.0537109375 0.75
0 0 0.767578125 0.017578125 0.767578125 0.017578125 0.7353515625 0 0.7353515625 0 0.767578125
0 0.24609375 0.7568359375 0.2158203125 0.7568359375 0.2158203125 0.791015625 0.24609375 0.791015625 0.24609375 0.7568359375
0 0.35546875 0.7314453125 0.318359375 0.7314453125 0.318359375 0.771484375 0.35546875 0.771484375 0.35546875 0.7314453125
0 0.16748046875 0.7900390625 0.13232421875 0.7900390625 0.13232421875 0.830078125 0.16748046875 0.830078125 0.16748046875 0.7900390625
0 0.17138671875 0.83935546875 0.14404296875 0.83935546875 0.14404296875 0.86865234375 0.17138671875 0.86865234375 0.17138671875 0.83935546875
0 0.2216796875 0.85107421875 0.1875 0.85107421875 0.1875 0.88232421875 0.2216796875 0.88232421875 0.2216796875 0.85107421875
0 0.24951171875 0.8681640625 0.22607421875 0.8681640625 0.22607421875 0.9033203125 0.24951171875 0.9033203125 0.24951171875 0.8681640625
0 0.22265625 0.88427734375 0.1953125 0.88427734375 0.1953125 0.91650390625 0.22265625 0.91650390625 0.22265625 0.88427734375
0 0.154296875 0.91455078125 0.115234375 0.91455078125 0.115234375 0.95263671875 0.154296875 0.95263671875 0.154296875 0.91455078125
0 0.06689453125 0.82421875 0.03466796875 0.82421875 0.03466796875 0.8583984375 0.06689453125 0.8583984375 0.06689453125 0.82421875
0 0.337890625 0.94970703125 0.3046875 0.94970703125 0.3046875 0.98388671875 0.337890625 0.98388671875 0.337890625 0.94970703125
0 0.333984375 1 0.333984375 0.986328125 0.298828125 0.986328125 0.298828125 1 0.333984375 1
0 0.03759765625 1 0.03759765625 0.9736328125 0.01416015625 0.9736328125 0.01416015625 1 0.03759765625 1
0 0.421875 0.85693359375 0.3876953125 0.85693359375 0.3876953125 0.89208984375 0.421875 0.89208984375 0.421875 0.85693359375
0 0.47119140625 0.779296875 0.44091796875 0.779296875 0.44091796875 0.8154296875 0.47119140625 0.8154296875 0.47119140625 0.779296875
0 0.44140625 0.7919921875 0.4072265625 0.7919921875 0.4072265625 0.826171875 0.44140625 0.826171875 0.44140625 0.7919921875
0 0.50390625 0.81982421875 0.4677734375 0.81982421875 0.4677734375 0.85205078125 0.50390625 0.85205078125 0.50390625 0.81982421875
0 0.54150390625 0.85009765625 0.50830078125 0.85009765625 0.50830078125 0.88916015625 0.54150390625 0.88916015625 0.54150390625 0.85009765625
0 0.5322265625 0.88720703125 0.498046875 0.88720703125 0.498046875 0.92333984375 0.5322265625 0.92333984375 0.5322265625 0.88720703125
0 0.4833984375 1 0.4833984375 0.98828125 0.455078125 0.98828125 0.455078125 1 0.4833984375 1
0 0.66259765625 0.91357421875 0.62841796875 0.91357421875 0.62841796875 0.94775390625 0.66259765625 0.94775390625 0.66259765625 0.91357421875
0 0.708984375 0.947265625 0.6767578125 0.947265625 0.6767578125 0.9814453125 0.708984375 0.9814453125 0.708984375 0.947265625
0 0.68310546875 1 0.68310546875 0.9765625 0.64404296875 0.9765625 0.64404296875 1 0.68310546875 1
0 0.759765625 0.8701171875 0.7216796875 0.8701171875 0.7216796875 0.904296875 0.759765625 0.904296875 0.759765625 0.8701171875
0 0.70703125 0.81494140625 0.6728515625 0.81494140625 0.6728515625 0.86083984375 0.70703125 0.86083984375 0.70703125 0.81494140625
0 0.85302734375 0.6904296875 0.81884765625 0.6904296875 0.81884765625 0.7275390625 0.85302734375 0.7275390625 0.85302734375 0.6904296875
0 0.8212890625 0.58056640625 0.7763671875 0.58056640625 0.7763671875 0.62548828125 0.8212890625 0.62548828125 0.8212890625 0.58056640625
0 0.99951171875 0.638671875 0.96630859375 0.638671875 0.96630859375 0.6708984375 0.99951171875 0.6708984375 0.99951171875 0.638671875
0 1 0.693359375 0.962890625 0.693359375 0.962890625 0.732421875 1 0.732421875 1 0.693359375
0 0.98779296875 0.734375 0.95263671875 0.734375 0.95263671875 0.767578125 0.98779296875 0.767578125 0.98779296875 0.734375
0 0.9384765625 0.8447265625 0.90234375 0.8447265625 0.90234375 0.876953125 0.9384765625 0.876953125 0.9384765625 0.8447265625
0 0.931640625 0.90283203125 0.904296875 0.90283203125 0.904296875 0.93310546875 0.931640625 0.93310546875 0.931640625 0.90283203125
0 0.8984375 0.9072265625 0.8642578125 0.9072265625 0.8642578125 0.9384765625 0.8984375 0.9384765625 0.8984375 0.9072265625
0 1 0.9560546875 0.9580078125 0.9560546875 0.9580078125 1 1 1 1 0.9560546875
0 0.96142578125 1 0.96142578125 0.98828125 0.93408203125 0.98828125 0.93408203125 1 0.96142578125 1
0 1 0.76318359375 0.994140625 0.76318359375 0.994140625 0.78076171875 1 0.78076171875 1 0.76318359375
0 0.38671875 0.02490234375 0.375 0.02490234375 0.375 0.03369140625 0.38671875 0.03369140625 0.38671875 0.02490234375
0 0.14990234375 0.2939453125 0.14208984375 0.2939453125 0.14208984375 0.3056640625 0.14990234375 0.3056640625 0.14990234375 0.2939453125
0 0.234375 0.32421875 0.212890625 0.32421875 0.212890625 0.3388671875 0.234375 0.3388671875 0.234375 0.32421875
0 0.20703125 0.44287109375 0.1923828125 0.44287109375 0.1923828125 0.45654296875 0.20703125 0.45654296875 0.20703125 0.44287109375
0 0.12548828125 0.72998046875 0.10693359375 0.72998046875 0.10693359375 0.74658203125 0.12548828125 0.74658203125 0.12548828125 0.72998046875
0 0.380859375 0.71533203125 0.36328125 0.71533203125 0.36328125 0.72802734375 0.380859375 0.72802734375 0.380859375 0.71533203125
0 0.1953125 0.814453125 0.185546875 0.814453125 0.185546875 0.8271484375 0.1953125 0.8271484375 0.1953125 0.814453125
0 0.30029296875 0.90380859375 0.28759765625 0.90380859375 0.28759765625 0.91650390625 0.30029296875 0.91650390625 0.30029296875 0.90380859375
0 0.58935546875 0.7158203125 0.57275390625 0.7158203125 0.57275390625 0.728515625 0.58935546875 0.728515625 0.58935546875 0.7158203125
0 0.4560546875 0.32861328125 0.44140625 0.32861328125 0.44140625 0.33837890625 0.4560546875 0.33837890625 0.4560546875 0.32861328125