0 1 0.430875415625 0.967323903125 0.3875127703125 0.9298878640625 0.41572285000000003 0.9804309234374999 0.482795753125 1 0.46804939687499997 1 0.430875415625
0 0.9405960468749999 0.3147217109375 0.9658675765625 0.3482581640625 0.9892651015625 0.33062686406249997 0.9639935718749999 0.2970904125 0.9405960468749999 0.3147217109375
0 0.6793033359375 0.5886555828125 0.7122150953124999 0.6323309609375001 0.784747421875 0.5776739328125 0.7518356625 0.533998553125 0.6793033359375 0.5886555828125
0 0.563997621875 0.3423347421875 0.6233563296875 0.421106409375 0.682630059375 0.37644045 0.62327135 0.29766878281250003 0.563997621875 0.3423347421875
0 0.49352049375 0.1839006171875 0.520555153125 0.21977682187499997 0.5533116875 0.1950930015625 0.526277028125 0.159216796875 0.49352049375 0.1839006171875
0 0.382402528125 0.448606740625 0.424717646875 0.5047608 0.46683319218749997 0.4730244609375 0.42451807343750003 0.4168704015625 0.382402528125 0.448606740625
0 0.5200948000000001 0.791166059375 0.56534846875 0.8512197046875001 0.6378807953125001 0.7965626765625 0.5926271265625 0.7365090296875 0.5200948000000001 0.791166059375
0 0.5656626390625 0.9035628765625001 0.6038637875 0.9542575140625 0.6397399921875 0.9272228546875001 0.6015388421875 0.8765282171875001 0.5656626390625 0.9035628765625001
0 0.5949242234375001 1 0.5667733562499999 0.9626425390625 0.51719833125 1 0.5949242234375001 1
0 0.5098962015625 1 0.5719278359375 0.953255809375 0.5249110375 0.8908624109375 0.45237871093750004 0.9455194390624999 0.4934327578125 1 0.5098962015625 1
0 0.09206256093750001 0.57446165625 0.2348760859375 0.76398160625 0.3838403265625 0.651729 0.24102680156249998 0.46220904999999995 0.09206256093750001 0.57446165625
0 0.20611152187499998 0.8694182890625 0.171795153125 0.895277528125 0.21469798125 0.9522115046874999 0.24901435156249999 0.9263522656250001 0.20611152187499998 0.8694182890625