0 0.5066504328125 0.5449947749999999 0.531300940625 0.5765459859375001 0.5720866531250001 0.5446806953125 0.5474361453125 0.5131294843750001 0.5066504328125 0.5449947749999999
0 0.4777310015625 0.500048590625 0.49396426406250005 0.5208262171875 0.5108941812500001 0.5075991156249999 0.4946609203125 0.4868214875 0.4777310015625 0.500048590625
0 0.5034629374999999 0.49729445625 0.516690040625 0.514224375 0.5374676671875 0.4979911140625 0.524240565625 0.4810611953125 0.5034629374999999 0.49729445625
0 0.47811445625 0.4402637734375 0.5069735890625 0.47720177656249996 0.5369857171875 0.45375373281250003 0.508126584375 0.416815728125 0.47811445625 0.4402637734375
0 0.4157073734375 0.396075859375 0.4403578828125 0.42762707187500004 0.46498321875000004 0.40838765 0.44033270937499996 0.3768364390625 0.4157073734375 0.396075859375
0 0.43934626874999994 0.35653944531250004 0.46399677656250005 0.38809065781249996 0.48400486249999997 0.372458628125 0.45935435468749997 0.340907415625 0.43934626874999994 0.35653944531250004
0 0.489258909375 0.34666639374999997 0.51390941875 0.3782176046875 0.5400738375 0.3577757203125 0.5154233296874999 0.3262245078125 0.489258909375 0.34666639374999997
0 0.5366716375 0.3883175109375 0.55951845 0.4175600984375 0.5933782875 0.39110589375 0.570531475 0.3618633078125 0.5366716375 0.3883175109375
0 0.5643283046875001 0.4237164328125 0.584770190625 0.4498808515625 0.6201691109375 0.422224184375 0.599727225 0.3960597640625 0.5643283046875001 0.4237164328125
0 0.60368206875 0.3440185171875 0.6223202578125 0.3678743109375 0.6500237609374999 0.3462299625 0.631385571875 0.3223741671875 0.60368206875 0.3440185171875
0 0.5264962140625 0.25870783125 0.542729475 0.27948545937499997 0.570432978125 0.2578411109375 0.5541997171874999 0.2370634828125 0.5264962140625 0.25870783125
0 0.45799309531250004 0.2273379546875 0.4910608515625 0.26966275156249997 0.5303074796875 0.23899992343749998 0.497239725 0.1966751265625 0.45799309531250004 0.2273379546875
0 0.41435738593749993 0.2484175140625 0.429989415625 0.2684256 0.453845209375 0.2497874109375 0.4382131796875 0.22977932499999998 0.41435738593749993 0.2484175140625
0 0.3581192234375 0.2248150625 0.3785611078125 0.25097948125 0.404725528125 0.230537596875 0.38428364375 0.2043731765625 0.3581192234375 0.2248150625
0 0.347009896875 0.27562998906249997 0.3656480859375 0.299485784375 0.387964796875 0.2820500578125 0.36932660781250004 0.2581942640625 0.347009896875 0.27562998906249997
0 0.30214698906250004 0.2642079 0.3165765546875 0.2826769015625 0.338893265625 0.2652411765625 0.3244637 0.2467721734375 0.30214698906250004 0.2642079
0 0.2791201578125 0.250596903125 0.292347259375 0.267526821875 0.3169725953125 0.2482874015625 0.30374549375000004 0.23135748281250001 0.2791201578125 0.250596903125
0 0.337476534375 0.36177226875 0.3561147234375 0.3856280640625 0.376122809375 0.369996034375 0.3574846203125 0.3461402390625 0.337476534375 0.36177226875
0 0.311167221875 0.35506329375 0.321388165625 0.368145503125 0.3506307515625 0.345298690625 0.340409809375 0.33221648125000003 0.311167221875 0.35506329375
0 0.2882839671875 0.3091189578125 0.3171431 0.3460569625 0.3379207265625 0.3298237 0.3090615953125 0.292885696875 0.2882839671875 0.3091189578125
0 0.26771065312500003 0.320855128125 0.2851463796875 0.3431718390625 0.30361538125 0.328742271875 0.28617965624999997 0.30642556249999997 0.26771065312500003 0.320855128125
0 0.223245103125 0.33452773750000003 0.239478365625 0.355305365625 0.2617950765625 0.3378696390625 0.2455618140625 0.31709201249999996 0.223245103125 0.33452773750000003
0 0.1838292875 0.3269052046875 0.2024674765625 0.350761 0.2193973953125 0.337533896875 0.20075920625000002 0.313678103125 0.1838292875 0.3269052046875
0 0.0876231046875 0.33700774375 0.0936354234375 0.34470316093750003 0.10671763281249999 0.33448221875 0.10070531406250001 0.3267868015625 0.0876231046875 0.33700774375
0 0.06519750468749999 0.3241662890625 0.080829534375 0.34417437500000003 0.09929853749999999 0.329744809375 0.0836665078125 0.30973672343750003 0.06519750468749999 0.3241662890625
0 0 0.2898895015625 0.007672723437499999 0.299710140625 0.0353762265625 0.2780657921875 0.0179405015625 0.25574908125 0 0.2697657375 0 0.2898895015625
0 0.11490363906250001 0.21964999375 0.13775045156250001 0.24889258124999997 0.1654539546875 0.2272482328125 0.14260714218749998 0.1980056453125 0.11490363906250001 0.21964999375
0 0.19268809375 0.18676181875 0.20170657187500002 0.1983049453125 0.23325778437500003 0.1736544375 0.22423930625000002 0.1621113109375 0.19268809375 0.18676181875
0 0.23069713281249998 0.1973423609375 0.2481328578125 0.219659071875 0.2666018609375 0.20522950468749998 0.24916613437500001 0.1829127953125 0.23069713281249998 0.1973423609375
0 0.2132600921875 0.1155414484375 0.22889212187500002 0.135549534375 0.2450524984375 0.1229236640625 0.22942046875000002 0.102915578125 0.2132600921875 0.1155414484375
0 0.165307746875 0.1406131703125 0.181541009375 0.16139079843749998 0.2130922203125 0.1367402890625 0.196858959375 0.11596266250000001 0.165307746875 0.1406131703125
0 0.243850034375 0.12138458125 0.26008329531249996 0.1421622078125 0.2808609234375 0.125928946875 0.2646276609375 0.10515131874999999 0.243850034375 0.12138458125
0 0.225416159375 0.0930316953125 0.24706050781250002 0.1207351984375 0.26168179999999996 0.1093117921875 0.24003745156249998 0.08160828906249999 0.225416159375 0.0930316953125
0 0.24778102031250002 0.07803689999999999 0.2610081234375 0.09496681875 0.2848639171875 0.07632862968750001 0.271636815625 0.0593987109375 0.24778102031250002 0.07803689999999999
0 0.34398720312500003 0.0679343625 0.35661307343750004 0.0840947390625 0.381238409375 0.06485531875 0.3686125390625 0.048694940625 0.34398720312500003 0.0679343625
0 0.31540483125 0.040074696874999996 0.3316380921875 0.0608523234375 0.3424116765625 0.052435078125 0.326178415625 0.03165745 0.31540483125 0.040074696874999996
0 0.361146403125 0 0.331769521875 0.022951734374999998 0.355217565625 0.0529638625 0.3906164859375 0.025307195312500003 0.3708443390625 0 0.361146403125 0
0 0.3992152125 0 0.3792893828125 0.0155677640625 0.4027374265625 0.04557989375 0.43274955468750004 0.0221318484375 0.41545825937499997 0 0.3992152125 0
0 0.4885782140625 0.0150723515625 0.501805315625 0.03200226875 0.5164266093750001 0.0205788625 0.50319950625 0.0036489453125 0.4885782140625 0.0150723515625
0 0.46682760781250005 0.0760600703125 0.47945347812500005 0.092220446875 0.50023110625 0.0759871859375 0.48760523593749994 0.05982680781250001 0.46682760781250005 0.0760600703125
0 0.4763761890625 0.13428150781249998 0.49802053749999997 0.1619850109375 0.5226458734375 0.142745590625 0.5010015250000001 0.1150420875 0.4763761890625 0.13428150781249998
0 0.653557390625 0.27778758125 0.666183259375 0.2939479578125 0.6846522625 0.2795183921875 0.6720263921875 0.263358015625 0.653557390625 0.27778758125
0 0.6091989734375 0.24242510312499999 0.6266346984375 0.2647418140625 0.6474123265625 0.24850855312500003 0.6299766 0.2261918421875 0.6091989734375 0.24242510312499999
0 0.62117370625 0.1760627390625 0.6500328375 0.21300074375000003 0.6800449656249999 0.1895526984375 0.651185834375 0.1526146953125 0.62117370625 0.1760627390625
0 0.630252921875 0.21544211406249997 0.6579095890625 0.250841034375 0.6802263 0.23340530781250002 0.6525696328125 0.1980063875 0.630252921875 0.21544211406249997
0 0.6173008249999999 0.128278265625 0.6335340859375 0.14905589375 0.655850796875 0.1316201671875 0.6396175359375 0.11084254062500001 0.6173008249999999 0.128278265625
0 0.7224300609375 0.164493125 0.738062090625 0.1845012109375 0.7588397171875 0.16826794843749998 0.7432076875 0.1482598625 0.7224300609375 0.164493125
0 0.6800072078125 0.11336675 0.7016515562500001 0.141070253125 0.7262768921875 0.12183083125000001 0.7046325437500001 0.09412732812499999 0.6800072078125 0.11336675
0 0.746176528125 0.0957496890625 0.763612253125 0.11806639999999999 0.78900713125 0.09822574687499999 0.77157140625 0.07590903593750001 0.746176528125 0.0957496890625
0 0.527826159375 0.0438937234375 0.5470655796874999 0.0685190609375 0.56553458125 0.054089493749999995 0.5462951609375 0.029464157812500003 0.527826159375 0.0438937234375
0 0.47202135624999997 0.042259654687499995 0.49486816874999995 0.071502240625 0.51949350625 0.0522628203125 0.49664669375 0.0230202328125 0.47202135624999997 0.042259654687499995
0 0.5868648515625 0.0163567765625 0.5982882578125001 0.0309780703125 0.61829634375 0.015346040624999998 0.6068729375 0.0007247468749999999 0.5868648515625 0.0163567765625
0 0.6057793609375001 0.029462842187499998 0.6232150875 0.051779553125 0.6378363796875 0.040356146875 0.6204006546875 0.0180394359375 0.6057793609375001 0.029462842187499998
0 0.569599190625 0.071981559375 0.5840287562500001 0.09045056093750001 0.610193175 0.07000867656250001 0.595763609375 0.05153967499999999 0.569599190625 0.071981559375
0 0.7486565328125 0.2313716890625 0.7678959546875 0.255997025 0.790212665625 0.23856129843749999 0.77097324375 0.2139359625 0.7486565328125 0.2313716890625
0 0.76718715 0.2844345046875 0.7834204125 0.30521213125 0.8018894140624999 0.290782565625 0.7856561515625 0.2700049390625 0.76718715 0.2844345046875
0 0.6897397546875 0.3344091984375 0.7185988859375 0.37134720312499997 0.764771390625 0.3352732890625 0.735912259375 0.298335284375 0.6897397546875 0.3344091984375
0 0.69319010625 0.3063083390625 0.702208584375 0.317851465625 0.7229862125000001 0.301618203125 0.7139677328125 0.2900750765625 0.69319010625 0.3063083390625
0 0.756018840625 0.3867254515625 0.773454565625 0.40904216250000003 0.7996189859375 0.38860027812500003 0.782183259375 0.3662835671875 0.756018840625 0.3867254515625
0 0.9035371187499999 0.5763333390625001 0.928187628125 0.60788455 0.9612779234375 0.582031578125 0.9366274140625 0.5504803671875 0.9035371187499999 0.5763333390625001
0 0.7837132671875 0.498310321875 0.8041551515625001 0.524474740625 0.830319571875 0.50403285625 0.8098776859375001 0.4778684375 0.7837132671875 0.498310321875
0 0.81865891875 0.635831440625 0.8487205140625 0.6743085296875 0.891045309375 0.6412407734375 0.8609837140625001 0.6027636859375 0.81865891875 0.635831440625
0 0.9119691453125001 0.7116425734375 0.9251962468749999 0.7285724921875001 0.9582865421875001 0.7027195203125001 0.9450594406249999 0.6857896015625 0.9119691453125001 0.7116425734375
0 0.944974846875 0.666646921875 0.961208109375 0.6874245484375 0.9950679453125 0.6609703453125 0.978834684375 0.6401927171875 0.944974846875 0.666646921875
0 1 0.5542571281249999 0.9767169093750001 0.572447871875 1 0.60224886875 1 0.5542571281249999
0 1 0.47138733437499997 0.9842895359374999 0.45127885624999997 0.9581251171874999 0.471720740625 0.9911928718749999 0.5140455375 1 0.5071646546874999 1 0.47138733437499997
0 0.96302908125 0.383618603125 0.9792623421875 0.40439623124999996 0.9992704281250001 0.3887642015625 0.9830371671875 0.36798657343749996 0.96302908125 0.383618603125
0 1 0.3524223 0.985789984375 0.334234309375 0.9596255640625 0.35467619375 0.9770612906249999 0.3769929046875 1 0.3590712203125 1 0.3524223
0 0.9303452203125 0.3013370578125 0.9477809453124999 0.32365376874999996 0.9700976562499999 0.3062180421875 0.9526619296875 0.28390133125 0.9303452203125 0.3013370578125
0 0.899154921875 0.3343805171875 0.9226029671875 0.36439264531250004 0.9556932625 0.3385396734375 0.9322452171875 0.3085275453125 0.899154921875 0.3343805171875
0 0.9420445078125 0.2853805546875 0.95743534375 0.2733559171875 0.9436070093750001 0.25565645625 0.928216175 0.2676810953125 0.9420445078125 0.2853805546875
0 0.8629118203124999 0.24992265156250001 0.88335370625 0.27608707187500003 0.9149049171874999 0.2514365640625 0.8944630328125 0.22527214375 0.8629118203124999 0.24992265156250001
0 0.7782874 0.36684879531250003 0.7945206625 0.38762642187499996 0.814528746875 0.3719943921875 0.7982954859375 0.351216765625 0.7782874 0.36684879531250003
0 0.7944239203125 0.3629164921875 0.8058473265625 0.3775377859375 0.8373985390625001 0.352887278125 0.8259751328125 0.338265984375 0.7944239203125 0.3629164921875
0 0.8057991765624999 0.3750968546875 0.8202287421875001 0.39356585625 0.8425454531250001 0.37613013125 0.8281158859375 0.35766112968749997 0.8057991765624999 0.3750968546875
0 0.822272315625 0.3684230046875 0.8379043453125 0.38843109062500003 0.8694555578125 0.3637805828125 0.853823528125 0.343772496875 0.822272315625 0.3684230046875
0 0.8422929874999999 0.3781862921875 0.8555200890625001 0.3951162109375 0.8909190109375 0.3674595421875 0.8776919078125 0.3505296234375 0.8422929874999999 0.3781862921875
0 0.8659570546875001 0.3894405109375 0.8833927796875001 0.411757221875 0.9080181156249999 0.3925178 0.8905823906249999 0.3702010890625 0.8659570546875001 0.3894405109375
0 0.854932321875 0.45939811875 0.8735705109375 0.48325391250000005 0.8997349296875001 0.462812028125 0.8810967406250001 0.438956234375 0.854932321875 0.45939811875
0 0.8659353921875 0.49727441250000004 0.88457358125 0.5211302078125 0.9184334171874999 0.49467600312500004 0.8997952281250001 0.47082020937499997 0.8659353921875 0.49727441250000004
0 0.8854502562500001 0.4714938875 0.8926650390624999 0.4807283875 0.9219076265625 0.45788157500000004 0.9146928421875 0.44864707499999995 0.8854502562500001 0.4714938875
0 0.8628676171875 0.4259343234375 0.884511965625 0.4536378265625 0.9237585953125 0.4229749984375 0.902114246875 0.3952714953125 0.8628676171875 0.4259343234375
0 0.653742671875 0.50009279375 0.6741845578125 0.5262572125 0.69880989375 0.5070177921875 0.6783680078125001 0.480853371875 0.653742671875 0.50009279375
0 0.6094476249999999 0.6115349640625001 0.628687046875 0.6361603 0.65639055 0.6145159515625 0.637151128125 0.589890615625 0.6094476249999999 0.6115349640625001
0 0.652518984375 0.626215678125 0.675365796875 0.655458265625 0.692295715625 0.6422311640625 0.6694489031249999 0.6129885765624999 0.652518984375 0.626215678125
0 0.633651309375 0.55606634375 0.6552956578125 0.583769846875 0.6845382453125 0.560923034375 0.6628938953125 0.53321953125 0.633651309375 0.55606634375
0 0.6556804281249999 0.5834692312499999 0.6791284734375 0.6134813593749999 0.703753809375 0.5942419375 0.680305765625 0.564229809375 0.6556804281249999 0.5834692312499999
0 0.6835036515625 0.538185109375 0.7063504640625 0.567427696875 0.732514884375 0.5469858109375 0.709668071875 0.517743225 0.6835036515625 0.538185109375
0 0.7048703640625 0.517154140625 0.7235085531250001 0.541009934375 0.7527511390625 0.518163121875 0.73411295 0.494307328125 0.7048703640625 0.517154140625
0 0.7306387421875 0.53110175625 0.7510806265625 0.557266175 0.7733973375 0.53983045 0.752955453125 0.5136660296875 0.7306387421875 0.53110175625
0 0.33815240625 0.4752575765625 0.35378443593750003 0.4952656609375 0.3745620625 0.4790324 0.3589300328125 0.4590243140625 0.33815240625 0.4752575765625
0 0.24082703749999998 0.4434795109375 0.26367385 0.472722096875 0.28829918593750004 0.45348267499999995 0.2654523734375 0.42424008906250005 0.24082703749999998 0.4434795109375
0 0.2263007296875 0.400300578125 0.252754934375 0.43416041562499996 0.2804584375 0.4125160671875 0.2540042328125 0.3786562296875 0.2263007296875 0.400300578125
0 0.128315146875 0.419228990625 0.15116195937500002 0.44847157812500005 0.1788654625 0.42682722812499996 0.15601864999999998 0.3975846421875 0.128315146875 0.419228990625
0 0.1363966515625 0.47240025625 0.149623753125 0.489330175 0.17194046406250002 0.47189445 0.1587133625 0.45496453125 0.1363966515625 0.47240025625
0 0.1562494515625 0.503362384375 0.1736851765625 0.5256790953125 0.197540971875 0.50704090625 0.180105246875 0.4847241953125 0.1562494515625 0.503362384375
0 0.18058588125 0.46947737500000003 0.19681914218750002 0.49025500156249996 0.2245226453125 0.468610653125 0.208289384375 0.4478330265625 0.18058588125 0.46947737500000003
0 0.2076534640625 0.509674003125 0.22328549375 0.5296820890625 0.250988996875 0.5080377390625 0.2353569671875 0.4880296546875 0.2076534640625 0.509674003125
0 0.22418734218749997 0.5308364015625 0.239819371875 0.5508444859375 0.265983790625 0.5304026015625001 0.2503517609375 0.510394515625 0.22418734218749997 0.5308364015625
0 0.25803590781249996 0.53847108125 0.272465475 0.5569400828125 0.300168978125 0.535295734375 0.2857394109375 0.5168267328125 0.25803590781249996 0.53847108125
0 0.28569257656249997 0.5738700015625 0.30613446093749996 0.600034421875 0.3338379640625 0.5783900734375 0.3133960796875 0.552225653125 0.28569257656249997 0.5738700015625
0 0.0218073765625 0.5755592421875 0.0314270875 0.587871909375 0.046817921875 0.5758472718750001 0.0371982109375 0.563534603125 0.0218073765625 0.5755592421875
0 0.042476115625 0.5290488 0.061715535937499996 0.5536741375 0.08941903906250001 0.5320297875 0.07017961874999999 0.5074044515625 0.042476115625 0.5290488
0 0.116799825 0.5980065031249999 0.1288244625 0.6133973390625 0.144984840625 0.60077146875 0.1329602015625 0.585380634375 0.116799825 0.5980065031249999
0 0.1531383515625 0.6476900984375 0.1850036421875 0.6884758109375 0.22271118906249998 0.659015446875 0.190845896875 0.6182297343750001 0.1531383515625 0.6476900984375
0 0.0521101671875 0.646069053125 0.07495697968750001 0.6753116390625 0.09573460624999999 0.659078378125 0.07288779375 0.629835790625 0.0521101671875 0.646069053125
0 0.0184307875 0.6767197328125001 0.0545047015625 0.7228922375 0.09375133125 0.6922294109375 0.05767741562499999 0.6460569046875 0.0184307875 0.6767197328125001
0 0.6858778390625 0.7823263984375 0.7075221890625001 0.8100299015625 0.7259911906250001 0.795600334375 0.7043468421875 0.7678968312500001 0.6858778390625 0.7823263984375
0 0.7675247828125 0.8709677140625001 0.7939789859374999 0.9048275515625 0.8147566140625001 0.8885942890624999 0.788302409375 0.854734453125 0.7675247828125 0.8709677140625001
0 0.774136578125 0.8001204062499999 0.7975846234375 0.8301325343749999 0.8183622500000001 0.813899271875 0.79491420625 0.78388714375 0.774136578125 0.8001204062499999
0 0.7966094515625 0.7757466578125001 0.809235321875 0.791907034375 0.8292434078124999 0.7762750046875 0.8166175375 0.760114628125 0.7966094515625 0.7757466578125001
0 0.811652396875 0.80055245 0.8332967453125001 0.828255953125 0.85330483125 0.8126239234374999 0.8316604828124999 0.7849204203125 0.811652396875 0.80055245
0 0.552431721875 0.761419096875 0.5728736062500001 0.787583515625 0.6190461109375 0.7515096015625 0.5986042265625 0.72534518125 0.552431721875 0.761419096875
0 0.630349796875 0.7897706671875 0.6537978421874999 0.8197827953125 0.6799622609375 0.799340909375 0.6565142171875 0.76932878125 0.630349796875 0.7897706671875
0 0.4364421140625 0.6153384703125 0.4598901578125 0.6453505984375 0.48066778593750004 0.6291173359375 0.457219740625 0.5991052078125 0.4364421140625 0.6153384703125
0 0.414207365625 0.5329484734375 0.43464925 0.55911289375 0.45311825156249996 0.544683328125 0.43267636718749997 0.5185189078125 0.414207365625 0.5329484734375
0 0.366507046875 0.5361359671875 0.3827403078125 0.5569135953125001 0.40736564375000006 0.5376741734375 0.3911323828125 0.516896546875 0.366507046875 0.5361359671875
0 0.27477278437499997 0.4956521875 0.2940122046875 0.5202775234375 0.323254790625 0.4974307109375 0.30401537031250003 0.47280537499999997 0.27477278437499997 0.4956521875
0 0.13115211875 0.3847913390625 0.1467841484375 0.40479942500000005 0.166792234375 0.3891673953125 0.1511602046875 0.36915930937499997 0.13115211875 0.3847913390625
0 0.0726499734375 0.20680897968749998 0.0918893953125 0.231434315625 0.110358396875 0.21700475 0.091118975 0.1923794140625 0.0726499734375 0.20680897968749998
0 0.0007971921875 0.40670249375 0.01823291875 0.4290192046875 0.0428582546875 0.40977978281249994 0.025422528125 0.387463071875 0.0007971921875 0.40670249375
0 0.024678159375 0.43885493750000004 0.0409114203125 0.4596325640625 0.0701540078125 0.43678575156250005 0.0539207453125 0.416008125 0.024678159375 0.43885493750000004
0 0 0.4624730921875 0.0140850328125 0.45146865937499997 0 0.43344064062500004 0 0.4624730921875
0 0 0.49407462031250005 0.01210175625 0.4846196921875 0 0.46913014999999997 0 0.49407462031250005
0 0.074737009375 0.515616946875 0.098185053125 0.545629075 0.13050580625 0.520377334375 0.10705776250000001 0.49036520625 0.074737009375 0.515616946875
0 0.10934384687500001 0.5567392796874999 0.1303869640625 0.583673240625 0.158860009375 0.5614276593749999 0.13781689218749998 0.5344936984374999 0.10934384687500001 0.5567392796874999
0 0.1368079109375 0.5823744734375 0.1686732015625 0.6231601875 0.2117675390625 0.5894912 0.1799022484375 0.5487054875 0.1368079109375 0.5823744734375
0 0.16944874999999998 0.35053326875 0.1850807796875 0.37054135312500003 0.19662390624999998 0.361522875 0.1809918765625 0.3415147890625 0.16944874999999998 0.35053326875
0 0.148959590625 0.3615840515625 0.165192853125 0.382361678125 0.1821227703125 0.3691345765625 0.165889509375 0.3483569484375 0.148959590625 0.3615840515625
0 0.16649161875000001 0.388782625 0.18392734375 0.4110993359375 0.2085526796875 0.3918599140625 0.1911169546875 0.369543203125 0.16649161875000001 0.388782625
0 0.21418461406249997 0.5981366171875 0.22921541250000002 0.6173751609375 0.25461029062499996 0.5975345078125 0.2395794921875 0.5782959640625001 0.21418461406249997 0.5981366171875
0 0.3223538203125 0.5359325312500001 0.33197353125 0.5482452 0.347364365625 0.5362205609374999 0.33774465625 0.52390789375 0.3223538203125 0.5359325312500001
0 0.09696092656250001 0.65192389375 0.0269326265625 0.706635996875 0.0485769765625 0.7343395 0.118605275 0.679627396875 0.09696092656250001 0.65192389375
0 0.21071391562500003 0.7935555796875 0.2263459453125 0.813563665625 0.2471235734375 0.7973304031249999 0.23149154374999997 0.77732231875 0.21071391562500003 0.7935555796875
0 0.15374221562499998 0.767428040625 0.1717791734375 0.79051429375 0.185630925 0.77969211875 0.1675939671875 0.7566058671875 0.15374221562499998 0.767428040625
0 0.114519003125 0.769569234375 0.090663209375 0.7882074234374999 0.10449154375 0.8059068828125 0.1283473375 0.78726869375 0.114519003125 0.769569234375
0 0.07049720625 0.7314652078125 0.089736628125 0.75609054375 0.11667058906250001 0.735047428125 0.09743116874999999 0.7104220921875 0.07049720625 0.7314652078125
0 0.098777646875 0.6994559015624999 0.11501090781250001 0.7202335296875 0.138866703125 0.7015953406250001 0.12263344062499999 0.6808177125 0.098777646875 0.6994559015624999
0 0.0654951859375 0.735373215625 0.055491142187499995 0.7431892312499999 0.06811701249999999 0.7593496078124999 0.07812105625 0.7515335921874999 0.0654951859375 0.735373215625
0 0.1747987953125 0.8594134531250001 0.1570993359375 0.8732417859374999 0.172731365625 0.893249871875 0.190430825 0.8794215375000001 0.1747987953125 0.8594134531250001
0 0.1944117171875 0.9178270562499999 0.20824005156249997 0.9355265171875 0.2251699703125 0.922299415625 0.2113416359375 0.9045999546875001 0.1944117171875 0.9178270562499999
0 0.2618190671875 0.8787946953124999 0.272641240625 0.8926464468749999 0.29111024375 0.87821688125 0.28028806875 0.8643651296874999 0.2618190671875 0.8787946953124999
0 0.790080359375 0.23680575468749998 0.800902534375 0.25065750625 0.8101370343750001 0.2434427234375 0.7993148609375 0.229590971875 0.790080359375 0.23680575468749998
0 0.7670422578125 0.25728364375 0.7784656640625001 0.2719049359375 0.796165125 0.258076603125 0.78474171875 0.24345530937499998 0.7670422578125 0.25728364375
0 0.25857815781250004 0.5907166421875 0.2694003328125 0.6045683937499999 0.2801739171875 0.596151146875 0.2693517421875 0.5822993953125 0.25857815781250004 0.5907166421875
0 0.3341741453125 0.5558204578125 0.34379385625 0.5681331265625 0.3576456078125 0.5573109515625 0.34802589687499996 0.544998284375 0.3341741453125 0.5558204578125
0 0.2565359 0.6753436953125 0.26314945 0.6838086546875 0.2700753265625 0.6783975671875 0.263461775 0.6699326078125 0.2565359 0.6753436953125
0 0.2577743671875 0.6737564609375 0.27100146875000003 0.6906863796875 0.29024001250000003 0.67565558125 0.2770129109375 0.6587256625 0.2577743671875 0.6737564609375
0 0.2780349171875 0.6560682703125 0.293666946875 0.6760763562500001 0.315214115625 0.6592418624999999 0.2995820859375 0.6392337765625 0.2780349171875 0.6560682703125
0 0.30209502499999996 0.6329329890625 0.3129172 0.646784740625 0.328308034375 0.634760103125 0.31748585937499996 0.6209083515625 0.30209502499999996 0.6329329890625
0 0.3074831328125 0.6882085671875 0.32431762656249996 0.7097557359375 0.3443257125 0.69412370625 0.32749121875 0.6725765375 0.3074831328125 0.6882085671875
0 0.3035408765625 0.76564513125 0.31255935468749996 0.7771882578125 0.3271806484375 0.7657648515625 0.3181621703125 0.7542217250000001 0.3035408765625 0.76564513125
0 0.339275978125 0.7154188484375 0.3543067765625 0.7346573921874999 0.375084403125 0.71842413125 0.36005360625 0.6991855874999999 0.339275978125 0.7154188484375
0 0.368662140625 0.660238696875 0.380085546875 0.674859990625 0.39547638281249997 0.6628353515625001 0.3840529765625 0.6482140578125 0.368662140625 0.660238696875
0 0.389536509375 0.6687153640625 0.400959915625 0.6833366578125 0.42096800156249997 0.667704628125 0.4095445953125 0.653083334375 0.389536509375 0.6687153640625
0 0.4027154609375 0.6832043515625 0.41293640312499996 0.6962865625 0.4290967796875 0.6836606921875 0.4188758375 0.67057848125 0.4027154609375 0.6832043515625
0 0.3208243875 0.9733524671874999 0.3334502578125 0.98951284375 0.347302009375 0.97869066875 0.33467613906250004 0.9625302921875001 0.3208243875 0.9733524671874999
0 0.313500278125 0.9140127203124999 0.3237212203125 0.9270949296875 0.3414206796875 0.9132665953125001 0.3311997375 0.9001843859375 0.313500278125 0.9140127203124999
0 0.22066116875000003 0.93635591875 0.23689443125 0.957133546875 0.2638283921875 0.9360904296875001 0.24759513125 0.9153128015625001 0.22066116875000003 0.93635591875
0 0.23584856875 0.96848450625 0.24907567031250002 0.9854144249999999 0.265236046875 0.9727885546874999 0.2520089453125 0.9558586359374999 0.23584856875 0.96848450625
0 0.41202693437500004 1 0.42103531875 0.9929618796874999 0.4078082171875 0.9760319609374999 0.3908782984375 0.9892590625000001 0.3992700375 1 0.41202693437500004 1
0 0.38366263749999996 0.940368428125 0.40590821874999994 0.9688414734374999 0.4297640125 0.9502032843749999 0.4075184328125 0.9217302390625 0.38366263749999996 0.940368428125
0 0.3478524578125 0.858050878125 0.3634844875 0.8780589640625 0.384262115625 0.861825703125 0.3686300859375 0.8418176171875 0.3478524578125 0.858050878125
0 0.3612240140625 0.8823035906250001 0.3756535796875 0.90077259375 0.3902748734375 0.8893491875 0.37584530625 0.870880184375 0.3612240140625 0.8823035906250001
0 0.38259116406250004 0.8811006890625 0.3970207296875 0.899569690625 0.417028815625 0.8839376609375 0.40259925 0.8654686593750001 0.38259116406250004 0.8811006890625
0 0.402142909375 0.891849978125 0.41537001250000005 0.908779896875 0.43537809687499995 0.8931478671875 0.42215099531250005 0.8762179484375 0.402142909375 0.891849978125
0 0.42471384062500006 0.951670359375 0.4385421734375 0.9693698203125001 0.4593198015625 0.953136559375 0.4454914671875 0.9354370984375 0.42471384062500006 0.951670359375
0 0.4366664703125 0.9733138312499999 0.4498935734375 0.99024375 0.47067119999999996 0.9740104890625 0.4574440984375 0.9570805703125 0.4366664703125 0.9733138312499999
0 0.50274955 1 0.4933132609375 0.9879220999999999 0.477854253125 1 0.50274955 1
0 0.572768621875 1 0.5662527328125 0.9916600421874999 0.555578075 1 0.572768621875 1
0 0.5106761015625 0.9768353140625001 0.5239032031249999 0.9937652312499999 0.5423722046874999 0.979335665625 0.5291451031250001 0.9624057468749999 0.5106761015625 0.9768353140625001
0 0.5547849734375 1 0.5617196375 0.994582046875 0.5484925359374999 0.9776521296875 0.52848445 0.9932841578125 0.533731440625 1 0.5547849734375 1
0 0.5057330624999999 0.9292673015625 0.5249724828125 0.9538926375000001 0.5442110265625 0.9388618390625 0.5249716062500001 0.9142365031249999 0.5057330624999999 0.9292673015625
0 0.51032601875 0.9145254109375 0.519945728125 0.9268380781250001 0.5330279390625 0.9166171359374999 0.523408228125 0.9043044671875 0.51032601875 0.9145254109375
0 0.47138044375000004 0.9654010749999999 0.485810009375 0.9838700781249999 0.50350946875 0.9700417437500001 0.48907990312500005 0.9515727421875001 0.47138044375000004 0.9654010749999999
0 0.452717959375 0.9304107828125 0.464742596875 0.9458016171875 0.4762857234375 0.9367831390625 0.4642610859375 0.921392303125 0.452717959375 0.9304107828125
0 0.45418459687499996 0.9156328874999999 0.4704178578125 0.936410515625 0.488886859375 0.92198095 0.47265359843750004 0.901203321875 0.45418459687499996 0.9156328874999999
0 0.47704136249999995 0.8513023890625 0.5034955671875 0.8851622265625 0.5273513609375 0.8665240375 0.5008971578125 0.8326642 0.47704136249999995 0.8513023890625
0 0.605609425 1 0.5944616046875 0.985731440625 0.5761986796875 1 0.605609425 1
0 0.62002523125 0.9843480796874999 0.6308474046875 0.99819983125 0.648546865625 0.9843714984374999 0.637724690625 0.9705197468750001 0.62002523125 0.9843480796874999
0 0.6650946546875 1 0.6593568921874999 0.992656 0.649957 1 0.6650946546875 1
0 0.560394821875 0.897714334375 0.572419459375 0.9131051703124999 0.5839625859375001 0.904086690625 0.5719379484375 0.88869585625 0.560394821875 0.897714334375
0 0.667087875 0.9636892953125 0.67851128125 0.9783105890625 0.6985193671875 0.962678559375 0.6870959609375 0.948057265625 0.667087875 0.9636892953125
0 0.678727303125 0.9595526796874999 0.6817334625 0.9634003890624999 0.6886593390625 0.9579893015625001 0.6856531796875001 0.9541415921875 0.678727303125 0.9595526796874999
0 0.6837419109375 0.9810399890625 0.688551765625 0.9871963234375001 0.703173059375 0.9757729171875 0.6983632046875 0.9696165828125001 0.6837419109375 0.9810399890625
0 0.4952214578125 0.8222272359374999 0.5090497921875 0.8399266953125 0.52290154375 0.829104521875 0.509073209375 0.8114050609374999 0.4952214578125 0.8222272359374999
0 0.5149892265625 0.814218615625 0.522805240625 0.824222659375 0.5358874515625 0.814001715625 0.5280714359374999 0.8039976734375 0.5149892265625 0.814218615625
0 0.5084836859374999 0.7963747015625 0.5187046296875 0.8094569125 0.5340954640625 0.7974322734375 0.523874521875 0.7843500640625 0.5084836859374999 0.7963747015625
0 0.5674521265625 0.8544026578125001 0.580679228125 0.8713325765625 0.5991482296874999 0.8569030109375 0.5859211281250001 0.8399730921874999 0.5674521265625 0.8544026578125001
0 0.5202320031250001 0.822515265625 0.537066496875 0.8440624343750001 0.56477 0.8224180859375 0.54793550625 0.8008709171874999 0.5202320031250001 0.822515265625
0 0.55742335 0.83125610625 0.571852915625 0.849725109375 0.595708709375 0.8310869203125 0.58127914375 0.8126179171875 0.55742335 0.83125610625
0 0.5870394375 0.8421975625 0.5978616109375 0.8560493140625001 0.6147915296875001 0.8428222125 0.60396935625 0.8289704609375 0.5870394375 0.8421975625
0 0.596839165625 0.8388786390625 0.6142748921875001 0.86119535 0.6365916031250001 0.843759625 0.6191558765625 0.8214429140625 0.596839165625 0.8388786390625
0 0.6220297312499999 0.823535078125 0.6358580640625 0.8412345390624999 0.6566356921875001 0.8250012765625 0.6428073578125 0.8073018171875 0.6220297312499999 0.823535078125
0 0.62825895 0.8521287203125001 0.64088481875 0.868289096875 0.6616624468750001 0.8520558359375 0.6490365765624999 0.8358954593749999 0.62825895 0.8521287203125001
0 0.65080426875 0.841330403125 0.671246153125 0.867494821875 0.68971515625 0.8530652562500001 0.6692732703125001 0.8269008359375001 0.65080426875 0.841330403125
0 0.7151933109375 0.7928830828125 0.72781918125 0.809043459375 0.7401318484375 0.7994237484375 0.7275059796875001 0.7832633718750001 0.7151933109375 0.7928830828125
0 0.4526042453125 0.6820248671875 0.471242434375 0.7058806609375 0.49202006249999997 0.6896474 0.47338187343750004 0.66579160625 0.4526042453125 0.6820248671875
0 0.417132878125 0.6961061046875 0.42975874843749995 0.71226648125 0.449766834375 0.6966344515625 0.4371409640625 0.680474075 0.417132878125 0.6961061046875
0 0.359970328125 0.7395271078125 0.37319742968749997 0.7564570265625 0.397822765625 0.7372176046875001 0.3845956640625 0.7202876875 0.359970328125 0.7395271078125
0 0.7165301390625001 0.34569942187499997 0.728554778125 0.36109025625 0.7393283625 0.352673009375 0.7273037234374999 0.337282175 0.7165301390625001 0.34569942187499997
0 0.7076916796875 0.3185247046875 0.7191150859375 0.333145996875 0.7375840874999999 0.31871643125000004 0.72616068125 0.3040951390625 0.7076916796875 0.3185247046875
0 0.7288185125 0.32494521249999997 0.74084315 0.34033604687499996 0.7546949015625 0.32951387187500003 0.7426702640625 0.31412303750000004 0.7288185125 0.32494521249999997
0 0.52189036875 0.7778449625 0.53932609375 0.8001616734375 0.5593341796875 0.78452964375 0.5418984546875001 0.7622129328125 0.52189036875 0.7778449625