0 0.3599094765625 0.8514354203125001 0.3569802484375 0.8933253171875 0.389128309375 0.895573328125 0.3920575359375 0.85368343125 0.3599094765625 0.8514354203125001
0 0.48157645625 0.7424695453125 0.4792603234375 0.7755917890624999 0.5211502203125 0.778521015625 0.523466353125 0.7453987718749999 0.48157645625 0.7424695453125
0 0.49948976875 0.7172905921875 0.49737800156249995 0.747490284375 0.539267896875 0.7504195124999999 0.541379665625 0.72021981875 0.49948976875 0.7172905921875
0 0.3545576875 0.6689770140625 0.3523096765625 0.701125075 0.3893286546875 0.7037136937499999 0.39157666562500004 0.6715656328125 0.3545576875 0.6689770140625
0 0.2932711328125 0.187454696875 0.29231743125 0.20109326875 0.30595600312500004 0.2020469703125 0.3069097046875 0.18840839843749999 0.2932711328125 0.187454696875
0 0.27672359062499996 0.172102846875 0.2757698890625 0.18574141718749998 0.2981761125 0.1873082140625 0.2991298140625 0.1736696421875 0.27672359062499996 0.172102846875
0 0.2963570859375 0.1573231265625 0.295267140625 0.1729100640625 0.3166991796875 0.1744087390625 0.317789125 0.15882179999999999 0.2963570859375 0.1573231265625
0 0.2847042796875 0.1349714453125 0.2829331203125 0.16030021875 0.30826189375 0.16207137968750002 0.3100330546875 0.1367426046875 0.2847042796875 0.1349714453125
0 0.18184954375 0.12190545781249999 0.1802146265625 0.145285865625 0.20846595156249997 0.14726139062500002 0.21010086874999997 0.1238809828125 0.18184954375 0.12190545781249999
0 0.60271379375 0.1160930546875 0.5983540140625 0.1784408078125 0.6529082984375 0.18225561562499998 0.657268078125 0.1199078625 0.60271379375 0.1160930546875
0 0.8873130218749999 0.5540046125 0.8848606468750001 0.5890752234375001 0.9150603390625 0.591186990625 0.9175127156249999 0.5561163796875 0.8873130218749999 0.5540046125
0 0.87294203125 0.528526015625 0.8710346281250001 0.5558031578125 0.9002601374999999 0.557846803125 0.902167540625 0.5305696625 0.87294203125 0.528526015625
0 0.9422769437499999 0.8319532703125001 0.9404376609374999 0.858256228125 0.9579729671875 0.8594824171875001 0.9598122484375 0.8331794578125 0.9422769437499999 0.8319532703125001
0 0.9218633890625 0.8368889718749999 0.9206372 0.854424278125 0.9430434249999999 0.8559910734375 0.9442696125 0.8384557671874999 0.9218633890625 0.8368889718749999
0 0.903711425 0.7954828296875001 0.9007140765624999 0.838346909375 0.934810503125 0.8407311640625 0.9378078515625001 0.797867084375 0.903711425 0.7954828296875001