0 0.4491629265625 0.4573145921875 0.482345825 0.45615581875 0.47975562812500006 0.38198228125 0.44657272812500004 0.383141053125 0.4491629265625 0.4573145921875
0 0.5404499578124999 0.3012015890625 0.565825115625 0.30031546875 0.56473450625 0.26908450625 0.5393593484375 0.26997062656250004 0.5404499578124999 0.3012015890625
0 0.592475221875 0.251992675 0.6168744109375 0.2511406375 0.61626094375 0.2335732203125 0.591861753125 0.23442525937499997 0.592475221875 0.251992675
0 0.5371672875 0.22118928593749998 0.5693742187499999 0.2200645953125 0.5683858546875 0.19176153437500001 0.5361789234375001 0.1928862265625 0.5371672875 0.22118928593749998
0 0.2985060171875 0.14451079687499999 0.3190013375 0.143795084375 0.3184560328125 0.128179603125 0.2979607125 0.128895315625 0.2985060171875 0.14451079687499999
0 0.2559894828125 0.312112325 0.3096677015625 0.31023784062500004 0.30735015625 0.24387204375 0.2536719375 0.24574652812500003 0.2559894828125 0.312112325
0 0.15905266875 0.36240100625 0.1912596 0.361276315625 0.1893851140625 0.307598096875 0.157178184375 0.3087227875 0.15905266875 0.36240100625
0 0.1234468921875 0.36413296562499997 0.150773984375 0.3631786828125 0.149956028125 0.33975546093750003 0.122628934375 0.34070974375 0.1234468921875 0.36413296562499997
0 0.1364985046875 0.234203790625 0.16772946718749998 0.23311318124999997 0.1664684515625 0.1970023796875 0.1352374875 0.1980929890625 0.1364985046875 0.234203790625
0 0.094564425 0.19462753593749998 0.1170116796875 0.193843659375 0.1160233140625 0.16554059999999998 0.09357605937499999 0.166324475 0.094564425 0.19462753593749998
0 0.13753488125 0.17993534375 0.1824293921875 0.17836759375 0.181168375 0.1422567921875 0.136273865625 0.14382454218750002 0.13753488125 0.17993534375
0 0.068747740625 0.070941459375 0.11461821875 0.0693396265625 0.113220875 0.02932495625 0.067350396875 0.030926787500000004 0.068747740625 0.070941459375
0 0.176822978125 0.017820921875 0.1765844078125 0.0109891484375 0.15120925000000002 0.01187526875 0.15144782031249998 0.018707042187500002 0.176822978125 0.017820921875
0 0 0.1520033828125 0.006101475 0.151790315625 0.0051812734375 0.1254391890625 0 0.1256201234375 0 0.1520033828125
0 0.03808071875 0.43795795625 0.06443184375 0.4370377546875 0.0630345015625 0.3970230828125 0.036683375000000004 0.39794328437500004 0.03808071875 0.43795795625
0 0 0.4475936046875 0.005675496875 0.4473954125 0.0052324375 0.4347078328125 0 0.4348905546875 0 0.4475936046875
0 0.057012951562500004 0.518400921875 0.072628434375 0.5178556171875 0.0720490484375 0.5012641671875 0.056433565625 0.5018094718749999 0.057012951562500004 0.518400921875
0 0 0.5042687546875 0.005700290625 0.504069696875 0.004848253125 0.47967050625 0 0.47983981093750006 0 0.5042687546875
0 0.10528153437500001 0.6134539640625001 0.126752821875 0.6127041703125 0.12603710937499998 0.59220885 0.104565821875 0.5929586437500001 0.10528153437500001 0.6134539640625001
0 0.1827299890625 0.63468976875 0.20517724375 0.63390589375 0.2042229609375 0.6065788015625 0.18177570625 0.6073626765625 0.1827299890625 0.63468976875
0 0.1441684265625 0.6497165781249999 0.1763753578125 0.6485918859375001 0.1753529109375 0.6193128578125 0.1431459796875 0.62043755 0.1441684265625 0.6497165781249999
0 0.140061621875 0.6860148265625 0.1859320984375 0.6844129953125 0.1850459796875 0.6590378375 0.1391755015625 0.66063966875 0.140061621875 0.6860148265625
0 0.283456053125 0.7069020640625 0.3166389515625 0.7057432921875 0.3156505859375 0.6774402312500001 0.2824676875 0.678599003125 0.283456053125 0.7069020640625
0 0.28578755 0.8436227328125 0.34532157343750003 0.8415437578124999 0.34399239375 0.8034810218749999 0.28445836875 0.8055599953125 0.28578755 0.8436227328125
0 0.0653056296875 0.8957828093750001 0.11117610625 0.8941809765625001 0.109949171875 0.8590461421875 0.06407869375 0.860647975 0.0653056296875 0.8957828093750001
0 0.099552809375 0.9810653328125 0.1268799015625 0.98011105 0.1261301078125 0.9586397625 0.098803015625 0.9595940453124999 0.099552809375 0.9810653328125
0 0.13869375781249998 0.9826299734375 0.15040536875 0.9822209953125001 0.149962309375 0.9695334156250001 0.13825069843749999 0.9699423953125 0.13869375781249998 0.9826299734375
0 0.1914455765625 0.9402357921875 0.232436215625 0.9388043671874999 0.2301186703125 0.8724385703124999 0.18912803125 0.8738699953125 0.1914455765625 0.9402357921875
0 0.258973234375 0.901234259375 0.27068484531250003 0.9008252796875 0.270207703125 0.887161734375 0.2584960921875 0.8875707125 0.258973234375 0.901234259375
0 0.359891390625 0.9509652171875 0.3764828390625 0.95038583125 0.37573304531249996 0.92891454375 0.35914159687499997 0.9294939296875 0.359891390625 0.9509652171875
0 0.2956455734375 1 0.2951553078125 0.9859606359375 0.283443696875 0.9863696140625 0.28391968125 1 0.2956455734375 1
0 0.235550371875 1 0.2353889125 0.9953764078124999 0.22270133281249999 0.9958194671875 0.2228473203125 1 0.235550371875 1
0 0.379215540625 0.8887294640625001 0.427037953125 0.8870594687500001 0.42540203906249996 0.8402130234375 0.3775796265625 0.8418830187499999 0.379215540625 0.8887294640625001
0 0.5399341328125 0.622215925 0.585804609375 0.62061409375 0.584270940625 0.5766955515625 0.5384004625000001 0.5782973828125 0.5399341328125 0.622215925
0 0.45040227968749996 0.6746889140625 0.4904169515625 0.6732915703125 0.48925817812499994 0.640108671875 0.44924350625000004 0.641506015625 0.45040227968749996 0.6746889140625
0 0.371832221875 0.5513792890625 0.39818334843750003 0.5504590874999999 0.397399471875 0.5280118328125 0.371048346875 0.528932034375 0.371832221875 0.5513792890625
0 0.60100025 0.46813541875000003 0.6371110515625 0.46687440156250004 0.6357477890625 0.427835696875 0.5996369890625 0.4290967140625 0.60100025 0.46813541875000003
0 0.64411943125 0.48568424062500004 0.6646147499999999 0.484968528125 0.6640353640625001 0.46837707812499996 0.6435400453125 0.469092790625 0.64411943125 0.48568424062500004
0 0.6927071234375 0.46395578593750003 0.7434574390625001 0.46218354687499996 0.74185560625 0.41631306874999996 0.691105290625 0.418085309375 0.6927071234375 0.46395578593750003
0 0.7837788437500001 0.4695699109375 0.8276973859375 0.46803624218750006 0.826027390625 0.4202138296875 0.7821088484375001 0.42174749843750003 0.7837788437500001 0.4695699109375
0 0.708036021875 0.539150215625 0.7539064984375 0.5375483828125 0.7522705843749999 0.4907019375 0.7064001078125 0.4923037703125 0.708036021875 0.539150215625
0 0.6298904296875001 0.3860224578125 0.6689291328125 0.3846591953125 0.66787260625 0.3544042 0.6288339015625 0.3557674609375 0.6298904296875001 0.3860224578125
0 0.7319843781250001 0.31552195156249996 0.7563835671875 0.3146699125 0.754713571875 0.2668475 0.7303143828125 0.2676995390625 0.7319843781250001 0.31552195156249996
0 0.7752553703125 0.2954448984375 0.7879429499999999 0.2950018375 0.787568053125 0.28426619375 0.7748804734375 0.28470925468749997 0.7752553703125 0.2954448984375
0 0.756045840625 0.23504334999999998 0.8126519625 0.23306662031249997 0.8110160484375 0.18622017500000002 0.7544099265625 0.1881969046875 0.756045840625 0.23504334999999998
0 0.8532584171875 0.27659786875000003 0.9235280843749999 0.274143996875 0.921960334375 0.22924948750000002 0.8516906671875001 0.23170335937500003 0.8532584171875 0.27659786875000003
0 0.9436500625 0.3047103703125 0.9719531234375 0.30372200625 0.9712033296874999 0.28225071874999996 0.9429002687500001 0.283239084375 0.9436500625 0.3047103703125
0 0.8719536343750001 0.392226790625 0.92855975625 0.39025006093750003 0.926787515625 0.3394997453125 0.87018139375 0.341476475 0.8719536343750001 0.392226790625
0 0.9066547171874999 0.47651630625 0.9574050312500001 0.47474406562500004 0.9557691187499999 0.42789762031249995 0.905018803125 0.42966986093750004 0.9066547171874999 0.47651630625
0 0.9330093406250001 0 0.9335960078125 0.016799928125 0.9667789062500001 0.0156411546875 0.9662327046874999 0 0.9330093406250001 0
0 0.8306144890624999 0.7894192765625 0.860869484375 0.78836275 0.8592676515625 0.742492271875 0.82901265625 0.7435488 0.8306144890624999 0.7894192765625
0 0.8850936234375 0.81048003125 0.9221803921875 0.8091849328125 0.92095345625 0.7740500984375001 0.8838666875 0.775345196875 0.8850936234375 0.81048003125
0 0.77041123125 0.8003160406250001 0.8026181625 0.79919135 0.8010163296874999 0.7533208734375 0.7688093984375 0.7544455640625001 0.77041123125 0.8003160406250001
0 0.6671848171875 0.62852096875 0.69841578125 0.627430359375 0.6969502750000001 0.585463753125 0.6657193109375 0.5865543625 0.6671848171875 0.62852096875
0 0.6112882109375 0.6368244468750001 0.6366633687500001 0.6359383265624999 0.6356068406250001 0.6056833312500001 0.6102316828125 0.6065694515625 0.6112882109375 0.6368244468750001
0 0.574943503125 0.757306878125 0.6208139796875 0.755705046875 0.6192462296875 0.7108105359375 0.5733757515625 0.71241236875 0.574943503125 0.757306878125
0 0.65490159375 0.8224271453125 0.6949162656250001 0.8210298015624999 0.693416678125 0.7780872265625 0.65340200625 0.7794845703125 0.65490159375 0.8224271453125
0 0.7089268265625 0.8444809078125 0.750893434375 0.8430154015625 0.749598334375 0.8059286328124999 0.707631728125 0.8073941390625 0.7089268265625 0.8444809078125
0 0.7669426875 0.9108559921875001 0.8137891328125001 0.9092200781249999 0.8118464843750001 0.853589925 0.765000040625 0.8552258390624999 0.7669426875 0.9108559921875001
0 0.8864259125 0.9325782265625 0.926440584375 0.9311808828125001 0.9251795671874999 0.8950700812499999 0.8851648953125 0.896467425 0.8864259125 0.9325782265625
0 0.8038079265625001 0.9032171046874999 0.8311350203125001 0.9022628203125 0.8303852265625 0.8807915328125 0.8030581328125 0.8817458171875 0.8038079265625001 0.9032171046874999
0 0.6099745578125 0.8650366578125 0.6558450359375 0.863434825 0.6548907515625 0.8361077328125001 0.609020275 0.8377095640625001 0.6099745578125 0.8650366578125
0 0.667762690625 0.9108993812499999 0.7038734921875001 0.9096383640625 0.7024079859375 0.8676717578125 0.6662971843750001 0.868932775 0.667762690625 0.9108993812499999
0 0.8570291531249999 0.972202515625 0.8575744578125001 0.987817996875 0.8770938109375 0.9871363656250001 0.87654850625 0.9715208843750001 0.8570291531249999 0.972202515625
0 0.4767905953125 0.7587801390625 0.5168052671875001 0.7573827953125 0.51557833125 0.7222479609375 0.475563659375 0.7236453046875 0.4767905953125 0.7587801390625
0 0.39978520156249997 0.7502319125 0.4446797109375 0.7486641609375 0.44348685625 0.7145052953125 0.398592346875 0.7160730453124999 0.39978520156249997 0.7502319125
0 0.41793355937500004 0.8082276234375 0.4569722625 0.8068643609375 0.4549273703125 0.7483063046875 0.415888665625 0.7496695671875 0.41793355937500004 0.8082276234375
0 0.497360296875 0.928087278125 0.513951746875 0.9275078921875 0.513201953125 0.9060366046875 0.496610503125 0.906615990625 0.497360296875 0.928087278125
0 0.5453034265625 0.048436821875 0.5667747140625 0.047687028125 0.5658204296875 0.020359934375 0.54434914375 0.021109729687500002 0.5453034265625 0.048436821875
0 0.64627579375 0.02976484375 0.664819178125 0.029117295312500003 0.6641375468749999 0.0095979421875 0.6455941625 0.0102454921875 0.64627579375 0.02976484375
0 0.8622652515624999 0.6324573453125 0.8788567015625001 0.631877959375 0.8781069078125 0.6104066718750001 0.8615154578125 0.6109860578124999 0.8622652515624999 0.6324573453125
0 0.966797584375 0.673756253125 0.98046113125 0.6732791109375 0.979983990625 0.659615565625 0.9663204437499999 0.66009270625 0.966797584375 0.673756253125