0 1 0.468426596875 0.987503503125 0.46149967500000005 0.9633577125 0.5050598359375 1 0.5253709875 1 0.468426596875
0 1 0.24455697656250003 0.9760915656250001 0.231304315625 0.9571536890625 0.265469146875 0.9930267640625001 0.28535391718750003 1 0.272773865625 1 0.24455697656250003
0 0.93820623125 0.2895796578125 0.9599847890625 0.2502901 0.9215493531250001 0.22898499062500002 0.8997707953124999 0.26827454687499996 0.93820623125 0.2895796578125
0 0.9639753296875 0.3569001453125 0.9876476750000001 0.3141941046875 0.9483581171875001 0.2924155484375 0.9246857734375 0.3351215890625 0.9639753296875 0.3569001453125
0 0.964167190625 0.40892638281250004 0.983105065625 0.37476155 0.9480861125000001 0.355350228125 0.9291482375 0.389515059375 0.964167190625 0.40892638281250004
0 0.9128367515625 0.3927555796875 0.9341418609375 0.3543201421875 0.8982687874999999 0.33443537343749996 0.8769636765625 0.372870809375 0.9128367515625 0.3927555796875
0 0.8672068375 0.38644396875 0.8908791828125 0.3437379296875 0.8550061093749999 0.323853159375 0.8313337640625 0.36655920000000003 0.8672068375 0.38644396875
0 0.8841614203124999 0.31154201718749996 0.89978516875 0.2833560296875 0.867328578125 0.2653650484375 0.8517048296875 0.29355103437499996 0.8841614203124999 0.31154201718749996
0 0.8868470468749999 0.2432458890625 0.907678709375 0.2056645734375 0.868389153125 0.183886015625 0.8475574890625 0.22146733125 0.8868470468749999 0.2432458890625
0 0.8983106031249999 0.1792571703125 0.9110936703125001 0.15619590781249998 0.8649711453125001 0.13062977656250002 0.8521880796874999 0.1536910375 0.8983106031249999 0.1792571703125
0 0.849755075 0.288004040625 0.8734274187500001 0.24529800000000002 0.8341378625000001 0.22351944218750003 0.8104655171875 0.2662254828125 0.849755075 0.288004040625
0 0.8026599578125 0.336708090625 0.8234916218749999 0.299126775 0.78847266875 0.2797154515625 0.7676410046875 0.3172967671875 0.8026599578125 0.336708090625
0 0.9049848046875001 0.46432903124999997 0.92202889375 0.43358068125000004 0.892134665625 0.41701004062499997 0.8750905765624999 0.4477583890625 0.9049848046875001 0.46432903124999997
0 0.969072390625 0.6790607109375 0.9875368203124999 0.6457499999999999 0.9567884703124999 0.6287059109375 0.9383240421875 0.6620166234375 0.969072390625 0.6790607109375
0 0.8852548703125 0.7124337046875 0.900405171875 0.6851018390625 0.874781546875 0.6708984328125001 0.859631246875 0.6982302984375 0.8852548703125 0.7124337046875
0 0.87402978125 0.67829761875 0.8934411046875 0.643278665625 0.861838634375 0.62576113125 0.8424273109374999 0.660780084375 0.87402978125 0.67829761875
0 0.8215220390625 0.72065173125 0.841406809375 0.6847786578124999 0.8029713718749999 0.6634735468749999 0.783086603125 0.699346621875 0.8215220390625 0.72065173125
0 0.8908033890624999 0.7618464015625 0.9040599015625 0.7379310203125 0.8775821562499999 0.723254165625 0.86432564375 0.7471695484375 0.8908033890624999 0.7618464015625
0 0.8661713000000001 0.8425416546875001 0.8841622828125001 0.8100850640624999 0.8517056921874999 0.7920940812499999 0.8337147093749999 0.8245506718750001 0.8661713000000001 0.8425416546875001
0 0.80075570625 0.92631104375 0.8272334499999999 0.9409878984375 0.8485385609374999 0.9025524609375 0.822060815625 0.8878756078125001 0.80075570625 0.92631104375
0 0.7961379640625 0.95780636875 0.8136555 0.9262038984375 0.7803447875 0.90773946875 0.762827253125 0.9393419390625001 0.7961379640625 0.95780636875
0 0.7922303937499999 0.9880205109375 0.7990633609375 0.9918080859374999 0.8127933203125 0.9670385828124999 0.8059603531249999 0.9632510078125 0.7922303937499999 0.9880205109375
0 0.7426026218749999 1 0.7612405296875 0.9663763218750001 0.7219509734375 0.944597765625 0.698278628125 0.9873038046874999 0.7211831703125 1 0.7426026218749999 1
0 0.637646290625 1 0.6435508703124999 0.9893478578125 0.6110942796875001 0.9713568765625 0.5952171359375 1 0.637646290625 1
0 0.55502109375 1 0.5656690765625 0.9807905328125001 0.5280877609375 0.95995886875 0.506309203125 0.9992484265625 0.507665078125 1 0.55502109375 1
0 0.7169351390625 0.8569591328125 0.7344526734375 0.8253566625 0.7002878406249999 0.8064187875 0.68277030625 0.83802125625 0.7169351390625 0.8569591328125
0 0.6711948125 0.8840830203125 0.6906061343750001 0.8490640671874999 0.6521706984375 0.8277589578125 0.632759375 0.8627779109375 0.6711948125 0.8840830203125
0 0.6427143890625 0.9576206015625001 0.6640195 0.919185165625 0.623875821875 0.8969331609375001 0.6025707109375 0.935368596875 0.6427143890625 0.9576206015625001
0 0.602650634375 0.9694678796874999 0.6182743828125 0.9412818921874999 0.58410955 0.9223440171874999 0.568485803125 0.950530003125 0.602650634375 0.9694678796874999
0 0.7850762109375 0.7964733546875 0.8073282140625 0.7563296765625 0.7697468984375 0.7354980140625 0.7474948953125 0.7756416921875 0.7850762109375 0.7964733546875
0 0.7879713359375 0.7489496546875001 0.80785610625 0.71307658125 0.7677124281250001 0.6908245765625 0.7478276593750001 0.7266976515625 0.7879713359375 0.7489496546875001
0 0.7470007609375 0.705024715625 0.7654651890624999 0.6717140046875001 0.72873799375 0.6513557890625 0.710273565625 0.6846665 0.7470007609375 0.705024715625
0 0.7314889499999999 0.7511376578125 0.749006484375 0.7195351875 0.7131334109374999 0.69965041875 0.6956158765625 0.7312528890625 0.7314889499999999 0.7511376578125
0 0.75625540625 0.6621427125 0.7695119187499999 0.6382273296875 0.742180053125 0.623077028125 0.7289235406250001 0.6469924109375 0.75625540625 0.6621427125
0 0.800543378125 0.6537535125 0.8204281484375 0.6178804390625 0.7794303484375 0.5951549875000001 0.7595455796875 0.6310280625 0.800543378125 0.6537535125
0 0.77584116875 0.5613436078125 0.7971462796875 0.5229081703125 0.7612732062500001 0.5030234015625 0.7399680953125001 0.5414588375 0.77584116875 0.5613436078125
0 0.836675828125 0.49792437500000003 0.8579809375 0.4594889390625 0.8161290187500001 0.436290040625 0.7948239078125 0.474725478125 0.836675828125 0.49792437500000003
0 0.6367213921875 0.7901647921875 0.6589733953125 0.7500211140624999 0.617975596875 0.7272956640625 0.5957235921875 0.7674393421875 0.6367213921875 0.7901647921875
0 0.5680461140624999 0.8375140515625 0.5869839890625 0.8033492203125 0.5289037734375001 0.77115483125 0.5099658984375 0.8053196640625 0.5680461140624999 0.8375140515625
0 0.5298217015625 0.8883438218749999 0.5487595765625 0.8541789906249999 0.515448865625 0.8357145609375 0.4965109890625 0.86987939375 0.5298217015625 0.8883438218749999
0 0.54698883125 0.9369392031249999 0.5668736015625 0.9010661296875 0.5318546484375 0.88165480625 0.511969878125 0.9175278796875 0.54698883125 0.9369392031249999
0 0.5023249765625 0.9490279953125 0.5217362999999999 0.9140090421875 0.4884255875 0.8955446125 0.469014265625 0.9305635656250001 0.5023249765625 0.9490279953125
0 0.4460104953125 0.97810643125 0.46731560625 0.9396709937500001 0.43144253125 0.919786225 0.410137421875 0.9582216609374999 0.4460104953125 0.97810643125
0 0.40008789062499994 0.9632584046874999 0.4218664484375 0.923968846875 0.3842851328125 0.9031371828125 0.362506575 0.942426740625 0.40008789062499994 0.9632584046874999
0 0.4478883859375 0.9082460125 0.46729970937500004 0.873227059375 0.40921949375000005 0.8410326703125 0.389808171875 0.8760516234375 0.4478883859375 0.9082460125
0 0.4773908359375 0.8620723109374999 0.49727560468750004 0.8261992375 0.4596942890625 0.8053675734375 0.4398095203125 0.841240646875 0.4773908359375 0.8620723109374999
0 0.4223416390625 0.8254169812500001 0.44033262031250003 0.792960390625 0.40787602968750003 0.7749694078125 0.3898850484375 0.8074259984375001 0.4223416390625 0.8254169812500001
0 0.3856384 0.83019456875 0.402209040625 0.800300340625 0.37316893281249996 0.7842031453125 0.3565982921875 0.814097375 0.3856384 0.83019456875
0 0.35403418593749997 0.910374778125 0.3758127421875 0.871085221875 0.33225258125 0.8469394296875 0.31047402343749997 0.8862289875 0.35403418593749997 0.910374778125
0 0.5662644828125 0.7097972921875 0.5814147843749999 0.6824654265625 0.55664528125 0.6687354671875 0.5414949796874999 0.6960673328125 0.5662644828125 0.7097972921875
0 0.762893465625 0.51117914375 0.7870392578125001 0.4676189828125 0.7315214046875 0.436844934375 0.7073756125 0.48040509687500005 0.762893465625 0.51117914375
0 0.6767215609375 0.5125417718749999 0.6966063296875 0.47666869843750004 0.6496296859374999 0.45062911874999995 0.629744915625 0.48650219375 0.6767215609375 0.5125417718749999
0 0.6611187203125 0.4631386578125 0.6776893625 0.4332444296875 0.6469410124999999 0.416200340625 0.630370371875 0.44609456875 0.6611187203125 0.4631386578125
0 0.784038728125 0.40454514374999995 0.8062907328125 0.364401465625 0.767855296875 0.34309635625 0.7456032921875 0.383240034375 0.784038728125 0.40454514374999995
0 0.7297892078125 0.4107622375 0.747780190625 0.378305646875 0.719594203125 0.3626818984375 0.701603221875 0.3951384890625 0.7297892078125 0.4107622375
0 0.7455377421875 0.364222234375 0.7673163 0.32493267812500004 0.731443225 0.3050479078125 0.70966466875 0.344337465625 0.7455377421875 0.364222234375
0 0.7947570546875 0.2552850265625 0.8160621656249999 0.216849590625 0.7793349703125 0.196491375 0.7580298609375 0.2349268109375 0.7947570546875 0.2552850265625
0 0.77280123125 0.10856963281250001 0.7851108499999999 0.086362490625 0.7483836562499999 0.066004275 0.7360740359375 0.088211415625 0.77280123125 0.10856963281250001
0 0.7032315390625 0.3619861015625 0.720275628125 0.3312377515625 0.6912355203125 0.3151405578125 0.6741914328124999 0.34588890625 0.7032315390625 0.3619861015625
0 0.6686411703124999 0.3941739546875 0.6889993875 0.3574467609375 0.6471474671874999 0.3342478625 0.6267892500000001 0.3709750578125 0.6686411703124999 0.3941739546875
0 0.6297930468749999 0.38771360312500003 0.644943346875 0.3603817375 0.62273620625 0.34807211875 0.60758590625 0.375403984375 0.6297930468749999 0.38771360312500003
0 0.6071139828125001 0.4276205578125 0.6317332203125 0.3832062765625 0.5873189390625 0.3585870375 0.5626997 0.40300132031249997 0.6071139828125001 0.4276205578125
0 0.6691276875 0.207978665625 0.68995935 0.17039735 0.65323215625 0.150039134375 0.6324004921874999 0.18762045 0.6691276875 0.207978665625
0 0.5791425078125 0.2887362015625 0.60044761875 0.2503007640625 0.5628663031250001 0.22946910156250003 0.5415611921875 0.2679045375 0.5791425078125 0.2887362015625
0 0.5438931453125 0.326141553125 0.559043446875 0.29880968750000003 0.52914921875 0.2822390453125 0.5139989171875 0.3095709109375 0.5438931453125 0.326141553125
0 0.5154863328125 0.3773888015625 0.5353711015625 0.3415157265625 0.49864390625 0.3211575109375 0.4787591375 0.357030584375 0.5154863328125 0.3773888015625
0 0.547438765625 0.61282888125 0.5621156187499999 0.5863511359375 0.532221390625 0.5697804953125 0.5175445375 0.596258240625 0.547438765625 0.61282888125
0 0.5047791109374999 0.5880656921875 0.5204028593750001 0.55987970625 0.4964874765625 0.54662319375 0.480863728125 0.5748091796875 0.5047791109374999 0.5880656921875
0 0.49225672343750004 0.6358356984375 0.51403528125 0.596546140625 0.468766878125 0.57145345625 0.44698832031249996 0.6107430125 0.49225672343750004 0.6358356984375
0 0.4715417875 0.6963711296875 0.4909531109375 0.6613521765625 0.4550800375 0.6414674078125 0.43566871406249996 0.6764863609375 0.4715417875 0.6963711296875
0 0.9075391093749999 0.507057503125 0.9113266843750001 0.5002245359375 0.9096184421875 0.4992776421875 0.9058308671875 0.5061106093750001 0.9075391093749999 0.507057503125
0 1 0.34113913125 0.9940727453125 0.3378536 0.9883913828124999 0.34810305 1 0.3545378125 1 0.34113913125
0 0.8837469890625 0.4240845203125 0.8903752453125 0.4121268296875 0.879271675 0.4059720203125 0.8726434187500001 0.4179297109375 0.8837469890625 0.4240845203125
0 0.934939571875 0.6439505078125001 0.9406209343749999 0.6337010578125 0.9329338484375 0.6294400359375001 0.9272524843750001 0.6396894859375 0.934939571875 0.6439505078125001
0 0.79858534375 0.8385748484375 0.8085277281250001 0.8206383109375001 0.7658216875 0.796965965625 0.755879303125 0.814902503125 0.79858534375 0.8385748484375
0 0.40910625468750006 0.6226830640625 0.44650855937499995 0.5552075203125 0.41746845156249995 0.539110325 0.380066146875 0.60658586875 0.40910625468750006 0.6226830640625
0 0.43151985000000004 0.5530402046875 0.45519219531250005 0.5103341640625 0.41419439531249996 0.4876087125 0.39052205156249997 0.530314753125 0.43151985000000004 0.5530402046875
0 0.348911425 0.6607761546875001 0.36974308906250003 0.6231948390625 0.32789116875 0.5999959406250001 0.30705950625 0.63757725625 0.348911425 0.6607761546875001
0 0.3040698625 0.784980390625 0.327268759375 0.7431284703125 0.290541565625 0.7227702546875 0.2673426671875 0.7646221734374999 0.3040698625 0.784980390625
0 0.2260073140625 0.785813603125 0.2430514015625 0.7550652546875 0.207178328125 0.735180484375 0.1901342390625 0.7659288328125 0.2260073140625 0.785813603125
0 0.2636912046875 0.6654577015625 0.2854697625 0.62616814375 0.2461802046875 0.6043895874999999 0.2244016484375 0.64367914375 0.2636912046875 0.6654577015625
0 0.293527940625 0.6217024125 0.31530649843749997 0.5824128546875 0.2743087 0.5596874046875 0.25253014218750003 0.5989769609375 0.293527940625 0.6217024125
0 0.285207559375 0.550096946875 0.3046188828125 0.5150779937500001 0.2695999296875 0.495666671875 0.25018860625 0.530685625 0.285207559375 0.550096946875
0 0.5470890234375 0.2458461375 0.5683941328125 0.20741070156250002 0.5282504546875 0.1851586984375 0.5069453453125 0.223594134375 0.5470890234375 0.2458461375
0 0.2500670875 0.5027043484375 0.2652173890625 0.4753724828125 0.2370314015625 0.459748734375 0.22188110156250002 0.4870806 0.2500670875 0.5027043484375
0 0.2105183765625 0.5075795000000001 0.2285093578125 0.475122909375 0.200323371875 0.45949916249999995 0.1823323890625 0.49195575312499995 0.2105183765625 0.5075795000000001
0 0.24191286875 0.5556870609375 0.25895695625 0.5249387109375 0.2299168484375 0.5088415171875 0.2128727609375 0.539589865625 0.24191286875 0.5556870609375
0 0.1948689296875 0.6083274265624999 0.2123864640625 0.5767249578125 0.1799298734375 0.558733975 0.16241233906250002 0.5903364453125 0.1948689296875 0.6083274265624999
0 0.1939109296875 0.54861889375 0.210481571875 0.518724665625 0.1763167390625 0.499786790625 0.1597460984375 0.5296810187500001 0.1939109296875 0.54861889375
0 0.10715015312500001 0.7283041781249999 0.12750836875 0.6915769828125 0.09334353749999999 0.6726391078125 0.0729853203125 0.709366303125 0.10715015312500001 0.7283041781249999
0 0 0.7878231687499999 0.00889729375 0.79275501875 0.02972895625 0.755173703125 0 0.7386946734375 0 0.7878231687499999
0 0.068193359375 0.6575815796875 0.0852374484375 0.62683323125 0.05448909843750001 0.6097891421875 0.0374450109375 0.6405374921875 0.068193359375 0.6575815796875
0 0.050931932812500004 0.5598054343750001 0.0641884453125 0.5358900531249999 0.042835424999999996 0.5240538796875 0.0295789125 0.5479692625 0.050931932812500004 0.5598054343750001
0 0.3068822390625 0.45157230468750004 0.3267670078125 0.4156992296875 0.29345629687499997 0.3972348015625 0.273571528125 0.433107875 0.3068822390625 0.45157230468750004
0 0.3063144953125 0.40324566093750003 0.32288513750000003 0.3733514328125 0.2921367875 0.35630734375 0.27556614687500003 0.386201571875 0.3063144953125 0.40324566093750003
0 0.383860478125 0.35802212031249997 0.39995767187500003 0.3289820125 0.36835520312500003 0.311464478125 0.3522580078125 0.3405045859375 0.383860478125 0.35802212031249997
0 0.3028453109375 0.346053103125 0.322256634375 0.31103415 0.2838211984375 0.289729040625 0.264409875 0.32474799375 0.3028453109375 0.346053103125
0 0.16831148125 0.41049109375 0.18677591093749998 0.3771803828125 0.144923990625 0.353981484375 0.12645956249999998 0.38729219531250003 0.16831148125 0.41049109375
0 0.08325916718750001 0.4420630734375 0.08799363593750001 0.43352186562500006 0.07518182343749999 0.42642016250000003 0.07044735468749999 0.4349613703125 0.08325916718750001 0.4420630734375
0 0.064158396875 0.3053044359375 0.042805376562500004 0.29346826406250004 0.0267081828125 0.32250837187500003 0.048061203125 0.33434454375 0.064158396875 0.3053044359375
0 0.25625914375000003 0.182335215625 0.26951565624999996 0.1584198328125 0.2481626359375 0.1465836609375 0.2349061234375 0.17049904375 0.25625914375000003 0.182335215625
0 0.4173665390625 0.233117296875 0.4367778609375 0.19809834375 0.407737753125 0.18200114843749998 0.38832643125 0.2170201015625 0.4173665390625 0.233117296875
0 0.45012540312500005 0.2696990171875 0.47048361875 0.232971821875 0.4363187875 0.21403394687500002 0.4159605703125 0.250761140625 0.45012540312500005 0.2696990171875
0 0.4976604296875 0.18495072031249998 0.5137576234375001 0.1559106125 0.4821551546875 0.13839307812499999 0.46605795937499994 0.16743318437500002 0.4976604296875 0.18495072031249998
0 0.5816458546875001 0.1784681578125 0.597269603125 0.15028217187499998 0.5656671328125 0.13276463593750001 0.5500433859375 0.1609506234375 0.5816458546875001 0.1784681578125
0 0.6093616625 0.148610734375 0.6287729843750001 0.11359178125 0.5903375484375 0.092286671875 0.5709262265625 0.127305625 0.6093616625 0.148610734375
0 0.6095504765624999 0.097912065625 0.6318024796875 0.0577683875 0.59849176875 0.0393039578125 0.5762397640625 0.07944763593750001 0.6095504765624999 0.097912065625
0 0.585106771875 0 0.5706400687500001 0.026098623437500003 0.6048049015625 0.0450364984375 0.6237427765625 0.0108716671875 0.604129771875 0 0.585106771875 0
0 0.559538021875 0.071306265625 0.5808431328125 0.0328708296875 0.541553575 0.0110922734375 0.520248465625 0.049527709375 0.559538021875 0.071306265625
0 0.5539093609375 0.1368544859375 0.5747410234375 0.0992731703125 0.5414303125 0.080808740625 0.5205986484375 0.11839005625000001 0.5539093609375 0.1368544859375
0 0.45167824687499997 0 0.43543135 0.029310175 0.4661796984375 0.0463542640625 0.483697234375 0.01475179375 0.45708429375000004 0 0.45167824687499997 0
0 0.43080402656250005 0.050751178125 0.44358709375 0.027689915625 0.4196717109375 0.014433403124999999 0.40688864375 0.0374946640625 0.43080402656250005 0.050751178125
0 0.4727741984375 0.14826664375 0.49171207343749995 0.1141018125 0.4601096046875 0.0965842765625 0.44117172812499994 0.130749109375 0.4727741984375 0.14826664375
0 0.42083594375000005 0.1412496546875 0.437406584375 0.1113554265625 0.40665823593750006 0.0943113390625 0.39008759375 0.1242055671875 0.42083594375000005 0.1412496546875
0 0.37016960625 0 0.35130197343749997 0.034038109375 0.3871750484375 0.0539228796875 0.4099004984375 0.012925079687499999 0.3865830375 0 0.37016960625 0
0 0.26409671874999996 0 0.25169606875 0.022371365625 0.2926938671875 0.0450968171875 0.3116317421875 0.010931984375 0.2919099203125 0 0.26409671874999996 0
0 0.284104528125 0.13915093750000002 0.3044627453125 0.10242374218750001 0.2702979125 0.08348586718749999 0.24993969531250002 0.12021306093749999 0.284104528125 0.13915093750000002
0 0.21411627656249999 0.05290215625 0.18507616875 0.0368049609375 0.1656648453125 0.07182391406250001 0.194704953125 0.087921109375 0.21411627656249999 0.05290215625
0 0.2062323171875 0.140647934375 0.2246967453125 0.10733722187500001 0.1905319140625 0.08839934687499999 0.172067484375 0.1217100578125 0.2062323171875 0.140647934375
0 0.175767078125 0.122085940625 0.14672697031249998 0.105988746875 0.13062977656250002 0.1350288546875 0.1596698828125 0.1511260484375 0.175767078125 0.122085940625