0 0.4741647859375 0.165538221875 0.47055434375000005 0.1139064890625 0.42574189687499997 0.11704008125000001 0.42935233906250003 0.1686718140625 0.4741647859375 0.165538221875
0 0.487247009375 0.5136180890625 0.4859527 0.4951086 0.46646902656250006 0.49647103125000003 0.4677633359375 0.5149805203125 0.487247009375 0.5136180890625
0 0.3578442125 0.4830194546875 0.3542337703125 0.4313877203125 0.31234387343750003 0.4343169484375 0.315954315625 0.48594868125 0.3578442125 0.4830194546875
0 0.461757490625 0.716084659375 0.4595094796875 0.6839365984375 0.42541305156250003 0.686320853125 0.4276610625 0.7184689140625 0.461757490625 0.716084659375
0 0.5245616125 0.7322508578125 0.5214961421875 0.6884125937500001 0.49227063437499996 0.690456240625 0.495336103125 0.7342945046875 0.5245616125 0.7322508578125
0 0.5801920359375 0.7998239421875 0.5779440250000001 0.7676758828125 0.5418992296875 0.7701963796875 0.544147240625 0.802344440625 0.5801920359375 0.7998239421875
0 0.3669887375 0.8587851921875 0.36017658125 0.761366828125 0.29880301249999996 0.7656584859375 0.3056151671875 0.86307685 0.3669887375 0.8587851921875
0 0.426817128125 0.46840692656250005 0.421503646875 0.39242060156249997 0.34941405625 0.397461596875 0.35472753749999997 0.47344792187499996 0.426817128125 0.46840692656250005
0 0.3800189140625 0.4501425390625 0.378383996875 0.42676213125 0.3589003234375 0.4281245625 0.36053524062500003 0.45150497031250003 0.3800189140625 0.4501425390625
0 0.4070542921875 0.4237783609375 0.40480628125000007 0.3916303015625 0.3824000578125 0.393197096875 0.38464806875 0.42534515781250004 0.4070542921875 0.4237783609375
0 0.5190006 0.3097345453125 0.5111666203125 0.1977034265625 0.4312835625 0.20328939375 0.439117540625 0.3153205125 0.5190006 0.3097345453125
0 0.46654473281250003 0.25956052343749997 0.46450108593749995 0.2303350140625 0.445991596875 0.23162932343749998 0.44803524218749996 0.2608548328125 0.46654473281250003 0.25956052343749997
0 0.49720079375 0.2779747328125 0.4950209046875 0.24680085625 0.4560535578125 0.24952571875000001 0.4582334484375 0.2806995953125 0.49720079375 0.2779747328125
0 0.508410809375 0.24929085781250002 0.5058903109374999 0.21324606250000003 0.4640004140625 0.216175290625 0.46652091249999994 0.252220084375 0.508410809375 0.24929085781250002
0 0.7256869140625 0.5145657953125 0.7224852015625001 0.4687791640625 0.669879284375 0.47245772812500003 0.673080996875 0.518244359375 0.7256869140625 0.5145657953125
0 0.7170181062500001 0.495593034375 0.7152469453125 0.47026425937500005 0.687969803125 0.4721716640625 0.6897409640625 0.4975004375 0.7170181062500001 0.495593034375
0 0.8144569515625 0.4750741859375 0.809620321875 0.4059071484375 0.7404532828125 0.41074377812499996 0.7452899140625 0.4799108171875 0.8144569515625 0.4750741859375
0 0.7954332125 0.4480149875 0.7927083515625 0.40904764218749995 0.74399916875 0.41245372031249994 0.7467240312500001 0.45142106562500006 0.7954332125 0.4480149875
0 0.8977331906250001 0.2940194015625 0.8953489359375 0.259922975 0.8456655703125 0.2633971734375 0.848049825 0.2974936015625 0.8977331906250001 0.2940194015625
0 0.9761745484375 0.5548078765625 0.9732453203125001 0.5129179796875001 0.943045628125 0.5150297484374999 0.9459748546875 0.5569196453124999 0.9761745484375 0.5548078765625
0 0.9651448515625001 0.649068603125 0.9626243531249999 0.6130238078125 0.9178119062500001 0.6161574 0.920332403125 0.65220219375 0.9651448515625001 0.649068603125
0 0.956952665625 0.7069098656249999 0.95518150625 0.681581090625 0.9259559968750001 0.6836247375 0.9277271578124999 0.7089535125 0.956952665625 0.7069098656249999
0 0.91707569375 0.759624640625 0.9152364109375 0.7333216828125 0.8830883515625001 0.73556969375 0.8849276328125001 0.7618726515625001 0.91707569375 0.759624640625
0 0.98496845 0.8625613046874999 0.9834016546875001 0.84015508125 0.9678147171875 0.8412450249999999 0.9693815125 0.86365125 0.98496845 0.8625613046874999
0 0.943432740625 0.884555234375 0.9392092046875 0.8241558484375 0.882706553125 0.8281068984375001 0.8869300890625 0.8885062843749999 0.943432740625 0.884555234375
0 0.8764763140625 0.900005703125 0.8719802921875001 0.83570958125 0.815477640625 0.8396606328124999 0.8199736640624999 0.903956753125 0.8764763140625 0.900005703125
0 0.9921673312499999 0.39852642656250004 0.98549141875 0.3030564296875 0.9046341765625 0.30871051875 0.9113100890625001 0.40418051562499996 0.9921673312499999 0.39852642656250004
0 0.991043325 0.382452396875 0.98845470625 0.34543341875 0.9553324625 0.3477495515625 0.95792108125 0.38476852968749997 0.991043325 0.382452396875
0 0.9607619328125001 0.369396196875 0.9574239765625 0.3216611984375 0.9233275484375 0.324045453125 0.9266655046875 0.3717804515625 0.9607619328125001 0.369396196875
0 0.9948683734375001 0.43015333437500003 0.993778428125 0.4145663953125 0.983062409375 0.4153157328125 0.9841523531249999 0.43090267187500003 0.9948683734375001 0.43015333437500003
0 0.892842471875 0.09808248750000001 0.8865752875 0.0084575921875 0.7852601890625001 0.015542234375 0.791527371875 0.1051671296875 0.892842471875 0.09808248750000001
0 0.886905428125 0.0901765953125 0.8852023890625 0.065822003125 0.8627961656249999 0.0673888 0.8644992046875 0.091743390625 0.886905428125 0.0901765953125