0 0.1240234375 0.06201171875 0.0830078125 0.06201171875 0.0830078125 0.08935546875 0.1240234375 0.08935546875 0.1240234375 0.06201171875
0 0.0380859375 0.09326171875 0.0126953125 0.09326171875 0.0126953125 0.12744140625 0.0380859375 0.12744140625 0.0380859375 0.09326171875
0 0.1533203125 0.14013671875 0.1083984375 0.14013671875 0.1083984375 0.17333984375 0.1533203125 0.17333984375 0.1533203125 0.14013671875
0 0.1240234375 0.0009765625 0.1025390625 0.0009765625 0.1025390625 0.0126953125 0.1240234375 0.0126953125 0.1240234375 0.0009765625
0 0.248046875 0.09033203125 0.22265625 0.09033203125 0.22265625 0.10498046875 0.248046875 0.10498046875 0.248046875 0.09033203125
0 0.33056640625 0 0.33056640625 0.0654296875 0.38818359375 0.0654296875 0.38818359375 0 0.33056640625 0
0 0.4267578125 0.04638671875 0.40234375 0.04638671875 0.40234375 0.07666015625 0.4267578125 0.07666015625 0.4267578125 0.04638671875
0 0.4619140625 0.12646484375 0.4375 0.12646484375 0.4375 0.15478515625 0.4619140625 0.15478515625 0.4619140625 0.12646484375
0 0.5068359375 0.11376953125 0.484375 0.11376953125 0.484375 0.13818359375 0.5068359375 0.13818359375 0.5068359375 0.11376953125
0 0.56396484375 0.17724609375 0.54638671875 0.17724609375 0.54638671875 0.19091796875 0.56396484375 0.19091796875 0.56396484375 0.17724609375
0 0.6552734375 0.12890625 0.640625 0.12890625 0.640625 0.1494140625 0.6552734375 0.1494140625 0.6552734375 0.12890625
0 0.7314453125 0.0693359375 0.720703125 0.0693359375 0.720703125 0.080078125 0.7314453125 0.080078125 0.7314453125 0.0693359375
0 0.75439453125 0.017578125 0.72607421875 0.017578125 0.72607421875 0.0478515625 0.75439453125 0.0478515625 0.75439453125 0.017578125
0 0.70751953125 0.17626953125 0.68310546875 0.17626953125 0.68310546875 0.21142578125 0.70751953125 0.21142578125 0.70751953125 0.17626953125
0 0.767578125 0.19287109375 0.720703125 0.19287109375 0.720703125 0.24072265625 0.767578125 0.24072265625 0.767578125 0.19287109375
0 0.53271484375 0.25244140625 0.49560546875 0.25244140625 0.49560546875 0.28466796875 0.53271484375 0.28466796875 0.53271484375 0.25244140625
0 0.4755859375 0.22216796875 0.38671875 0.22216796875 0.38671875 0.29833984375 0.4755859375 0.29833984375 0.4755859375 0.22216796875
0 0.42919921875 0.25830078125 0.40966796875 0.25830078125 0.40966796875 0.28271484375 0.42919921875 0.28271484375 0.42919921875 0.25830078125
0 0.26806640625 0.2685546875 0.23193359375 0.2685546875 0.23193359375 0.2783203125 0.26806640625 0.2783203125 0.26806640625 0.2685546875
0 0.03076171875 0.30712890625 0.01123046875 0.30712890625 0.01123046875 0.33154296875 0.03076171875 0.33154296875 0.03076171875 0.30712890625
0 0.0888671875 0.4130859375 0.0439453125 0.4130859375 0.0439453125 0.4384765625 0.0888671875 0.4384765625 0.0888671875 0.4130859375
0 0 0.45556640625 0.033203125 0.45556640625 0.033203125 0.43408203125 0 0.43408203125 0 0.45556640625
0 0.44873046875 0.3134765625 0.42626953125 0.3134765625 0.42626953125 0.3359375 0.44873046875 0.3359375 0.44873046875 0.3134765625
0 0.5263671875 0.2978515625 0.5068359375 0.2978515625 0.5068359375 0.3173828125 0.5263671875 0.3173828125 0.5263671875 0.2978515625
0 0.35693359375 0.34033203125 0.34912109375 0.34033203125 0.34912109375 0.36181640625 0.35693359375 0.36181640625 0.35693359375 0.34033203125
0 0.44189453125 0.35986328125 0.40966796875 0.35986328125 0.40966796875 0.38818359375 0.44189453125 0.38818359375 0.44189453125 0.35986328125
0 0.52880859375 0.40869140625 0.49267578125 0.40869140625 0.49267578125 0.43408203125 0.52880859375 0.43408203125 0.52880859375 0.40869140625
0 0.61181640625 0.3427734375 0.57470703125 0.3427734375 0.57470703125 0.3974609375 0.61181640625 0.3974609375 0.61181640625 0.3427734375
0 0.765625 0.37744140625 0.7509765625 0.37744140625 0.7509765625 0.38916015625 0.765625 0.38916015625 0.765625 0.37744140625
0 0.8828125 0.27685546875 0.86328125 0.27685546875 0.86328125 0.28955078125 0.8828125 0.28955078125 0.8828125 0.27685546875
0 0.95458984375 0.33203125 0.90673828125 0.33203125 0.90673828125 0.3798828125 0.95458984375 0.3798828125 0.95458984375 0.33203125
0 0.8935546875 0.39013671875 0.8837890625 0.39013671875 0.8837890625 0.40576171875 0.8935546875 0.40576171875 0.8935546875 0.39013671875
0 0.880859375 0.3935546875 0.84765625 0.3935546875 0.84765625 0.431640625 0.880859375 0.431640625 0.880859375 0.3935546875
0 0.404296875 0.421875 0.373046875 0.421875 0.373046875 0.4462890625 0.404296875 0.4462890625 0.404296875 0.421875
0 0.29736328125 0.42529296875 0.28271484375 0.42529296875 0.28271484375 0.43701171875 0.29736328125 0.43701171875 0.29736328125 0.42529296875
0 0.3564453125 0.46484375 0.3369140625 0.46484375 0.3369140625 0.484375 0.3564453125 0.484375 0.3564453125 0.46484375
0 0.451171875 0.51611328125 0.4248046875 0.51611328125 0.4248046875 0.53857421875 0.451171875 0.53857421875 0.451171875 0.51611328125
0 0.50830078125 0.51904296875 0.48095703125 0.51904296875 0.48095703125 0.56396484375 0.50830078125 0.56396484375 0.50830078125 0.51904296875
0 0.5654296875 0.48583984375 0.5400390625 0.48583984375 0.5400390625 0.50634765625 0.5654296875 0.50634765625 0.5654296875 0.48583984375
0 0.56640625 0.443359375 0.552734375 0.443359375 0.552734375 0.4580078125 0.56640625 0.4580078125 0.56640625 0.443359375
0 0.56005859375 0.421875 0.54833984375 0.421875 0.54833984375 0.4296875 0.56005859375 0.4296875 0.56005859375 0.421875
0 0.79541015625 0.49072265625 0.74658203125 0.49072265625 0.74658203125 0.53173828125 0.79541015625 0.53173828125 0.79541015625 0.49072265625
0 0.8046875 0.52587890625 0.7724609375 0.52587890625 0.7724609375 0.55419921875 0.8046875 0.55419921875 0.8046875 0.52587890625
0 0.87109375 0.54052734375 0.830078125 0.54052734375 0.830078125 0.59814453125 0.87109375 0.59814453125 0.87109375 0.54052734375
0 0.95849609375 0.50390625 0.91552734375 0.50390625 0.91552734375 0.544921875 0.95849609375 0.544921875 0.95849609375 0.50390625
0 0.6201171875 0.58349609375 0.5830078125 0.58349609375 0.5830078125 0.62255859375 0.6201171875 0.62255859375 0.6201171875 0.58349609375
0 0.72412109375 0.52587890625 0.62255859375 0.52587890625 0.62255859375 0.61962890625 0.72412109375 0.61962890625 0.72412109375 0.52587890625
0 0.69775390625 0.60205078125 0.66455078125 0.60205078125 0.66455078125 0.61474609375 0.69775390625 0.61474609375 0.69775390625 0.60205078125
0 0.23193359375 0.50927734375 0.20947265625 0.50927734375 0.20947265625 0.53369140625 0.23193359375 0.53369140625 0.23193359375 0.50927734375
0 0.1953125 0.5146484375 0.138671875 0.5146484375 0.138671875 0.5478515625 0.1953125 0.5478515625 0.1953125 0.5146484375
0 0 0.69189453125 0.0224609375 0.69189453125 0.0224609375 0.66748046875 0 0.66748046875 0 0.69189453125
0 0.10546875 0.69873046875 0.0712890625 0.69873046875 0.0712890625 0.73681640625 0.10546875 0.73681640625 0.10546875 0.69873046875
0 0.26953125 0.6650390625 0.224609375 0.6650390625 0.224609375 0.681640625 0.26953125 0.681640625 0.26953125 0.6650390625
0 0.26123046875 0.677734375 0.24267578125 0.677734375 0.24267578125 0.7021484375 0.26123046875 0.7021484375 0.26123046875 0.677734375
0 0.22119140625 0.69775390625 0.18408203125 0.69775390625 0.18408203125 0.73681640625 0.22119140625 0.73681640625 0.22119140625 0.69775390625
0 0.18115234375 0.75439453125 0.15869140625 0.75439453125 0.15869140625 0.77490234375 0.18115234375 0.77490234375 0.18115234375 0.75439453125
0 0.11962890625 0.7939453125 0.09912109375 0.7939453125 0.09912109375 0.8173828125 0.11962890625 0.8173828125 0.11962890625 0.7939453125
0 0.2177734375 0.826171875 0.1767578125 0.826171875 0.1767578125 0.87109375 0.2177734375 0.87109375 0.2177734375 0.826171875
0 0.26708984375 0.73583984375 0.23388671875 0.73583984375 0.23388671875 0.77197265625 0.26708984375 0.77197265625 0.26708984375 0.73583984375
0 0.35107421875 0.61962890625 0.29736328125 0.61962890625 0.29736328125 0.67431640625 0.35107421875 0.67431640625 0.35107421875 0.61962890625
0 0.38330078125 0.626953125 0.36181640625 0.626953125 0.36181640625 0.654296875 0.38330078125 0.654296875 0.38330078125 0.626953125
0 0.4765625 0.5986328125 0.453125 0.5986328125 0.453125 0.6298828125 0.4765625 0.6298828125 0.4765625 0.5986328125
0 0.50048828125 0.6435546875 0.46533203125 0.6435546875 0.46533203125 0.67578125 0.50048828125 0.67578125 0.50048828125 0.6435546875
0 0.52294921875 0.623046875 0.49658203125 0.623046875 0.49658203125 0.6796875 0.52294921875 0.6796875 0.52294921875 0.623046875
0 0.4423828125 0.7109375 0.390625 0.7109375 0.390625 0.755859375 0.4423828125 0.755859375 0.4423828125 0.7109375
0 0.380859375 0.7578125 0.33984375 0.7578125 0.33984375 0.794921875 0.380859375 0.794921875 0.380859375 0.7578125
0 0.30908203125 0.75390625 0.27978515625 0.75390625 0.27978515625 0.826171875 0.30908203125 0.826171875 0.30908203125 0.75390625
0 0 0.92724609375 0.0439453125 0.92724609375 0.0439453125 0.88525390625 0 0.88525390625 0 0.92724609375
0 0.04833984375 0.93701171875 0.02587890625 0.93701171875 0.02587890625 0.95556640625 0.04833984375 0.95556640625 0.04833984375 0.93701171875
0 0.08447265625 0.91943359375 0.05322265625 0.91943359375 0.05322265625 0.94873046875 0.08447265625 0.94873046875 0.08447265625 0.91943359375
0 0.1416015625 0.96337890625 0.1201171875 0.96337890625 0.1201171875 0.97900390625 0.1416015625 0.97900390625 0.1416015625 0.96337890625
0 0.1552734375 0.95263671875 0.13671875 0.95263671875 0.13671875 0.96728515625 0.1552734375 0.96728515625 0.1552734375 0.95263671875
0 0.13671875 1 0.13671875 0.98828125 0.109375 0.98828125 0.109375 1 0.13671875 1
0 0.4365234375 1 0.4365234375 0.9833984375 0.4033203125 0.9833984375 0.4033203125 1 0.4365234375 1
0 0.5703125 1 0.5703125 0.9853515625 0.5498046875 0.9853515625 0.5498046875 1 0.5703125 1
0 0.541015625 0.91748046875 0.5009765625 0.91748046875 0.5009765625 0.95166015625 0.541015625 0.95166015625 0.541015625 0.91748046875
0 0.56689453125 0.85693359375 0.53173828125 0.85693359375 0.53173828125 0.91455078125 0.56689453125 0.91455078125 0.56689453125 0.85693359375
0 0.45849609375 0.8564453125 0.41552734375 0.8564453125 0.41552734375 0.9140625 0.45849609375 0.9140625 0.45849609375 0.8564453125
0 0.42822265625 0.81201171875 0.40283203125 0.81201171875 0.40283203125 0.83544921875 0.42822265625 0.83544921875 0.42822265625 0.81201171875
0 0.0380859375 0.6748046875 0.0302734375 0.6748046875 0.0302734375 0.6982421875 0.0380859375 0.6982421875 0.0380859375 0.6748046875
0 0.12646484375 0.70556640625 0.11376953125 0.70556640625 0.11376953125 0.71826171875 0.12646484375 0.71826171875 0.12646484375 0.70556640625
0 0.5439453125 0.79296875 0.5224609375 0.79296875 0.5224609375 0.8115234375 0.5439453125 0.8115234375 0.5439453125 0.79296875
0 0.59521484375 0.72021484375 0.57568359375 0.72021484375 0.57568359375 0.74072265625 0.59521484375 0.74072265625 0.59521484375 0.72021484375
0 0.62109375 0.8173828125 0.5859375 0.8173828125 0.5859375 0.8427734375 0.62109375 0.8427734375 0.62109375 0.8173828125
0 0.62158203125 0.8955078125 0.57861328125 0.8955078125 0.57861328125 0.9296875 0.62158203125 0.9296875 0.62158203125 0.8955078125
0 0.71044921875 0.90380859375 0.67333984375 0.90380859375 0.67333984375 0.93212890625 0.71044921875 0.93212890625 0.71044921875 0.90380859375
0 0.7275390625 0.7275390625 0.6689453125 0.7275390625 0.6689453125 0.7685546875 0.7275390625 0.7685546875 0.7275390625 0.7275390625
0 0.79052734375 0.6298828125 0.77392578125 0.6298828125 0.77392578125 0.6396484375 0.79052734375 0.6396484375 0.79052734375 0.6298828125
0 0.94091796875 0.65283203125 0.92822265625 0.65283203125 0.92822265625 0.66552734375 0.94091796875 0.66552734375 0.94091796875 0.65283203125
0 1 0.67529296875 0.9765625 0.67529296875 0.9765625 0.70263671875 1 0.70263671875 1 0.67529296875
0 0.94873046875 0.66845703125 0.90869140625 0.66845703125 0.90869140625 0.69873046875 0.94873046875 0.69873046875 0.94873046875 0.66845703125
0 0.9658203125 0.70361328125 0.931640625 0.70361328125 0.931640625 0.73193359375 0.9658203125 0.73193359375 0.9658203125 0.70361328125
0 0.96044921875 0.759765625 0.92138671875 0.759765625 0.92138671875 0.7880859375 0.96044921875 0.7880859375 0.96044921875 0.759765625
0 0.87353515625 0.78076171875 0.84619140625 0.78076171875 0.84619140625 0.82177734375 0.87353515625 0.82177734375 0.87353515625 0.78076171875
0 0.84033203125 0.81787109375 0.82470703125 0.81787109375 0.82470703125 0.83056640625 0.84033203125 0.83056640625 0.84033203125 0.81787109375
0 0.8056640625 0.85400390625 0.78125 0.85400390625 0.78125 0.92333984375 0.8056640625 0.92333984375 0.8056640625 0.85400390625
0 0.9541015625 0.8544921875 0.921875 0.8544921875 0.921875 0.8759765625 0.9541015625 0.8759765625 0.9541015625 0.8544921875
0 0.9775390625 0.7978515625 0.935546875 0.7978515625 0.935546875 0.822265625 0.9775390625 0.822265625 0.9775390625 0.7978515625
0 1 0.826171875 0.9814453125 0.826171875 0.9814453125 0.8544921875 1 0.8544921875 1 0.826171875
0 1 0.865234375 0.9638671875 0.865234375 0.9638671875 0.91015625 1 0.91015625 1 0.865234375