0 0 0.3402221328125 0.049117284375 0.3162660328125 0 0.2155606765625 0 0.3402221328125
0 0.5827912796875 0.16517162968750002 0.48360795312500005 0.2135465703125 0.5448257984375 0.3390617546875 0.644009125 0.29068681406249997 0.5827912796875 0.16517162968750002
0 0.5866157515625 0.10952330625 0.557650709375 0.12365050156249999 0.572634096875 0.1543710015625 0.6015991406250001 0.14024380625 0.5866157515625 0.10952330625
0 0.531504284375 0.626969153125 0.48761785625 0.64837399375 0.50945079375 0.69313815 0.553337221875 0.671733309375 0.531504284375 0.626969153125
0 0.7044990484375 0.6007230734375 0.6377916781249999 0.6332584328124999 0.6754641984374999 0.7104985453125 0.74217156875 0.6779631875 0.7044990484375 0.6007230734375
0 1 0.43215080937500006 0.9160544671874999 0.47309378124999996 0.9931118953125001 0.6310849234375 1 0.6277253703125 1 0.43215080937500006
0 0.8385685796875 0.137121459375 0.8122367234375 0.1499643640625 0.8293605968750001 0.18507350625000002 0.8556924531250001 0.1722306015625 0.8385685796875 0.137121459375
0 0.7341159187499999 0.0555103359375 0.704273146875 0.070065628125 0.7184003421875 0.0990306703125 0.7482431140625 0.084475378125 0.7341159187499999 0.0555103359375
0 0.3875362046875 0.499982728125 0.3568157046875 0.5149661171875 0.38121722343750003 0.5649966453124999 0.4119377234375 0.55001325625 0.3875362046875 0.499982728125
0 0.6577189921875 0.31768235 0.598911178125 0.3463648375 0.625025084375 0.39990627968750003 0.6838328984375 0.37122379375 0.6577189921875 0.31768235
0 0.8011856265624999 0.7833659859375001 0.7643210265625 0.8013460531250001 0.7848696734375 0.8434770234375 0.8217342734375 0.8254969578125 0.8011856265624999 0.7833659859375001
0 0.9700057953125001 0.75969925625 0.927874825 0.780247903125 0.9484234718750001 0.8223788750000001 0.99055444375 0.8018302265624999 0.9700057953125001 0.75969925625