0 0.724770140625 0.5334997312499999 0.695978390625 0.5241447234375001 0.6893393546875 0.5445775796875 0.7181311046875 0.5539325859375 0.724770140625 0.5334997312499999
0 0.34294176875 0.395574121875 0.317865084375 0.3874262125 0.30700120468750003 0.4208617921875 0.33207789062500004 0.4290097015625 0.34294176875 0.395574121875
0 0.1892865984375 0.3122769265625 0.15770855 0.30201659687500004 0.1474482203125 0.3335946453125 0.17902626875 0.343854975 0.1892865984375 0.3122769265625
0 0.16546091406250002 0.2655163859375 0.135740396875 0.2558596046875 0.1278942625 0.2800075234375 0.157614778125 0.2896643046875 0.16546091406250002 0.2655163859375
0 0.6361416015625 0.33065682343749997 0.6092073828125 0.321905365625 0.6013612484374999 0.346053284375 0.6282954671875001 0.3548047421875 0.6361416015625 0.33065682343749997
0 0.599742409375 0.27519021875 0.5746657234375 0.2670423109375 0.5680266859375 0.287475165625 0.5931033718750001 0.2956230734375 0.599742409375 0.27519021875
0 0.427932396875 0.220905990625 0.4084283078125 0.214568728125 0.40209104531250006 0.23407281562499999 0.42159513437499996 0.24041007812499998 0.427932396875 0.220905990625
0 0.43761986718749996 0.1342070140625 0.40975688281249995 0.1251537828125 0.40191074843749997 0.1493017015625 0.4297737328125 0.15835493437499998 0.43761986718749996 0.1342070140625
0 0.7706863140625 0.0730017984375 0.7326069015625001 0.060629046875 0.72385544375 0.0875632640625 0.76193485625 0.099936015625 0.7706863140625 0.0730017984375
0 0.82788748125 0.10236917812499999 0.8342247437499999 0.082865090625 0.8119343562499999 0.07562250468750001 0.80559709375 0.0951265921875 0.82788748125 0.10236917812499999
0 0.8246148484375 0.11876175156249999 0.8004669281250001 0.11091561718750001 0.79231901875 0.135992303125 0.8164669390625001 0.1438384375 0.8246148484375 0.11876175156249999
0 0.83404615 0.1813816453125 0.8145420609375 0.1750443828125 0.8057906031250001 0.20197859999999998 0.8252946921875 0.20831586249999998 0.83404615 0.1813816453125
0 0.669329328125 0.12580826875 0.618247190625 0.109210675 0.6064779890625001 0.1454325546875 0.6575601265625 0.162030146875 0.669329328125 0.12580826875
0 0.5890409265625001 0.1469546390625 0.5379587890625 0.130357046875 0.52347361875 0.174937821875 0.5745557546875 0.19153541406250002 0.5890409265625001 0.1469546390625
0 0.5130140234375 0.1802672515625 0.47493461249999996 0.1678945 0.46256186093749996 0.2059739109375 0.5006412734375 0.21834666249999998 0.5130140234375 0.1802672515625
0 0.47381105625000003 0.20295467656250002 0.4468768390625 0.19420321875 0.43722005781249995 0.22392373437500002 0.464154275 0.23267519218750002 0.47381105625000003 0.20295467656250002
0 0.5204823000000001 0.22838726875 0.49633438124999996 0.22054113281249998 0.488488246875 0.24468905312499997 0.512636165625 0.25253518750000004 0.5204823000000001 0.22838726875
0 0.5561287609375001 0.4694634578125 0.5226931796875001 0.458599578125 0.49945655 0.5301145703125 0.53289213125 0.5409784484375 0.5561287609375001 0.4694634578125
0 0.7246691234375 0.581213971875 0.7088800984375 0.57608380625 0.7031463859375 0.5937303640625 0.718935409375 0.598860528125 0.7246691234375 0.581213971875
0 0.7212807671875 0.6027030375 0.6962040828125 0.594555128125 0.688961496875 0.616845515625 0.7140381812500001 0.624993425 0.7212807671875 0.6027030375
0 0.7978673171875 0.6024304609375 0.760716671875 0.590359484375 0.7444208546875 0.6405128546875 0.7815715 0.6525838312500001 0.7978673171875 0.6024304609375
0 0.6028675609375 0.62583736875 0.5675744484374999 0.6143699406249999 0.552787503125 0.6598794812500001 0.588080615625 0.671346909375 0.6028675609375 0.62583736875
0 0.5593766703124999 0.5921967687499999 0.5482314765625 0.5885754765625 0.54551550625 0.5969343703125001 0.5566607 0.6005556640624999 0.5593766703124999 0.5921967687499999
0 0.5636439234374999 0.5237596203125 0.550641196875 0.5195347781249999 0.5470199046875 0.5306799718749999 0.5600226296875 0.5349048140625 0.5636439234374999 0.5237596203125
0 0.4529114703125 0.6433434796874999 0.4380512125 0.6385150890625 0.433222821875 0.653375346875 0.4480830796875 0.6582037374999999 0.4529114703125 0.6433434796874999
0 0.49435877812499995 0.6722128046875 0.48599988281249995 0.6694968359375 0.48086971875 0.685285859375 0.4892286125 0.6880018296875 0.49435877812499995 0.6722128046875
0 0.441410159375 0.5317905265625 0.4330512640625 0.52907455625 0.43063706875 0.5365046859375 0.4389959640625 0.5392206546875 0.441410159375 0.5317905265625
0 0.41718743593749996 0.45306960468749996 0.402327178125 0.44824121406249995 0.3996112078125 0.45660010937499995 0.414471465625 0.46142849999999996 0.41718743593749996 0.45306960468749996
0 0.2863413796875 0.486026309375 0.2686948234375 0.4802925953125 0.259943365625 0.5072268125 0.277589921875 0.5129605265625 0.2863413796875 0.486026309375
0 0.3101653609375 0.3494991796875 0.29994893437500003 0.34617966093749997 0.296629415625 0.35639608906250003 0.3068458421875 0.3597156078125 0.3101653609375 0.3494991796875
0 0.489049596875 0.4610167578125 0.47604687031250004 0.45679191562500004 0.472425578125 0.46793710937500005 0.48542830312499996 0.47216195 0.489049596875 0.4610167578125
0 0.9013981031249999 0.42916570781249996 0.8586748609375 0.4152840859375 0.8466038843750001 0.45243473125 0.8893271265625 0.466316353125 0.9013981031249999 0.42916570781249996
0 1 0.48328000624999995 0.9859290328125001 0.47870807187500003 0.9711420875 0.5242176125 1 0.5335941171874999 1 0.48328000624999995
0 0.9361637500000001 0.3711514984375 0.8878679109375 0.355459228125 0.8721756421875 0.4037550671875 0.9204714812500001 0.41944733593750005 0.9361637500000001 0.3711514984375
0 0.986636371875 0.307459196875 0.91233508125 0.2833172453125 0.8854771593749999 0.3659774296875 0.95977845 0.39011938281249997 0.986636371875 0.307459196875
0 0.8652977015625 0.331696625 0.8522949750000001 0.327471784375 0.847466584375 0.3423320421875 0.8604693109375001 0.34655688281249997 0.8652977015625 0.331696625
0 0.796069671875 0.46733313593750003 0.7877107765625 0.4646171671875 0.7828823859375 0.47947742499999996 0.79124128125 0.48219339375 0.796069671875 0.46733313593750003
0 0.8157246484374999 0.47320601562500003 0.8055082203125 0.46988649687499995 0.801886928125 0.48103169062499995 0.8121033546875 0.48435120937500004 0.8157246484374999 0.47320601562500003
0 0.8133430578124999 0.76969616875 0.7919814359374999 0.7627553578125 0.7847388515625 0.78504574375 0.806100471875 0.79198655625 0.8133430578124999 0.76969616875
0 0.800338840625 0.7449344703125 0.791051178125 0.7419167265625 0.7880334343750001 0.7512043875 0.7973210953125001 0.7542221312499999 0.800338840625 0.7449344703125
0 0.6249369437500001 0.7870309328125 0.595216428125 0.7773741515625 0.58737029375 0.8015220718749999 0.6170908093749999 0.8111788515624999 0.6249369437500001 0.7870309328125
0 0.6167332 0.6827103359375 0.6028017078125 0.6781837187499999 0.5982750921875 0.6921152109375 0.6122065828125 0.6966418265625001 0.6167332 0.6827103359375
0 0.562434265625 0.8119025984375 0.544787709375 0.806168884375 0.5372433484375 0.8293880390625 0.5548899046875 0.8351217515625 0.562434265625 0.8119025984375
0 0.5035411578125 0.8240850343749999 0.4728918765625 0.8141264796875 0.46504574062500004 0.8382743984375001 0.49569502343750005 0.8482329546875 0.5035411578125 0.8240850343749999
0 0.45943499687499995 0.79075793125 0.4325007796875 0.7820064734375001 0.4243528703125 0.8070831578125001 0.4512870875 0.8158346156249999 0.45943499687499995 0.79075793125
0 0.6071132859375 0.9003506296875001 0.5671763421875 0.88737433125 0.5529929453125 0.9310263390625 0.5929298890625 0.9440026390625 0.6071132859375 0.9003506296875001
0 0.6827755453125001 0.9613868484375001 0.651197496875 0.95112651875 0.641842490625 0.97991826875 0.6734205375 0.9901785984375 0.6827755453125001 0.9613868484375001
0 0.7907877640625001 0.9513021281249999 0.765711078125 0.9431542187499999 0.75786494375 0.9673021374999999 0.7829416296875 0.975450046875 0.7907877640625001 0.9513021281249999
0 0.800927896875 0.863210003125 0.756347121875 0.84872483125 0.7463885671875 0.8793741140625 0.790969340625 0.8938592859375 0.800927896875 0.863210003125
0 0.7931461234375 0.8144747156250001 0.744850284375 0.798782446875 0.732477534375 0.8368618578125 0.7807733734375 0.8525541265625 0.7931461234375 0.8144747156250001
0 0.9066855453124999 0.820561353125 0.8788225609375001 0.8115081203125 0.8646391640625 0.8551601281250001 0.8925021484375 0.8642133609375 0.9066855453124999 0.820561353125
0 0.4042861515625 0.7266321484375 0.3532040140625 0.71003455625 0.3378135203125 0.757401628125 0.38889565625 0.773999221875 0.4042861515625 0.7266321484375
0 0.3564048265625 0.6638409078125 0.31925418125 0.6517699328125001 0.31020095 0.679632915625 0.34735159531250004 0.6917038921875001 0.3564048265625 0.6638409078125
0 0.30407168906250004 0.6858559468750001 0.292926496875 0.6822346546875 0.2887016546875 0.6952373796875 0.2998468484375 0.6988586734375 0.30407168906250004 0.6858559468750001
0 0.29433584218750003 0.745841921875 0.263686559375 0.735883365625 0.24950316250000001 0.7795353734375 0.2801524453125 0.7894939296875 0.29433584218750003 0.745841921875
0 0.3511020359375 0.8602939125000001 0.287017171875 0.839471478125 0.2643840921875 0.9091289375 0.32846895468750004 0.9299513718749999 0.3511020359375 0.8602939125000001
0 0.36198935625 0.8299464046875 0.35548799375 0.827833984375 0.352168475 0.8380504109375 0.3586698390625 0.8401628328124999 0.36198935625 0.8299464046875
0 0.2041575109375 0.6236141234375 0.16329180000000001 0.61033605 0.1388480734375 0.68556610625 0.1797137828125 0.6988441796875 0.2041575109375 0.6236141234375
0 0.22109502499999997 0.6173090421875 0.2145936625 0.615196621875 0.2118776921875 0.6235555171875 0.21837905468750002 0.6256679375 0.22109502499999997 0.6173090421875
0 0.1955846453125 0.5520317859375 0.17886685468750002 0.546599846875 0.17192604375 0.56796146875 0.188643834375 0.5733934078125 0.1955846453125 0.5520317859375
0 0.14190077031249998 0.518159740625 0.13261310937499998 0.515141996875 0.1301989140625 0.522572125 0.139486575 0.5255898703125 0.14190077031249998 0.518159740625
0 0.15260353124999998 0.5041813625 0.14331587031249998 0.5011636187499999 0.1405999015625 0.5095225140624999 0.1498875625 0.5125402578125 0.15260353124999998 0.5041813625
0 0.180278971875 0.48853001249999994 0.1700625453125 0.48521049375 0.16704480156249998 0.49449815625 0.177261228125 0.497817675 0.180278971875 0.48853001249999994
0 0 0.6928193796875 0.0347604140625 0.7041137234375 0.04471896875 0.673464440625 0.007568323437500001 0.6613934640625 0 0.6846863703125 0 0.6928193796875
0 0 0.7174630265624999 0.0191589328125 0.723688140625 0.0303245859375 0.6893237937500001 0.006176665625 0.681477659375 0 0.7004874812499999 0 0.7174630265624999
0 0.0183060375 0.4892963828125 0.009947142187499999 0.48658041250000006 0.006325849999999999 0.49772560625000006 0.0146847453125 0.5004415765625 0.0183060375 0.4892963828125
0 0.0711270015625 0.470520303125 0.0590530421875 0.4665972359375 0.056337071875 0.47495613125 0.06841103125 0.4788791984375 0.0711270015625 0.470520303125
0 0.12177395312499999 0.4094516921875 0.10969999374999999 0.405528625 0.1057769265625 0.4176025859375 0.1178508859375 0.42152565312499995 0.12177395312499999 0.4094516921875
0 0.150364946875 0.372021225 0.1355046890625 0.367192834375 0.13188339531249998 0.378338028125 0.14674365312499998 0.38316641875 0.150364946875 0.372021225
0 0.121924415625 0.08348568281249999 0.11077922343749999 0.079864390625 0.10745970468749999 0.0900808171875 0.1186048984375 0.0937021109375 0.121924415625 0.08348568281249999
0 0.47113302187499995 0.09426857968749999 0.46277412656249994 0.09155260937500001 0.4603599328125 0.0989827390625 0.4687188265625 0.10169870781250001 0.47113302187499995 0.09426857968749999
0 0.5360923078125001 0.0065323609375 0.52308958125 0.00230751875 0.5173558671875 0.019954074999999998 0.53035859375 0.0241789171875 0.5360923078125001 0.0065323609375
0 0.6016201890625 0.075057315625 0.5904749953125 0.071436021875 0.5871554765625 0.08165245 0.5983006703125 0.0852737421875 0.6016201890625 0.075057315625
0 0.6804730296875 0.10889270468750001 0.6693278359375 0.10527141250000001 0.6675171890625 0.11084400781249999 0.6786623828125 0.11446530156250001 0.6804730296875 0.10889270468750001
0 0.601513415625 0.2033749453125 0.5931545203125 0.200658975 0.5901367765625001 0.20994663593750001 0.5984956718750001 0.21266260625000002 0.601513415625 0.2033749453125
0 0.6121326359375 0.15805145625 0.6019162078125 0.1547319375 0.5985966890625 0.1649483640625 0.6088131171875 0.1682678828125 0.6121326359375 0.15805145625
0 0.757777359375 0.081129246875 0.7373445046875 0.0744902109375 0.7328178890625 0.0884217015625 0.75325074375 0.0950607390625 0.757777359375 0.081129246875
0 0.8613558781249999 0.5650438953125 0.8529969828124999 0.5623279250000001 0.8499792390625001 0.5716155859375001 0.8583381343750001 0.57433155625 0.8613558781249999 0.5650438953125
0 0.9287457671875 0.6957829656250001 0.920386871875 0.6930669968750001 0.917067353125 0.7032834234374999 0.9254262484375 0.70599939375 0.9287457671875 0.6957829656250001
0 0.9623058078125 0.6620206765625001 0.9511606140625 0.6583993828125 0.9469357734375 0.671402109375 0.958080965625 0.6750234015625 0.9623058078125 0.6620206765625001
0 0.5919378281250001 0.7116193 0.5770775703125001 0.706790909375 0.5725509546875001 0.7207224015625 0.5874112125 0.7255507921875 0.5919378281250001 0.7116193
0 0.5296518906250001 0.6836802328125 0.5240792937500001 0.6818695859374999 0.522570421875 0.6865134171875 0.52814301875 0.6883240625 0.5296518906250001 0.6836802328125
0 0.3174083703125 0.6527104203125 0.30719194375000003 0.6493909015625 0.3044759734375 0.657749796875 0.3146924015625 0.661069315625 0.3174083703125 0.6527104203125
0 0.1869331375 0.836216534375 0.17671671093750002 0.832897015625 0.17400074062499998 0.8412559109375 0.18421716875 0.8445754296875 0.1869331375 0.836216534375
0 0.101722575 0.859870871875 0.08964861562500001 0.8559478046875 0.0869326453125 0.8643067 0.0990066046875 0.8682297671875 0.101722575 0.859870871875
0 0.2641277109375 0.89569699375 0.25298251875 0.8920757015625 0.2502665484375 0.9004345953125 0.2614117421875 0.9040558890625 0.2641277109375 0.89569699375
0 0.2928133328125 0.4029032328125 0.2816681390625 0.3992819390625 0.27804684687500003 0.4104271328125 0.28919204062500004 0.4140484265625 0.2928133328125 0.4029032328125
0 0.2003908734375 0.3918694984375 0.1901744453125 0.3885499796875 0.186553153125 0.3996951734375 0.1967695796875 0.40301469218749997 0.2003908734375 0.3918694984375
0 0.1874554921875 0.35583516249999997 0.172595234375 0.35100677187499996 0.169577490625 0.3602944328125 0.1844377484375 0.3651228234375 0.1874554921875 0.35583516249999997
0 0.3424373234375 0.0036789296875 0.3312921296875 0.00005763593750000001 0.3267655140625 0.013989128125 0.33791070625 0.0176104203125 0.3424373234375 0.0036789296875
0 0.6378307703125 0.4107841078125 0.6276143421875 0.4074645890625 0.6248983734375 0.415823484375 0.6351148 0.419143003125 0.6378307703125 0.4107841078125
0 0.6786634421875 0.92821936875 0.6693757812500001 0.925201625 0.6663580375 0.9344892859374999 0.6756456984375 0.9375070296875 0.6786634421875 0.92821936875
0 0.7878000984375 1 0.789421040625 0.9950112515624999 0.7773470812500001 0.9910881843749999 0.7744514578125 1 0.7878000984375 1
0 0.74720864375 0.661955034375 0.7369922171875001 0.658635515625 0.7336726984374999 0.66885194375 0.743889125 0.6721714624999999 0.74720864375 0.661955034375
0 0.6175196046875 0.481196003125 0.6063744109375 0.4775747109375 0.6030548921875 0.4877911375 0.6142000859375 0.49141243125 0.6175196046875 0.481196003125
0 0.4478710265625 0.9353758531249999 0.43951213125 0.932659884375 0.4358908375 0.9438050765625 0.4442497328125 0.9465210468749999 0.4478710265625 0.9353758531249999
0 0.33843049375 0.940375803125 0.3300715984375 0.9376598328125001 0.32645030625000004 0.9488050265625001 0.3348092 0.951520996875 0.33843049375 0.940375803125
0 0.6657851781249999 0.879368359375 0.6546399843749999 0.8757470656249999 0.6531311125 0.8803908968749999 0.66427630625 0.8840121890624999 0.6657851781249999 0.879368359375
0 0.5474033046875 0.2150578328125 0.5362581109375 0.211436540625 0.5329385921875 0.2216529671875 0.5440837859375 0.22527426093749997 0.5474033046875 0.2150578328125
0 0.44656909687499996 0.112984559375 0.438210203125 0.1102685890625 0.4357960078125 0.11769871875 0.44415490156250004 0.12041468749999999 0.44656909687499996 0.112984559375
0 0.4633661671875 0.25090185468750004 0.45686480312500005 0.2487894328125 0.45414883437500003 0.257148328125 0.460650196875 0.25926075000000004 0.4633661671875 0.25090185468750004
0 0.7667736875 0.2288337515625 0.75562849375 0.22521245781250002 0.7520072015625 0.23635765156250002 0.7631523953125 0.2399789453125 0.7667736875 0.2288337515625
0 0.8306126125000001 0.379982234375 0.8231824828125 0.37756803906249997 0.8183540921875 0.392428296875 0.825784221875 0.3948424921875 0.8306126125000001 0.379982234375
0 0.13864945312500002 0.0288510890625 0.128433025 0.025531571875 0.123906409375 0.0394630625 0.1341228375 0.04278258125 0.13864945312500002 0.0288510890625
0 0.07904026875 0.2518120765625 0.067895075 0.2481907828125 0.06517910625 0.25654967812499996 0.0763243 0.260170971875 0.07904026875 0.2518120765625
0 0.06953437500000001 0.281068209375 0.0611754796875 0.2783522390625 0.058761284375 0.28578236874999996 0.0671201796875 0.2884983390625 0.06953437500000001 0.281068209375
0 0.048008865625 0.41526170156250003 0.036863671875 0.411640409375 0.031129959375 0.42928696562499996 0.0422751515625 0.4329082578125 0.048008865625 0.41526170156250003
0 0.6045094203125 0.37428687968749996 0.5933642265625 0.3706655875 0.5906482578125 0.3790244828125 0.6017934515625 0.38264577499999997 0.6045094203125 0.37428687968749996
0 0.382073128125 0.5058364359375 0.3653553375 0.5004044953125 0.36173404531250003 0.5115496890625 0.37845183437499996 0.5169816296875 0.382073128125 0.5058364359375
0 0.10841254843749999 0.5817231046875 0.09912488750000001 0.5787053609374999 0.09520182031249999 0.5907793203125 0.10448948124999999 0.5937970640625 0.10841254843749999 0.5817231046875
0 0.9163284781250001 0.280507503125 0.90146821875 0.2756791125 0.89875225 0.2840380078125 0.9136125078124999 0.2888663984375 0.9163284781250001 0.280507503125
0 0.678574790625 0.3470112484375 0.669287128125 0.3439935046875 0.666571159375 0.3523524 0.6758588203125 0.35537014375 0.678574790625 0.3470112484375