0 0.12158203125 0.1416015625 0.09326171875 0.1416015625 0.09326171875 0.2021484375 0.12158203125 0.2021484375 0.12158203125 0.1416015625
0 0.068359375 0.05029296875 0.03125 0.05029296875 0.03125 0.07177734375 0.068359375 0.07177734375 0.068359375 0.05029296875
0 0.14794921875 0.0234375 0.10791015625 0.0234375 0.10791015625 0.0615234375 0.14794921875 0.0615234375 0.14794921875 0.0234375
0 0.181640625 0 0.181640625 0.0146484375 0.205078125 0.0146484375 0.205078125 0 0.181640625 0
0 0.27978515625 0.08544921875 0.25146484375 0.08544921875 0.25146484375 0.12841796875 0.27978515625 0.12841796875 0.27978515625 0.08544921875
0 0.4853515625 0.5107421875 0.45703125 0.5107421875 0.45703125 0.5361328125 0.4853515625 0.5361328125 0.4853515625 0.5107421875
0 0.4150390625 0.54736328125 0.3837890625 0.54736328125 0.3837890625 0.57275390625 0.4150390625 0.57275390625 0.4150390625 0.54736328125
0 0.43212890625 0.677734375 0.41845703125 0.677734375 0.41845703125 0.7109375 0.43212890625 0.7109375 0.43212890625 0.677734375
0 0.41552734375 0.63232421875 0.37841796875 0.63232421875 0.37841796875 0.69775390625 0.41552734375 0.69775390625 0.41552734375 0.63232421875
0 0.60546875 0.57080078125 0.5625 0.57080078125 0.5625 0.60107421875 0.60546875 0.60107421875 0.60546875 0.57080078125
0 0.1982421875 0.251953125 0.1748046875 0.251953125 0.1748046875 0.298828125 0.1982421875 0.298828125 0.1982421875 0.251953125
0 0.30810546875 0.02685546875 0.28662109375 0.02685546875 0.28662109375 0.08349609375 0.30810546875 0.08349609375 0.30810546875 0.02685546875
0 0.2919921875 0.14697265625 0.2265625 0.14697265625 0.2265625 0.17724609375 0.2919921875 0.17724609375 0.2919921875 0.14697265625
0 0.2802734375 0.18359375 0.2216796875 0.18359375 0.2216796875 0.2138671875 0.2802734375 0.2138671875 0.2802734375 0.18359375
0 0.408203125 0.1640625 0.3583984375 0.1640625 0.3583984375 0.20703125 0.408203125 0.20703125 0.408203125 0.1640625
0 0.43505859375 0.1572265625 0.40185546875 0.1572265625 0.40185546875 0.1904296875 0.43505859375 0.1904296875 0.43505859375 0.1572265625
0 0.57861328125 0.11865234375 0.51708984375 0.11865234375 0.51708984375 0.17041015625 0.57861328125 0.17041015625 0.57861328125 0.11865234375
0 0.44873046875 0.2119140625 0.41162109375 0.2119140625 0.41162109375 0.2490234375 0.44873046875 0.2490234375 0.44873046875 0.2119140625
0 0.4169921875 0.2236328125 0.3564453125 0.2236328125 0.3564453125 0.2568359375 0.4169921875 0.2568359375 0.4169921875 0.2236328125
0 0.33837890625 0.23681640625 0.29345703125 0.23681640625 0.29345703125 0.29736328125 0.33837890625 0.29736328125 0.33837890625 0.23681640625
0 0.24169921875 0.28369140625 0.20458984375 0.28369140625 0.20458984375 0.31689453125 0.24169921875 0.31689453125 0.24169921875 0.28369140625
0 0.2783203125 0.3173828125 0.2451171875 0.3173828125 0.2451171875 0.357421875 0.2783203125 0.357421875 0.2783203125 0.3173828125
0 0.25146484375 0.3291015625 0.22314453125 0.3291015625 0.22314453125 0.3740234375 0.25146484375 0.3740234375 0.25146484375 0.3291015625
0 0.2763671875 0.29052734375 0.248046875 0.29052734375 0.248046875 0.32373046875 0.2763671875 0.32373046875 0.2763671875 0.29052734375
0 0.41845703125 0.29345703125 0.39208984375 0.29345703125 0.39208984375 0.33056640625 0.41845703125 0.33056640625 0.41845703125 0.29345703125
0 0.4853515625 0.240234375 0.4404296875 0.240234375 0.4404296875 0.287109375 0.4853515625 0.287109375 0.4853515625 0.240234375
0 0.548828125 0.24853515625 0.50390625 0.24853515625 0.50390625 0.28857421875 0.548828125 0.28857421875 0.548828125 0.24853515625
0 0.6337890625 0.18701171875 0.59375 0.18701171875 0.59375 0.22216796875 0.6337890625 0.22216796875 0.6337890625 0.18701171875
0 0.77734375 0.13525390625 0.74609375 0.13525390625 0.74609375 0.16845703125 0.77734375 0.16845703125 0.77734375 0.13525390625
0 0.70068359375 0.1201171875 0.67919921875 0.1201171875 0.67919921875 0.13671875 0.70068359375 0.13671875 0.70068359375 0.1201171875
0 0.64892578125 0.1416015625 0.61865234375 0.1416015625 0.61865234375 0.18359375 0.64892578125 0.18359375 0.64892578125 0.1416015625
0 0.70068359375 0.14990234375 0.67919921875 0.14990234375 0.67919921875 0.18701171875 0.70068359375 0.18701171875 0.70068359375 0.14990234375
0 0.68408203125 0.12890625 0.65380859375 0.12890625 0.65380859375 0.1904296875 0.68408203125 0.1904296875 0.68408203125 0.12890625
0 0.802734375 0.23681640625 0.744140625 0.23681640625 0.744140625 0.28369140625 0.802734375 0.28369140625 0.802734375 0.23681640625
0 0.8125 0.02978515625 0.7255859375 0.02978515625 0.7255859375 0.09033203125 0.8125 0.09033203125 0.8125 0.02978515625
0 0.87939453125 0 0.87939453125 0.044921875 0.98095703125 0.044921875 0.98095703125 0 0.87939453125 0
0 0.96923828125 0.08984375 0.93603515625 0.08984375 0.93603515625 0.1201171875 0.96923828125 0.1201171875 0.96923828125 0.08984375
0 0.7275390625 0.5615234375 0.708984375 0.5615234375 0.708984375 0.57421875 0.7275390625 0.57421875 0.7275390625 0.5615234375
0 0.74951171875 0.55810546875 0.70458984375 0.55810546875 0.70458984375 0.61669921875 0.74951171875 0.61669921875 0.74951171875 0.55810546875
0 0.76220703125 0.61767578125 0.74072265625 0.61767578125 0.74072265625 0.64501953125 0.76220703125 0.64501953125 0.76220703125 0.61767578125
0 0.7666015625 0.64404296875 0.75390625 0.64404296875 0.75390625 0.65673828125 0.7666015625 0.65673828125 0.7666015625 0.64404296875
0 0.7197265625 0.63037109375 0.6875 0.63037109375 0.6875 0.67919921875 0.7197265625 0.67919921875 0.7197265625 0.63037109375
0 0.67041015625 0.68310546875 0.63720703125 0.68310546875 0.63720703125 0.72216796875 0.67041015625 0.72216796875 0.67041015625 0.68310546875
0 0.85400390625 0.669921875 0.81005859375 0.669921875 0.81005859375 0.73046875 0.85400390625 0.73046875 0.85400390625 0.669921875
0 0.88916015625 0.6689453125 0.86474609375 0.6689453125 0.86474609375 0.6865234375 0.88916015625 0.6865234375 0.88916015625 0.6689453125
0 0.9033203125 0.61962890625 0.873046875 0.61962890625 0.873046875 0.64501953125 0.9033203125 0.64501953125 0.9033203125 0.61962890625
0 0.8896484375 0.63671875 0.873046875 0.63671875 0.873046875 0.6552734375 0.8896484375 0.6552734375 0.8896484375 0.63671875
0 0.88525390625 0.65087890625 0.85302734375 0.65087890625 0.85302734375 0.67236328125 0.88525390625 0.67236328125 0.88525390625 0.65087890625
0 0.96630859375 0.66357421875 0.94287109375 0.66357421875 0.94287109375 0.69970703125 0.96630859375 0.69970703125 0.96630859375 0.66357421875
0 0.9482421875 0.7099609375 0.908203125 0.7099609375 0.908203125 0.751953125 0.9482421875 0.751953125 0.9482421875 0.7099609375
0 0.92626953125 0.51416015625 0.90771484375 0.51416015625 0.90771484375 0.54638671875 0.92626953125 0.54638671875 0.92626953125 0.51416015625
0 0.9443359375 0.47998046875 0.892578125 0.47998046875 0.892578125 0.51708984375 0.9443359375 0.51708984375 0.9443359375 0.47998046875
0 0.83349609375 0.42431640625 0.78759765625 0.42431640625 0.78759765625 0.47705078125 0.83349609375 0.47705078125 0.83349609375 0.42431640625
0 0.8486328125 0.37548828125 0.83203125 0.37548828125 0.83203125 0.39892578125 0.8486328125 0.39892578125 0.8486328125 0.37548828125
0 0.7578125 0.4169921875 0.736328125 0.4169921875 0.736328125 0.4326171875 0.7578125 0.4326171875 0.7578125 0.4169921875
0 0.65771484375 0.47802734375 0.60791015625 0.47802734375 0.60791015625 0.51416015625 0.65771484375 0.51416015625 0.65771484375 0.47802734375
0 0.68994140625 0.50048828125 0.65087890625 0.50048828125 0.65087890625 0.53369140625 0.68994140625 0.53369140625 0.68994140625 0.50048828125
0 0.68408203125 0.55419921875 0.65771484375 0.55419921875 0.65771484375 0.57861328125 0.68408203125 0.57861328125 0.68408203125 0.55419921875
0 0.6337890625 0.5732421875 0.6240234375 0.5732421875 0.6240234375 0.583984375 0.6337890625 0.583984375 0.6337890625 0.5732421875
0 0.63916015625 0.58251953125 0.63037109375 0.58251953125 0.63037109375 0.59033203125 0.63916015625 0.59033203125 0.63916015625 0.58251953125
0 0.6455078125 0.509765625 0.6083984375 0.509765625 0.6083984375 0.5419921875 0.6455078125 0.5419921875 0.6455078125 0.509765625
0 0.654296875 0.529296875 0.62109375 0.529296875 0.62109375 0.568359375 0.654296875 0.568359375 0.654296875 0.529296875
0 0.5087890625 0.60693359375 0.490234375 0.60693359375 0.490234375 0.64501953125 0.5087890625 0.64501953125 0.5087890625 0.60693359375
0 0.4873046875 0.56103515625 0.4599609375 0.56103515625 0.4599609375 0.61279296875 0.4873046875 0.61279296875 0.4873046875 0.56103515625
0 0.5400390625 0.6591796875 0.478515625 0.6591796875 0.478515625 0.71875 0.5400390625 0.71875 0.5400390625 0.6591796875
0 0.4814453125 0.8173828125 0.4296875 0.8173828125 0.4296875 0.8623046875 0.4814453125 0.8623046875 0.4814453125 0.8173828125
0 0.8515625 0.76611328125 0.7978515625 0.76611328125 0.7978515625 0.79541015625 0.8515625 0.79541015625 0.8515625 0.76611328125
0 0.587890625 0.75927734375 0.55859375 0.75927734375 0.55859375 0.79443359375 0.587890625 0.79443359375 0.587890625 0.75927734375
0 0.56103515625 0.77099609375 0.51318359375 0.77099609375 0.51318359375 0.82177734375 0.56103515625 0.82177734375 0.56103515625 0.77099609375
0 0.54541015625 0.73876953125 0.47314453125 0.73876953125 0.47314453125 0.81494140625 0.54541015625 0.81494140625 0.54541015625 0.73876953125
0 0.70166015625 0.84619140625 0.68310546875 0.84619140625 0.68310546875 0.86474609375 0.70166015625 0.86474609375 0.70166015625 0.84619140625
0 0.59228515625 0.89453125 0.57470703125 0.89453125 0.57470703125 0.9208984375 0.59228515625 0.9208984375 0.59228515625 0.89453125
0 0.6142578125 0.859375 0.548828125 0.859375 0.548828125 0.89453125 0.6142578125 0.89453125 0.6142578125 0.859375
0 0.6376953125 0.89453125 0.5849609375 0.89453125 0.5849609375 0.970703125 0.6376953125 0.970703125 0.6376953125 0.89453125
0 0.6240234375 0.88232421875 0.6083984375 0.88232421875 0.6083984375 0.89599609375 0.6240234375 0.89599609375 0.6240234375 0.88232421875
0 0.55859375 0.97314453125 0.546875 0.97314453125 0.546875 0.98974609375 0.55859375 0.98974609375 0.55859375 0.97314453125
0 0.5087890625 0.9775390625 0.490234375 0.9775390625 0.490234375 0.9931640625 0.5087890625 0.9931640625 0.5087890625 0.9775390625
0 0.46728515625 0.92919921875 0.42138671875 0.92919921875 0.42138671875 0.99853515625 0.46728515625 0.99853515625 0.46728515625 0.92919921875
0 0.4814453125 0.888671875 0.4541015625 0.888671875 0.4541015625 0.9208984375 0.4814453125 0.9208984375 0.4814453125 0.888671875
0 0.5654296875 0.9111328125 0.5263671875 0.9111328125 0.5263671875 0.958984375 0.5654296875 0.958984375 0.5654296875 0.9111328125
0 0.501953125 0.91650390625 0.47265625 0.91650390625 0.47265625 0.94189453125 0.501953125 0.94189453125 0.501953125 0.91650390625
0 0.5390625 0.88525390625 0.4892578125 0.88525390625 0.4892578125 0.92822265625 0.5390625 0.92822265625 0.5390625 0.88525390625
0 0.599609375 0.95654296875 0.5693359375 0.95654296875 0.5693359375 0.98095703125 0.599609375 0.98095703125 0.599609375 0.95654296875
0 0.6826171875 0.9521484375 0.6259765625 0.9521484375 0.6259765625 0.9921875 0.6826171875 0.9921875 0.6826171875 0.9521484375
0 0.6103515625 0.98828125 0.5908203125 0.98828125 0.5908203125 0.998046875 0.6103515625 0.998046875 0.6103515625 0.98828125
0 0.74853515625 1 0.74853515625 0.98046875 0.70751953125 0.98046875 0.70751953125 1 0.74853515625 1
0 0.68701171875 0.87060546875 0.63916015625 0.87060546875 0.63916015625 0.92529296875 0.68701171875 0.92529296875 0.68701171875 0.87060546875
0 0.6826171875 0.8291015625 0.6025390625 0.8291015625 0.6025390625 0.8818359375 0.6826171875 0.8818359375 0.6826171875 0.8291015625
0 0.68798828125 0.80078125 0.62548828125 0.80078125 0.62548828125 0.8359375 0.68798828125 0.8359375 0.68798828125 0.80078125
0 0.6806640625 0.771484375 0.6279296875 0.771484375 0.6279296875 0.798828125 0.6806640625 0.798828125 0.6806640625 0.771484375
0 0.93359375 0.87060546875 0.90625 0.87060546875 0.90625 0.89501953125 0.93359375 0.89501953125 0.93359375 0.87060546875
0 0.84716796875 0.82275390625 0.83056640625 0.82275390625 0.83056640625 0.85888671875 0.84716796875 0.85888671875 0.84716796875 0.82275390625
0 0.73046875 0.86328125 0.6845703125 0.86328125 0.6845703125 0.9296875 0.73046875 0.9296875 0.73046875 0.86328125
0 0.75537109375 0.826171875 0.70263671875 0.826171875 0.70263671875 0.8798828125 0.75537109375 0.8798828125 0.75537109375 0.826171875
0 0.8251953125 0.7890625 0.7216796875 0.7890625 0.7216796875 0.8662109375 0.8251953125 0.8662109375 0.8251953125 0.7890625
0 0.87548828125 0.87841796875 0.79736328125 0.87841796875 0.79736328125 0.93603515625 0.87548828125 0.93603515625 0.87548828125 0.87841796875
0 0.93994140625 0.91259765625 0.91748046875 0.91259765625 0.91748046875 0.94189453125 0.93994140625 0.94189453125 0.93994140625 0.91259765625
0 0.580078125 0.46728515625 0.5419921875 0.46728515625 0.5419921875 0.49755859375 0.580078125 0.49755859375 0.580078125 0.46728515625
0 0.54150390625 0.47998046875 0.50537109375 0.47998046875 0.50537109375 0.50537109375 0.54150390625 0.50537109375 0.54150390625 0.47998046875
0 0.509765625 0.43115234375 0.4853515625 0.43115234375 0.4853515625 0.44970703125 0.509765625 0.44970703125 0.509765625 0.43115234375
0 0.546875 0.4345703125 0.5302734375 0.4345703125 0.5302734375 0.44140625 0.546875 0.44140625 0.546875 0.4345703125
0 0.54541015625 0.443359375 0.49267578125 0.443359375 0.49267578125 0.478515625 0.54541015625 0.478515625 0.54541015625 0.443359375
0 0.77978515625 0.30078125 0.73779296875 0.30078125 0.73779296875 0.34375 0.77978515625 0.34375 0.77978515625 0.30078125
0 0.728515625 0.27490234375 0.6337890625 0.27490234375 0.6337890625 0.32861328125 0.728515625 0.32861328125 0.728515625 0.27490234375
0 0.54150390625 0.32861328125 0.47998046875 0.32861328125 0.47998046875 0.37744140625 0.54150390625 0.37744140625 0.54150390625 0.32861328125
0 0.66748046875 0.4033203125 0.58447265625 0.4033203125 0.58447265625 0.453125 0.66748046875 0.453125 0.66748046875 0.4033203125
0 0.68798828125 0.36865234375 0.62353515625 0.36865234375 0.62353515625 0.41259765625 0.68798828125 0.41259765625 0.68798828125 0.36865234375
0 0.6904296875 0.337890625 0.638671875 0.337890625 0.638671875 0.3818359375 0.6904296875 0.3818359375 0.6904296875 0.337890625
0 0.7080078125 0.33349609375 0.6787109375 0.33349609375 0.6787109375 0.35595703125 0.7080078125 0.35595703125 0.7080078125 0.33349609375
0 0.888671875 0.392578125 0.8623046875 0.392578125 0.8623046875 0.419921875 0.888671875 0.419921875 0.888671875 0.392578125
0 0.91015625 0.33837890625 0.8466796875 0.33837890625 0.8466796875 0.39501953125 0.91015625 0.39501953125 0.91015625 0.33837890625
0 0.9306640625 0.24365234375 0.9052734375 0.24365234375 0.9052734375 0.27587890625 0.9306640625 0.27587890625 0.9306640625 0.24365234375
0 0.97119140625 0.24658203125 0.92919921875 0.24658203125 0.92919921875 0.34423828125 0.97119140625 0.34423828125 0.97119140625 0.24658203125
0 0.97265625 0.2216796875 0.9609375 0.2216796875 0.9609375 0.2333984375 0.97265625 0.2333984375 0.97265625 0.2216796875
0 0.89892578125 0.1689453125 0.88330078125 0.1689453125 0.88330078125 0.1845703125 0.89892578125 0.1845703125 0.89892578125 0.1689453125
0 0.94384765625 0.15966796875 0.91845703125 0.15966796875 0.91845703125 0.19580078125 0.94384765625 0.19580078125 0.94384765625 0.15966796875
0 0.9287109375 0.14404296875 0.9033203125 0.14404296875 0.9033203125 0.16845703125 0.9287109375 0.16845703125 0.9287109375 0.14404296875
0 1 0.15869140625 0.9736328125 0.15869140625 0.9736328125 0.18603515625 1 0.18603515625 1 0.15869140625
0 0.9638671875 0.1162109375 0.9091796875 0.1162109375 0.9091796875 0.1591796875 0.9638671875 0.1591796875 0.9638671875 0.1162109375
0 0.6689453125 0.03369140625 0.654296875 0.03369140625 0.654296875 0.05224609375 0.6689453125 0.05224609375 0.6689453125 0.03369140625
0 0.64990234375 0.078125 0.62841796875 0.078125 0.62841796875 0.109375 0.64990234375 0.109375 0.64990234375 0.078125
0 0.68896484375 0.0419921875 0.66357421875 0.0419921875 0.66357421875 0.0654296875 0.68896484375 0.0654296875 0.68896484375 0.0419921875
0 0.6923828125 0.05126953125 0.6640625 0.05126953125 0.6640625 0.10400390625 0.6923828125 0.10400390625 0.6923828125 0.05126953125
0 0.14453125 0.109375 0.12890625 0.109375 0.12890625 0.1318359375 0.14453125 0.1318359375 0.14453125 0.109375
0 0.341796875 0.06005859375 0.3173828125 0.06005859375 0.3173828125 0.07470703125 0.341796875 0.07470703125 0.341796875 0.06005859375
0 0.0869140625 0.3955078125 0.037109375 0.3955078125 0.037109375 0.44140625 0.0869140625 0.44140625 0.0869140625 0.3955078125
0 0.28125 0.431640625 0.236328125 0.431640625 0.236328125 0.4658203125 0.28125 0.4658203125 0.28125 0.431640625
0 0 0.353515625 0.0234375 0.353515625 0.0234375 0.3232421875 0 0.3232421875 0 0.353515625
0 0.05908203125 0.2822265625 0.01708984375 0.2822265625 0.01708984375 0.318359375 0.05908203125 0.318359375 0.05908203125 0.2822265625
0 0.08837890625 0.2919921875 0.06396484375 0.2919921875 0.06396484375 0.31640625 0.08837890625 0.31640625 0.08837890625 0.2919921875
0 0.08154296875 0.2626953125 0.06396484375 0.2626953125 0.06396484375 0.29296875 0.08154296875 0.29296875 0.08154296875 0.2626953125
0 0 0.31396484375 0.0625 0.31396484375 0.0625 0.22998046875 0 0.22998046875 0 0.31396484375
0 0 0.25927734375 0.0166015625 0.25927734375 0.0166015625 0.21533203125 0 0.21533203125 0 0.25927734375
0 0.23486328125 0.51171875 0.21435546875 0.51171875 0.21435546875 0.53515625 0.23486328125 0.53515625 0.23486328125 0.51171875
0 0.31005859375 0.6201171875 0.27197265625 0.6201171875 0.27197265625 0.646484375 0.31005859375 0.646484375 0.31005859375 0.6201171875
0 0.1220703125 0.5771484375 0.076171875 0.5771484375 0.076171875 0.6435546875 0.1220703125 0.6435546875 0.1220703125 0.5771484375
0 0.0458984375 0.552734375 0.0166015625 0.552734375 0.0166015625 0.5849609375 0.0458984375 0.5849609375 0.0458984375 0.552734375
0 0.044921875 0.53271484375 0.013671875 0.53271484375 0.013671875 0.56884765625 0.044921875 0.56884765625 0.044921875 0.53271484375
0 0.0205078125 0.50537109375 0.0087890625 0.50537109375 0.0087890625 0.52099609375 0.0205078125 0.52099609375 0.0205078125 0.50537109375
0 0 0.5224609375 0.0107421875 0.5224609375 0.0107421875 0.4931640625 0 0.4931640625 0 0.5224609375
0 0.17724609375 0.53955078125 0.15087890625 0.53955078125 0.15087890625 0.58154296875 0.17724609375 0.58154296875 0.17724609375 0.53955078125
0 0.3095703125 0.484375 0.2734375 0.484375 0.2734375 0.5234375 0.3095703125 0.5234375 0.3095703125 0.484375
0 0.36279296875 0.47509765625 0.31298828125 0.47509765625 0.31298828125 0.51513671875 0.36279296875 0.51513671875 0.36279296875 0.47509765625
0 0.38427734375 0.5029296875 0.34033203125 0.5029296875 0.34033203125 0.53515625 0.38427734375 0.53515625 0.38427734375 0.5029296875
0 0.36279296875 0.52734375 0.30517578125 0.52734375 0.30517578125 0.5751953125 0.36279296875 0.5751953125 0.36279296875 0.52734375
0 0.34130859375 0.572265625 0.30517578125 0.572265625 0.30517578125 0.6025390625 0.34130859375 0.6025390625 0.34130859375 0.572265625
0 0.21630859375 0.73388671875 0.19287109375 0.73388671875 0.19287109375 0.75244140625 0.21630859375 0.75244140625 0.21630859375 0.73388671875
0 0.34716796875 0.7001953125 0.32958984375 0.7001953125 0.32958984375 0.7158203125 0.34716796875 0.7158203125 0.34716796875 0.7001953125
0 0.34814453125 0.734375 0.25537109375 0.734375 0.25537109375 0.802734375 0.34814453125 0.802734375 0.34814453125 0.734375
0 0.2568359375 0.783203125 0.20703125 0.783203125 0.20703125 0.826171875 0.2568359375 0.826171875 0.2568359375 0.783203125
0 0.19921875 0.80908203125 0.1904296875 0.80908203125 0.1904296875 0.82373046875 0.19921875 0.82373046875 0.19921875 0.80908203125
0 0.13525390625 0.7646484375 0.10595703125 0.7646484375 0.10595703125 0.8046875 0.13525390625 0.8046875 0.13525390625 0.7646484375
0 0.06494140625 0.689453125 0.01123046875 0.689453125 0.01123046875 0.7490234375 0.06494140625 0.7490234375 0.06494140625 0.689453125
0 0.03466796875 0.72265625 0.02099609375 0.72265625 0.02099609375 0.736328125 0.03466796875 0.736328125 0.03466796875 0.72265625
0 0.13232421875 0.8798828125 0.10498046875 0.8798828125 0.10498046875 0.9033203125 0.13232421875 0.9033203125 0.13232421875 0.8798828125
0 0.025390625 0.8466796875 0.0029296875 0.8466796875 0.0029296875 0.8681640625 0.025390625 0.8681640625 0.025390625 0.8466796875
0 0 0.88525390625 0.0107421875 0.88525390625 0.0107421875 0.86865234375 0 0.86865234375 0 0.88525390625
0 0.06787109375 0.89208984375 0.02490234375 0.89208984375 0.02490234375 0.93017578125 0.06787109375 0.93017578125 0.06787109375 0.89208984375
0 0 0.97705078125 0.0234375 0.97705078125 0.0234375 0.93017578125 0 0.93017578125 0 0.97705078125
0 0 0.9443359375 0.07421875 0.9443359375 0.07421875 0.869140625 0 0.869140625 0 0.9443359375
0 0.12548828125 0.953125 0.09912109375 0.953125 0.09912109375 0.9931640625 0.12548828125 0.9931640625 0.12548828125 0.953125
0 0.05908203125 0.93701171875 0.03369140625 0.93701171875 0.03369140625 0.97509765625 0.05908203125 0.97509765625 0.05908203125 0.93701171875
0 0.10888671875 1 0.10888671875 0.9609375 0.04541015625 0.9609375 0.04541015625 1 0.10888671875 1
0 0.3662109375 1 0.3662109375 0.96484375 0.3212890625 0.96484375 0.3212890625 1 0.3662109375 1
0 0.23388671875 0.87109375 0.18798828125 0.87109375 0.18798828125 0.9287109375 0.23388671875 0.9287109375 0.23388671875 0.87109375
0 0.994140625 0.75048828125 0.9638671875 0.75048828125 0.9638671875 0.77001953125 0.994140625 0.77001953125 0.994140625 0.75048828125
0 0.9931640625 0.89453125 0.955078125 0.89453125 0.955078125 0.9287109375 0.9931640625 0.9287109375 0.9931640625 0.89453125
0 0.9970703125 0.931640625 0.9580078125 0.931640625 0.9580078125 0.9619140625 0.9970703125 0.9619140625 0.9970703125 0.931640625