0 0.66796875 0.7451171875 0.66796875 0.828125 0.748046875 0.828125 0.748046875 0.7451171875 0.66796875 0.7451171875
0 0.68994140625 1 0.68994140625 0.9619140625 0.56591796875 0.9619140625 0.56591796875 1 0.68994140625 1
0 0.2724609375 0.28271484375 0.2724609375 0.37255859375 0.3740234375 0.37255859375 0.3740234375 0.28271484375 0.2724609375 0.28271484375
0 0.2138671875 0.80810546875 0.2138671875 0.90869140625 0.3154296875 0.90869140625 0.3154296875 0.80810546875 0.2138671875 0.80810546875
0 0.08154296875 0.7197265625 0.08154296875 0.8017578125 0.14208984375 0.8017578125 0.14208984375 0.7197265625 0.08154296875 0.7197265625
0 0 0.4345703125 0.056640625 0.4345703125 0.056640625 0.3544921875 0 0.3544921875 0 0.4345703125
0 0 0.162109375 0.0400390625 0.162109375 0.0400390625 0.0673828125 0 0.0673828125 0 0.162109375
0 0.03857421875 0.083984375 0.03857421875 0.212890625 0.17041015625 0.212890625 0.17041015625 0.083984375 0.03857421875 0.083984375
0 0.1337890625 0.05859375 0.1337890625 0.1640625 0.251953125 0.1640625 0.251953125 0.05859375 0.1337890625 0.05859375
0 0.171875 0.09423828125 0.171875 0.13720703125 0.216796875 0.13720703125 0.216796875 0.09423828125 0.171875 0.09423828125
0 0.2353515625 0 0.2353515625 0.0791015625 0.34375 0.0791015625 0.34375 0 0.2353515625 0
0 0.4189453125 0.01025390625 0.4189453125 0.12548828125 0.529296875 0.12548828125 0.529296875 0.01025390625 0.4189453125 0.01025390625
0 0.30224609375 0.12744140625 0.30224609375 0.25927734375 0.43701171875 0.25927734375 0.43701171875 0.12744140625 0.30224609375 0.12744140625
0 0.34423828125 0.1708984375 0.34423828125 0.2138671875 0.37548828125 0.2138671875 0.37548828125 0.1708984375 0.34423828125 0.1708984375
0 0.27880859375 0.18408203125 0.27880859375 0.25439453125 0.32373046875 0.25439453125 0.32373046875 0.18408203125 0.27880859375 0.18408203125
0 0.6728515625 0.119140625 0.6728515625 0.2041015625 0.8193359375 0.2041015625 0.8193359375 0.119140625 0.6728515625 0.119140625
0 0.71484375 0.00048828125 0.71484375 0.10107421875 0.8447265625 0.10107421875 0.8447265625 0.00048828125 0.71484375 0.00048828125
0 0.66259765625 0.02587890625 0.66259765625 0.08056640625 0.69775390625 0.08056640625 0.69775390625 0.02587890625 0.66259765625 0.02587890625
0 0.27587890625 0.552734375 0.27587890625 0.7216796875 0.50244140625 0.7216796875 0.50244140625 0.552734375 0.27587890625 0.552734375
0 0.4208984375 0.5849609375 0.4208984375 0.6513671875 0.49609375 0.6513671875 0.49609375 0.5849609375 0.4208984375 0.5849609375