0 0 0.6041843874999999 0.001967740625 0.6051870015625 0.005071190625 0.5990961359375 0.0007205734375 0.5968793859375 0 0.598293590625 0 0.6041843874999999
0 0 0.57678384375 0.0134865546875 0.5836555875 0.027230407812500003 0.5566817562499999 0.006347442187500001 0.5460413546875 0 0.5584989109375 0 0.57678384375
0 0.0471543375 0.4347628890625 0.0546912890625 0.41997078906249996 0.036418693749999995 0.4106604359375 0.028881742187499997 0.4254525375 0.0471543375 0.4347628890625
0 0.0740059515625 0.4358402203125 0.0828729546875 0.41843775 0.0672107296875 0.4104574484375 0.05834372812500001 0.42785991875 0.0740059515625 0.4358402203125
0 0.13806778125000002 0.4542330703125 0.149151534375 0.43247998125000003 0.12913869218750001 0.42228292968750003 0.118054940625 0.44403601875 0.13806778125000002 0.4542330703125
0 0.144218625 0.535732634375 0.1561890765625 0.5122392984374999 0.1448774703125 0.506475746875 0.13290701875 0.5299690828125 0.144218625 0.535732634375
0 0.1040520390625 0.53389910625 0.11912594218749999 0.5043149062500001 0.097372853125 0.493231153125 0.08229895000000001 0.5228153546875001 0.1040520390625 0.53389910625
0 0.13919258437499998 0.56495636875 0.15071968593750001 0.54233315625 0.1115641265625 0.5223824015625 0.10003702343750001 0.5450056140624999 0.13919258437499998 0.56495636875
0 0 0.4934861953125 0.0175969609375 0.50245229375 0.0344442640625 0.46938759843750005 0.0048600640625 0.4543136953125 0 0.46385210781249997 0 0.4934861953125
0 0.0902130953125 0.400805315625 0.09242984531250001 0.396454696875 0.08807922812499999 0.394237946875 0.085862478125 0.3985885640625 0.0902130953125 0.400805315625
0 0.07984831718749999 0.356615425 0.09270547031250001 0.3313818421875 0.0666017640625 0.3180813390625 0.053744610937500006 0.34331492343750003 0.07984831718749999 0.356615425
0 0.1278681703125 0.8485360249999999 0.145158825 0.8146012062500001 0.11383437656249999 0.798640603125 0.096543721875 0.8325754218749999 0.1278681703125 0.8485360249999999
0 0.2470151203125 0.830878875 0.254995421875 0.8152166515625 0.22889171562500002 0.8019161484374999 0.2209114140625 0.817578371875 0.2470151203125 0.830878875
0 0.220151596875 0.42865152812499996 0.2254717984375 0.4182100453125 0.21938093281249998 0.41510659531250005 0.21406073281250002 0.425548078125 0.220151596875 0.42865152812499996
0 0.329215271875 0.55984774375 0.342072425 0.5346141609374999 0.31857908749999997 0.5226437078124999 0.30572193593749997 0.5478772921874999 0.329215271875 0.55984774375
0 0.3232051796875 0.5748698078125 0.32542193125 0.570519190625 0.319331065625 0.5674157390625 0.317114315625 0.5717663578125001 0.3232051796875 0.5748698078125
0 0.2586813140625 0.5885741796875 0.26444486562499997 0.5772625734375 0.25052288906250003 0.570168971875 0.24475933749999998 0.581480578125 0.2586813140625 0.5885741796875
0 0.2386083453125 0.61506321875 0.24392854531250002 0.6046217359375 0.2291364453125 0.597084784375 0.22381624375000003 0.607526265625 0.2386083453125 0.61506321875
0 0.22376862343749998 0.5850335578125 0.2370691265625 0.55892985 0.217056284375 0.5487327984375 0.20375578125 0.5748365046874999 0.22376862343749998 0.5850335578125
0 0.18753628125 0.55396800625 0.19152643125 0.5461368953125 0.1871758140625 0.5439201437500001 0.18318566249999998 0.55175125625 0.18753628125 0.55396800625
0 0.16155885781249998 0.610329228125 0.167322409375 0.5990176218750001 0.1516601859375 0.5910373203125 0.145896634375 0.6023489265624999 0.16155885781249998 0.610329228125
0 0.21333738906250002 0.6646602609375 0.221317690625 0.6489980375 0.19347373750000002 0.634810834375 0.18549343437500002 0.6504730578125 0.21333738906250002 0.6646602609375
0 0.20275289531250001 0.7069441359375 0.206299696875 0.6999831484375 0.20107895468749998 0.697323046875 0.19753215468750002 0.7042840359375 0.20275289531250001 0.7069441359375
0 0.40226631875 0.5735046453125 0.41113332031249994 0.5561021734375 0.4015619609375 0.5512253234375 0.392694959375 0.5686277937499999 0.40226631875 0.5735046453125
0 0.33076880625 0.75792321875 0.33254220624999997 0.754442725 0.3247110953125 0.7504525734375 0.3229376953125 0.75393306875 0.33076880625 0.75792321875
0 0.3726320875 0.795145940625 0.37440548749999997 0.791665446875 0.36918474687499997 0.789005346875 0.367411346875 0.792485840625 0.3726320875 0.795145940625
0 0.3828931875 0.9105244156250001 0.3868833375 0.902693303125 0.378182103125 0.8982598015625 0.37419195156249996 0.9060909140625 0.3828931875 0.9105244156250001
0 0.3666777546875 0.94665111875 0.37111125624999997 0.9379498843749999 0.36763076250000004 0.9361764828125001 0.3631972609375 0.9448777187499999 0.3666777546875 0.94665111875
0 0.5467747953125001 0.9545694828125001 0.5596319484375 0.9293359000000001 0.5239568828125 0.9111585468750001 0.5110997296875001 0.9363921296875001 0.5467747953125001 0.9545694828125001
0 0.539227446875 0.9994968828124999 0.544104296875 0.9899255234375 0.532792690625 0.984161971875 0.527915840625 0.99373333125 0.539227446875 0.9994968828124999
0 0.594868203125 1 0.6106481031250001 0.9690302015625001 0.59411575625 0.9606065484374999 0.5772684515625001 0.99367124375 0.589689334375 1 0.594868203125 1
0 0.658790921875 0.898206303125 0.6725347734375 0.8712324718750001 0.6412103265625 0.85527186875 0.6274664734375001 0.8822456984375 0.658790921875 0.898206303125
0 0.691687740625 0.9659330781250001 0.695234540625 0.9589720906249999 0.683922934375 0.9532085390624999 0.680376134375 0.960169528125 0.691687740625 0.9659330781250001
0 0.8019676875 0.9656784 0.809947990625 0.9500161765625 0.7968961359375 0.9433659249999999 0.788915834375 0.9590281484375 0.8019676875 0.9656784
0 0.8597088390625001 0.86741245625 0.8710204453125 0.8731760078124999 0.8798874484375 0.8557735359375 0.8685758421875001 0.8500099859375 0.8597088390625001 0.86741245625
0 1 0.29169355 0.9996897734375001 0.29153548125 0.991709471875 0.30719770468749996 1 0.311421940625 1 0.29169355
0 0.9747171968749999 0.301827775 0.9884610500000001 0.27485394375 0.9632274671875001 0.261996790625 0.9494836140625 0.288970621875 0.9747171968749999 0.301827775
0 0.91967351875 0.33241878125 0.9369641734374999 0.29848396250000003 0.9239123203125 0.2918337109375 0.9066216656250001 0.32576852968750003 0.91967351875 0.33241878125
0 0.9636745875000001 0.548286278125 0.9703248390624999 0.535234425 0.958143109375 0.5290275234374999 0.9514928578124999 0.5420793765624999 0.9636745875000001 0.548286278125
0 0.9451429453125 0.6018651828125 0.955339996875 0.5818523421874999 0.932716784375 0.5703252390625 0.9225197328125001 0.59033808125 0.9451429453125 0.6018651828125
0 0.8591043921875 0.48678493906250003 0.8750649953125 0.455460490625 0.8420002999999999 0.4386131875 0.8260396968749999 0.4699376359375 0.8591043921875 0.48678493906250003
0 0.89473575625 0.654546990625 0.907592909375 0.6293134078125 0.8823593265625 0.6164562546875 0.8695021734375 0.6416898375 0.89473575625 0.654546990625
0 0.8961673765624999 0.6097915359375 0.9156747796875001 0.5715061 0.8652076140625 0.5457917937500001 0.8457002093750001 0.58407723125 0.8961673765624999 0.6097915359375
0 0.7723569625 0.6376767812499999 0.7763471125 0.6298456703124999 0.7667757546875 0.62496881875 0.762785603125 0.63279993125 0.7723569625 0.6376767812499999
0 0.779160471875 0.6619677562499999 0.7844806734375 0.6515262734375 0.759247090625 0.6386691203125 0.7539268890625 0.649110603125 0.779160471875 0.6619677562499999
0 0.7434334171875 0.7944668984375001 0.7726945234375 0.73703874375 0.7283182218750001 0.7144278890625 0.699057115625 0.7718560437499999 0.7434334171875 0.7944668984375001
0 0.6910747046875 0.81656176875 0.6928481046875 0.8130812734375 0.6902377343749999 0.8117512234375001 0.688464334375 0.8152317171875 0.6910747046875 0.81656176875
0 0.642716540625 0.8006902265625 0.65424364375 0.7780670140625 0.63162043125 0.7665399109375 0.6200933281250001 0.7891631234375 0.642716540625 0.8006902265625
0 0.613206934375 0.7757901359375 0.614980334375 0.7723096421875 0.6106297171875 0.770092890625 0.6088563171875 0.7735733859375 0.613206934375 0.7757901359375
0 0.8231892640625 0.2701053375 0.8285094656249999 0.2596638546875 0.8145874890625 0.252570253125 0.8092672875 0.2630117359375 0.8231892640625 0.2701053375
0 0.7889911781250001 0.3737909421875 0.8009616312500001 0.35029760625 0.7661566890625 0.33256360156250003 0.7541862359375 0.3560569375 0.7889911781250001 0.3737909421875
0 0.719787271875 0.39990700625 0.736634575 0.36684231093749997 0.7148814859375 0.355758559375 0.6980341828125 0.3888232546875 0.719787271875 0.39990700625
0 0.72070320625 0.22172215781250001 0.7269101078125 0.209540428125 0.710377759375 0.20111677656250002 0.7041708578125 0.21329850625 0.72070320625 0.22172215781250001
0 0.591158175 0.3146388171875 0.5951483265624999 0.3068077046875 0.5829665953125 0.300600803125 0.5789764453124999 0.308431915625 0.591158175 0.3146388171875
0 0.7046261171875 0.6135783984375001 0.7099463171875 0.603136915625 0.7047255765625 0.600476815625 0.699405375 0.6109182984375 0.7046261171875 0.6135783984375001
0 0.64097644375 0.684721321875 0.6653606984375 0.6368645265625 0.6279453859374999 0.617800471875 0.6035611296875001 0.66565726875 0.64097644375 0.684721321875
0 0.5904429703125 0.66774140625 0.596206521875 0.6564298 0.5840247921875 0.6502228984375 0.5782612406250001 0.6615345046875001 0.5904429703125 0.66774140625
0 0.58692299375 0.7574657015625 0.600666846875 0.730491871875 0.5771735109375 0.71852141875 0.5634296578125 0.7454952484375 0.58692299375 0.7574657015625
0 0.5716482109375 0.727214365625 0.588052165625 0.69501979375 0.55585759375 0.678615840625 0.539453640625 0.7108104125 0.5716482109375 0.727214365625
0 0.5546829125 0.6895255390624999 0.5648799640625 0.669512696875 0.5448671218750001 0.6593156437500001 0.5346700703125 0.6793284859375001 0.5546829125 0.6895255390624999
0 0.5637073921875 0.65137889375 0.5654807921875 0.6478984 0.561130175 0.6456816484375001 0.5593567734375 0.64916214375 0.5637073921875 0.65137889375
0 0.575037684375 0.6259153468750001 0.5839046859375 0.6085128765625 0.569982709375 0.601419275 0.5611157078125 0.6188217453125 0.575037684375 0.6259153468750001
0 0.5881413765625 0.5969713062500001 0.5978950796875 0.5778285875 0.5778822375 0.5676315359374999 0.568128534375 0.5867742546875 0.5881413765625 0.5969713062500001
0 0.54315385 0.6261100468749999 0.54581395 0.6208893062499999 0.5388529609375 0.61734250625 0.5361928609375 0.622563246875 0.54315385 0.6261100468749999
0 0.7143493750000001 0.1094305578125 0.7205562750000001 0.09724882812499999 0.7014135578125 0.0874951265625 0.69520665625 0.09967685625 0.7143493750000001 0.1094305578125
0 0.5681990609375001 0.5199528640625 0.5837163140625 0.4894985390625 0.5689242140624999 0.4819615875 0.5534069609375 0.5124159125000001 0.5681990609375001 0.5199528640625
0 0.61737776875 0.42773634375 0.634668421875 0.393801525 0.6103049625 0.38138772187500003 0.593014309375 0.41532254062499996 0.61737776875 0.42773634375
0 0.5551762921875001 0.451940215625 0.5746836953125001 0.413654778125 0.55293060625 0.40257102656250005 0.533423203125 0.44085646250000005 0.5551762921875001 0.451940215625
0 0.537450725 0.3705711546875 0.551194578125 0.343597325 0.5224805015625 0.328966771875 0.5087366484375 0.3559406015625 0.537450725 0.3705711546875
0 0.43683526875 0.44973160312499993 0.451465821875 0.42101752656249997 0.4201413734375 0.405056921875 0.4055108203125 0.433771 0.43683526875 0.44973160312499993
0 0.41604347500000005 0.427081415625 0.435107528125 0.389666103125 0.41857518125000004 0.38124245156250003 0.3995111265625 0.4186577640625 0.41604347500000005 0.427081415625
0 0.383973228125 0.394300484375 0.3915101796875 0.3795083828125 0.3758479546875 0.37152808125000003 0.368311003125 0.38632018125 0.383973228125 0.394300484375
0 0.4681081765625 0.271122090625 0.48318207968750004 0.241537890625 0.4631692375 0.23134083749999998 0.44809533437500004 0.26092503906250003 0.4681081765625 0.271122090625
0 0.4228285984375 0.25243508124999997 0.4325823 0.2332923625 0.4099590875 0.221765259375 0.4002053859375 0.240907978125 0.4228285984375 0.25243508124999997
0 0.430558140625 0.298570315625 0.4389817921875 0.2820379671875 0.4241896921875 0.274501015625 0.415766040625 0.2910333640625 0.430558140625 0.298570315625
0 0.5404301515625 0.1506928609375 0.5470804031250001 0.1376410078125 0.5383791671875 0.1332075078125 0.531728915625 0.1462593609375 0.5404301515625 0.1506928609375
0 0.4271627890625 0.141753225 0.44622684375 0.1043379109375 0.399240171875 0.08039700625 0.3801761171875 0.11781231875 0.4271627890625 0.141753225
0 0.341826334375 0.1930780078125 0.3537967859375 0.1695846703125 0.3163814734375 0.1505206171875 0.3044110203125 0.174013953125 0.341826334375 0.1930780078125
0 0.30524588124999996 0.20786799843749998 0.3123394828125 0.193946021875 0.296677259375 0.18596571875 0.2895836578125 0.19988769687500002 0.30524588124999996 0.20786799843749998
0 0.23058087187499998 0.262986121875 0.24077792343749999 0.24297327968750002 0.2077132296875 0.22612597656250003 0.1975161765625 0.2461388171875 0.23058087187499998 0.262986121875
0 0.1816777890625 0.2901297875 0.1874413390625 0.27881818125 0.1743894859375 0.27216792968750003 0.168625934375 0.2834795359375 0.1816777890625 0.2901297875
0 0.14890529375 0.20602603125000002 0.1528954453125 0.1981949203125 0.14593445625 0.19464811875000002 0.1419443046875 0.20247923124999997 0.14890529375 0.20602603125000002
0 0.1412729515625 0.29091491875000003 0.1550168046875 0.2639410875 0.1289130984375 0.25064058437500003 0.11516924531249999 0.277614415625 0.1412729515625 0.29091491875000003