0 0.42822265625 0.29931640625 0.37939453125 0.29931640625 0.37939453125 0.34619140625 0.42822265625 0.34619140625 0.42822265625 0.29931640625
0 0.60986328125 0.2216796875 0.58740234375 0.2216796875 0.58740234375 0.2451171875 0.60986328125 0.2451171875 0.60986328125 0.2216796875
0 0.5927734375 0.47509765625 0.5693359375 0.47509765625 0.5693359375 0.49169921875 0.5927734375 0.49169921875 0.5927734375 0.47509765625
0 0.6181640625 0.48974609375 0.568359375 0.48974609375 0.568359375 0.54443359375 0.6181640625 0.54443359375 0.6181640625 0.48974609375
0 0.765625 0.44775390625 0.728515625 0.44775390625 0.728515625 0.48291015625 0.765625 0.48291015625 0.765625 0.44775390625
0 0.13671875 0.30419921875 0.08203125 0.30419921875 0.08203125 0.34619140625 0.13671875 0.34619140625 0.13671875 0.30419921875
0 0.0654296875 0.296875 0.0205078125 0.296875 0.0205078125 0.333984375 0.0654296875 0.333984375 0.0654296875 0.296875
0 0.21240234375 0.1689453125 0.15966796875 0.1689453125 0.15966796875 0.2470703125 0.21240234375 0.2470703125 0.21240234375 0.1689453125
0 0.34912109375 0.25390625 0.27783203125 0.25390625 0.27783203125 0.3115234375 0.34912109375 0.3115234375 0.34912109375 0.25390625
0 0.47509765625 0.10888671875 0.39013671875 0.10888671875 0.39013671875 0.19482421875 0.47509765625 0.19482421875 0.47509765625 0.10888671875
0 0.4501953125 0.72900390625 0.3837890625 0.72900390625 0.3837890625 0.79833984375 0.4501953125 0.79833984375 0.4501953125 0.72900390625
0 0.6484375 0.83837890625 0.60546875 0.83837890625 0.60546875 0.87353515625 0.6484375 0.87353515625 0.6484375 0.83837890625
0 0.73046875 0.8427734375 0.7041015625 0.8427734375 0.7041015625 0.8701171875 0.73046875 0.8701171875 0.73046875 0.8427734375
0 0.5849609375 0.96533203125 0.5439453125 0.96533203125 0.5439453125 0.99755859375 0.5849609375 0.99755859375 0.5849609375 0.96533203125
0 0.64990234375 0.87255859375 0.58837890625 0.87255859375 0.58837890625 0.93310546875 0.64990234375 0.93310546875 0.64990234375 0.87255859375
0 0.8359375 0.80810546875 0.775390625 0.80810546875 0.775390625 0.86962890625 0.8359375 0.86962890625 0.8359375 0.80810546875
0 0.90869140625 0.93408203125 0.89013671875 0.93408203125 0.89013671875 0.95947265625 0.90869140625 0.95947265625 0.90869140625 0.93408203125
0 0.85791015625 0.89501953125 0.80517578125 0.89501953125 0.80517578125 0.94287109375 0.85791015625 0.94287109375 0.85791015625 0.89501953125
0 0.8427734375 0.6181640625 0.802734375 0.6181640625 0.802734375 0.6689453125 0.8427734375 0.6689453125 0.8427734375 0.6181640625
0 0.9072265625 0.6376953125 0.875 0.6376953125 0.875 0.68359375 0.9072265625 0.68359375 0.9072265625 0.6376953125
0 0.90869140625 0.580078125 0.88720703125 0.580078125 0.88720703125 0.615234375 0.90869140625 0.615234375 0.90869140625 0.580078125
0 0.91259765625 0.25390625 0.87353515625 0.25390625 0.87353515625 0.3037109375 0.91259765625 0.3037109375 0.91259765625 0.25390625
0 0.96728515625 0.173828125 0.90966796875 0.173828125 0.90966796875 0.20703125 0.96728515625 0.20703125 0.96728515625 0.173828125
0 0.9794921875 0.05078125 0.94921875 0.05078125 0.94921875 0.095703125 0.9794921875 0.095703125 0.9794921875 0.05078125
0 0.9365234375 0 0.9365234375 0.13671875 1 0.13671875 1 0 0.9365234375 0
0 1 0.1513671875 0.984375 0.1513671875 0.984375 0.20703125 1 0.20703125 1 0.1513671875
0 1 0.255859375 0.966796875 0.255859375 0.966796875 0.30078125 1 0.30078125 1 0.255859375
0 0.9697265625 0.2919921875 0.9462890625 0.2919921875 0.9462890625 0.326171875 0.9697265625 0.326171875 0.9697265625 0.2919921875
0 0.8662109375 0.31396484375 0.84375 0.31396484375 0.84375 0.33154296875 0.8662109375 0.33154296875 0.8662109375 0.31396484375
0 0.8857421875 0.333984375 0.8583984375 0.333984375 0.8583984375 0.361328125 0.8857421875 0.361328125 0.8857421875 0.333984375
0 0.94873046875 0.39208984375 0.93603515625 0.39208984375 0.93603515625 0.40966796875 0.94873046875 0.40966796875 0.94873046875 0.39208984375
0 0.98974609375 0.40185546875 0.96533203125 0.40185546875 0.96533203125 0.42724609375 0.98974609375 0.42724609375 0.98974609375 0.40185546875
0 1 0.3525390625 0.9775390625 0.3525390625 0.9775390625 0.390625 1 0.390625 1 0.3525390625
0 0.93359375 0.41845703125 0.8671875 0.41845703125 0.8671875 0.48486328125 0.93359375 0.48486328125 0.93359375 0.41845703125
0 0.9541015625 0.486328125 0.8984375 0.486328125 0.8984375 0.5419921875 0.9541015625 0.5419921875 0.9541015625 0.486328125
0 1 0.533203125 0.9443359375 0.533203125 0.9443359375 0.5869140625 1 0.5869140625 1 0.533203125
0 0.998046875 0.42529296875 0.939453125 0.42529296875 0.939453125 0.53173828125 0.998046875 0.53173828125 0.998046875 0.42529296875
0 0.98388671875 0.62255859375 0.96044921875 0.62255859375 0.96044921875 0.65478515625 0.98388671875 0.65478515625 0.98388671875 0.62255859375
0 0.97607421875 0.73388671875 0.95263671875 0.73388671875 0.95263671875 0.74951171875 0.97607421875 0.74951171875 0.97607421875 0.73388671875
0 1 0.66259765625 0.962890625 0.66259765625 0.962890625 0.73388671875 1 0.73388671875 1 0.66259765625
0 0.94921875 0.63330078125 0.931640625 0.63330078125 0.931640625 0.66455078125 0.94921875 0.66455078125 0.94921875 0.63330078125
0 0.7734375 0.9150390625 0.724609375 0.9150390625 0.724609375 0.9833984375 0.7734375 0.9833984375 0.7734375 0.9150390625
0 0.7890625 0.97509765625 0.7578125 0.97509765625 0.7578125 0.99853515625 0.7890625 0.99853515625 0.7890625 0.97509765625
0 0.8994140625 0.88720703125 0.8837890625 0.88720703125 0.8837890625 0.90576171875 0.8994140625 0.90576171875 0.8994140625 0.88720703125
0 0.962890625 0.7626953125 0.9140625 0.7626953125 0.9140625 0.80859375 0.962890625 0.80859375 0.962890625 0.7626953125
0 1 0.77587890625 0.9140625 0.77587890625 0.9140625 0.87841796875 1 0.87841796875 1 0.77587890625
0 0.6767578125 0.4384765625 0.6513671875 0.4384765625 0.6513671875 0.4609375 0.6767578125 0.4609375 0.6767578125 0.4384765625
0 0.8515625 0.49951171875 0.8310546875 0.49951171875 0.8310546875 0.52099609375 0.8515625 0.52099609375 0.8515625 0.49951171875
0 0.66796875 0.53759765625 0.6552734375 0.53759765625 0.6552734375 0.55517578125 0.66796875 0.55517578125 0.66796875 0.53759765625
0 0.60693359375 0.54541015625 0.58349609375 0.54541015625 0.58349609375 0.56396484375 0.60693359375 0.56396484375 0.60693359375 0.54541015625
0 0.87109375 0.27978515625 0.84375 0.27978515625 0.84375 0.30712890625 0.87109375 0.30712890625 0.87109375 0.27978515625
0 0.63134765625 0.74951171875 0.61083984375 0.74951171875 0.61083984375 0.76611328125 0.63134765625 0.76611328125 0.63134765625 0.74951171875
0 0.59423828125 0.76708984375 0.57568359375 0.76708984375 0.57568359375 0.78173828125 0.59423828125 0.78173828125 0.59423828125 0.76708984375
0 1 0.93505859375 0.984375 0.93505859375 0.984375 0.95556640625 1 0.95556640625 1 0.93505859375
0 0.85595703125 0.68896484375 0.83740234375 0.68896484375 0.83740234375 0.71044921875 0.85595703125 0.71044921875 0.85595703125 0.68896484375
0 0.8779296875 0.76708984375 0.8603515625 0.76708984375 0.8603515625 0.77783203125 0.8779296875 0.77783203125 0.8779296875 0.76708984375
0 0.99951171875 0.740234375 0.97607421875 0.740234375 0.97607421875 0.763671875 0.99951171875 0.763671875 0.99951171875 0.740234375
0 0.9697265625 0.34375 0.955078125 0.34375 0.955078125 0.365234375 0.9697265625 0.365234375 0.9697265625 0.34375
0 0.8994140625 0.77685546875 0.8857421875 0.77685546875 0.8857421875 0.80029296875 0.8994140625 0.80029296875 0.8994140625 0.77685546875
0 0.66259765625 0.81298828125 0.63330078125 0.81298828125 0.63330078125 0.82373046875 0.66259765625 0.82373046875 0.66259765625 0.81298828125
0 0.89013671875 0.74072265625 0.87158203125 0.74072265625 0.87158203125 0.75927734375 0.89013671875 0.75927734375 0.89013671875 0.74072265625
0 0.9228515625 0.10791015625 0.9052734375 0.10791015625 0.9052734375 0.13037109375 0.9228515625 0.13037109375 0.9228515625 0.10791015625