0 0.03125 0 0.03125 0.0634765625 0.1416015625 0.0634765625 0.1416015625 0 0.03125 0
0 0.283203125 0.1083984375 0.2314453125 0.1083984375 0.2314453125 0.1455078125 0.283203125 0.1455078125 0.283203125 0.1083984375
0 0.376953125 0.2138671875 0.3486328125 0.2138671875 0.3486328125 0.2353515625 0.376953125 0.2353515625 0.376953125 0.2138671875
0 0.78759765625 0.92333984375 0.73583984375 0.92333984375 0.73583984375 0.96142578125 0.78759765625 0.96142578125 0.78759765625 0.92333984375
0 0.73095703125 0.607421875 0.67236328125 0.607421875 0.67236328125 0.65625 0.73095703125 0.65625 0.73095703125 0.607421875
0 0.59033203125 0.55078125 0.51220703125 0.55078125 0.51220703125 0.6279296875 0.59033203125 0.6279296875 0.59033203125 0.55078125
0 0.6220703125 0.4326171875 0.5791015625 0.4326171875 0.5791015625 0.4775390625 0.6220703125 0.4775390625 0.6220703125 0.4326171875
0 0.55712890625 0.251953125 0.50537109375 0.251953125 0.50537109375 0.3173828125 0.55712890625 0.3173828125 0.55712890625 0.251953125
0 0.67724609375 0.34375 0.63232421875 0.34375 0.63232421875 0.404296875 0.67724609375 0.404296875 0.67724609375 0.34375
0 0.6787109375 0.24072265625 0.60546875 0.24072265625 0.60546875 0.30712890625 0.6787109375 0.30712890625 0.6787109375 0.24072265625
0 0.75244140625 0.197265625 0.70361328125 0.197265625 0.70361328125 0.2705078125 0.75244140625 0.2705078125 0.75244140625 0.197265625
0 0.8291015625 0.23876953125 0.7724609375 0.23876953125 0.7724609375 0.30419921875 0.8291015625 0.30419921875 0.8291015625 0.23876953125
0 0.8994140625 0.216796875 0.8359375 0.216796875 0.8359375 0.2705078125 0.8994140625 0.2705078125 0.8994140625 0.216796875
0 0.78564453125 0.470703125 0.74560546875 0.470703125 0.74560546875 0.5126953125 0.78564453125 0.5126953125 0.78564453125 0.470703125
0 0.927734375 0.296875 0.845703125 0.296875 0.845703125 0.35546875 0.927734375 0.35546875 0.927734375 0.296875
0 1 0.16357421875 0.9462890625 0.16357421875 0.9462890625 0.26513671875 1 0.26513671875 1 0.16357421875
0 0.37158203125 0.37744140625 0.32861328125 0.37744140625 0.32861328125 0.42041015625 0.37158203125 0.42041015625 0.37158203125 0.37744140625
0 0.26513671875 0.3623046875 0.21630859375 0.3623046875 0.21630859375 0.404296875 0.26513671875 0.404296875 0.26513671875 0.3623046875
0 0.3115234375 0.23046875 0.19140625 0.23046875 0.19140625 0.357421875 0.3115234375 0.357421875 0.3115234375 0.23046875
0 0.064453125 0.14990234375 0.0126953125 0.14990234375 0.0126953125 0.22216796875 0.064453125 0.22216796875 0.064453125 0.14990234375
0 0.134765625 0.1435546875 0.0732421875 0.1435546875 0.0732421875 0.244140625 0.134765625 0.244140625 0.134765625 0.1435546875
0 0.21142578125 0.14990234375 0.12939453125 0.14990234375 0.12939453125 0.23876953125 0.21142578125 0.23876953125 0.21142578125 0.14990234375
0 0.17138671875 0.333984375 0.13134765625 0.333984375 0.13134765625 0.369140625 0.17138671875 0.369140625 0.17138671875 0.333984375
0 0.11328125 0.3359375 0.06640625 0.3359375 0.06640625 0.3623046875 0.11328125 0.3623046875 0.11328125 0.3359375
0 0.0380859375 0.46044921875 0.0029296875 0.46044921875 0.0029296875 0.50244140625 0.0380859375 0.50244140625 0.0380859375 0.46044921875
0 0.20654296875 0.390625 0.15966796875 0.390625 0.15966796875 0.45703125 0.20654296875 0.45703125 0.20654296875 0.390625
0 0.14453125 0.6640625 0.078125 0.6640625 0.078125 0.7294921875 0.14453125 0.7294921875 0.14453125 0.6640625
0 0.07958984375 0.5576171875 0.02783203125 0.5576171875 0.02783203125 0.623046875 0.07958984375 0.623046875 0.07958984375 0.5576171875
0 0.0576171875 0.69970703125 0.0029296875 0.69970703125 0.0029296875 0.73779296875 0.0576171875 0.73779296875 0.0576171875 0.69970703125
0 0.45654296875 0.853515625 0.41845703125 0.853515625 0.41845703125 0.884765625 0.45654296875 0.884765625 0.45654296875 0.853515625
0 0.11328125 0.8447265625 0.076171875 0.8447265625 0.076171875 0.8916015625 0.11328125 0.8916015625 0.11328125 0.8447265625
0 0.5205078125 0.90478515625 0.4599609375 0.90478515625 0.4599609375 0.99365234375 0.5205078125 0.99365234375 0.5205078125 0.90478515625
0 0.6103515625 0.68115234375 0.55859375 0.68115234375 0.55859375 0.72802734375 0.6103515625 0.72802734375 0.6103515625 0.68115234375
0 0.46875 0.724609375 0.423828125 0.724609375 0.423828125 0.7509765625 0.46875 0.7509765625 0.46875 0.724609375
0 0.48876953125 0.7275390625 0.37158203125 0.7275390625 0.37158203125 0.8046875 0.48876953125 0.8046875 0.48876953125 0.7275390625
0 0.859375 0.5107421875 0.8173828125 0.5107421875 0.8173828125 0.5556640625 0.859375 0.5556640625 0.859375 0.5107421875
0 0.9462890625 0.484375 0.8994140625 0.484375 0.8994140625 0.52734375 0.9462890625 0.52734375 0.9462890625 0.484375
0 0.99951171875 0.52392578125 0.92626953125 0.52392578125 0.92626953125 0.61083984375 0.99951171875 0.61083984375 0.99951171875 0.52392578125
0 0.76953125 0.00830078125 0.732421875 0.00830078125 0.732421875 0.04345703125 0.76953125 0.04345703125 0.76953125 0.00830078125
0 1 0.6494140625 0.951171875 0.6494140625 0.951171875 0.7197265625 1 0.7197265625 1 0.6494140625
0 0.91259765625 0.95166015625 0.85791015625 0.95166015625 0.85791015625 0.99853515625 0.91259765625 0.99853515625 0.91259765625 0.95166015625
0 0.35986328125 0.5693359375 0.32861328125 0.5693359375 0.32861328125 0.6162109375 0.35986328125 0.6162109375 0.35986328125 0.5693359375
0 0.2919921875 0.57763671875 0.23828125 0.57763671875 0.23828125 0.61083984375 0.2919921875 0.61083984375 0.2919921875 0.57763671875
0 0.6103515625 0.30419921875 0.55859375 0.30419921875 0.55859375 0.37060546875 0.6103515625 0.37060546875 0.6103515625 0.30419921875
0 0.88916015625 0.39404296875 0.83447265625 0.39404296875 0.83447265625 0.43408203125 0.88916015625 0.43408203125 0.88916015625 0.39404296875
0 0.45556640625 0.91796875 0.40869140625 0.91796875 0.40869140625 0.9697265625 0.45556640625 0.9697265625 0.45556640625 0.91796875
0 0.69873046875 0.6982421875 0.66552734375 0.6982421875 0.66552734375 0.724609375 0.69873046875 0.724609375 0.69873046875 0.6982421875
0 0.6806640625 0.66455078125 0.638671875 0.66455078125 0.638671875 0.69091796875 0.6806640625 0.69091796875 0.6806640625 0.66455078125
0 0.4501953125 0.5927734375 0.4150390625 0.5927734375 0.4150390625 0.623046875 0.4501953125 0.623046875 0.4501953125 0.5927734375
0 0.1865234375 0.48583984375 0.158203125 0.48583984375 0.158203125 0.52392578125 0.1865234375 0.52392578125 0.1865234375 0.48583984375
0 0.4716796875 0.0869140625 0.4384765625 0.0869140625 0.4384765625 0.1171875 0.4716796875 0.1171875 0.4716796875 0.0869140625
0 0.9375 0 0.9375 0.0546875 1 0.0546875 1 0 0.9375 0
0 0.9892578125 0.87109375 0.9326171875 0.87109375 0.9326171875 0.9365234375 0.9892578125 0.9365234375 0.9892578125 0.87109375
0 0.96240234375 0.92822265625 0.91943359375 0.92822265625 0.91943359375 0.96826171875 0.96240234375 0.96826171875 0.96240234375 0.92822265625
0 0.513671875 0.82470703125 0.482421875 0.82470703125 0.482421875 0.86474609375 0.513671875 0.86474609375 0.513671875 0.82470703125
0 0.50732421875 0.3720703125 0.48193359375 0.3720703125 0.48193359375 0.3974609375 0.50732421875 0.3974609375 0.50732421875 0.3720703125
0 0.25830078125 0.75634765625 0.22509765625 0.75634765625 0.22509765625 0.80810546875 0.25830078125 0.80810546875 0.25830078125 0.75634765625
0 0.2412109375 0.71142578125 0.203125 0.71142578125 0.203125 0.74462890625 0.2412109375 0.74462890625 0.2412109375 0.71142578125
0 0.53857421875 0.09033203125 0.50537109375 0.09033203125 0.50537109375 0.13037109375 0.53857421875 0.13037109375 0.53857421875 0.09033203125
0 0.6025390625 0.04345703125 0.5654296875 0.04345703125 0.5654296875 0.08056640625 0.6025390625 0.08056640625 0.6025390625 0.04345703125
0 0.6689453125 0.00341796875 0.640625 0.00341796875 0.640625 0.02978515625 0.6689453125 0.02978515625 0.6689453125 0.00341796875
0 0.31982421875 0.92333984375 0.27001953125 0.92333984375 0.27001953125 0.97802734375 0.31982421875 0.97802734375 0.31982421875 0.92333984375