0 0.51904296875 0.48388671875 0.49560546875 0.48388671875 0.49560546875 0.50537109375 0.51904296875 0.50537109375 0.51904296875 0.48388671875
0 0.53466796875 0.49462890625 0.52880859375 0.49462890625 0.52880859375 0.50439453125 0.53466796875 0.50439453125 0.53466796875 0.49462890625
0 0.55908203125 0.4794921875 0.54052734375 0.4794921875 0.54052734375 0.4951171875 0.55908203125 0.4951171875 0.55908203125 0.4794921875
0 0.580078125 0.48486328125 0.568359375 0.48486328125 0.568359375 0.49169921875 0.580078125 0.49169921875 0.580078125 0.48486328125
0 0.59619140625 0.48193359375 0.56298828125 0.48193359375 0.56298828125 0.51318359375 0.59619140625 0.51318359375 0.59619140625 0.48193359375
0 0.53125 0.48828125 0.5244140625 0.48828125 0.5244140625 0.49609375 0.53125 0.49609375 0.53125 0.48828125
0 0.5615234375 0.451171875 0.5380859375 0.451171875 0.5380859375 0.47265625 0.5615234375 0.47265625 0.5615234375 0.451171875
0 0.53857421875 0.439453125 0.51904296875 0.439453125 0.51904296875 0.462890625 0.53857421875 0.462890625 0.53857421875 0.439453125
0 0.47314453125 0.50390625 0.45751953125 0.50390625 0.45751953125 0.5263671875 0.47314453125 0.5263671875 0.47314453125 0.50390625
0 0.45849609375 0.48291015625 0.44091796875 0.48291015625 0.44091796875 0.50732421875 0.45849609375 0.50732421875 0.45849609375 0.48291015625
0 0.46044921875 0.45361328125 0.44287109375 0.45361328125 0.44287109375 0.46533203125 0.46044921875 0.46533203125 0.46044921875 0.45361328125
0 0.54345703125 0.546875 0.53076171875 0.546875 0.53076171875 0.5654296875 0.54345703125 0.5654296875 0.54345703125 0.546875
0 0.5732421875 0.517578125 0.5556640625 0.517578125 0.5556640625 0.5478515625 0.5732421875 0.5478515625 0.5732421875 0.517578125
0 0.6005859375 0.51611328125 0.5810546875 0.51611328125 0.5810546875 0.52783203125 0.6005859375 0.52783203125 0.6005859375 0.51611328125
0 0.63330078125 0.41455078125 0.61083984375 0.41455078125 0.61083984375 0.44775390625 0.63330078125 0.44775390625 0.63330078125 0.41455078125
0 0.59375 0.41064453125 0.583984375 0.41064453125 0.583984375 0.42236328125 0.59375 0.42236328125 0.59375 0.41064453125
0 0.54736328125 0.40576171875 0.53369140625 0.40576171875 0.53369140625 0.41845703125 0.54736328125 0.41845703125 0.54736328125 0.40576171875
0 0.56201171875 0.380859375 0.54443359375 0.380859375 0.54443359375 0.3935546875 0.56201171875 0.3935546875 0.56201171875 0.380859375
0 0.494140625 0.36328125 0.455078125 0.36328125 0.455078125 0.3935546875 0.494140625 0.3935546875 0.494140625 0.36328125
0 0.49658203125 0.32373046875 0.47021484375 0.32373046875 0.47021484375 0.34619140625 0.49658203125 0.34619140625 0.49658203125 0.32373046875
0 0.42431640625 0.34912109375 0.41259765625 0.34912109375 0.41259765625 0.36181640625 0.42431640625 0.36181640625 0.42431640625 0.34912109375
0 0.4580078125 0.3232421875 0.4375 0.3232421875 0.4375 0.34375 0.4580078125 0.34375 0.4580078125 0.3232421875
0 0.427734375 0.31103515625 0.3974609375 0.31103515625 0.3974609375 0.32666015625 0.427734375 0.32666015625 0.427734375 0.31103515625
0 0.53662109375 0.30126953125 0.51513671875 0.30126953125 0.51513671875 0.31494140625 0.53662109375 0.31494140625 0.53662109375 0.30126953125
0 0.544921875 0.275390625 0.529296875 0.275390625 0.529296875 0.2939453125 0.544921875 0.2939453125 0.544921875 0.275390625
0 0.61083984375 0.27880859375 0.59228515625 0.27880859375 0.59228515625 0.28759765625 0.61083984375 0.28759765625 0.61083984375 0.27880859375
0 0.62109375 0.32666015625 0.5908203125 0.32666015625 0.5908203125 0.34521484375 0.62109375 0.34521484375 0.62109375 0.32666015625
0 0.58544921875 0.33984375 0.53369140625 0.33984375 0.53369140625 0.3720703125 0.58544921875 0.3720703125 0.58544921875 0.33984375
0 0.4736328125 0.4140625 0.4599609375 0.4140625 0.4599609375 0.4267578125 0.4736328125 0.4267578125 0.4736328125 0.4140625
0 0.3544921875 0.4130859375 0.333984375 0.4130859375 0.333984375 0.4306640625 0.3544921875 0.4306640625 0.3544921875 0.4130859375
0 0.34130859375 0.36328125 0.32568359375 0.36328125 0.32568359375 0.37890625 0.34130859375 0.37890625 0.34130859375 0.36328125
0 0.43798828125 0.28173828125 0.42138671875 0.28173828125 0.42138671875 0.29541015625 0.43798828125 0.29541015625 0.43798828125 0.28173828125
0 0.42431640625 0.2841796875 0.40185546875 0.2841796875 0.40185546875 0.3056640625 0.42431640625 0.3056640625 0.42431640625 0.2841796875
0 0.544921875 0.2470703125 0.533203125 0.2470703125 0.533203125 0.2607421875 0.544921875 0.2607421875 0.544921875 0.2470703125
0 0.5703125 0.23583984375 0.552734375 0.23583984375 0.552734375 0.25732421875 0.5703125 0.25732421875 0.5703125 0.23583984375
0 0.5556640625 0.18115234375 0.53515625 0.18115234375 0.53515625 0.19873046875 0.5556640625 0.19873046875 0.5556640625 0.18115234375
0 0.44921875 0.1552734375 0.4072265625 0.1552734375 0.4072265625 0.201171875 0.44921875 0.201171875 0.44921875 0.1552734375
0 0.416015625 0.18505859375 0.40234375 0.18505859375 0.40234375 0.19580078125 0.416015625 0.19580078125 0.416015625 0.18505859375
0 0.3896484375 0.23193359375 0.37890625 0.23193359375 0.37890625 0.23681640625 0.3896484375 0.23681640625 0.3896484375 0.23193359375
0 0.36572265625 0.26513671875 0.33349609375 0.26513671875 0.33349609375 0.28857421875 0.36572265625 0.28857421875 0.36572265625 0.26513671875
0 0.36083984375 0.28955078125 0.33349609375 0.28955078125 0.33349609375 0.30908203125 0.36083984375 0.30908203125 0.36083984375 0.28955078125
0 0.5126953125 0.08349609375 0.48046875 0.08349609375 0.48046875 0.10986328125 0.5126953125 0.10986328125 0.5126953125 0.08349609375
0 0.568359375 0.08642578125 0.548828125 0.08642578125 0.548828125 0.10400390625 0.568359375 0.10400390625 0.568359375 0.08642578125
0 0.59912109375 0.0849609375 0.57470703125 0.0849609375 0.57470703125 0.1083984375 0.59912109375 0.1083984375 0.59912109375 0.0849609375
0 0.5546875 0.13427734375 0.5400390625 0.13427734375 0.5400390625 0.14990234375 0.5546875 0.14990234375 0.5546875 0.13427734375
0 0.58154296875 0.1513671875 0.56103515625 0.1513671875 0.56103515625 0.162109375 0.58154296875 0.162109375 0.58154296875 0.1513671875
0 0.58154296875 0.1640625 0.56103515625 0.1640625 0.56103515625 0.1806640625 0.58154296875 0.1806640625 0.58154296875 0.1640625
0 0.62158203125 0.13623046875 0.59423828125 0.13623046875 0.59423828125 0.19287109375 0.62158203125 0.19287109375 0.62158203125 0.13623046875
0 0.59326171875 0.15869140625 0.58349609375 0.15869140625 0.58349609375 0.18994140625 0.59326171875 0.18994140625 0.59326171875 0.15869140625
0 0.53515625 0.00146484375 0.5146484375 0.00146484375 0.5146484375 0.01318359375 0.53515625 0.01318359375 0.53515625 0.00146484375
0 0.62060546875 0.02783203125 0.60693359375 0.02783203125 0.60693359375 0.03857421875 0.62060546875 0.03857421875 0.62060546875 0.02783203125
0 0.45849609375 0.013671875 0.44189453125 0.013671875 0.44189453125 0.0341796875 0.45849609375 0.0341796875 0.45849609375 0.013671875
0 0.44091796875 0.04150390625 0.43017578125 0.04150390625 0.43017578125 0.05517578125 0.44091796875 0.05517578125 0.44091796875 0.04150390625
0 0.43115234375 0.02978515625 0.41357421875 0.02978515625 0.41357421875 0.05029296875 0.43115234375 0.05029296875 0.43115234375 0.02978515625
0 0.44482421875 0.0927734375 0.43701171875 0.0927734375 0.43701171875 0.10546875 0.44482421875 0.10546875 0.44482421875 0.0927734375
0 0.380859375 0.01025390625 0.3623046875 0.01025390625 0.3623046875 0.03564453125 0.380859375 0.03564453125 0.380859375 0.01025390625
0 0.3505859375 0.34814453125 0.3408203125 0.34814453125 0.3408203125 0.36376953125 0.3505859375 0.36376953125 0.3505859375 0.34814453125
0 0.4208984375 0.5205078125 0.396484375 0.5205078125 0.396484375 0.5498046875 0.4208984375 0.5498046875 0.4208984375 0.5205078125
0 0.4296875 0.54248046875 0.421875 0.54248046875 0.421875 0.55224609375 0.4296875 0.55224609375 0.4296875 0.54248046875
0 0.36962890625 0.505859375 0.34814453125 0.505859375 0.34814453125 0.5244140625 0.36962890625 0.5244140625 0.36962890625 0.505859375
0 0.37158203125 0.5771484375 0.35302734375 0.5771484375 0.35302734375 0.5986328125 0.37158203125 0.5986328125 0.37158203125 0.5771484375
0 0.400390625 0.4609375 0.3642578125 0.4609375 0.3642578125 0.490234375 0.400390625 0.490234375 0.400390625 0.4609375
0 0.37109375 0.4384765625 0.349609375 0.4384765625 0.349609375 0.4609375 0.37109375 0.4609375 0.37109375 0.4384765625
0 0.39892578125 0.43505859375 0.36767578125 0.43505859375 0.36767578125 0.45751953125 0.39892578125 0.45751953125 0.39892578125 0.43505859375
0 0.50830078125 0.43505859375 0.48388671875 0.43505859375 0.48388671875 0.45263671875 0.50830078125 0.45263671875 0.50830078125 0.43505859375
0 0.4921875 0.42138671875 0.4599609375 0.42138671875 0.4599609375 0.44189453125 0.4921875 0.44189453125 0.4921875 0.42138671875
0 0.537109375 0.46240234375 0.5185546875 0.46240234375 0.5185546875 0.47021484375 0.537109375 0.47021484375 0.537109375 0.46240234375
0 0.54150390625 0.474609375 0.52001953125 0.474609375 0.52001953125 0.48828125 0.54150390625 0.48828125 0.54150390625 0.474609375
0 0.638671875 0.5419921875 0.61328125 0.5419921875 0.61328125 0.572265625 0.638671875 0.572265625 0.638671875 0.5419921875
0 0.63623046875 0.587890625 0.60595703125 0.587890625 0.60595703125 0.607421875 0.63623046875 0.607421875 0.63623046875 0.587890625
0 0.63671875 0.6181640625 0.623046875 0.6181640625 0.623046875 0.634765625 0.63671875 0.634765625 0.63671875 0.6181640625
0 0.5615234375 0.62646484375 0.5478515625 0.62646484375 0.5478515625 0.63720703125 0.5615234375 0.63720703125 0.5615234375 0.62646484375
0 0.55419921875 0.63037109375 0.54248046875 0.63037109375 0.54248046875 0.64306640625 0.55419921875 0.64306640625 0.55419921875 0.63037109375
0 0.51904296875 0.6337890625 0.48388671875 0.6337890625 0.48388671875 0.6513671875 0.51904296875 0.6513671875 0.51904296875 0.6337890625
0 0.453125 0.60791015625 0.421875 0.60791015625 0.421875 0.63427734375 0.453125 0.63427734375 0.453125 0.60791015625
0 0.48583984375 0.568359375 0.44775390625 0.568359375 0.44775390625 0.6083984375 0.48583984375 0.6083984375 0.48583984375 0.568359375
0 0.51025390625 0.580078125 0.48583984375 0.580078125 0.48583984375 0.5986328125 0.51025390625 0.5986328125 0.51025390625 0.580078125
0 0.4951171875 0.58837890625 0.4677734375 0.58837890625 0.4677734375 0.61767578125 0.4951171875 0.61767578125 0.4951171875 0.58837890625
0 0.509765625 0.6787109375 0.4931640625 0.6787109375 0.4931640625 0.6953125 0.509765625 0.6953125 0.509765625 0.6787109375
0 0.67333984375 0.7314453125 0.65576171875 0.7314453125 0.65576171875 0.751953125 0.67333984375 0.751953125 0.67333984375 0.7314453125
0 0.6298828125 0.716796875 0.59375 0.716796875 0.59375 0.7412109375 0.6298828125 0.7412109375 0.6298828125 0.716796875
0 0.5966796875 0.693359375 0.5595703125 0.693359375 0.5595703125 0.7236328125 0.5966796875 0.7236328125 0.5966796875 0.693359375
0 0.57275390625 0.72509765625 0.56494140625 0.72509765625 0.56494140625 0.74169921875 0.57275390625 0.74169921875 0.57275390625 0.72509765625
0 0.5625 0.73046875 0.5546875 0.73046875 0.5546875 0.7392578125 0.5625 0.7392578125 0.5625 0.73046875
0 0.5439453125 0.72216796875 0.525390625 0.72216796875 0.525390625 0.74267578125 0.5439453125 0.74267578125 0.5439453125 0.72216796875
0 0.5185546875 0.69482421875 0.49609375 0.69482421875 0.49609375 0.72705078125 0.5185546875 0.72705078125 0.5185546875 0.69482421875
0 0.482421875 0.71142578125 0.458984375 0.71142578125 0.458984375 0.72607421875 0.482421875 0.72607421875 0.482421875 0.71142578125
0 0.49072265625 0.7265625 0.47412109375 0.7265625 0.47412109375 0.736328125 0.49072265625 0.736328125 0.49072265625 0.7265625
0 0.486328125 0.7353515625 0.474609375 0.7353515625 0.474609375 0.744140625 0.486328125 0.744140625 0.486328125 0.7353515625
0 0.50146484375 0.70654296875 0.47900390625 0.70654296875 0.47900390625 0.73388671875 0.50146484375 0.73388671875 0.50146484375 0.70654296875
0 0.49462890625 0.7109375 0.48779296875 0.7109375 0.48779296875 0.71875 0.49462890625 0.71875 0.49462890625 0.7109375
0 0.4873046875 0.65771484375 0.4716796875 0.65771484375 0.4716796875 0.67919921875 0.4873046875 0.67919921875 0.4873046875 0.65771484375
0 0.45166015625 0.642578125 0.43408203125 0.642578125 0.43408203125 0.662109375 0.45166015625 0.662109375 0.45166015625 0.642578125
0 0.44384765625 0.66357421875 0.41748046875 0.66357421875 0.41748046875 0.70458984375 0.44384765625 0.70458984375 0.44384765625 0.66357421875
0 0.47900390625 0.64501953125 0.45166015625 0.64501953125 0.45166015625 0.66455078125 0.47900390625 0.66455078125 0.47900390625 0.64501953125
0 0.46044921875 0.6591796875 0.44384765625 0.6591796875 0.44384765625 0.671875 0.46044921875 0.671875 0.46044921875 0.6591796875
0 0.642578125 0.642578125 0.607421875 0.642578125 0.607421875 0.6748046875 0.642578125 0.6748046875 0.642578125 0.642578125
0 0.6796875 0.66064453125 0.6669921875 0.66064453125 0.6669921875 0.67724609375 0.6796875 0.67724609375 0.6796875 0.66064453125
0 0.68310546875 0.56201171875 0.66552734375 0.56201171875 0.66552734375 0.58642578125 0.68310546875 0.58642578125 0.68310546875 0.56201171875
0 0.677734375 0.46435546875 0.666015625 0.46435546875 0.666015625 0.48193359375 0.677734375 0.48193359375 0.677734375 0.46435546875
0 0.685546875 0.44677734375 0.658203125 0.44677734375 0.658203125 0.46533203125 0.685546875 0.46533203125 0.685546875 0.44677734375
0 0.66064453125 0.40283203125 0.64697265625 0.40283203125 0.64697265625 0.42138671875 0.66064453125 0.42138671875 0.66064453125 0.40283203125
0 0.64404296875 0.3935546875 0.63037109375 0.3935546875 0.63037109375 0.408203125 0.64404296875 0.408203125 0.64404296875 0.3935546875
0 0.6689453125 0.3759765625 0.6396484375 0.3759765625 0.6396484375 0.408203125 0.6689453125 0.408203125 0.6689453125 0.3759765625
0 0.68701171875 0.32666015625 0.66845703125 0.32666015625 0.66845703125 0.35009765625 0.68701171875 0.35009765625 0.68701171875 0.32666015625
0 0.66796875 0.29052734375 0.6611328125 0.29052734375 0.6611328125 0.30029296875 0.66796875 0.30029296875 0.66796875 0.29052734375
0 0.6845703125 0.27783203125 0.669921875 0.27783203125 0.669921875 0.30517578125 0.6845703125 0.30517578125 0.6845703125 0.27783203125
0 0.71044921875 0.2099609375 0.66552734375 0.2099609375 0.66552734375 0.2353515625 0.71044921875 0.2353515625 0.71044921875 0.2099609375
0 0.69921875 0.15869140625 0.6689453125 0.15869140625 0.6689453125 0.19384765625 0.69921875 0.19384765625 0.69921875 0.15869140625
0 0.6943359375 0.0478515625 0.669921875 0.0478515625 0.669921875 0.0654296875 0.6943359375 0.0654296875 0.6943359375 0.0478515625
0 0.7880859375 0.11181640625 0.75390625 0.11181640625 0.75390625 0.13818359375 0.7880859375 0.13818359375 0.7880859375 0.11181640625
0 0.80908203125 0.14306640625 0.79833984375 0.14306640625 0.79833984375 0.15869140625 0.80908203125 0.15869140625 0.80908203125 0.14306640625
0 0.77783203125 0.20361328125 0.76220703125 0.20361328125 0.76220703125 0.22119140625 0.77783203125 0.22119140625 0.77783203125 0.20361328125
0 0.716796875 0.17919921875 0.7060546875 0.17919921875 0.7060546875 0.19873046875 0.716796875 0.19873046875 0.716796875 0.17919921875
0 0.7060546875 0.16162109375 0.693359375 0.16162109375 0.693359375 0.18408203125 0.7060546875 0.18408203125 0.7060546875 0.16162109375
0 0.736328125 0.06005859375 0.7177734375 0.06005859375 0.7177734375 0.08251953125 0.736328125 0.08251953125 0.736328125 0.06005859375
0 0.79443359375 0.0439453125 0.77685546875 0.0439453125 0.77685546875 0.0595703125 0.79443359375 0.0595703125 0.79443359375 0.0439453125
0 0.72802734375 0.03564453125 0.71044921875 0.03564453125 0.71044921875 0.04638671875 0.72802734375 0.04638671875 0.72802734375 0.03564453125
0 0.69384765625 0.0283203125 0.68017578125 0.0283203125 0.68017578125 0.048828125 0.69384765625 0.048828125 0.69384765625 0.0283203125
0 0.6572265625 0.0634765625 0.64453125 0.0634765625 0.64453125 0.07421875 0.6572265625 0.07421875 0.6572265625 0.0634765625
0 0.70263671875 0 0.70263671875 0.021484375 0.71923828125 0.021484375 0.71923828125 0 0.70263671875 0
0 0.728515625 0.28857421875 0.705078125 0.28857421875 0.705078125 0.30419921875 0.728515625 0.30419921875 0.728515625 0.28857421875
0 0.76220703125 0.3017578125 0.75146484375 0.3017578125 0.75146484375 0.310546875 0.76220703125 0.310546875 0.76220703125 0.3017578125
0 0.703125 0.25732421875 0.6904296875 0.25732421875 0.6904296875 0.27001953125 0.703125 0.27001953125 0.703125 0.25732421875
0 0.81787109375 0.28564453125 0.80712890625 0.28564453125 0.80712890625 0.29736328125 0.81787109375 0.29736328125 0.81787109375 0.28564453125
0 0.80517578125 0.4404296875 0.77783203125 0.4404296875 0.77783203125 0.46484375 0.80517578125 0.46484375 0.80517578125 0.4404296875
0 0.79638671875 0.4580078125 0.77783203125 0.4580078125 0.77783203125 0.4775390625 0.79638671875 0.4775390625 0.79638671875 0.4580078125
0 0.82080078125 0.45068359375 0.80908203125 0.45068359375 0.80908203125 0.46435546875 0.82080078125 0.46435546875 0.82080078125 0.45068359375
0 0.84375 0.439453125 0.8330078125 0.439453125 0.8330078125 0.4501953125 0.84375 0.4501953125 0.84375 0.439453125
0 0.8837890625 0.4189453125 0.8564453125 0.4189453125 0.8564453125 0.435546875 0.8837890625 0.435546875 0.8837890625 0.4189453125
0 0.92333984375 0.46875 0.89892578125 0.46875 0.89892578125 0.4931640625 0.92333984375 0.4931640625 0.92333984375 0.46875
0 0.9453125 0.48291015625 0.9287109375 0.48291015625 0.9287109375 0.49853515625 0.9453125 0.49853515625 0.9453125 0.48291015625
0 0.755859375 0.501953125 0.7451171875 0.501953125 0.7451171875 0.51171875 0.755859375 0.51171875 0.755859375 0.501953125
0 0.69775390625 0.54150390625 0.68017578125 0.54150390625 0.68017578125 0.55517578125 0.69775390625 0.55517578125 0.69775390625 0.54150390625
0 0.7744140625 0.50732421875 0.7607421875 0.50732421875 0.7607421875 0.52099609375 0.7744140625 0.52099609375 0.7744140625 0.50732421875
0 0.87353515625 0.51708984375 0.85400390625 0.51708984375 0.85400390625 0.53759765625 0.87353515625 0.53759765625 0.87353515625 0.51708984375
0 0.84912109375 0.52783203125 0.83447265625 0.52783203125 0.83447265625 0.53955078125 0.84912109375 0.53955078125 0.84912109375 0.52783203125
0 0.8662109375 0.53857421875 0.8466796875 0.53857421875 0.8466796875 0.54638671875 0.8662109375 0.54638671875 0.8662109375 0.53857421875
0 0.95703125 0.556640625 0.9404296875 0.556640625 0.9404296875 0.572265625 0.95703125 0.572265625 0.95703125 0.556640625
0 0.912109375 0.59326171875 0.8916015625 0.59326171875 0.8916015625 0.61572265625 0.912109375 0.61572265625 0.912109375 0.59326171875
0 0.71142578125 0.58447265625 0.69384765625 0.58447265625 0.69384765625 0.59228515625 0.71142578125 0.59228515625 0.71142578125 0.58447265625
0 0.751953125 0.59716796875 0.7265625 0.59716796875 0.7265625 0.61962890625 0.751953125 0.61962890625 0.751953125 0.59716796875
0 0.70556640625 0.65380859375 0.68603515625 0.65380859375 0.68603515625 0.67236328125 0.70556640625 0.67236328125 0.70556640625 0.65380859375
0 0.7041015625 0.67431640625 0.6865234375 0.67431640625 0.6865234375 0.68798828125 0.7041015625 0.68798828125 0.7041015625 0.67431640625
0 0.79443359375 0.6494140625 0.76708984375 0.6494140625 0.76708984375 0.669921875 0.79443359375 0.669921875 0.79443359375 0.6494140625
0 0.79345703125 0.6796875 0.77587890625 0.6796875 0.77587890625 0.69921875 0.79345703125 0.69921875 0.79345703125 0.6796875
0 0.81591796875 0.72314453125 0.80615234375 0.72314453125 0.80615234375 0.73779296875 0.81591796875 0.73779296875 0.81591796875 0.72314453125
0 0.76318359375 0.759765625 0.74169921875 0.759765625 0.74169921875 0.78125 0.76318359375 0.78125 0.76318359375 0.759765625
0 0.71484375 0.7490234375 0.7080078125 0.7490234375 0.7080078125 0.7548828125 0.71484375 0.7548828125 0.71484375 0.7490234375
0 0.8779296875 0.71337890625 0.859375 0.71337890625 0.859375 0.72900390625 0.8779296875 0.72900390625 0.8779296875 0.71337890625
0 0.81884765625 0.7080078125 0.81201171875 0.7080078125 0.81201171875 0.71875 0.81884765625 0.71875 0.81884765625 0.7080078125
0 0.84130859375 0.63134765625 0.82763671875 0.63134765625 0.82763671875 0.63916015625 0.84130859375 0.63916015625 0.84130859375 0.63134765625
0 0.89404296875 0.6533203125 0.85888671875 0.6533203125 0.85888671875 0.69921875 0.89404296875 0.69921875 0.89404296875 0.6533203125
0 0.90966796875 0.72900390625 0.89599609375 0.72900390625 0.89599609375 0.73876953125 0.90966796875 0.73876953125 0.90966796875 0.72900390625
0 0.93310546875 0.74072265625 0.92041015625 0.74072265625 0.92041015625 0.74951171875 0.93310546875 0.74951171875 0.93310546875 0.74072265625
0 0.9384765625 0.755859375 0.927734375 0.755859375 0.927734375 0.76171875 0.9384765625 0.76171875 0.9384765625 0.755859375
0 0.859375 0.798828125 0.845703125 0.798828125 0.845703125 0.8095703125 0.859375 0.8095703125 0.859375 0.798828125
0 0.8955078125 0.8056640625 0.87890625 0.8056640625 0.87890625 0.8232421875 0.8955078125 0.8232421875 0.8955078125 0.8056640625
0 0.82421875 0.796875 0.8115234375 0.796875 0.8115234375 0.8037109375 0.82421875 0.8037109375 0.82421875 0.796875
0 0.81005859375 0.79150390625 0.78466796875 0.79150390625 0.78466796875 0.81201171875 0.81005859375 0.81201171875 0.81005859375 0.79150390625
0 0.82080078125 0.81201171875 0.80810546875 0.81201171875 0.80810546875 0.83154296875 0.82080078125 0.83154296875 0.82080078125 0.81201171875
0 0.85546875 0.8203125 0.837890625 0.8203125 0.837890625 0.8388671875 0.85546875 0.8388671875 0.85546875 0.8203125
0 0.87109375 0.818359375 0.853515625 0.818359375 0.853515625 0.841796875 0.87109375 0.841796875 0.87109375 0.818359375
0 0.94482421875 0.8720703125 0.92822265625 0.8720703125 0.92822265625 0.8828125 0.94482421875 0.8828125 0.94482421875 0.8720703125
0 0.81298828125 0.8759765625 0.80126953125 0.8759765625 0.80126953125 0.8955078125 0.81298828125 0.8955078125 0.81298828125 0.8759765625
0 0.7919921875 0.87158203125 0.78125 0.87158203125 0.78125 0.88330078125 0.7919921875 0.88330078125 0.7919921875 0.87158203125
0 0.71142578125 0.8466796875 0.70263671875 0.8466796875 0.70263671875 0.853515625 0.71142578125 0.853515625 0.71142578125 0.8466796875
0 0.67333984375 0.853515625 0.65771484375 0.853515625 0.65771484375 0.8681640625 0.67333984375 0.8681640625 0.67333984375 0.853515625
0 0.63720703125 0.82861328125 0.59326171875 0.82861328125 0.59326171875 0.85595703125 0.63720703125 0.85595703125 0.63720703125 0.82861328125
0 0.59375 0.83740234375 0.5830078125 0.83740234375 0.5830078125 0.84423828125 0.59375 0.84423828125 0.59375 0.83740234375
0 0.578125 0.8740234375 0.564453125 0.8740234375 0.564453125 0.888671875 0.578125 0.888671875 0.578125 0.8740234375
0 0.55810546875 0.91259765625 0.54736328125 0.91259765625 0.54736328125 0.92919921875 0.55810546875 0.92919921875 0.55810546875 0.91259765625
0 0.525390625 0.861328125 0.51171875 0.861328125 0.51171875 0.8740234375 0.525390625 0.8740234375 0.525390625 0.861328125
0 0.5068359375 0.86865234375 0.4892578125 0.86865234375 0.4892578125 0.90380859375 0.5068359375 0.90380859375 0.5068359375 0.86865234375
0 0.48876953125 0.9189453125 0.45654296875 0.9189453125 0.45654296875 0.9326171875 0.48876953125 0.9326171875 0.48876953125 0.9189453125
0 0.4677734375 0.90185546875 0.4501953125 0.90185546875 0.4501953125 0.91943359375 0.4677734375 0.91943359375 0.4677734375 0.90185546875
0 0.46630859375 0.86572265625 0.44775390625 0.86572265625 0.44775390625 0.87939453125 0.46630859375 0.87939453125 0.46630859375 0.86572265625
0 0.44091796875 0.86767578125 0.42724609375 0.86767578125 0.42724609375 0.88232421875 0.44091796875 0.88232421875 0.44091796875 0.86767578125
0 0.42626953125 0.84716796875 0.40966796875 0.84716796875 0.40966796875 0.86865234375 0.42626953125 0.86865234375 0.42626953125 0.84716796875
0 0.41015625 0.82666015625 0.390625 0.82666015625 0.390625 0.84521484375 0.41015625 0.84521484375 0.41015625 0.82666015625
0 0.38134765625 0.78955078125 0.37060546875 0.78955078125 0.37060546875 0.80712890625 0.38134765625 0.80712890625 0.38134765625 0.78955078125
0 0.3701171875 0.79931640625 0.3583984375 0.79931640625 0.3583984375 0.81005859375 0.3701171875 0.81005859375 0.3701171875 0.79931640625
0 0.33251953125 0.78662109375 0.31103515625 0.78662109375 0.31103515625 0.80908203125 0.33251953125 0.80908203125 0.33251953125 0.78662109375
0 0.3505859375 0.791015625 0.330078125 0.791015625 0.330078125 0.8115234375 0.3505859375 0.8115234375 0.3505859375 0.791015625
0 0.361328125 0.80712890625 0.34375 0.80712890625 0.34375 0.82958984375 0.361328125 0.82958984375 0.361328125 0.80712890625
0 0.3515625 0.81884765625 0.333984375 0.81884765625 0.333984375 0.83642578125 0.3515625 0.83642578125 0.3515625 0.81884765625
0 0.31640625 0.8232421875 0.3046875 0.8232421875 0.3046875 0.8349609375 0.31640625 0.8349609375 0.31640625 0.8232421875
0 0.30615234375 0.80419921875 0.28857421875 0.80419921875 0.28857421875 0.82275390625 0.30615234375 0.82275390625 0.30615234375 0.80419921875
0 0.287109375 0.80615234375 0.275390625 0.80615234375 0.275390625 0.81689453125 0.287109375 0.81689453125 0.287109375 0.80615234375
0 0.28564453125 0.818359375 0.26025390625 0.818359375 0.26025390625 0.8359375 0.28564453125 0.8359375 0.28564453125 0.818359375
0 0.30224609375 0.84912109375 0.28076171875 0.84912109375 0.28076171875 0.86279296875 0.30224609375 0.86279296875 0.30224609375 0.84912109375
0 0.35009765625 0.85205078125 0.31982421875 0.85205078125 0.31982421875 0.88232421875 0.35009765625 0.88232421875 0.35009765625 0.85205078125
0 0.36328125 0.8896484375 0.33984375 0.8896484375 0.33984375 0.91015625 0.36328125 0.91015625 0.36328125 0.8896484375
0 0.33447265625 0.896484375 0.32470703125 0.896484375 0.32470703125 0.9072265625 0.33447265625 0.9072265625 0.33447265625 0.896484375
0 0.3798828125 0.9150390625 0.3662109375 0.9150390625 0.3662109375 0.9287109375 0.3798828125 0.9287109375 0.3798828125 0.9150390625
0 0.43212890625 0.88232421875 0.38037109375 0.88232421875 0.38037109375 0.92431640625 0.43212890625 0.92431640625 0.43212890625 0.88232421875
0 0.37939453125 0.9404296875 0.36083984375 0.9404296875 0.36083984375 0.9677734375 0.37939453125 0.9677734375 0.37939453125 0.9404296875
0 0.35888671875 0.943359375 0.34326171875 0.943359375 0.34326171875 0.9609375 0.35888671875 0.9609375 0.35888671875 0.943359375
0 0.47900390625 0.96435546875 0.44970703125 0.96435546875 0.44970703125 0.98193359375 0.47900390625 0.98193359375 0.47900390625 0.96435546875
0 0.44677734375 1 0.44677734375 0.9775390625 0.42431640625 0.9775390625 0.42431640625 1 0.44677734375 1
0 0.466796875 1 0.466796875 0.9912109375 0.447265625 0.9912109375 0.447265625 1 0.466796875 1
0 0.4873046875 0.87353515625 0.4345703125 0.87353515625 0.4345703125 0.90966796875 0.4873046875 0.90966796875 0.4873046875 0.87353515625
0 0.490234375 0.8857421875 0.478515625 0.8857421875 0.478515625 0.896484375 0.490234375 0.896484375 0.490234375 0.8857421875
0 0.67431640625 0.876953125 0.65869140625 0.876953125 0.65869140625 0.8974609375 0.67431640625 0.8974609375 0.67431640625 0.876953125
0 0.68017578125 0.9072265625 0.66357421875 0.9072265625 0.66357421875 0.9208984375 0.68017578125 0.9208984375 0.68017578125 0.9072265625
0 0.7138671875 0.92236328125 0.697265625 0.92236328125 0.697265625 0.94091796875 0.7138671875 0.94091796875 0.7138671875 0.92236328125
0 0.71923828125 0.939453125 0.70361328125 0.939453125 0.70361328125 0.9560546875 0.71923828125 0.9560546875 0.71923828125 0.939453125
0 0.64501953125 0.9443359375 0.63330078125 0.9443359375 0.63330078125 0.9560546875 0.64501953125 0.9560546875 0.64501953125 0.9443359375
0 0.65087890625 0.9521484375 0.63330078125 0.9521484375 0.63330078125 0.9658203125 0.65087890625 0.9658203125 0.65087890625 0.9521484375
0 0.6357421875 0.96533203125 0.625 0.96533203125 0.625 0.98681640625 0.6357421875 0.98681640625 0.6357421875 0.96533203125
0 0.66015625 0.96728515625 0.6396484375 0.96728515625 0.6396484375 0.98583984375 0.66015625 0.98583984375 0.66015625 0.96728515625
0 0.66650390625 1 0.66650390625 0.9853515625 0.63525390625 0.9853515625 0.63525390625 1 0.66650390625 1
0 0.59375 0.97998046875 0.56640625 0.97998046875 0.56640625 0.99853515625 0.59375 0.99853515625 0.59375 0.97998046875
0 0.54248046875 0.98828125 0.52685546875 0.98828125 0.52685546875 0.9990234375 0.54248046875 0.9990234375 0.54248046875 0.98828125
0 0.7431640625 1 0.7431640625 0.9833984375 0.7158203125 0.9833984375 0.7158203125 1 0.7431640625 1
0 0.7783203125 0.9072265625 0.759765625 0.9072265625 0.759765625 0.9248046875 0.7783203125 0.9248046875 0.7783203125 0.9072265625
0 0.787109375 0.9345703125 0.763671875 0.9345703125 0.763671875 0.9521484375 0.787109375 0.9521484375 0.787109375 0.9345703125
0 0.7978515625 0.91650390625 0.7783203125 0.91650390625 0.7783203125 0.93212890625 0.7978515625 0.93212890625 0.7978515625 0.91650390625
0 0.826171875 0.91650390625 0.8017578125 0.91650390625 0.8017578125 0.93505859375 0.826171875 0.93505859375 0.826171875 0.91650390625
0 0.849609375 0.91845703125 0.8408203125 0.91845703125 0.8408203125 0.93115234375 0.849609375 0.93115234375 0.849609375 0.91845703125
0 0.869140625 0.92333984375 0.857421875 0.92333984375 0.857421875 0.93212890625 0.869140625 0.93212890625 0.869140625 0.92333984375
0 0.91552734375 0.88134765625 0.87939453125 0.88134765625 0.87939453125 0.91650390625 0.91552734375 0.91650390625 0.91552734375 0.88134765625
0 0.98095703125 0.595703125 0.96435546875 0.595703125 0.96435546875 0.6171875 0.98095703125 0.6171875 0.98095703125 0.595703125
0 0.880859375 0.619140625 0.8681640625 0.619140625 0.8681640625 0.6279296875 0.880859375 0.6279296875 0.880859375 0.619140625
0 0.85791015625 0.61865234375 0.84521484375 0.61865234375 0.84521484375 0.63037109375 0.85791015625 0.63037109375 0.85791015625 0.61865234375
0 0.86328125 0.59326171875 0.8388671875 0.59326171875 0.8388671875 0.61474609375 0.86328125 0.61474609375 0.86328125 0.59326171875
0 0.87841796875 0.59619140625 0.86669921875 0.59619140625 0.86669921875 0.61572265625 0.87841796875 0.61572265625 0.87841796875 0.59619140625
0 0.9755859375 0.73681640625 0.9638671875 0.73681640625 0.9638671875 0.74658203125 0.9755859375 0.74658203125 0.9755859375 0.73681640625
0 0.81982421875 0.66259765625 0.81201171875 0.66259765625 0.81201171875 0.66943359375 0.81982421875 0.66943359375 0.81982421875 0.66259765625
0 0.990234375 0.34423828125 0.97265625 0.34423828125 0.97265625 0.35888671875 0.990234375 0.35888671875 0.990234375 0.34423828125
0 0.98046875 0.28466796875 0.9638671875 0.28466796875 0.9638671875 0.29638671875 0.98046875 0.29638671875 0.98046875 0.28466796875
0 0.9599609375 0.25830078125 0.9462890625 0.25830078125 0.9462890625 0.27490234375 0.9599609375 0.27490234375 0.9599609375 0.25830078125
0 0.9599609375 0.2490234375 0.951171875 0.2490234375 0.951171875 0.2568359375 0.9599609375 0.2568359375 0.9599609375 0.2490234375
0 0.88134765625 0.2763671875 0.87255859375 0.2763671875 0.87255859375 0.2841796875 0.88134765625 0.2841796875 0.88134765625 0.2763671875
0 0.88720703125 0.3173828125 0.88232421875 0.3173828125 0.88232421875 0.328125 0.88720703125 0.328125 0.88720703125 0.3173828125
0 0.9248046875 0.3095703125 0.912109375 0.3095703125 0.912109375 0.31640625 0.9248046875 0.31640625 0.9248046875 0.3095703125
0 0.8291015625 0.2841796875 0.81640625 0.2841796875 0.81640625 0.294921875 0.8291015625 0.294921875 0.8291015625 0.2841796875
0 0.8896484375 0.12841796875 0.873046875 0.12841796875 0.873046875 0.14794921875 0.8896484375 0.14794921875 0.8896484375 0.12841796875
0 0.9931640625 0.083984375 0.978515625 0.083984375 0.978515625 0.095703125 0.9931640625 0.095703125 0.9931640625 0.083984375
0 0.87841796875 0.04052734375 0.86279296875 0.04052734375 0.86279296875 0.05419921875 0.87841796875 0.05419921875 0.87841796875 0.04052734375
0 0.3115234375 0.048828125 0.2978515625 0.048828125 0.2978515625 0.05859375 0.3115234375 0.05859375 0.3115234375 0.048828125
0 0.30712890625 0.05712890625 0.29736328125 0.05712890625 0.29736328125 0.07373046875 0.30712890625 0.07373046875 0.30712890625 0.05712890625
0 0.29052734375 0.05029296875 0.27587890625 0.05029296875 0.27587890625 0.06689453125 0.29052734375 0.06689453125 0.29052734375 0.05029296875
0 0.26318359375 0.06689453125 0.24267578125 0.06689453125 0.24267578125 0.08154296875 0.26318359375 0.08154296875 0.26318359375 0.06689453125
0 0.24609375 0.04052734375 0.2216796875 0.04052734375 0.2216796875 0.05419921875 0.24609375 0.05419921875 0.24609375 0.04052734375
0 0.21142578125 0.03857421875 0.19677734375 0.03857421875 0.19677734375 0.04931640625 0.21142578125 0.04931640625 0.21142578125 0.03857421875
0 0.205078125 0.013671875 0.193359375 0.013671875 0.193359375 0.0322265625 0.205078125 0.0322265625 0.205078125 0.013671875
0 0.126953125 0 0.126953125 0.0185546875 0.154296875 0.0185546875 0.154296875 0 0.126953125 0
0 0.1279296875 0.0009765625 0.099609375 0.0009765625 0.099609375 0.0146484375 0.1279296875 0.0146484375 0.1279296875 0.0009765625
0 0 0.0751953125 0.01171875 0.0751953125 0.01171875 0.0634765625 0 0.0634765625 0 0.0751953125
0 0 0.13916015625 0.0087890625 0.13916015625 0.0087890625 0.12060546875 0 0.12060546875 0 0.13916015625
0 0 0.185546875 0.0068359375 0.185546875 0.0068359375 0.1689453125 0 0.1689453125 0 0.185546875
0 0.09423828125 0.173828125 0.07958984375 0.173828125 0.07958984375 0.1865234375 0.09423828125 0.1865234375 0.09423828125 0.173828125
0 0.11962890625 0.1650390625 0.11181640625 0.1650390625 0.11181640625 0.1728515625 0.11962890625 0.1728515625 0.11962890625 0.1650390625
0 0.130859375 0.1337890625 0.11328125 0.1337890625 0.11328125 0.1533203125 0.130859375 0.1533203125 0.130859375 0.1337890625
0 0.1455078125 0.15673828125 0.1318359375 0.15673828125 0.1318359375 0.17333984375 0.1455078125 0.17333984375 0.1455078125 0.15673828125
0 0.173828125 0.12939453125 0.1611328125 0.12939453125 0.1611328125 0.15087890625 0.173828125 0.15087890625 0.173828125 0.12939453125
0 0.1904296875 0.07470703125 0.1650390625 0.07470703125 0.1650390625 0.11474609375 0.1904296875 0.11474609375 0.1904296875 0.07470703125
0 0.228515625 0.14013671875 0.212890625 0.14013671875 0.212890625 0.15771484375 0.228515625 0.15771484375 0.228515625 0.14013671875
0 0.208984375 0.2119140625 0.1748046875 0.2119140625 0.1748046875 0.2470703125 0.208984375 0.2470703125 0.208984375 0.2119140625
0 0.18115234375 0.2216796875 0.17529296875 0.2216796875 0.17529296875 0.228515625 0.18115234375 0.228515625 0.18115234375 0.2216796875
0 0.126953125 0.2109375 0.099609375 0.2109375 0.099609375 0.2275390625 0.126953125 0.2275390625 0.126953125 0.2109375
0 0.25537109375 0.21826171875 0.23876953125 0.21826171875 0.23876953125 0.23583984375 0.25537109375 0.23583984375 0.25537109375 0.21826171875
0 0.27587890625 0.16943359375 0.26416015625 0.16943359375 0.26416015625 0.18505859375 0.27587890625 0.18505859375 0.27587890625 0.16943359375
0 0.33251953125 0.11328125 0.28369140625 0.11328125 0.28369140625 0.1591796875 0.33251953125 0.1591796875 0.33251953125 0.11328125
0 0.3271484375 0.18408203125 0.3095703125 0.18408203125 0.3095703125 0.20654296875 0.3271484375 0.20654296875 0.3271484375 0.18408203125
0 0.2958984375 0.20654296875 0.2783203125 0.20654296875 0.2783203125 0.22705078125 0.2958984375 0.22705078125 0.2958984375 0.20654296875
0 0.291015625 0.25048828125 0.2802734375 0.25048828125 0.2802734375 0.26318359375 0.291015625 0.26318359375 0.291015625 0.25048828125
0 0.28759765625 0.26806640625 0.27001953125 0.26806640625 0.27001953125 0.30029296875 0.28759765625 0.30029296875 0.28759765625 0.26806640625
0 0.22412109375 0.23876953125 0.21533203125 0.23876953125 0.21533203125 0.24755859375 0.22412109375 0.24755859375 0.22412109375 0.23876953125
0 0.18798828125 0.30908203125 0.17626953125 0.30908203125 0.17626953125 0.32080078125 0.18798828125 0.32080078125 0.18798828125 0.30908203125
0 0.14208984375 0.33056640625 0.13134765625 0.33056640625 0.13134765625 0.33935546875 0.14208984375 0.33935546875 0.14208984375 0.33056640625
0 0.2275390625 0.3515625 0.1982421875 0.3515625 0.1982421875 0.373046875 0.2275390625 0.373046875 0.2275390625 0.3515625
0 0.3349609375 0.34130859375 0.3212890625 0.34130859375 0.3212890625 0.36083984375 0.3349609375 0.36083984375 0.3349609375 0.34130859375
0 0.2578125 0.39208984375 0.232421875 0.39208984375 0.232421875 0.41845703125 0.2578125 0.41845703125 0.2578125 0.39208984375
0 0.20263671875 0.41943359375 0.18798828125 0.41943359375 0.18798828125 0.43505859375 0.20263671875 0.43505859375 0.20263671875 0.41943359375
0 0.12646484375 0.431640625 0.10595703125 0.431640625 0.10595703125 0.4501953125 0.12646484375 0.4501953125 0.12646484375 0.431640625
0 0.2275390625 0.44580078125 0.21875 0.44580078125 0.21875 0.45654296875 0.2275390625 0.45654296875 0.2275390625 0.44580078125
0 0.21240234375 0.46484375 0.20361328125 0.46484375 0.20361328125 0.4765625 0.21240234375 0.4765625 0.21240234375 0.46484375
0 0.23974609375 0.4697265625 0.22021484375 0.4697265625 0.22021484375 0.4873046875 0.23974609375 0.4873046875 0.23974609375 0.4697265625
0 0.30224609375 0.4677734375 0.29052734375 0.4677734375 0.29052734375 0.486328125 0.30224609375 0.486328125 0.30224609375 0.4677734375
0 0.3359375 0.45361328125 0.3203125 0.45361328125 0.3203125 0.46240234375 0.3359375 0.46240234375 0.3359375 0.45361328125
0 0.216796875 0.51220703125 0.185546875 0.51220703125 0.185546875 0.56982421875 0.216796875 0.56982421875 0.216796875 0.51220703125
0 0.1806640625 0.5107421875 0.1748046875 0.5107421875 0.1748046875 0.5302734375 0.1806640625 0.5302734375 0.1806640625 0.5107421875
0 0.18310546875 0.54296875 0.16845703125 0.54296875 0.16845703125 0.55859375 0.18310546875 0.55859375 0.18310546875 0.54296875
0 0.12353515625 0.54541015625 0.10986328125 0.54541015625 0.10986328125 0.56005859375 0.12353515625 0.56005859375 0.12353515625 0.54541015625
0 0.1748046875 0.60498046875 0.146484375 0.60498046875 0.146484375 0.63232421875 0.1748046875 0.63232421875 0.1748046875 0.60498046875
0 0.1416015625 0.62060546875 0.12890625 0.62060546875 0.12890625 0.62939453125 0.1416015625 0.62939453125 0.1416015625 0.62060546875
0 0.2265625 0.61865234375 0.2080078125 0.61865234375 0.2080078125 0.63134765625 0.2265625 0.63134765625 0.2265625 0.61865234375
0 0.28271484375 0.576171875 0.26123046875 0.576171875 0.26123046875 0.5986328125 0.28271484375 0.5986328125 0.28271484375 0.576171875
0 0.3388671875 0.5859375 0.314453125 0.5859375 0.314453125 0.6083984375 0.3388671875 0.6083984375 0.3388671875 0.5859375
0 0.3095703125 0.603515625 0.302734375 0.603515625 0.302734375 0.61328125 0.3095703125 0.61328125 0.3095703125 0.603515625
0 0.32763671875 0.634765625 0.30126953125 0.634765625 0.30126953125 0.662109375 0.32763671875 0.662109375 0.32763671875 0.634765625
0 0.27587890625 0.6328125 0.26318359375 0.6328125 0.26318359375 0.6494140625 0.27587890625 0.6494140625 0.27587890625 0.6328125
0 0.26025390625 0.6748046875 0.23095703125 0.6748046875 0.23095703125 0.71484375 0.26025390625 0.71484375 0.26025390625 0.6748046875
0 0.2763671875 0.67236328125 0.255859375 0.67236328125 0.255859375 0.69189453125 0.2763671875 0.69189453125 0.2763671875 0.67236328125
0 0.34814453125 0.72265625 0.33056640625 0.72265625 0.33056640625 0.7392578125 0.34814453125 0.7392578125 0.34814453125 0.72265625
0 0.35595703125 0.73291015625 0.34814453125 0.73291015625 0.34814453125 0.74267578125 0.35595703125 0.74267578125 0.35595703125 0.73291015625
0 0.2783203125 0.7421875 0.240234375 0.7421875 0.240234375 0.771484375 0.2783203125 0.771484375 0.2783203125 0.7421875
0 0.25927734375 0.712890625 0.24658203125 0.712890625 0.24658203125 0.7275390625 0.25927734375 0.7275390625 0.25927734375 0.712890625
0 0.234375 0.66259765625 0.2265625 0.66259765625 0.2265625 0.67919921875 0.234375 0.67919921875 0.234375 0.66259765625
0 0.21435546875 0.72509765625 0.19091796875 0.72509765625 0.19091796875 0.74951171875 0.21435546875 0.74951171875 0.21435546875 0.72509765625
0 0.154296875 0.6552734375 0.140625 0.6552734375 0.140625 0.6767578125 0.154296875 0.6767578125 0.154296875 0.6552734375
0 0.13916015625 0.701171875 0.12451171875 0.701171875 0.12451171875 0.7197265625 0.13916015625 0.7197265625 0.13916015625 0.701171875
0 0.1552734375 0.72802734375 0.138671875 0.72802734375 0.138671875 0.74462890625 0.1552734375 0.74462890625 0.1552734375 0.72802734375
0 0.0927734375 0.71337890625 0.0859375 0.71337890625 0.0859375 0.72021484375 0.0927734375 0.72021484375 0.0927734375 0.71337890625
0 0.05224609375 0.66357421875 0.03955078125 0.66357421875 0.03955078125 0.66845703125 0.05224609375 0.66845703125 0.05224609375 0.66357421875
0 0.0478515625 0.6396484375 0.037109375 0.6396484375 0.037109375 0.6513671875 0.0478515625 0.6513671875 0.0478515625 0.6396484375
0 0.05078125 0.71142578125 0.0322265625 0.71142578125 0.0322265625 0.72998046875 0.05078125 0.72998046875 0.05078125 0.71142578125
0 0.0595703125 0.7119140625 0.0537109375 0.7119140625 0.0537109375 0.724609375 0.0595703125 0.724609375 0.0595703125 0.7119140625
0 0.11474609375 0.71533203125 0.09423828125 0.71533203125 0.09423828125 0.73583984375 0.11474609375 0.73583984375 0.11474609375 0.71533203125
0 0.13720703125 0.7490234375 0.12060546875 0.7490234375 0.12060546875 0.7626953125 0.13720703125 0.7626953125 0.13720703125 0.7490234375
0 0.13427734375 0.7607421875 0.12646484375 0.7607421875 0.12646484375 0.7724609375 0.13427734375 0.7724609375 0.13427734375 0.7607421875
0 0.15576171875 0.75 0.13818359375 0.75 0.13818359375 0.763671875 0.15576171875 0.763671875 0.15576171875 0.75
0 0.08740234375 0.79052734375 0.06982421875 0.79052734375 0.06982421875 0.81103515625 0.08740234375 0.81103515625 0.08740234375 0.79052734375
0 0.1455078125 0.826171875 0.1337890625 0.826171875 0.1337890625 0.833984375 0.1455078125 0.833984375 0.1455078125 0.826171875
0 0.15625 0.7919921875 0.1357421875 0.7919921875 0.1357421875 0.8115234375 0.15625 0.8115234375 0.15625 0.7919921875
0 0.19091796875 0.75244140625 0.16943359375 0.75244140625 0.16943359375 0.78759765625 0.19091796875 0.78759765625 0.19091796875 0.75244140625
0 0.21240234375 0.76708984375 0.19873046875 0.76708984375 0.19873046875 0.78173828125 0.21240234375 0.78173828125 0.21240234375 0.76708984375
0 0.19970703125 0.7666015625 0.18798828125 0.7666015625 0.18798828125 0.7880859375 0.19970703125 0.7880859375 0.19970703125 0.7666015625
0 0.21533203125 0.80078125 0.19189453125 0.80078125 0.19189453125 0.8203125 0.21533203125 0.8203125 0.21533203125 0.80078125
0 0.19482421875 0.81884765625 0.18115234375 0.81884765625 0.18115234375 0.83642578125 0.19482421875 0.83642578125 0.19482421875 0.81884765625
0 0.236328125 0.82275390625 0.2197265625 0.82275390625 0.2197265625 0.84130859375 0.236328125 0.84130859375 0.236328125 0.82275390625
0 0.1484375 0.9091796875 0.1279296875 0.9091796875 0.1279296875 0.92578125 0.1484375 0.92578125 0.1484375 0.9091796875
0 0.19384765625 0.91357421875 0.17919921875 0.91357421875 0.17919921875 0.92919921875 0.19384765625 0.92919921875 0.19384765625 0.91357421875
0 0.173828125 0.8935546875 0.1484375 0.8935546875 0.1484375 0.912109375 0.173828125 0.912109375 0.173828125 0.8935546875
0 0.158203125 0.83984375 0.1298828125 0.83984375 0.1298828125 0.8740234375 0.158203125 0.8740234375 0.158203125 0.83984375
0 0.09423828125 0.85791015625 0.08447265625 0.85791015625 0.08447265625 0.86865234375 0.09423828125 0.86865234375 0.09423828125 0.85791015625
0 0.08203125 0.8486328125 0.0615234375 0.8486328125 0.0615234375 0.8720703125 0.08203125 0.8720703125 0.08203125 0.8486328125
0 0.05126953125 0.83447265625 0.03759765625 0.83447265625 0.03759765625 0.85009765625 0.05126953125 0.85009765625 0.05126953125 0.83447265625
0 0.021484375 0.84228515625 0.0078125 0.84228515625 0.0078125 0.85791015625 0.021484375 0.85791015625 0.021484375 0.84228515625
0 0.044921875 0.86474609375 0.029296875 0.86474609375 0.029296875 0.88720703125 0.044921875 0.88720703125 0.044921875 0.86474609375
0 0.04443359375 0.93212890625 0.03369140625 0.93212890625 0.03369140625 0.94873046875 0.04443359375 0.94873046875 0.04443359375 0.93212890625
0 0.02685546875 0.982421875 0.00830078125 0.982421875 0.00830078125 0.99609375 0.02685546875 0.99609375 0.02685546875 0.982421875
0 0.0751953125 0.94140625 0.05078125 0.94140625 0.05078125 0.9716796875 0.0751953125 0.9716796875 0.0751953125 0.94140625
0 0.111328125 0.951171875 0.072265625 0.951171875 0.072265625 0.9765625 0.111328125 0.9765625 0.111328125 0.951171875
0 0.162109375 0.9677734375 0.134765625 0.9677734375 0.134765625 0.9990234375 0.162109375 0.9990234375 0.162109375 0.9677734375
0 0.19873046875 0.990234375 0.19189453125 0.990234375 0.19189453125 0.9970703125 0.19873046875 0.9970703125 0.19873046875 0.990234375
0 0.236328125 1 0.236328125 0.9892578125 0.2158203125 0.9892578125 0.2158203125 1 0.236328125 1
0 0.25439453125 0.9482421875 0.22314453125 0.9482421875 0.22314453125 0.982421875 0.25439453125 0.982421875 0.25439453125 0.9482421875
0 0.2353515625 0.90576171875 0.212890625 0.90576171875 0.212890625 0.92529296875 0.2353515625 0.92529296875 0.2353515625 0.90576171875
0 0.23974609375 0.9013671875 0.22607421875 0.9013671875 0.22607421875 0.9189453125 0.23974609375 0.9189453125 0.23974609375 0.9013671875
0 0.28662109375 0.896484375 0.24072265625 0.896484375 0.24072265625 0.923828125 0.28662109375 0.923828125 0.28662109375 0.896484375
0 0.275390625 0.92578125 0.2685546875 0.92578125 0.2685546875 0.935546875 0.275390625 0.935546875 0.275390625 0.92578125
0 0.26025390625 0.92041015625 0.24853515625 0.92041015625 0.24853515625 0.93603515625 0.26025390625 0.93603515625 0.26025390625 0.92041015625
0 0.248046875 0.9208984375 0.2236328125 0.9208984375 0.2236328125 0.9375 0.248046875 0.9375 0.248046875 0.9208984375
0 0.12890625 0.974609375 0.1083984375 0.974609375 0.1083984375 0.98828125 0.12890625 0.98828125 0.12890625 0.974609375
0 0.12646484375 0.9912109375 0.10986328125 0.9912109375 0.10986328125 0.998046875 0.12646484375 0.998046875 0.12646484375 0.9912109375
0 0.09912109375 1 0.09912109375 0.9931640625 0.08544921875 0.9931640625 0.08544921875 1 0.09912109375 1
0 0.0859375 1 0.0859375 0.9951171875 0.07421875 0.9951171875 0.07421875 1 0.0859375 1
0 0.05908203125 1 0.05908203125 0.9951171875 0.03857421875 0.9951171875 0.03857421875 1 0.05908203125 1
0 0.3291015625 0.9599609375 0.3037109375 0.9599609375 0.3037109375 0.984375 0.3291015625 0.984375 0.3291015625 0.9599609375
0 0.37353515625 1 0.37353515625 0.994140625 0.35888671875 0.994140625 0.35888671875 1 0.37353515625 1
0 0.3525390625 1 0.3525390625 0.9873046875 0.3330078125 0.9873046875 0.3330078125 1 0.3525390625 1
0 0.306640625 0.97998046875 0.2861328125 0.97998046875 0.2861328125 0.99658203125 0.306640625 0.99658203125 0.306640625 0.97998046875
0 0.28662109375 1 0.28662109375 0.9765625 0.26123046875 0.9765625 0.26123046875 1 0.28662109375 1
0 0.48388671875 0.802734375 0.47314453125 0.802734375 0.47314453125 0.81640625 0.48388671875 0.81640625 0.48388671875 0.802734375
0 0.37841796875 0.84130859375 0.36865234375 0.84130859375 0.36865234375 0.85498046875 0.37841796875 0.85498046875 0.37841796875 0.84130859375
0 0.5 0.7734375 0.4833984375 0.7734375 0.4833984375 0.787109375 0.5 0.787109375 0.5 0.7734375
0 0.53271484375 0.8056640625 0.51806640625 0.8056640625 0.51806640625 0.8193359375 0.53271484375 0.8193359375 0.53271484375 0.8056640625
0 0.53857421875 0.79931640625 0.51416015625 0.79931640625 0.51416015625 0.82861328125 0.53857421875 0.82861328125 0.53857421875 0.79931640625
0 0.54736328125 0.7861328125 0.53662109375 0.7861328125 0.53662109375 0.802734375 0.54736328125 0.802734375 0.54736328125 0.7861328125
0 0.5537109375 0.75830078125 0.5263671875 0.75830078125 0.5263671875 0.77490234375 0.5537109375 0.77490234375 0.5537109375 0.75830078125
0 0.5947265625 0.736328125 0.5771484375 0.736328125 0.5771484375 0.7724609375 0.5947265625 0.7724609375 0.5947265625 0.736328125
0 0.5791015625 0.76220703125 0.548828125 0.76220703125 0.548828125 0.79541015625 0.5791015625 0.79541015625 0.5791015625 0.76220703125
0 0.50927734375 0.806640625 0.49169921875 0.806640625 0.49169921875 0.8251953125 0.50927734375 0.8251953125 0.50927734375 0.806640625
0 0.51416015625 0.81640625 0.50537109375 0.81640625 0.50537109375 0.833984375 0.51416015625 0.833984375 0.51416015625 0.81640625
0 0.505859375 0.82470703125 0.4814453125 0.82470703125 0.4814453125 0.84619140625 0.505859375 0.84619140625 0.505859375 0.82470703125
0 0.478515625 0.8193359375 0.46875 0.8193359375 0.46875 0.8271484375 0.478515625 0.8271484375 0.478515625 0.8193359375
0 0.2724609375 0.87744140625 0.2626953125 0.87744140625 0.2626953125 0.88525390625 0.2724609375 0.88525390625 0.2724609375 0.87744140625
0 0.37841796875 0.658203125 0.36865234375 0.658203125 0.36865234375 0.6689453125 0.37841796875 0.6689453125 0.37841796875 0.658203125
0 0.3837890625 0.546875 0.373046875 0.546875 0.373046875 0.5576171875 0.3837890625 0.5576171875 0.3837890625 0.546875
0 0.138671875 0.078125 0.1318359375 0.078125 0.1318359375 0.0869140625 0.138671875 0.0869140625 0.138671875 0.078125
0 0.09521484375 0.271484375 0.07470703125 0.271484375 0.07470703125 0.2890625 0.09521484375 0.2890625 0.09521484375 0.271484375
0 0.09130859375 0.3037109375 0.08056640625 0.3037109375 0.08056640625 0.3212890625 0.09130859375 0.3212890625 0.09130859375 0.3037109375
0 0.06201171875 0.3056640625 0.04736328125 0.3056640625 0.04736328125 0.3251953125 0.06201171875 0.3251953125 0.06201171875 0.3056640625
0 0.06884765625 0.3173828125 0.05810546875 0.3173828125 0.05810546875 0.3232421875 0.06884765625 0.3232421875 0.06884765625 0.3173828125
0 0.0751953125 0.29541015625 0.0537109375 0.29541015625 0.0537109375 0.32666015625 0.0751953125 0.32666015625 0.0751953125 0.29541015625
0 0.0673828125 0.3623046875 0.0400390625 0.3623046875 0.0400390625 0.3798828125 0.0673828125 0.3798828125 0.0673828125 0.3623046875
0 0.07666015625 0.39013671875 0.06494140625 0.39013671875 0.06494140625 0.40380859375 0.07666015625 0.40380859375 0.07666015625 0.39013671875
0 0.06591796875 0.38671875 0.05224609375 0.38671875 0.05224609375 0.3974609375 0.06591796875 0.3974609375 0.06591796875 0.38671875
0 0.06787109375 0.48974609375 0.05810546875 0.48974609375 0.05810546875 0.50048828125 0.06787109375 0.50048828125 0.06787109375 0.48974609375
0 0.09619140625 0.51806640625 0.08740234375 0.51806640625 0.08740234375 0.52783203125 0.09619140625 0.52783203125 0.09619140625 0.51806640625
0 0.06103515625 0.5361328125 0.05126953125 0.5361328125 0.05126953125 0.544921875 0.06103515625 0.544921875 0.06103515625 0.5361328125
0 0.07568359375 0.5517578125 0.06591796875 0.5517578125 0.06591796875 0.564453125 0.07568359375 0.564453125 0.07568359375 0.5517578125
0 0.03515625 0.54150390625 0.0166015625 0.54150390625 0.0166015625 0.55810546875 0.03515625 0.55810546875 0.03515625 0.54150390625
0 0.052734375 0.46826171875 0.041015625 0.46826171875 0.041015625 0.47705078125 0.052734375 0.47705078125 0.052734375 0.46826171875
0 0.7255859375 0.421875 0.7119140625 0.421875 0.7119140625 0.4306640625 0.7255859375 0.4306640625 0.7255859375 0.421875
0 0.75927734375 0.5234375 0.75244140625 0.5234375 0.75244140625 0.533203125 0.75927734375 0.533203125 0.75927734375 0.5234375
0 0.8876953125 0.53955078125 0.880859375 0.53955078125 0.880859375 0.54638671875 0.8876953125 0.54638671875 0.8876953125 0.53955078125
0 0.876953125 0.5576171875 0.8740234375 0.5576171875 0.8740234375 0.56640625 0.876953125 0.56640625 0.876953125 0.5576171875
0 0.60205078125 0.591796875 0.59228515625 0.591796875 0.59228515625 0.6025390625 0.60205078125 0.6025390625 0.60205078125 0.591796875
0 0.7060546875 0.31884765625 0.697265625 0.31884765625 0.697265625 0.32861328125 0.7060546875 0.32861328125 0.7060546875 0.31884765625
0 0.79736328125 0.2841796875 0.78759765625 0.2841796875 0.78759765625 0.2919921875 0.79736328125 0.2919921875 0.79736328125 0.2841796875
0 0.9189453125 0.248046875 0.9072265625 0.248046875 0.9072265625 0.259765625 0.9189453125 0.259765625 0.9189453125 0.248046875
0 0.958984375 0.14697265625 0.9443359375 0.14697265625 0.9443359375 0.15380859375 0.958984375 0.15380859375 0.958984375 0.14697265625
0 0.96044921875 0.12158203125 0.94677734375 0.12158203125 0.94677734375 0.12646484375 0.96044921875 0.12646484375 0.96044921875 0.12158203125
0 0.990234375 0.4619140625 0.978515625 0.4619140625 0.978515625 0.470703125 0.990234375 0.470703125 0.990234375 0.4619140625
0 0.06494140625 0.2705078125 0.05615234375 0.2705078125 0.05615234375 0.2802734375 0.06494140625 0.2802734375 0.06494140625 0.2705078125