0 0.298807309375 0.438527209375 0.290297325 0.42542298125 0.277193096875 0.4339329671875 0.2857030828125 0.44703719375000006 0.298807309375 0.438527209375
0 0.25503065937499997 0.41863278125000003 0.24652067500000002 0.4055285546875 0.235054475 0.41297479062500003 0.2435644609375 0.42607901875 0.25503065937499997 0.41863278125000003
0 0.4536033296875 0.5289659328125 0.4477527140625 0.5199567765625 0.44038158593750004 0.52474364375 0.44623220156250004 0.5337528 0.4536033296875 0.5289659328125
0 0.4755634390625 0.538575425 0.46545783281249997 0.5230141546875 0.44662050468750003 0.5352472578125 0.4567261125 0.5508085281249999 0.4755634390625 0.538575425
0 0.5012182828125 0.37636281562499996 0.49270829843749997 0.3632585875 0.48451815624999994 0.368577328125 0.493028140625 0.38168155625 0.5012182828125 0.37636281562499996
0 0.68156798125 0.30174358125 0.6757173671875 0.292734425 0.667527225 0.298053165625 0.6733778390625 0.30706232187500004 0.68156798125 0.30174358125
0 0.7556238984375 0.36019528749999996 0.7481776625000001 0.3487290890625 0.738349490625 0.355111578125 0.745795728125 0.3665777765625 0.7556238984375 0.36019528749999996
0 0.7273679078125 0.3785449421875 0.7199216703125 0.36707874375 0.708455471875 0.37452498125 0.715901709375 0.3859911796875 0.7273679078125 0.3785449421875
0 0.5879259796875 0.28395724218749996 0.5826072390625 0.27576710000000004 0.5735980828125 0.28161771562500004 0.5789168234375001 0.28980785781249996 0.5879259796875 0.28395724218749996
0 0.557667915625 0.24363956875 0.54915793125 0.2305353421875 0.5385107453125 0.2374497046875 0.5470207312500001 0.2505539328125 0.557667915625 0.24363956875
0 0.3659937921875 0.28020069531249997 0.35854755625 0.268734496875 0.345443328125 0.27724448125 0.352889565625 0.28871068125 0.3659937921875 0.28020069531249997
0 0.37338791875 0.3184823328125 0.36700543125 0.3086541625 0.3604533171875 0.31290915468749997 0.3668358046875 0.32273732499999996 0.37338791875 0.3184823328125
0 0.11236531875 0.4454911609375 0.1086422015625 0.4397580609375 0.1020900875 0.44401305312500006 0.10581320624999999 0.449746153125 0.11236531875 0.4454911609375
0 0.07899650625 0.5509991656250001 0.0726140171875 0.54117099375 0.061147818750000006 0.54861723125 0.0675303078125 0.5584454015625 0.07899650625 0.5509991656250001
0 0.12037181562499999 0.635331575 0.1102662078125 0.6197703046874999 0.1004380375 0.62615279375 0.11054364531250001 0.6417140640625 0.12037181562499999 0.635331575
0 0.3042609859375 0.761604596875 0.294687253125 0.746862340625 0.2815830265625 0.7553723265625 0.291156759375 0.7701145828125 0.3042609859375 0.761604596875
0 0.1721023171875 0.725747834375 0.1609329625 0.7085485359375 0.1494667625 0.7159947734375 0.16063611875 0.7331940718750001 0.1721023171875 0.725747834375
0 0.1467310234375 0.7969517578125 0.136625415625 0.7813904875000001 0.12106414531250001 0.7914960953125 0.131169753125 0.807057365625 0.1467310234375 0.7969517578125
0 0.249960053125 0.8958435046875 0.2451731859375 0.8884723765625001 0.23370698750000002 0.8959186140625001 0.238493853125 0.9032897406249999 0.249960053125 0.8958435046875
0 0.38817598124999997 0.788618771875 0.38126161875000003 0.7779715875 0.37143344843750004 0.784354075 0.3783478109375 0.7950012609375 0.38817598124999997 0.788618771875
0 0.35782340156250003 0.7786373265625001 0.3493134171875 0.7655331000000001 0.340304259375 0.7713837140625001 0.3488142453125 0.7844879421875001 0.35782340156250003 0.7786373265625001
0 0.44603885156249995 0.7522066015625 0.43433762187499997 0.7341882890625 0.41959536562500005 0.7437620218750001 0.43129659531250003 0.761780334375 0.44603885156249995 0.7522066015625
0 0.46979332031250004 0.68030603125 0.4644745796875 0.6721158890625001 0.45382739531249994 0.6790302515625 0.4591461359375 0.68722039375 0.46979332031250004 0.68030603125
0 0.4539188546875 0.7051702453125 0.447536365625 0.695342075 0.43934622343749996 0.700660815625 0.44572871249999996 0.7104889859375 0.4539188546875 0.7051702453125
0 0.44886119999999996 0.709036934375 0.43822371875000005 0.69265665 0.41774836249999997 0.7059535015625 0.42838584375 0.7223337859375001 0.44886119999999996 0.709036934375
0 0.2326245578125 0.6934307359375 0.22624206875000002 0.683602565625 0.2147758703125 0.6910488031249999 0.22115835781249998 0.7008769734375 0.2326245578125 0.6934307359375
0 0.22775772968750002 0.681453865625 0.22243898906249998 0.6732637234375 0.21261081874999999 0.6796462125 0.217929559375 0.6878363546874999 0.22775772968750002 0.681453865625
0 0.180013228125 0.6536564359375 0.1651207546875 0.6307240375000001 0.1454644125 0.6434890156249999 0.1603568859375 0.6664214140625 0.180013228125 0.6536564359375
0 0.3635421359375 0.41628301562500003 0.355564025 0.4039978015625 0.3424597984375 0.41250778749999994 0.35043790937499997 0.42479300000000003 0.3635421359375 0.41628301562500003
0 0.349581340625 0.41719834218749996 0.3410713546875 0.40409411406249995 0.3271481140625 0.41313597343749997 0.3356580984375 0.42624019999999996 0.349581340625 0.41719834218749996
0 0.4998704515625 0.31959945156249997 0.48976484375 0.30403818125000004 0.47584160156250005 0.313080040625 0.485947209375 0.32864131093750004 0.4998704515625 0.31959945156249997
0 0.7418794515625 0.185725315625 0.7349650875 0.1750781296875 0.7251369171875 0.18146061875 0.7320512796875 0.1921078046875 0.7418794515625 0.185725315625
0 0.7486065765625 0.3018738578125 0.7400965921875 0.28876962968750003 0.7237163078125 0.2994071109375 0.7322262921875 0.3125113390625 0.7486065765625 0.3018738578125
0 0.7248061109374999 0.2876374203125 0.7141686296875001 0.2712571359375 0.698607359375 0.2813627421875 0.709244840625 0.29774302656249996 0.7248061109374999 0.2876374203125
0 0.7331331750000001 0.24846165937500003 0.728346309375 0.24109053125000002 0.71524208125 0.24960051718749998 0.7200289468750001 0.2569716453125 0.7331331750000001 0.24846165937500003
0 0.7354042421875 0.2510622734375 0.7205117671875 0.22812987499999998 0.7024934546875 0.239831103125 0.717385928125 0.2627635015625 0.7354042421875 0.2510622734375
0 0.87670108125 0.315334946875 0.86978671875 0.3046877625 0.8591395343749999 0.311602125 0.866053896875 0.32224930937499996 0.87670108125 0.315334946875
0 0.9105581015625 0.3154718703125 0.9052393609375 0.307281728125 0.89704921875 0.31260046875 0.902367959375 0.3207906109375 0.9105581015625 0.3154718703125
0 0.944379896875 0.49844517968749996 0.9385292828124999 0.48943602343750003 0.9287011109375 0.4958185125 0.9345517265625001 0.50482766875 0.944379896875 0.49844517968749996
0 0.8517216828124999 0.4776911265625 0.8453391937499999 0.46786295625 0.8387870796874999 0.4721179484375 0.84516956875 0.48194611875 0.8517216828124999 0.4776911265625
0 0.567521415625 0.4712885046875 0.5627345484374999 0.46391737656250004 0.5537253921875 0.469767990625 0.558512259375 0.47713911875 0.567521415625 0.4712885046875
0 0.56503293125 0.3518051484375 0.5613098125 0.3460720484375 0.553938684375 0.350858915625 0.557661803125 0.356592015625 0.56503293125 0.3518051484375
0 0.494357634375 0.7773022546874999 0.48691139687499996 0.7658360562500001 0.47790224062500003 0.7716866703124999 0.485348478125 0.7831528703124999 0.494357634375 0.7773022546874999
0 0.5021382703125 0.7722494515625 0.489905165625 0.753412125 0.46942981093749997 0.7667089765624999 0.48166291406250006 0.7855463031250001 0.5021382703125 0.7722494515625
0 0.3285782359375 0.6654679984375 0.3232594953125 0.65727785625 0.313431325 0.6636603453125 0.318750065625 0.6718504875 0.3285782359375 0.6654679984375
0 0.3377049078125 0.672349659375 0.3222805609375 0.6485982453125 0.2985291484375 0.6640225937500001 0.3139534953125 0.68777400625 0.3377049078125 0.672349659375
0 0.0276711953125 0.6180983140625 0.019161209375 0.6049940859375 0.0060569828125 0.6135040703125 0.014566967187499998 0.6266082984375 0.0276711953125 0.6180983140625
0 0.08467569999999999 0.5292625859375 0.0820163296875 0.5251675140625001 0.0746452015625 0.5299543812499999 0.077304571875 0.5340494515625 0.08467569999999999 0.5292625859375
0 0.089137871875 0.5298580687500001 0.07743664375 0.51183975625 0.058599315625 0.524072859375 0.07030054531249999 0.542091171875 0.089137871875 0.5298580687500001
0 0.1320773625 0.49556854375 0.126758621875 0.48737840156249995 0.117749465625 0.493229015625 0.12306820468749999 0.5014191578125 0.1320773625 0.49556854375
0 0.1086991625 0.4012953 0.09806168125 0.38491501562499997 0.08823351093750001 0.391297503125 0.09887099218749999 0.40767778750000006 0.1086991625 0.4012953
0 0.107007228125 0.3843455859375 0.0995609921875 0.3728793875 0.0864567640625 0.381389371875 0.0939030015625 0.39285557187500003 0.107007228125 0.3843455859375
0 0.0685685359375 0.7196251703125001 0.0611222984375 0.708158971875 0.0480180703125 0.71666895625 0.0554643078125 0.72813515625 0.0685685359375 0.7196251703125001
0 0.07742441718750001 0.737744646875 0.06625506249999999 0.7205453484375 0.053150834375 0.7290553328125 0.064320190625 0.7462546328124999 0.07742441718750001 0.737744646875
0 0.2271658375 0.7755738359375 0.22078335 0.765745665625 0.21505025 0.769468784375 0.2214327390625 0.7792969546874999 0.2271658375 0.7755738359375
0 0.23019716093749998 0.7712764375 0.2211553015625 0.7573531953125 0.20559403125000003 0.767458803125 0.21463589062500002 0.7813820453125 0.23019716093749998 0.7712764375
0 0.22974039531249998 0.7867104890625 0.22335790625000002 0.77688231875 0.2159867796875 0.781669184375 0.2223692671875 0.7914973562500001 0.22974039531249998 0.7867104890625
0 0.22619840156249998 0.7884284781249999 0.2139652984375 0.7695911515625 0.196766 0.78076050625 0.20899910312499997 0.7995978328125 0.22619840156249998 0.7884284781249999
0 0.5166334609375001 0.5695428953125 0.5102509734375 0.559714725 0.4996037875 0.5666290875 0.5059862765625 0.5764572593749999 0.5166334609375001 0.5695428953125
0 0.57550796875 0.5615841921875 0.5643386140625 0.54438489375 0.5495963578125 0.5539586265625001 0.5607657140625 0.5711579265625 0.57550796875 0.5615841921875
0 0.5599466984375 0.5716897999999999 0.5493092171875 0.5553095156250001 0.53210991875 0.5664788703125 0.5427474 0.5828591546874999 0.5599466984375 0.5716897999999999
0 0.5476941875 0.5994417671875001 0.5365248328125001 0.58224246875 0.5234206046875001 0.590752453125 0.5345899609375 0.6079517515624999 0.5476941875 0.5994417671875001
0 0.55279425 0.5920542875 0.540029271875 0.572397946875 0.5121827890625 0.5904816640624999 0.524947765625 0.6101380062499999 0.55279425 0.5920542875
0 0.5298340015624999 0.57552558125 0.5213240156250001 0.562421353125 0.5041247171875 0.573590709375 0.5126347015625 0.5866949359375 0.5298340015624999 0.57552558125
0 0.5414637124999999 0.6669486265625 0.5350812234375 0.65712045625 0.5252530531249999 0.6635029453125 0.5316355421875001 0.673331115625 0.5414637124999999 0.6669486265625
0 0.54527164375 0.6656401453125 0.5351660359375 0.650078875 0.5146906812500001 0.6633757265625 0.5247962875 0.678936996875 0.54527164375 0.6656401453125
0 0.8568774453125 0.5331460078125 0.8510268312499999 0.5241368515625 0.8444747171874999 0.5283918437499999 0.85032533125 0.537401 0.8568774453125 0.5331460078125
0 0.8812685437500001 0.554567596875 0.8716948109375 0.539825340625 0.8585905828125 0.548335325 0.8681643156250001 0.56307758125 0.8812685437500001 0.554567596875
0 0.639366284375 0.4322006140625 0.6313881734375 0.4199154 0.618283946875 0.428425384375 0.6262620578125 0.4407105984375 0.639366284375 0.4322006140625
0 0.5949760046875 0.3620525296875 0.5885935156250001 0.35222435937499996 0.5820414015625001 0.3564793515625 0.588423890625 0.366307521875 0.5949760046875 0.3620525296875
0 0.5966564390625 0.357467990625 0.5865508312500001 0.3419067203125 0.5709895609375 0.352012328125 0.58109516875 0.36757359843750004 0.5966564390625 0.357467990625
0 0.6516974953125 0.510359509375 0.6453150062499999 0.5005313390625 0.63876289375 0.5047863312499999 0.64514538125 0.514614503125 0.6516974953125 0.510359509375
0 0.6479531734374999 0.50638680625 0.6399750625 0.49410159218749994 0.6301468921875 0.50048408125 0.638125003125 0.51276929375 0.6479531734374999 0.50638680625
0 0.22527768906249998 0.639980984375 0.21251271093750002 0.62032464375 0.19858947031250002 0.6293665015625 0.211354446875 0.64902284375 0.22527768906249998 0.639980984375
0 0.24370550937500002 0.6280138187500001 0.233068028125 0.611633534375 0.21504971562500003 0.6233347625000001 0.2256871953125 0.6397150468749999 0.24370550937500002 0.6280138187500001
0 0.250114053125 0.6244342703125 0.2314984609375 0.595768771875 0.20447099062500002 0.613320615625 0.2230865828125 0.6419861140625 0.250114053125 0.6244342703125
0 0.21089695625 0.9118960375 0.20451446718750002 0.9020678671875 0.19714333906249998 0.906854734375 0.203525828125 0.9166829046875 0.21089695625 0.9118960375
0 0.1982070875 0.9084927625000001 0.192888346875 0.9003026203125 0.183879190625 0.9061532343750001 0.18919793125 0.9143433765625 0.1982070875 0.9084927625000001
0 0.123735015625 0.8171254187500001 0.11390684531249999 0.82350790625 0.13464993281249998 0.8554494609375001 0.144478103125 0.8490669734375 0.123735015625 0.8171254187500001
0 0.5475141328124999 0.8842587203125 0.5395360218749999 0.8719735078124999 0.5264317953125001 0.8804834921875001 0.53440990625 0.89276870625 0.5475141328124999 0.8842587203125
0 0.6822329953125 0.5726209421874999 0.6731911375 0.5586977 0.6445256390625 0.5773132921874999 0.6535674984375001 0.591236534375 0.6822329953125 0.5726209421874999
0 0.7863101515625 0.6010968734375 0.7793957890625001 0.5904496875 0.7695676171875 0.5968321765625 0.7764819796875 0.6074793609375 0.7863101515625 0.6010968734375
0 0.802462053125 0.5981764171874999 0.7923564453124999 0.582615146875 0.7808902468750001 0.590061384375 0.790995853125 0.6056226546875 0.802462053125 0.5981764171874999
0 0.810110809375 0.2217601453125 0.80479206875 0.213570003125 0.797420940625 0.2183568703125 0.80273968125 0.22654701249999998 0.810110809375 0.2217601453125
0 0.8095837859374999 0.2092938078125 0.8010738015625 0.1961895796875 0.7904266171875001 0.20310394375000002 0.7989366015625 0.2162081703125 0.8095837859374999 0.2092938078125
0 0.9384814890625 0.3584701171875 0.9299715046875001 0.3453658890625 0.917686290625 0.353344 0.9261962765625 0.366448228125 0.9384814890625 0.3584701171875
0 0.9476117515625001 0.45500957499999994 0.9417611375 0.44600041875 0.9360280375000001 0.4497235375 0.9418786515625 0.45873269375000003 0.9476117515625001 0.45500957499999994
0 0.9410269359375001 0.4394907109375 0.9357081953125 0.43130056874999995 0.92915608125 0.43555556093750003 0.9344748218750001 0.443745703125 0.9410269359375001 0.4394907109375
0 0.9533236484375 0.4530468515625 0.940026796875 0.43257149687499996 0.9220084843749999 0.4442727265625 0.9353053359375 0.46474808124999994 0.9533236484375 0.4530468515625
0 0.9452589296875 0.40297432187500004 0.9293027078125 0.37840389375 0.9088273515624999 0.3917007453125 0.9247835734375001 0.4162711734375 0.9452589296875 0.40297432187500004
0 0.488756796875 0.3652425140625 0.47492807187499997 0.34394814375 0.454452715625 0.3572449953125 0.46828144062500004 0.378539365625 0.488756796875 0.3652425140625
0 0.6125319734375 0.62487181875 0.6061494859375001 0.6150436484374999 0.5979593421875 0.6203623890625 0.60434183125 0.630190559375 0.6125319734375 0.62487181875
0 0.5676461125000001 0.6633363765625 0.562859246875 0.6559652484375 0.5546691046875 0.6612839890625 0.5594559703125 0.6686551171875 0.5676461125000001 0.6633363765625
0 0.5728897453124999 0.655273453125 0.56597538125 0.6446262671875 0.5602422828125 0.6483493859375 0.5671566453125 0.658996571875 0.5728897453124999 0.655273453125
0 0.5910631265624999 0.66443103125 0.5788300234375 0.6455937046875 0.5591736828125 0.65835868125 0.5714067859374999 0.677196009375 0.5910631265624999 0.66443103125
0 0.62687675625 0.7832322953124999 0.618898646875 0.7709470828125 0.6082514609375 0.7778614453125 0.616229571875 0.7901466593750001 0.62687675625 0.7832322953124999
0 0.7130349671875 0.7814259031249999 0.703993109375 0.7675026609375 0.689250853125 0.77707639375 0.6982927109375 0.7909996359375 0.7130349671875 0.7814259031249999
0 0.6691735046875 0.7685730562499999 0.6553447796875 0.7472786874999999 0.634050409375 0.7611074125 0.647879134375 0.7824017828125001 0.6691735046875 0.7685730562499999
0 0.47615208437499995 0.8945048421875 0.46976959531249995 0.8846766703125001 0.4607604390625 0.8905272859375 0.467142928125 0.90035545625 0.47615208437499995 0.8945048421875
0 0.46071497656249993 0.9505242984375 0.45273686562500004 0.9382390859375 0.4404516515625 0.946217196875 0.4484297625 0.9585024093750001 0.46071497656249993 0.9505242984375
0 0.49332712343749996 0.9415721046875 0.4896040046875 0.9358390046875 0.479775834375 0.94222149375 0.48349895312499996 0.9479545937499999 0.49332712343749996 0.9415721046875
0 0.5114466 0.932716221875 0.50080911875 0.9163359375000001 0.47132460781249996 0.935483403125 0.4819620875 0.9518636875 0.5114466 0.932716221875
0 0.20093025781249998 0.5137334828125 0.1972071390625 0.5080003828125 0.189016996875 0.5133191234375001 0.19274011562499999 0.5190522234375 0.20093025781249998 0.5137334828125
0 0.8231248375 0.0858050453125 0.8098279859374999 0.0653296890625 0.79590474375 0.0743715484375 0.8092015953124999 0.0948469046875 0.8231248375 0.0858050453125
0 0.77587950625 0.0390527734375 0.7906217625 0.0294790390625 0.7773249109375 0.009003684375 0.7625826546875001 0.0185774171875 0.77587950625 0.0390527734375
0 0.49354259375 0.08034559999999999 0.48556448281250003 0.0680603859375 0.47082222656250006 0.07763411875000001 0.47880033749999995 0.0899193328125 0.49354259375 0.08034559999999999
0 0.5244301046875 0.0346698359375 0.512728875 0.016651521875 0.49962464687499997 0.0251615078125 0.5113258765625 0.0431798203125 0.5244301046875 0.0346698359375
0 0.2795182609375 0.060973876562499994 0.273135771875 0.05114570625 0.2559364734375 0.0623150609375 0.26231896250000003 0.07214323125 0.2795182609375 0.060973876562499994
0 0.25176018125 0.1616738109375 0.2480370625 0.1559407109375 0.2423039625 0.15966382968749998 0.24602708125 0.1653969296875 0.25176018125 0.1616738109375
0 0.23409441250000002 0.211571865625 0.22718005 0.2009246796875 0.2148948375 0.208902790625 0.22180919999999998 0.21954997656250003 0.23409441250000002 0.211571865625
0 0.22191036406250003 0.22239532343750001 0.213932253125 0.21011010937500002 0.200828025 0.21862009375000002 0.20880613593750003 0.2309053078125 0.22191036406250003 0.22239532343750001
0 0.22497744531250002 0.1813955578125 0.22019057812499998 0.1740244296875 0.2103624078125 0.18040691874999998 0.215149275 0.187778046875 0.22497744531250002 0.1813955578125
0 0.21654256875 0.1845443953125 0.20962820624999998 0.1738972109375 0.19816200781249999 0.18134344687499998 0.20507637031249998 0.1919906328125 0.21654256875 0.1845443953125
0 0 0.457147415625 0.0067318921875000005 0.4675136203125 0.01983611875 0.45900363437499997 0.011326134375 0.44589940781250004 0 0.45325468437499994 0 0.457147415625
0 0.5646374453125 0.17099509375 0.55825495625 0.1611669234375 0.5492458 0.16701753749999998 0.5556282890625 0.1768457078125 0.5646374453125 0.17099509375
0 0.5395448484375 0.162837653125 0.5289073671875 0.14645736874999998 0.5158031390625 0.1549673546875 0.5264406203124999 0.1713476390625 0.5395448484375 0.162837653125
0 0.822910284375 0.3060192421875 0.8128046765624999 0.290457971875 0.8005194640625 0.2984360828125 0.8106250703125 0.313997353125 0.822910284375 0.3060192421875
0 0.3976216171875 0.12808219375000002 0.3891116328125 0.114977965625 0.375188390625 0.124019825 0.383698375 0.137124053125 0.3976216171875 0.12808219375000002
0 0.4068658046875 0.1476961296875 0.39569644843749996 0.1304968296875 0.3850492640625 0.13741119375 0.39621861875 0.1546104921875 0.4068658046875 0.1476961296875
0 0.06560406875 0.268591996875 0.05922158125 0.258763825 0.049393409375 0.2651463140625 0.055775898437500006 0.274974484375 0.06560406875 0.268591996875
0 0.034792203125 0.476654846875 0.0262822171875 0.46355061875 0.0058068625 0.4768474703125 0.014316846875 0.4899516984375 0.034792203125 0.476654846875
0 0 0.3397029453125 0.013572406249999999 0.3606026171875 0.026676634375 0.3520926328125 0.012316034375 0.32997924843750004 0 0.3379773734375 0 0.3397029453125
0 0.0402588296875 0.3263882 0.026961978125 0.3059128453125 0.0040295796875 0.32080531875 0.01732643125 0.3412806734375 0.0402588296875 0.3263882
0 0 0.32225774218750003 0.0133258765625 0.313603815625 0 0.293083765625 0 0.32225774218750003
0 0.0316737359375 0.29703090625 0.0231637515625 0.2839266796875 0.004326425 0.2961597828125 0.012836409375 0.3092640109375 0.0316737359375 0.29703090625
0 0.0684397125 0.2917854796875 0.052483490625 0.267215053125 0.028732078124999998 0.2826394 0.0446883 0.3072098265625 0.0684397125 0.2917854796875
0 0.055041696875000004 0.2684647765625 0.041212971875 0.24717040781250002 0.0231946578125 0.2588716359375 0.037023384375 0.28016600625 0.055041696875000004 0.2684647765625
0 0 0.280532446875 0.00921930625 0.29472893437500003 0.034608746875 0.2782408375 0.0197162734375 0.2553084390625 0 0.26811233749999996 0 0.280532446875
0 0.22258939843749997 0.312196690625 0.1965275703125 0.27206499375000004 0.15311981562500002 0.30025431875 0.1791816453125 0.340386015625 0.22258939843749997 0.312196690625
0 0.0752493203125 0.2099295203125 0.061420593749999995 0.18863515 0.04340228125 0.2003363796875 0.05723100625000001 0.22163074843750002 0.0752493203125 0.2099295203125
0 0.1046914265625 0.19430284375 0.0951176921875 0.17956058749999998 0.082013465625 0.1880705734375 0.09158719843749999 0.20281282968749997 0.1046914265625 0.19430284375
0 0.142893103125 0.18230297499999998 0.131723746875 0.1651036765625 0.0981441640625 0.1869105125 0.10931351874999999 0.2041098125 0.142893103125 0.18230297499999998
0 0.1802351546875 0.2191846703125 0.15257770312500002 0.17659593125 0.10916994843750001 0.20478525625000002 0.1368274 0.24737399531249998 0.1802351546875 0.2191846703125
0 0.8895767359375 0.7081151515624999 0.8810667499999999 0.695010925 0.8753336515625 0.6987340421875 0.8838436359375 0.7118382703125 0.8895767359375 0.7081151515624999
0 0.952014440625 0.6966780640625 0.938185715625 0.67538369375 0.9201674015625001 0.6870849234375 0.933996128125 0.70837929375 0.952014440625 0.6966780640625
0 0.677983925 0.846689546875 0.6716014359375 0.8368613765624999 0.6625922796875 0.842711990625 0.66897476875 0.8525401625000001 0.677983925 0.846689546875
0 0.8356853093750001 0.842088121875 0.8287709453125001 0.8314409375 0.818942775 0.8378234265625 0.8258571375000001 0.8484706109375001 0.8356853093750001 0.842088121875
0 0.811976303125 0.8539916796875 0.8055938140625001 0.8441635078124999 0.79576564375 0.850545996875 0.8021481312500001 0.8603741671874999 0.811976303125 0.8539916796875
0 0.5227025640625 0.9877028390625 0.5141925781250001 0.9745986109375 0.5027263796875 0.9820448468749999 0.5112363640625001 0.9951490749999999 0.5227025640625 0.9877028390625
0 0.4827289921875 0.9781472515624999 0.47475088125 0.9658620390625 0.4608276390625 0.974903896875 0.46880575 0.9871891109375 0.4827289921875 0.9781472515624999
0 0.3411171609375 0.8838042859374999 0.33313905 0.871519071875 0.31512073749999997 0.8832203015625 0.32309884843750003 0.8955055156249999 0.3411171609375 0.8838042859374999
0 0.348069078125 0.9025780031249999 0.3400909671875 0.890292790625 0.3196156125 0.9035896421875 0.32759372343750004 0.9158748546875 0.348069078125 0.9025780031249999
0 0.6337995624999999 0.8718899562500001 0.6274170734375 0.862061784375 0.6175889031249999 0.8684442734375001 0.6239713921875001 0.87827244375 0.6337995624999999 0.8718899562500001
0 0.623587940625 0.8651306625 0.6166735765625 0.8544834765625 0.608483434375 0.8598022171874999 0.6153977984375001 0.8704494031250001 0.623587940625 0.8651306625
0 0.58638155 0.89569706875 0.577871565625 0.8825928421875 0.5705004375 0.8873797078125 0.579010421875 0.9004839359375 0.58638155 0.89569706875
0 0.6247855546875 0.88938789375 0.6125524515625 0.8705505671875 0.5994482234375 0.8790605515625 0.6116813265625 0.897897878125 0.6247855546875 0.88938789375
0 0.606442546875 0.8943134781250001 0.5894225765625001 0.8681050234375001 0.5771373640624999 0.8760831343750001 0.5941573328125 0.9022915890625001 0.606442546875 0.8943134781250001
0 0.7234918593749999 0.9364891203125 0.7123225046874999 0.9192898218750001 0.70167531875 0.926204184375 0.7128446734375 0.9434034828125 0.7234918593749999 0.9364891203125
0 0.6972622 0.9552694859375 0.6876884671875 0.9405272296874999 0.6778602968749999 0.9469097171874999 0.6874340296875 0.9616519734375 0.6972622 0.9552694859375
0 0.7124139640625 0.945429815625 0.701244609375 0.9282305171875 0.6914164375 0.9346130046875001 0.70258579375 0.9518123046875001 0.7124139640625 0.945429815625
0 0.6233909984375 0.9939266671875 0.6159447625000001 0.9824604671875001 0.6077546203125 0.9877792078125 0.61520085625 0.99924540625 0.6233909984375 0.9939266671875
0 0.606424934375 0.9857316718750001 0.5984468234375 0.973446459375 0.5877996390625 0.980360821875 0.59577775 0.992646034375 0.606424934375 0.9857316718750001
0 0.6104527953125001 1 0.6112705593750001 0.9994689375 0.6011649515624999 0.9839076671875 0.5905177671875 0.9908220296874999 0.5964780109375 1 0.6104527953125001 1
0 0.30828473437500004 1 0.30510532968750004 0.995104146875 0.29756637656249996 1 0.30828473437500004 1
0 0.314745728125 0.9480889937500001 0.3104907359375 0.94153688125 0.300662565625 0.94791936875 0.30491755781249996 0.9544714828125 0.314745728125 0.9480889937500001
0 0.30447714375 0.9797924625000001 0.2933077890625 0.9625931640625 0.27774651875 0.9726987703125 0.2889158734375 0.9898980703125 0.30447714375 0.9797924625000001
0 0.41970676874999996 0.8694467421875001 0.4117286578125 0.8571615296875 0.401081471875 0.8640758921874999 0.4090595828125 0.8763611046875001 0.41970676874999996 0.8694467421875001
0 0.465978015625 0.89587208125 0.4564042828125 0.881129825 0.4433000546875 0.889639809375 0.4528737875 0.904382065625 0.465978015625 0.89587208125
0 0.37221975937499996 0.7640483453125 0.362114153125 0.748487075 0.34573386875 0.75912455625 0.355839475 0.7746858265625 0.37221975937499996 0.7640483453125
0 0.359880640625 0.7540129953125 0.35509377343750004 0.7466418671875 0.34035151875 0.7562156 0.345138384375 0.7635867281250001 0.359880640625 0.7540129953125
0 0.8729580203125 0.21005712031249998 0.8975284468750001 0.1941008984375 0.856042271875 0.13021778906249998 0.8314718437499999 0.1461740109375 0.8729580203125 0.21005712031249998
0 0.681235509375 0 0.69762915 0.0252439890625 0.72465661875 0.0076921453125 0.71966128125 0 0.681235509375 0
0 0.428672640625 0.18127571250000002 0.41484391406250004 0.1599813421875 0.3951875734375 0.17274632031249998 0.4090162984375 0.1940406890625 0.428672640625 0.18127571250000002
0 0.39029415625 0.028043146875 0.3785929265625 0.010024834375 0.3605746140625 0.0217260640625 0.37227584375 0.0397443765625 0.39029415625 0.028043146875
0 0.35869192499999997 0 0.37316331875 0.02228399375 0.393638675 0.0089871421875 0.38780235625000004 0 0.35869192499999997 0
0 0.5207578359375 0.1034264203125 0.5090566062499999 0.08540810625 0.4894002640625 0.098173084375 0.50110149375 0.11619139687499999 0.5207578359375 0.1034264203125
0 0.51874120625 0.0797010625 0.510231221875 0.066596834375 0.49466995156250004 0.0767024421875 0.5031799359375 0.08980666875 0.51874120625 0.0797010625
0 0.5757710406250001 0.2248967578125 0.568856678125 0.2142495734375 0.554114421875 0.22382330625 0.5610287859375 0.2344704921875 0.5757710406250001 0.2248967578125
0 0.566787940625 0.2173396546875 0.55083171875 0.1927692265625 0.5295373484375 0.206597953125 0.5454935703125 0.2311683796875 0.566787940625 0.2173396546875
0 0.5846039249999999 0.19994773125 0.5707752 0.1786533609375 0.5470237874999999 0.194077709375 0.5608525125 0.2153720796875 0.5846039249999999 0.19994773125
0 0.564079515625 0.1835837984375 0.5571651531249999 0.1729366125 0.5432419109375 0.181978471875 0.5501562734375 0.19262565781250002 0.564079515625 0.1835837984375
0 0.5802296218749999 0.13583444375 0.5727833859375 0.12436824375 0.5596791578125 0.13287822968750002 0.5671253953125001 0.14434442812499998 0.5802296218749999 0.13583444375
0 0.53802074375 0.08697587812499999 0.5268513875 0.06977657968749999 0.5063760328125 0.08307343125 0.5175453875 0.1002727296875 0.53802074375 0.08697587812499999
0 0.57557303125 0.0614247203125 0.5601486828125 0.0376733078125 0.5257500859375 0.06001201874999999 0.5411744328125 0.08376343124999999 0.57557303125 0.0614247203125
0 0.583867928125 0.148609125 0.5498279890625 0.0961922140625 0.515429390625 0.118530925 0.54946933125 0.17094783593750001 0.583867928125 0.148609125
0 0.6084529109375 0.0977109328125 0.599942925 0.0846067046875 0.5827436265625 0.095776059375 0.5912536125 0.1088802875 0.6084529109375 0.0977109328125
0 0.6178049078125001 0.1533517890625 0.5757868578124999 0.088649665625 0.5512164312500001 0.1046058875 0.59323448125 0.1693080109375 0.6178049078125001 0.1533517890625
0 0.588088421875 0.0905584828125 0.56894095625 0.0610739703125 0.5238951734375 0.09032704375 0.543042640625 0.11981155624999999 0.588088421875 0.0905584828125
0 0.2692356546875 0.27375333749999997 0.26125754375 0.2614681234375 0.24569627343749997 0.27157373125 0.253674384375 0.28385894375 0.2692356546875 0.27375333749999997
0 0.2856110875 0.27476317968749997 0.2744417328125 0.25756388124999996 0.2613375046875 0.266073865625 0.272506859375 0.2832731640625 0.2856110875 0.27476317968749997
0 0.3012783734375 0.2558555953125 0.2890452703125 0.23701826874999998 0.2726649859375 0.24765575 0.2848980890625 0.2664930765625 0.3012783734375 0.2558555953125
0 0.312431378125 0.263167965625 0.30392139218750003 0.2500637390625 0.294093221875 0.2564462265625 0.30260320625000003 0.2695504546875 0.312431378125 0.263167965625
0 0.201951790625 0.1253191375 0.1907824359375 0.1081198390625 0.1711260953125 0.1208848171875 0.18229545 0.138084115625 0.201951790625 0.1253191375
0 0.2066471984375 0.10655027187499999 0.2013284578125 0.09836012968749999 0.19559535781249998 0.10208324843750001 0.20091409843750002 0.110273390625 0.2066471984375 0.10655027187499999
0 0.24286009687500001 0.1022462265625 0.22849949687499999 0.0801328421875 0.20311005624999998 0.0966209375 0.2174706546875 0.11873432187499999 0.24286009687500001 0.1022462265625
0 0.328139275 0.19591069218749999 0.3068643125 0.1631501234375 0.2888459984375 0.1748513515625 0.3101209609375 0.20761192187500002 0.328139275 0.19591069218749999
0 0.3496099171875 0.20118037812499998 0.328866828125 0.16923882343750002 0.31248654375 0.1798763046875 0.3332296328125 0.21181785937500003 0.3496099171875 0.20118037812499998
0 0.345276759375 0.23485142187500002 0.3245336703125 0.20290986718749998 0.307334371875 0.214079221875 0.3280774609375 0.2460207765625 0.345276759375 0.23485142187500002
0 0.3318641890625 0.24647269062500002 0.3169717140625 0.2235402921875 0.302229459375 0.23311402499999997 0.3171219328125 0.2560464234375 0.3318641890625 0.24647269062500002
0 0.35542118125 0.157234103125 0.3458474484375 0.142491846875 0.33192420624999996 0.15153370625 0.34149793906250003 0.1662759625 0.35542118125 0.157234103125
0 0.307458 0.11385905156250001 0.3005436375 0.1032118671875 0.28580138125 0.1127856 0.29271574375 0.12343278437500001 0.307458 0.11385905156250001
0 0.35905104374999997 0.091998309375 0.3462860671875 0.07234196875 0.3241726828125 0.0867025671875 0.3369376609375 0.106358909375 0.35905104374999997 0.091998309375
0 0.39427709843750003 0.1471382 0.37034276718750003 0.110282559375 0.3392202265625 0.1304937734375 0.3631545578125 0.16734941406249998 0.39427709843750003 0.1471382
0 0.4095905796875 0.19133891249999999 0.381933128125 0.14875017343750002 0.3426204453125 0.174280128125 0.370277896875 0.2168688671875 0.4095905796875 0.19133891249999999
0 0.34384717187499997 0.1286534171875 0.31618972031250003 0.086064678125 0.28916225 0.10361652187499999 0.3168197015625 0.14620526250000002 0.34384717187499997 0.1286534171875
0 0.3784008375 0.127173515625 0.35765775 0.0952319609375 0.3199830953125 0.1196981671875 0.340726184375 0.15163972187500002 0.3784008375 0.127173515625
0 0.42317797031250004 0.69369434375 0.4056261265625 0.6666668734375001 0.38678880000000004 0.6788999765625 0.40434064375 0.705927446875 0.42317797031250004 0.69369434375
0 0.4073221875 0.91940840625 0.38551535000000003 0.8858288234374999 0.3535737953125 0.9065719109374999 0.37538063125 0.94015149375 0.4073221875 0.91940840625
0 0.44107139531249995 0.88351840625 0.42777454375 0.8630430499999999 0.40402313124999994 0.8784673984375001 0.4173199828125 0.8989427546875 0.44107139531249995 0.88351840625
0 0.44924698125000007 0.9131416375000001 0.43435450781249996 0.8902092390625 0.41879323749999997 0.9003148453125001 0.43368571093749997 0.92324724375 0.44924698125000007 0.9131416375000001
0 0.43309507968750005 0.9160620921874999 0.41128824374999995 0.8824825093750001 0.3752516171875 0.9058849671875 0.397058453125 0.93946455 0.43309507968750005 0.9160620921874999
0 0.616650578125 0.8114149734374999 0.6049493499999999 0.7933966609375 0.58775005 0.804566015625 0.5994512796875 0.822584328125 0.616650578125 0.8114149734374999
0 0.7593310093750001 0.8957486453125 0.745502284375 0.8744542750000001 0.7315790421874999 0.8834961343750001 0.7454077671875 0.904790503125 0.7593310093750001 0.8957486453125
0 0.7389598734375 0.8554146203125 0.7267267703125 0.8365772921874999 0.709527471875 0.8477466484375 0.721760575 0.866583975 0.7389598734375 0.8554146203125
0 0.8023244046875 0.8794725796874999 0.7916869234374999 0.8630922953125 0.7810397375 0.8700066578125 0.7916772187500001 0.88638694375 0.8023244046875 0.8794725796874999
0 0.7889687953125 0.8526310875 0.7799269359375 0.8387078453125 0.7692797515625001 0.8456222078125 0.7783216109375 0.85954545 0.7889687953125 0.8526310875
0 0.7717319421875 0.855673909375 0.7557757203125 0.8311034828125001 0.729567265625 0.8481234531249999 0.7455234875000001 0.8726938796875 0.7717319421875 0.855673909375
0 0.7892886375 0.8710540546875001 0.7759917859375001 0.8505787 0.75551643125 0.8638755515625001 0.7688132828125 0.8843509062500001 0.7892886375 0.8710540546875001
0 0.984305484375 0.7706080234375 0.9757954984375001 0.7575037953125 0.962691271875 0.7660137812500001 0.97120125625 0.7791180078125 0.984305484375 0.7706080234375
0 0.9904153875 0.7468451109375 0.971799796875 0.7181796140625 0.9431342984375 0.73679520625 0.961749890625 0.765460703125 0.9904153875 0.7468451109375
0 0.7055598109375001 0.44627048125 0.6943904562500001 0.42907118281249995 0.6812862281250001 0.43758116718749995 0.6924555828125001 0.45478046718750004 0.7055598109375001 0.44627048125
0 0.7021141281250001 0.462481140625 0.6834985359375 0.43381564375000004 0.6605661390625001 0.44870811718750003 0.6791817296875 0.4773736140625 0.7021141281250001 0.462481140625
0 0.794131396875 0.5476943796875 0.783493915625 0.5313140953125 0.7679326453125 0.5414197015625 0.7785701265625 0.5577999859375 0.794131396875 0.5476943796875
0 0.7953859734375001 0.53348885 0.7868759890625 0.520384621875 0.7770478171875 0.5267671109375 0.785557803125 0.5398713374999999 0.7953859734375001 0.53348885
0 0.8213448421875 0.5259463 0.812302984375 0.5120230593749999 0.7877325578125001 0.5279792796875 0.7967744156250001 0.541902521875 0.8213448421875 0.5259463
0 0.6395073328125 0.6341354124999999 0.6288698515625 0.617755128125 0.61330858125 0.6278607359375 0.6239460625000001 0.6442410203125 0.6395073328125 0.6341354124999999
0 0.39397089531249996 0.73478556875 0.3870565328125 0.7241383828125 0.378047375 0.7299889984375 0.38496173906250003 0.7406361828125 0.39397089531249996 0.73478556875
0 0.4151919515625 0.7495326765625 0.39817198125000003 0.7233242203125 0.3736015546875 0.7392804421875 0.39062152499999997 0.7654888984375 0.4151919515625 0.7495326765625
0 0.48505182500000005 0.4142252421875 0.4738824703125 0.3970259421875 0.4550451421875 0.4092590453125 0.46621449843749996 0.4264583453125 0.48505182500000005 0.4142252421875
0 0.5297340984375001 0.47137511249999997 0.5148416250000001 0.44844271406249997 0.4951852828125 0.4612076921875 0.5100777562500001 0.48414009062499996 0.5297340984375001 0.47137511249999997
0 0.5066369265625 0.4887034265625 0.49014883124999997 0.46331398437500004 0.4811396734375 0.46916460000000004 0.49762777031249994 0.494554040625 0.5066369265625 0.4887034265625
0 0.483229615625 0.4643141234375 0.465677771875 0.43728665468749994 0.43701227343750004 0.45590224687500003 0.45456411875 0.482929715625 0.483229615625 0.4643141234375
0 0.45767360625000003 0.438409159375 0.43958988750000005 0.4105626765625 0.4133814328125 0.4275826453125 0.4314651515625 0.45542912968750004 0.45767360625000003 0.438409159375
0 0.5323656171875 0.44404900312500006 0.508963159375 0.408012378125 0.4843927328125 0.4239686 0.507795190625 0.460005225 0.5323656171875 0.44404900312500006
0 0.5479335359374999 0.467124971875 0.48570427031249996 0.3713003078125 0.4021648203125 0.4255514609375 0.464394084375 0.5213761265625 0.5479335359374999 0.467124971875
0 0 0.5010770265625 0.0204400453125 0.5325519375 0.04910554375 0.5139363453125 0.0257030859375 0.4778997203125 0 0.49459149843750005 0 0.5010770265625
0 0.3901963921875 0.5084287640625 0.3779632890625 0.48959143593750004 0.3583069484375 0.5023564140625 0.37054005156250003 0.521193740625 0.3901963921875 0.5084287640625
0 0.3789355765625 0.46508947031250003 0.35553311875000004 0.4290528453125 0.3293246640625 0.4460728140625 0.352727121875 0.48210944062500005 0.3789355765625 0.46508947031250003
0 0.3755650046875 0.49755319531250003 0.3569494125 0.4688876984375 0.333198 0.48431204531249994 0.35181359218749997 0.51297754375 0.3755650046875 0.49755319531250003
0 0.318719159375 0.6969055296875 0.3123366703125 0.687077359375 0.298413428125 0.6961192171875 0.3047959171875 0.7059473890625 0.318719159375 0.6969055296875
0 0.371504965625 0.7109493421875 0.360867484375 0.6945690578125 0.3420301578125 0.7068021625 0.3526676390625 0.723182446875 0.371504965625 0.7109493421875
0 0.412584690625 0.7186221671874999 0.4003515875 0.6997848390625 0.3774191890625 0.7146773125 0.38965229375 0.7335146406249999 0.412584690625 0.7186221671874999
0 0.406920053125 0.705416775 0.38351759531249996 0.6693801500000001 0.354852096875 0.6879957421875 0.3782545546875 0.7240323671875 0.406920053125 0.705416775
0 0.357336990625 0.7178213 0.3344664046875 0.6826036875 0.300886821875 0.7044105234375 0.32375740625 0.7396281359375 0.357336990625 0.7178213
0 0.5614240796875001 0.8088537109375 0.555573465625 0.7998445546874999 0.5498403656249999 0.803567671875 0.5556909812499999 0.8125768296875 0.5614240796875001 0.8088537109375
0 0.3885249359375 0.7371577984375 0.36990934375 0.7084923 0.3355107453125 0.7308310109375 0.3541263375 0.759496509375 0.3885249359375 0.7371577984375
0 0.6022475734375 0.7928223796875 0.5862913515625 0.7682519531249999 0.5674540234375 0.7804850562500001 0.5834102453125001 0.8050554828125 0.6022475734375 0.7928223796875
0 0.5811179765625 0.804215265625 0.56409800625 0.7780068109375 0.5485367359375 0.78811241875 0.56555670625 0.8143208734374999 0.5811179765625 0.804215265625
0 0.8311347328125 0.7588764218749999 0.8210291265624999 0.7433151515625 0.8112009546875001 0.749697640625 0.8213065625 0.7652589109375 0.8311347328125 0.7588764218749999
0 0.820035634375 0.7695775125 0.8014200421875 0.7409120140625001 0.7817637015625001 0.7536769921875 0.80037929375 0.7823424906249999 0.820035634375 0.7695775125
0 0.5946360281249999 0.637658 0.580275428125 0.615544615625 0.556524015625 0.6309689625 0.570884615625 0.653082346875 0.5946360281249999 0.637658
0 0.60828848125 0.63985395625 0.5949916296875 0.6193786015625 0.5818874015625 0.6278885859375001 0.595184253125 0.6483639421875 0.60828848125 0.63985395625
0 0.679745046875 0.5992716078125 0.6749581796874999 0.5919004796875 0.662672965625 0.599878590625 0.6674598328125 0.60724971875 0.679745046875 0.5992716078125
0 0.7269170640625 0.6745997125 0.715747709375 0.6574004140625 0.6928153109374999 0.6722928875 0.703984665625 0.6894921859375 0.7269170640625 0.6745997125
0 0.7288749343750001 0.6919589328125 0.7214286984375 0.680492734375 0.7042294 0.6916620890625 0.7116756359374999 0.7031282890624999 0.7288749343750001 0.6919589328125
0 0.76128655 0.7221449437499999 0.752776565625 0.7090407171875001 0.7421293796875 0.7159550796875 0.750639365625 0.7290593078125001 0.76128655 0.7221449437499999
0 0.770388428125 0.6411292015625001 0.7645378125 0.6321200453125 0.7530716140625 0.6395662828125 0.758922228125 0.6485754390625 0.770388428125 0.6411292015625001
0 0.79095524375 0.65397234375 0.7675527843750001 0.61793571875 0.73643024375 0.6381469328125 0.7598327031250001 0.6741835578125001 0.79095524375 0.65397234375
0 0.8414973 0.550702703125 0.8297960703125 0.532684390625 0.8085017000000001 0.546513115625 0.8202029296875001 0.5645314296875 0.8414973 0.550702703125
0 0.876834221875 0.5853932937499999 0.8497086453125 0.5436235671875 0.8087579328125001 0.5702172703125 0.8358835109375 0.611986996875 0.876834221875 0.5853932937499999
0 0.9987322140625 0.5848299781249999 0.984371615625 0.56271659375 0.954887103125 0.581864059375 0.969247703125 0.6039774437500001 0.9987322140625 0.5848299781249999
0 1 0.6038161265624999 0.9922812640625001 0.5919303171875 0.9611587234375 0.61214153125 0.9792424421874999 0.6399880140625 1 0.6265078984375 1 0.6038161265624999
0 0.8911955468749999 0.360067534375 0.8800261921875 0.34286823593750004 0.8685599937499999 0.35031447187500003 0.8797293484375001 0.367513771875 0.8911955468749999 0.360067534375
0 0.880708284375 0.37619338125 0.8679433062499999 0.3565370390625 0.8548390781249999 0.365047025 0.86760405625 0.38470336562499996 0.880708284375 0.37619338125
0 0.9330894359374999 0.3788558078125 0.90702760625 0.3387241109375 0.8628008390625 0.367445309375 0.8888626671875001 0.40757700625000004 0.9330894359374999 0.3788558078125
0 0.9009861640624999 0.34555851249999997 0.8887530609375001 0.3267211859375 0.8723727765625 0.3373586671875 0.8846058796875 0.35619599375 0.9009861640624999 0.34555851249999997
0 1 0.3518932515625 0.9961910859374999 0.3460280375 0.9765347437499999 0.358793015625 0.9919590921875001 0.382544428125 1 0.3773226015625 1 0.3518932515625
0 0.6130257593749999 0.47143027968749995 0.5997289078125 0.4509549234375 0.5792535515624999 0.464251775 0.592550403125 0.48472713125 0.6130257593749999 0.47143027968749995
0 0.6375913343749999 0.46712138124999997 0.6184438671875 0.43763686875 0.5987875265625 0.450401846875 0.6179349921874999 0.4798863578125 0.6375913343749999 0.46712138124999997
0 0.675117565625 0.4549779421875 0.6559701 0.4254934296875 0.6264855875 0.444640896875 0.6456330546875 0.4741254078125 0.675117565625 0.4549779421875
0 0.74288730625 0.5180941484375 0.7285267078125 0.49598076406249997 0.71050839375 0.5076819921875 0.72486899375 0.5297953765625001 0.74288730625 0.5180941484375
0 0.7425074453125 0.5946101640625 0.7318699640624999 0.5782298796875 0.7072995375 0.5941861015625001 0.71793701875 0.6105663859375 0.7425074453125 0.5946101640625
0 0.720686053125 0.5959725515625001 0.7026023359375 0.56812606875 0.6813079656250001 0.58195479375 0.699391684375 0.6098012765624999 0.720686053125 0.5959725515625001
0 0.673739896875 0.7155376640625 0.666825534375 0.7048904796875 0.6488072203125 0.7165917078125 0.6557215843749999 0.72723889375 0.673739896875 0.7155376640625
0 0.68824891875 0.72532828125 0.6765476890625 0.7073099671875 0.656891346875 0.7200749453124999 0.6685925765625 0.7380932578125 0.68824891875 0.72532828125
0 0.7254898062499999 0.7593646296875 0.7121929546875 0.7388892734375 0.6917175984374999 0.7521861249999999 0.70501445 0.77266148125 0.7254898062499999 0.7593646296875
0 0.68500376875 0.7024007343750001 0.6786212796875 0.6925725640625 0.666336065625 0.700550675 0.6727185546875 0.7103788453125001 0.68500376875 0.7024007343750001
0 0.7972728609375 0.7703868234375 0.789826625 0.7589206234375 0.761980140625 0.7770043421875 0.769426378125 0.788470540625 0.7972728609375 0.7703868234375
0 0.7790146671875 0.7682708265625 0.765717815625 0.7477954703125 0.7460614734375 0.7605604484375 0.759358325 0.781035803125 0.7790146671875 0.7682708265625
0 0.7783701296875 0.7430722140625 0.7656051515625 0.723415871875 0.739396696875 0.7404358421875 0.7521616734375 0.7600921828125 0.7783701296875 0.7430722140625
0 0.7523149484375 0.7361220921875 0.7406137187499999 0.7181037796874999 0.7307855484375 0.7244862671875001 0.7424867765625 0.74250458125 0.7523149484375 0.7361220921875
0 0.7374878796875 0.75273740625 0.724191028125 0.7322620515625 0.7102677859375001 0.741303909375 0.7235646375 0.761779265625 0.7374878796875 0.75273740625
0 0.7239838484375001 0.73821868125 0.7011132640625 0.70300106875 0.6650766375 0.726403528125 0.687947221875 0.7616211390625 0.7239838484375001 0.73821868125
0 0.7176274140625 0.7149827921874999 0.6990118234375 0.68631729375 0.677717453125 0.70014601875 0.6963330453125 0.7288115171875 0.7176274140625 0.7149827921874999
0 0.6809281046875 0.658470809375 0.660716890625 0.6273482687499999 0.645974634375 0.6369220015625 0.6661858484375001 0.6680445421875 0.6809281046875 0.658470809375
0 0.7116998953125 0.6448916703124999 0.6925524296875001 0.6154071578125 0.666343975 0.632427128125 0.685491440625 0.661911640625 0.7116998953125 0.6448916703124999
0 0.6868617359375 0.6156094859375 0.6799473734375 0.6049623000000001 0.662748075 0.61613165625 0.6696624375 0.626778840625 0.6868617359375 0.6156094859375
0 0.7746349765625 0.569670840625 0.7464456515625 0.5262630875000001 0.70713296875 0.5517930421874999 0.73532229375 0.5952007953125 0.7746349765625 0.569670840625
0 0.7133912953125 0.5157073624999999 0.7000944437500001 0.49523200625 0.6828951453125 0.5064013609375 0.696191996875 0.5268767171875 0.7133912953125 0.5157073624999999
0 0.731352646875 0.54246889375 0.713268928125 0.5146224109374999 0.6723182171875 0.5412161140625 0.690401934375 0.569062596875 0.731352646875 0.54246889375
0 0.6324779765625 0.408145709375 0.6106711406249999 0.3745661265625 0.5918338140625 0.38679922968749997 0.61364065 0.4203788125 0.6324779765625 0.408145709375
0 0.6091409234375 0.411656796875 0.5963759468750001 0.3920004546875 0.57753861875 0.4042335578125 0.590303596875 0.4238899 0.6091409234375 0.411656796875
0 0.6044225187500001 0.3873571578125 0.5842113046875 0.3562346171875 0.5580028484375 0.3732545875 0.5782140625000001 0.404377128125 0.6044225187500001 0.3873571578125
0 0.169718053125 0.552633603125 0.1638674390625 0.5436244453125 0.153220253125 0.550538809375 0.15907086875 0.559547965625 0.169718053125 0.552633603125
0 0.20523430468749998 0.5499463812500001 0.1839593421875 0.5171858125 0.1511987734375 0.538460775 0.17247373593749998 0.57122134375 0.20523430468749998 0.5499463812500001
0 0.21789147031249997 0.5335758015625001 0.2035308703125 0.5114624171875 0.186331571875 0.522631771875 0.20069217187500002 0.5447451562500001 0.21789147031249997 0.5335758015625001
0 0.19057380468750001 0.60895475625 0.1677032203125 0.5737371437500001 0.15787505 0.5801196328125 0.180745634375 0.6153372453125 0.19057380468750001 0.60895475625
0 0.214744428125 0.5699698234375 0.20463882031249997 0.554408553125 0.196448678125 0.55972729375 0.20655428593749997 0.5752885640625001 0.214744428125 0.5699698234375
0 0.20522459999999998 0.5732410296875 0.191395875 0.551946659375 0.17255854843750001 0.5641797625 0.1863872734375 0.5854741328124999 0.20522459999999998 0.5732410296875