0 0.1417630703125 0 0.1275225203125 0.046578740625 0.24799450625000002 0.0834107234375 0.2734957234375 0 0.1417630703125 0
0 0.31579179687500003 0.67497993125 0.348055471875 0.56945020625 0.21450900625 0.5286209546875 0.1822453328125 0.6341506796874999 0.31579179687500003 0.67497993125
0 0.160566609375 0.656626553125 0.16998874375 0.6258081390625 0.13730254687500001 0.615814965625 0.1278804109375 0.6466333796875 0.160566609375 0.656626553125
0 0.6779627671874999 0.5258155437500001 0.6922387296875 0.4791209765625 0.6446102687499999 0.46455949375000005 0.6303343078125 0.5112540625 0.6779627671874999 0.5258155437500001
0 0.7136561453125 0.711350459375 0.7353556078125 0.6403747156249999 0.6531731671875 0.615249021875 0.6314737046875 0.686224765625 0.7136561453125 0.711350459375
0 0.6963793671875 1 0.7066107453125 0.9665346703125 0.5385103 0.9151412062500001 0.5125663625 1 0.6963793671875 1
0 0.2319085453125 0.9025877187500001 0.2404741234375 0.874570978125 0.20311846875 0.8631502093750001 0.194552890625 0.89116695 0.2319085453125 0.9025877187500001
0 0.12842495468749998 0.8101892015625 0.138132609375 0.7784368953125 0.10731419375 0.769014759375 0.0976065390625 0.8007670656249999 0.12842495468749998 0.8101892015625
0 0.5356215359375 0.40519811875 0.545614709375 0.37251192187500004 0.49238290156250003 0.356237325 0.482389728125 0.388923521875 0.5356215359375 0.40519811875
0 0.4015670421875 0.701714646875 0.4206968328125 0.6391439250000001 0.363729459375 0.6217272515625 0.3445996703125 0.6842979734375 0.4015670421875 0.701714646875
0 0.8718198781250001 0.7668542484375 0.8838116875 0.7276308109375 0.8389849015624999 0.7139258875000001 0.82699309375 0.753149325 0.8718198781250001 0.7668542484375
0 0.8748538187499999 0.937298253125 0.8885587421875 0.8924714687499999 0.8437319562500001 0.8787665453125 0.8300270328125 0.9235933296875001 0.8748538187499999 0.937298253125