0 0.9076445984375001 0.70880131875 0.9450599125 0.7278653734375 0.964567315625 0.6895799375 0.927152003125 0.6705158828125 0.9076445984375001 0.70880131875
0 0.884961259375 0.7339603078125 0.9049740999999999 0.744157359375 0.916057853125 0.7224042703125 0.8960450109375 0.7122072187499999 0.884961259375 0.7339603078125
0 0.7707945390625001 0.9010219218750001 0.8012488640625 0.9165391749999999 0.8149927171875 0.88956534375 0.7845383921875 0.8740480906249999 0.7707945390625001 0.9010219218750001
0 0.671689515625 0.8675137265625 0.696052975 0.8799275281250001 0.7035899265625 0.8651354281250001 0.6792264671875 0.852721625 0.671689515625 0.8675137265625
0 0.6344667937499999 0.9093770078125001 0.666661365625 0.9257809609375001 0.6906022703125 0.8787942890625 0.6584076984375 0.8623903343749999 0.6344667937499999 0.9093770078125001
0 0.5954002953125 0.9064599687499999 0.6389064734375001 0.9286274734375001 0.658857228125 0.8894719140625 0.61535105 0.8673044093750001 0.5954002953125 0.9064599687499999
0 0.5881058140625 0.8605464093749999 0.621170509375 0.8773937125 0.6362444125 0.8478095124999999 0.6031797171875 0.8309622078125001 0.5881058140625 0.8605464093749999
0 0.524261440625 0.8998054984375001 0.5860402140625001 0.9312833546875 0.622394921875 0.8599332234375 0.5606161484375 0.8284553671875001 0.524261440625 0.8998054984375001
0 0.3531869203125 0.7677017859374999 0.413225446875 0.7982929421875 0.444703303125 0.7365141703125 0.384664778125 0.7059230140625 0.3531869203125 0.7677017859374999
0 0.41229745468749995 0.6904099796875001 0.447102396875 0.7081439828125 0.4657231015625 0.67159879375 0.4309181578125 0.6538647890625 0.41229745468749995 0.6904099796875001
0 0.3628869734375 0.583032453125 0.4255358703125 0.614953659375 0.49292508437500004 0.48269487968749997 0.4302761890625 0.45077367187500006 0.3628869734375 0.583032453125
0 0.14326109843749998 0.8344586796875 0.15892332343749999 0.8424389812499999 0.167790325 0.8250365109375 0.1521281015625 0.8170562078125 0.14326109843749998 0.8344586796875
0 0.70878429375 0.439785609375 0.7496801 0.46062306406250003 0.7705175546875 0.41972725781250003 0.7296217484375 0.398889803125 0.70878429375 0.439785609375
0 0.84917090625 0.1556571140625 0.869183746875 0.16585416718749998 0.8824842500000001 0.13975046093750002 0.8624714078125001 0.1295534078125 0.84917090625 0.1556571140625
0 0.8186440953125 0.12092254843750001 0.826624396875 0.1052603234375 0.8048713078124999 0.094176571875 0.79689100625 0.1098387953125 0.8186440953125 0.12092254843750001
0 0.6564364281249999 0.08649856875 0.6834102578125 0.10024242187500002 0.7020309625000001 0.0636972328125 0.67505713125 0.0499533796875 0.6564364281249999 0.08649856875
0 0.571727096875 0 0.5446648828125 0.05311258906250001 0.5838204421875 0.07306334375 0.6170717 0.0078040765625 0.6017553375 0 0.571727096875 0
0 0.5209601187499999 0.126524103125 0.5496741968750001 0.14115465625 0.56341805 0.114180825 0.534703971875 0.099550271875 0.5209601187499999 0.126524103125
0 0.4029568078125 0.10859524843749999 0.447333109375 0.131206103125 0.4695006140625 0.087699925 0.42512431250000005 0.0650890703125 0.4029568078125 0.10859524843749999
0 0.4348882625 0.13089325624999998 0.470563328125 0.14907061093750001 0.4882973328125 0.11426566875 0.4526222671875 0.0960883140625 0.4348882625 0.13089325624999998
0 0.46305124218750005 0.160587315625 0.501336678125 0.1800947203125 0.5345879359375 0.11483545312500001 0.4963025 0.09532804843750001 0.46305124218750005 0.160587315625
0 0.36074291875000003 0 0.348126665625 0.0247607875 0.37510049687499997 0.038504640624999996 0.39150445 0.00631006875 0.3791202421875 0 0.36074291875000003 0
0 0.23908450625 0 0.232700571875 0.012529178125000002 0.285778109375 0.039573534375000004 0.3059418328125 0 0.23908450625 0