0 0.046034021875 0.2968953078125 0.052755620312499994 0.3064947453125 0.061555104687499994 0.3003332796875 0.05483350625 0.2907338421875 0.046034021875 0.2968953078125
0 0.09508011562499999 0.326929646875 0.1023618484375 0.3373290390625 0.1135611921875 0.3294871734375 0.10627945937500001 0.31908778125000004 0.09508011562499999 0.326929646875
0 0.106807646875 0.37772999375 0.11857044531250001 0.39452901093750004 0.136169415625 0.38220607968750003 0.12440661718749998 0.3654070625 0.106807646875 0.37772999375
0 0.0838060890625 0.37297301250000003 0.0989296859375 0.39457174687499996 0.11812856249999999 0.38112855 0.1030049640625 0.3595298140625 0.0838060890625 0.37297301250000003
0 0.0918023 0.3435307515625 0.09628336562499999 0.34993037656250003 0.10348294375 0.3448891765625 0.099001878125 0.3384895515625 0.0918023 0.3435307515625
0 0.054764634374999996 0.370656965625 0.062046365625 0.3810563578125 0.0692459453125 0.3760151578125 0.061964212500000004 0.3656157671875 0.054764634374999996 0.370656965625
0 0.0380830375 0.363859025 0.058247834374999995 0.3926573390625 0.0878461015625 0.371932409375 0.0676813046875 0.3431340953125 0.0380830375 0.363859025
0 0.0630861390625 0.3791361375 0.0754090703125 0.3967351078125 0.09700780625 0.381611509375 0.084684875 0.364012540625 0.0630861390625 0.3791361375
0 0.0835227015625 0.34873210625 0.0913645671875 0.3599314515625 0.0993640984375 0.35433011875 0.0915222328125 0.343130775 0.0835227015625 0.34873210625
0 0.0792436984375 0.357093028125 0.08652543124999999 0.36749242031249996 0.093725009375 0.3624512203125 0.086443278125 0.35205182968750004 0.0792436984375 0.357093028125
0 0.090585365625 0.5094973890625 0.095626565625 0.5166969671875 0.10282614375000002 0.5116557687500001 0.09778494531250001 0.5044561890625 0.090585365625 0.5094973890625
0 0.0393883640625 0.545345915625 0.0438694296875 0.551745540625 0.0502690546875 0.547264475 0.0457879890625 0.54086485 0.0393883640625 0.545345915625
0 0.181289596875 0.3708793546875 0.1846503953125 0.3756790734375 0.19025006718749998 0.371758140625 0.18688926875 0.366958421875 0.181289596875 0.3708793546875
0 0.23097050624999999 0.3635121484375 0.23545157187500002 0.36991177343750004 0.2426511515625 0.3648705734375 0.238170084375 0.3584709484375 0.23097050624999999 0.3635121484375
0 0.1353051421875 0.208159415625 0.14538754062499998 0.22255857343750002 0.15978669843749999 0.212476175 0.14970429999999998 0.19807701875 0.1353051421875 0.208159415625
0 0.1214242109375 0.205361240625 0.1309464765625 0.21896044374999998 0.142945775 0.2105584453125 0.133423509375 0.1969592421875 0.1214242109375 0.205361240625
0 0.18806097500000002 0.163470328125 0.1936623078125 0.171469859375 0.20166183906250001 0.1658685265625 0.19606050625 0.1578689953125 0.18806097500000002 0.163470328125
0 0.215135321875 0.1153046796875 0.225777853125 0.130503790625 0.2409769640625 0.11986125781250001 0.23033443281250002 0.10466214843749999 0.215135321875 0.1153046796875
0 0.18665400000000001 0.11378858750000001 0.1922553328125 0.12178811875 0.1978550046875 0.11786718593750001 0.1922536734375 0.1098676546875 0.18665400000000001 0.11378858750000001
0 0.2719274453125 0.33006514062500003 0.28032944375 0.34206443750000004 0.29072883437499997 0.33478270625 0.2823268359375 0.3227834078125 0.2719274453125 0.33006514062500003
0 0.2695653421875 0.31562490625 0.27964773906249996 0.3300240640625 0.29404689687499996 0.319941665625 0.2839644984375 0.3055425078125 0.2695653421875 0.31562490625
0 0.30592296406249997 0.28837878125 0.311524296875 0.2963783125 0.31792392187499996 0.29189724687499996 0.3123225890625 0.283897715625 0.30592296406249997 0.28837878125
0 0.285561084375 0.28058131249999996 0.30572588125 0.3093796265625 0.3321243359375 0.2908952296875 0.31195953906249996 0.26209691562500004 0.285561084375 0.28058131249999996
0 0.31248025625000003 0.2670970390625 0.3203221203125 0.2782963828125 0.328321653125 0.27269505 0.3204797875 0.26149570624999996 0.31248025625000003 0.2670970390625
0 0.3469359203125 0.3699362484375 0.35533791875 0.3819355453125 0.36493735781250003 0.375213946875 0.35653535937499997 0.3632146484375 0.3469359203125 0.3699362484375
0 0.3474416953125 0.267652190625 0.35584369374999997 0.27965148906250004 0.3718427578125 0.2684488234375 0.36344075937500003 0.25644952656250003 0.3474416953125 0.267652190625
0 0.31783180624999996 0.20493387031250002 0.3284743390625 0.22013298125 0.34367344843750003 0.20949044843750003 0.3330309171875 0.1942913390625 0.31783180624999996 0.20493387031250002
0 0.2802879375 0.0440528296875 0.2903703359375 0.05845198593749999 0.300769728125 0.05117025468750001 0.2906873296875 0.036771096875 0.2802879375 0.0440528296875
0 0.41952876562499997 0.29824334375 0.4312915640625 0.31504236093750004 0.4472906265625 0.3038396953125 0.435527828125 0.2870406796875 0.41952876562499997 0.29824334375
0 0.4000801078125 0.24152384218749998 0.4140834390625 0.261522671875 0.43248236249999994 0.24863960624999998 0.41847903124999997 0.228640778125 0.4000801078125 0.24152384218749998
0 0.4310820296875 0.2466397234375 0.450126559375 0.27383813125 0.47412515468749994 0.257034134375 0.4550806234375 0.2298357265625 0.4310820296875 0.2466397234375
0 0.4328445828125 0.2644801734375 0.4384459140625 0.2724797046875 0.44564549375 0.26743850625 0.4400441609375 0.259438975 0.4328445828125 0.2644801734375
0 0.41028241718749997 0.25524295625 0.4203648140625 0.26964211250000003 0.4387637375 0.2567590484375 0.42868133906250006 0.24235989062500002 0.41028241718749997 0.25524295625
0 0.49892287187499995 0.233709771875 0.5078850046875 0.24650902187499998 0.5182843953125 0.239227290625 0.5093222640625 0.22642803906250003 0.49892287187499995 0.233709771875
0 0.5283634734375 0.22978551875000003 0.5328445390625001 0.23618514375 0.5400441171875 0.23114394531250002 0.5355630515625001 0.22474431875 0.5283634734375 0.22978551875000003
0 0.5801214390625 0.2006971765625 0.5851626390625 0.2078967546875 0.5907623109375 0.203975821875 0.5857211109375 0.19677624375 0.5801214390625 0.2006971765625
0 0.47590886093749996 0.1395493078125 0.48655139375 0.15474841718750001 0.5033504093750001 0.14298561875 0.49270787812499994 0.127786509375 0.47590886093749996 0.1395493078125
0 0.46490410937500004 0.1085096296875 0.4721858421875 0.118909021875 0.48258523281250004 0.1116272890625 0.47530350156249995 0.10122789843749999 0.46490410937500004 0.1085096296875
0 0.4445841375 0.1143926890625 0.4574672015625 0.1327916125 0.4726663125 0.12214908124999999 0.459783246875 0.10375015781250001 0.4445841375 0.1143926890625
0 0.49461730625 0.051343264062500005 0.49853823906250005 0.05694293593750001 0.5049378640625 0.052461870312500006 0.50101693125 0.0468621984375 0.49461730625 0.051343264062500005
0 0.524934203125 0.0205778421875 0.5322159359375 0.030977234375000003 0.5426153265625 0.0236955015625 0.5353335953125 0.0132961109375 0.524934203125 0.0205778421875
0 0.4361705171875 0.018950140625 0.4468130484375 0.034149251562499996 0.46121220625000003 0.024066853125000003 0.450569675 0.0088677421875 0.4361705171875 0.018950140625
0 0.44280310624999997 0 0.4402482859375 0.0017889046874999999 0.4514509515625 0.0177879671875 0.46265029531249996 0.009946103125 0.45568595937499995 0 0.44280310624999997 0
0 0.39257685625 0 0.3841266734375 0.0059168812500000004 0.394209071875 0.0203160390625 0.41260799531250003 0.0074329734375 0.4074033703125 0 0.39257685625 0
0 0.5988365250000001 0.16017299062499998 0.61452025625 0.18257167968750002 0.63851885 0.1657676828125 0.6228351203125 0.14336899375 0.5988365250000001 0.16017299062499998
0 0.5716675718750001 0.10349456562499999 0.583990503125 0.12109353593750001 0.6039893328125 0.1070902046875 0.5916664015624999 0.08949123437499999 0.5716675718750001 0.10349456562499999
0 0.634019521875 0.02824295 0.640741121875 0.037842387500000005 0.6511405124999999 0.0305606546875 0.6444189140625001 0.0209612171875 0.634019521875 0.02824295
0 0.7313912234375 0 0.7251797468750001 0.004349321875 0.753186409375 0.04434698125 0.7787849109375 0.0264227171875 0.760283525 0 0.7313912234375 0
0 0.7837228015625 0.1535069828125 0.7938052 0.16790613906250001 0.8058044984375 0.159504140625 0.7957221 0.145104984375 0.7837228015625 0.1535069828125
0 0.79736474375 0.16362547656249998 0.8068870078125 0.17722468125 0.821286165625 0.16714228281250001 0.8117639000000001 0.153543078125 0.79736474375 0.16362547656249998
0 0.8088827406249999 0.14602318593750002 0.819525271875 0.161222296875 0.8411240078125 0.1460987 0.8304814765625 0.13089958906250002 0.8088827406249999 0.14602318593750002
0 0.7817195984375 0.1310663859375 0.7990837296875 0.15586493437499999 0.822282371875 0.13962107031249998 0.8049182406250001 0.11482252343749999 0.7817195984375 0.1310663859375
0 0.8407447843750001 0.2953845703125 0.85418798125 0.314583446875 0.8709869984375 0.3028206484375 0.8575438 0.283621771875 0.8407447843750001 0.2953845703125
0 0.8565870109375 0.3069428140625 0.8717106078124999 0.32854155 0.892509390625 0.3139780859375 0.87738579375 0.29237935 0.8565870109375 0.3069428140625
0 0.8581105734375001 0.33210358281249996 0.869873371875 0.3489026 0.8866723890625 0.3371398015625 0.874909590625 0.320340784375 0.8581105734375001 0.33210358281249996
0 0.9344380593749999 0.364494215625 0.948441390625 0.3844930453125 0.9652404078125001 0.372730246875 0.9512370765625 0.3527314171875 0.9344380593749999 0.364494215625
0 0.906476625 0.3620180125 0.910957690625 0.36841763906249997 0.9205571296875 0.36169603906250003 0.9160760640625 0.3552964140625 0.906476625 0.3620180125
0 0.82331593125 0.38031030781249997 0.8322780640625 0.3931095578125 0.8466772203125 0.383027159375 0.8377150890625 0.370227909375 0.82331593125 0.38031030781249997
0 0.6957092890625 0.3683276125 0.7102727546875001 0.38912639375 0.7334713953125 0.37288253125000004 0.71890793125 0.3520837484375 0.6957092890625 0.3683276125
0 0.6562858765625 0.498458175 0.6635676078125 0.508857565625 0.671567140625 0.5032562328125 0.6642854078125 0.49285684218750003 0.6562858765625 0.498458175
0 0.6463267078125 0.507219903125 0.653608440625 0.5176192937499999 0.664807784375 0.509777428125 0.657526053125 0.4993780375 0.6463267078125 0.507219903125
0 0.6666927390625 0.54481853125 0.6969399328125 0.588016003125 0.7329378265625001 0.5628100078125 0.7026906312500001 0.5196125359375 0.6666927390625 0.54481853125
0 0.58576510625 0.51266855 0.5975279046875 0.529467565625 0.612727015625 0.518825034375 0.6009642171875 0.5020260171875 0.58576510625 0.51266855
0 0.52006438125 0.382232615625 0.5323873125 0.3998315859375 0.548386375 0.3886289203125 0.53606344375 0.3710299515625 0.52006438125 0.382232615625
0 0.48290099375000006 0.3683172484375 0.49578405937500003 0.38671617187499996 0.5189827 0.37047230781249996 0.5060996359375001 0.3520733859375 0.48290099375000006 0.3683172484375
0 0.40169661718749994 0.35960821875 0.40561755 0.365207890625 0.412017175 0.36072682500000003 0.4080962421875 0.355127153125 0.40169661718749994 0.35960821875
0 0.43270019687500005 0.37664456562500004 0.4399819296875 0.38704395625 0.45438108593750004 0.37696155781249996 0.44709935468750006 0.3665621671875 0.43270019687500005 0.37664456562500004
0 0.4235073765625 0.43076795468749995 0.43078910937500003 0.4411673453125 0.44038854687500006 0.434445746875 0.433106815625 0.42404635625 0.4235073765625 0.43076795468749995
0 0.49844283125000005 0.5207610265625 0.5096454953125 0.5367600890625 0.527244465625 0.5244371578125 0.5160418 0.5084380953125 0.49844283125000005 0.5207610265625
0 0.48180065 0.509762915625 0.4935634484375 0.5265619312500001 0.5087625578125 0.5159194 0.4969997609375 0.49912038281250004 0.48180065 0.509762915625
0 0.4913590109375 0.49532102031249997 0.49976101093749997 0.5073203187499999 0.5109603546875 0.49947845312499994 0.50255835625 0.48747915624999993 0.4913590109375 0.49532102031249997
0 0.5000008296875 0.5059602328125 0.5089629625 0.5187594828125001 0.5217622125 0.5097973515625001 0.51280008125 0.4969981 0.5000008296875 0.5059602328125
0 0.44571147343749995 0.45396576718750004 0.48099986718750004 0.504362815625 0.502598603125 0.48923921875 0.467310209375 0.43884216875000004 0.44571147343749995 0.45396576718750004
0 0.43559297812500003 0.4676077078125 0.44679564374999997 0.4836067703125 0.4611948 0.47352437187499996 0.4499921359375 0.45752530937499997 0.43559297812500003 0.4676077078125
0 0.405156171875 0.499053171875 0.4393243 0.5478503156250001 0.4865215359375 0.5148024546875 0.452353409375 0.46600531093750003 0.405156171875 0.499053171875
0 0.41879894218749997 0.5151318984375 0.428881340625 0.52953105625 0.4400806859375 0.521689190625 0.4299982875 0.5072900328125 0.41879894218749997 0.5151318984375
0 0.4506369125 0.4916465484375 0.455117978125 0.498046175 0.45831779062500005 0.4958056421875 0.45383672500000005 0.489406015625 0.4506369125 0.4916465484375
0 0.41487302968749995 0.4737708328125 0.42215476093750004 0.484170225 0.432554153125 0.4768884921875 0.4252724203125 0.4664891015625 0.41487302968749995 0.4737708328125
0 0.5073771671875 0.621203696875 0.5129785 0.629203228125 0.5233778906250001 0.6219214953125001 0.5177765578125 0.6139219640625 0.5073771671875 0.621203696875
0 0.5639833999999999 0.6501169390625 0.5712651328125 0.66051633125 0.5776647578125 0.656035265625 0.570383025 0.6456358734375 0.5639833999999999 0.6501169390625
0 0.5214224046875 0.6548830531250001 0.5287041375 0.66528244375 0.535903715625 0.6602412453125 0.528621984375 0.649841853125 0.5214224046875 0.6548830531250001
0 0.5070626640625 0.66076528125 0.5154646640625 0.6727645796874999 0.5258640546875 0.665482846875 0.5174620562500001 0.65348355 0.5070626640625 0.66076528125
0 0.47801954999999996 0.646528771875 0.4836208828125 0.654528303125 0.49242036718750004 0.6483668375 0.486819034375 0.64036730625 0.47801954999999996 0.646528771875
0 0.4888599953125 0.64668726875 0.49894239375 0.6610864249999999 0.51334155 0.6510040265625 0.5032591515625 0.6366048703125 0.4888599953125 0.64668726875
0 0.47497159375000003 0.590247003125 0.4906553234375 0.6126456921875 0.5106541531250001 0.5986423609375 0.494970421875 0.576243671875 0.47497159375000003 0.590247003125
0 0.45768878593749995 0.5749288124999999 0.467771184375 0.5893279703125 0.48537015468750005 0.5770050390625 0.47528775625 0.56260588125 0.45768878593749995 0.5749288124999999
0 0.47176845937499995 0.5686466078125 0.48241099218750005 0.5838457171875 0.4984100546875 0.572643053125 0.4877675234375 0.5574439421874999 0.47176845937499995 0.5686466078125
0 0.45736598281249996 0.5548880765625 0.46912878124999996 0.57168709375 0.48192803125 0.5627249609375 0.4701652328125 0.5459259453125 0.45736598281249996 0.5548880765625
0 0.44269007968749996 0.5884114265625 0.44885154531250004 0.5972109125 0.4624507484375 0.587688646875 0.45628928281250003 0.5788891625 0.44269007968749996 0.5884114265625
0 0.3954057078125 0.5702573046875 0.4066083734375 0.58625636875 0.4162078109375 0.57953476875 0.40500514687500005 0.5635357062499999 0.3954057078125 0.5702573046875
0 0.3954837109375 0.555896734375 0.426851171875 0.6006941125 0.47084859687499997 0.5698867843750001 0.4394811359375 0.52508940625 0.3954837109375 0.555896734375
0 0.336107928125 0.459181234375 0.354032190625 0.4847797359375 0.37003125468750003 0.47357707031249996 0.352106990625 0.44797856875 0.336107928125 0.459181234375
0 0.36928150937500004 0.547420053125 0.3776835078125 0.55941935 0.393682571875 0.5482166859375 0.3852805734375 0.5362173890624999 0.36928150937500004 0.547420053125
0 0.3290004640625 0.551185809375 0.3374024625 0.5631851078125 0.3502017140625 0.554222975 0.3417997140625 0.5422236781249999 0.3290004640625 0.551185809375
0 0.344960940625 0.550143546875 0.3533629390625 0.56214284375 0.36536223749999996 0.5537408453125 0.3569602390625 0.5417415484375 0.344960940625 0.550143546875
0 0.3421972015625 0.5240629140624999 0.3489188 0.533662353125 0.359318190625 0.5263806203125 0.3525965921875 0.5167811828125 0.3421972015625 0.5240629140624999
0 0.3509186828125 0.5322620203125 0.3632416140625 0.5498609890624999 0.3816405375 0.536977925 0.36931760625 0.5193789546875001 0.3509186828125 0.5322620203125
0 0.2327463421875 0.47671631249999996 0.2383476734375 0.48471584375 0.247147159375 0.478554378125 0.24154582656249998 0.470554846875 0.2327463421875 0.47671631249999996
0 0.4619383328125 0.642290846875 0.46585926562499996 0.6478905187499999 0.47305884374999996 0.64284931875 0.46913791250000003 0.637249646875 0.4619383328125 0.642290846875
0 0.37869133593750004 0.6153413890625 0.3859730671875 0.62574078125 0.3971724125 0.617898915625 0.3898906796875 0.6074995249999999 0.37869133593750004 0.6153413890625
0 0.36613107500000003 0.616983203125 0.3728526734375 0.626582640625 0.3824521109375 0.6198610421875 0.3757305125 0.6102616046875 0.36613107500000003 0.616983203125
0 0.349487234375 0.594064628125 0.3539683 0.600464253125 0.361167878125 0.5954230546875 0.3566868125 0.589023428125 0.349487234375 0.594064628125
0 0.3309256640625 0.5879869765625 0.3410080625 0.6023861328125 0.351407453125 0.5951044015625 0.34132505625 0.58070524375 0.3309256640625 0.5879869765625
0 0.30180620625 0.6000314999999999 0.3191703375 0.6248300484375 0.3431689328125 0.6080260515625 0.3258048015625 0.583227503125 0.30180620625 0.6000314999999999
0 0.3228045625 0.5823478875 0.330646428125 0.59354723125 0.3394459125 0.587385765625 0.331604046875 0.576186421875 0.3228045625 0.5823478875
0 0.29441120625 0.6379940093750001 0.30505373750000003 0.6531931203125 0.3178529875 0.6442309890625 0.30721045625 0.6290318781249999 0.29441120625 0.6379940093750001
0 0.2742094828125 0.6312765625 0.28765268125 0.6504754375 0.30365174375000004 0.6392727734375 0.29020854687500003 0.6200738968749999 0.2742094828125 0.6312765625
0 0.40110662656249996 0.718862303125 0.4089484921875 0.7300616468750001 0.4209477890625 0.7216596484375 0.41310592343749997 0.7104603046875 0.40110662656249996 0.718862303125
0 0.3478317375 0.7704717328124999 0.35567360312499996 0.781671078125 0.36367313437500004 0.7760697453125001 0.35583126875 0.7648704015625001 0.3478317375 0.7704717328124999
0 0.4243152296875 0.7741412249999999 0.434397628125 0.78854038125 0.45119664375 0.776777584375 0.4411142453125 0.7623784265625 0.4243152296875 0.7741412249999999
0 0.4365066296875 0.7089769875 0.44378836093749996 0.719376378125 0.458987471875 0.708733846875 0.4517057390625 0.69833445625 0.4365066296875 0.7089769875
0 0.44710808437500005 0.7164558015625 0.454389815625 0.72685519375 0.4679890203125 0.717332928125 0.4607072875 0.7069335375 0.44710808437500005 0.7164558015625
0 0.4672293140625 0.719653125 0.476751578125 0.7332523281250001 0.48955082968749997 0.724290196875 0.4800285640625 0.7106909921875 0.4672293140625 0.719653125
0 0.45163022656249996 0.7305757234375 0.46451329062499996 0.7489746453125 0.4813123078125 0.737211846875 0.46842924375 0.718812925 0.45163022656249996 0.7305757234375
0 0.44539241875 0.7480572734375001 0.45603495 0.7632563828125 0.47123405937499996 0.7526138515625 0.460591528125 0.737414740625 0.44539241875 0.7480572734375001
0 0.1681965953125 0.5684088765624999 0.17827899375 0.5828080328125 0.1982778234375 0.5688047015625 0.188195425 0.5544055453125 0.1681965953125 0.5684088765624999
0 0.20821002656249998 0.653646625 0.22389375625 0.6760453140625 0.24709239843750003 0.65980145 0.23140866718750003 0.6374027609375 0.20821002656249998 0.653646625
0 0.24145081875000002 0.6500418546875 0.2515332171875 0.6644410125 0.26193260937499996 0.6571592796875 0.2518502109375 0.6427601234375 0.24145081875000002 0.6500418546875
0 0.25677565 0.6804409062500001 0.26741818125 0.695640015625 0.2802174328125 0.686677884375 0.2695749015625 0.6714787734375001 0.25677565 0.6804409062500001
0 0.229173115625 0.6699643421875 0.2442967125 0.6915630765625 0.26749535468749996 0.6753192140625 0.2523717578125 0.653720478125 0.229173115625 0.6699643421875
0 0.158487209375 0.6473333046875 0.16856960781250002 0.6617324609375 0.1853686234375 0.6499696625 0.175286225 0.63557050625 0.158487209375 0.6473333046875
0 0.1014415828125 0.6229002968749999 0.11488478124999998 0.642099171875 0.1356835625 0.6275357078125 0.122240365625 0.6083368328125001 0.1014415828125 0.6229002968749999
0 0.1331243765625 0.6340963203125 0.143206775 0.648495478125 0.1584058859375 0.6378529453125 0.1483234875 0.6234537890625 0.1331243765625 0.6340963203125
0 0.1276832015625 0.6271768078125 0.13384466718750002 0.63597629375 0.1458439640625 0.6275742953125001 0.1396824984375 0.618774809375 0.1276832015625 0.6271768078125
0 0.10340370937500001 0.637620596875 0.11180570781250002 0.64961989375 0.12700481875 0.6389773625 0.1186028203125 0.626978065625 0.10340370937500001 0.637620596875
0 0.2012643796875 0.758651684375 0.21022651093750003 0.7714509359374999 0.226225575 0.7602482703125 0.21726344218750002 0.7474490203124999 0.2012643796875 0.758651684375
0 0.2041832953125 0.75005094375 0.20978462812499998 0.758050475 0.21938406562499999 0.7513288765625 0.21378273281250001 0.7433293437499999 0.2041832953125 0.75005094375
0 0.21138204374999997 0.7390495125000001 0.2169833765625 0.7470490437499999 0.2249829078125 0.7414477109375001 0.21938157500000002 0.7334481796875 0.21138204374999997 0.7390495125000001
0 0.20105899531250002 0.720050209375 0.206660328125 0.728049740625 0.21545981250000001 0.721888275 0.2098584796875 0.71388874375 0.20105899531250002 0.720050209375
0 0.2152577484375 0.707127728125 0.22478001406249998 0.72072693125 0.2367793109375 0.7123249328125 0.227257046875 0.6987257296875 0.2152577484375 0.707127728125
0 0.22301912031249999 0.714806946875 0.23814271874999998 0.7364056828125001 0.2621413140625 0.7196016843749999 0.24701771562500002 0.69800295 0.22301912031249999 0.714806946875
0 0.21101982343749998 0.7232089453125 0.22334275468749998 0.7408079140625 0.2377419109375 0.7307255171875 0.2254189796875 0.713126546875 0.21101982343749998 0.7232089453125
0 0.2733759234375 0.6777584890624999 0.27953738906250003 0.686557975 0.2859370140625 0.6820769078125 0.2797755484375 0.6732774234375001 0.2733759234375 0.6777584890624999
0 0.24125705625 0.6948836296875001 0.2535799875 0.7124826 0.27197891093750004 0.6995995359375 0.2596559796875 0.682000565625 0.24125705625 0.6948836296875001
0 0.25457868437500003 0.7028420843750001 0.26578135 0.7188411484375 0.282580365625 0.70707835 0.27137770156249996 0.6910792875 0.25457868437500003 0.7028420843750001
0 0.2712768828125 0.8288446703125001 0.281919415625 0.8440437796875001 0.294718665625 0.8350816484375001 0.284076134375 0.8198825390625 0.2712768828125 0.8288446703125001
0 0.2284852 0.9005334234375001 0.2335263984375 0.9077330015625 0.23992602343749997 0.9032519359375 0.23488482500000002 0.8960523578125 0.2284852 0.9005334234375001
0 0.2378448171875 0.8951719109375 0.24288601718749997 0.9023714890625 0.24848568906250001 0.8984505578125 0.243444490625 0.891250978125 0.2378448171875 0.8951719109375
0 0.2072403828125 0.871895265625 0.21228158281249998 0.8790948453125 0.2202811140625 0.8734935125 0.215239915625 0.866293934375 0.2072403828125 0.871895265625
0 0.2608480375 0.9118493578125 0.2686899015625 0.9230487015625 0.279889246875 0.9152068359375001 0.27204738125 0.9040074921875 0.2608480375 0.9118493578125
0 0.2738066140625 0.8980070140624999 0.2844491453125 0.9132061234375 0.29244867812500003 0.907604790625 0.2818061453125 0.89240568125 0.2738066140625 0.8980070140624999
0 0.081131571875 0.7003061421875 0.0895335703125 0.7123054390625 0.1007329140625 0.7044635734375 0.092330915625 0.6924642765625 0.081131571875 0.7003061421875
0 0.10809347968750001 0.7064626265625 0.1125745453125 0.7128622515624999 0.1213740296875 0.7067007859375 0.11689296406250001 0.7003011609375001 0.10809347968750001 0.7064626265625
0 0.1278993765625 0.7432613031249999 0.139662175 0.76006031875 0.15246142499999998 0.7510981875 0.1406986265625 0.7342991703124999 0.1278993765625 0.7432613031249999
0 0.0172444359375 0.6669537390625 0.02620656875 0.679752990625 0.040605724999999995 0.6696705921875 0.03164359375 0.656871340625 0.0172444359375 0.6669537390625
0 0.0288076609375 0.6868729046875 0.0232079890625 0.6907938375 0.030489721874999997 0.7011932296875 0.03608939375 0.697272296875 0.0288076609375 0.6868729046875
0 0.014804329687500001 0.6668740765625001 0.0092046578125 0.670795009375 0.0220877234375 0.68919393125 0.0276873953125 0.6852729984375 0.014804329687500001 0.6668740765625001
0 0.11942601562499999 0.7933044328125 0.12726788125 0.8045037781250001 0.14406689687500002 0.7927409796875 0.1362250328125 0.781541634375 0.11942601562499999 0.7933044328125
0 0.173758109375 0.8649396578124999 0.1838405078125 0.8793388156249999 0.1974397125 0.86981655 0.1873573140625 0.85541739375 0.173758109375 0.8649396578124999
0 0.114457009375 0.730022659375 0.1290204734375 0.750821440625 0.154618975 0.732897178125 0.1400555109375 0.7120983953125 0.114457009375 0.730022659375
0 0.10481483437500001 0.7171034984375 0.11377696562499999 0.7299027484375 0.12737616875 0.720380484375 0.11841403749999999 0.7075812328125 0.10481483437500001 0.7171034984375
0 0.12265528437499999 0.7153409453124999 0.128256615625 0.7233404765625 0.1386560078125 0.71605874375 0.13305467499999998 0.7080592125 0.12265528437499999 0.7153409453124999
0 0.1034588984375 0.7466648390625 0.11578182968749999 0.7642638093749999 0.1301809859375 0.7541814109375 0.11785805468749999 0.736582440625 0.1034588984375 0.7466648390625
0 0.2090900703125 0.9409376999999999 0.2018904921875 0.9459788984375 0.21085262343750003 0.95877815 0.218052203125 0.95373695 0.2090900703125 0.9409376999999999
0 0.1939664734375 0.9193389640625 0.1867668953125 0.9243801625 0.203010759375 0.9475788046875 0.2102103375 0.9425376062499999 0.1939664734375 0.9193389640625
0 0.09945830156249999 0.7435052734375 0.073059846875 0.7619896703125 0.092104378125 0.789188078125 0.1185028328125 0.77070368125 0.09945830156249999 0.7435052734375
0 0.2850067890625 0.8961253796875001 0.2973297203125 0.9137243500000001 0.3149286890625 0.9014014187500001 0.3026057578125 0.8838024484375 0.2850067890625 0.8961253796875001
0 0.368969925 0.8951536484375 0.3790523234375 0.90955280625 0.395851340625 0.8977900078125 0.3857689421875 0.8833908515625 0.368969925 0.8951536484375
0 0.32018745625 1 0.30125812343749997 0.9729661109375 0.27085990312499997 0.9942511749999999 0.2748852734375 1 0.32018745625 1
0 0.45676686093749996 0.8485796062500001 0.46236819375 0.8565791375 0.46876781875000006 0.852098071875 0.46316648593750004 0.844098540625 0.45676686093749996 0.8485796062500001
0 0.4568851109375 0.8359790984375 0.466967509375 0.85037825625 0.48216661875 0.839735725 0.472084221875 0.8253365671875 0.4568851109375 0.8359790984375
0 0.4336026546875 0.8248619078124999 0.442004653125 0.83686120625 0.45320399843750003 0.8290193406249999 0.444802 0.8170200421875 0.4336026546875 0.8248619078124999
0 0.44384355 0.8284206203125001 0.451685415625 0.839619965625 0.46688452500000005 0.8289774328125 0.4590426609375 0.8177780890624999 0.44384355 0.8284206203125001
0 1 0.5892253968750001 0.9943905781250001 0.5812143125 0.973591796875 0.5957777765625 0.9881552609375 0.616576559375 1 0.6082827843749999 1 0.5892253968750001
0 0.8915422375000001 0.5501074234375001 0.9016246359375 0.5645065796875001 0.916823746875 0.5538640484374999 0.9067413484375001 0.5394648921874999 0.8915422375000001 0.5501074234375001
0 1 0.4708957546875 0.9808108687500001 0.4434908359375 0.9512126015625 0.464215765625 0.972497665625 0.4946139859375 1 0.47535664375 1 0.4708957546875
0 0.8683705609375 0.4727476359375 0.8935765578125 0.508745528125 0.9287744968749999 0.48409966562499995 0.9035685000000001 0.4481017734375 0.8683705609375 0.4727476359375
0 0.8880046796875 0.425023040625 0.9126505421875001 0.46022098125 0.9350492312500001 0.44453725000000005 0.9104033687499999 0.4093393109375 0.8880046796875 0.425023040625
0 0.9090507531249999 0.46274157968749996 0.9286554171875 0.490739940625 0.9534539656250001 0.4733758109375 0.9338493015625 0.44537744999999995 0.9090507531249999 0.46274157968749996
0 0.9223757015625 0.4945409640625 0.936939165625 0.5153397453124999 0.9697372453125 0.49237428281250006 0.9551737812500001 0.47157550156249994 0.9223757015625 0.4945409640625
0 0.6734375796875 0.7213044703125 0.683519978125 0.735703628125 0.6979191359375 0.7256212296875 0.6878367375 0.711222071875 0.6734375796875 0.7213044703125
0 0.7337684921875 0.7827784640625 0.7466515578124999 0.8011773874999999 0.7682502921875 0.7860537890625 0.755367228125 0.7676548671875 0.7337684921875 0.7827784640625
0 0.736125615625 0.7614573046875 0.7428472140625 0.77105674375 0.7500467921875 0.76601554375 0.74332519375 0.75641610625 0.736125615625 0.7614573046875
0 0.6543233484375001 0.7680689546874999 0.6627253468750001 0.7800682531249999 0.673924690625 0.7722263875 0.6655226921875 0.760227090625 0.6543233484375001 0.7680689546874999
0 0.6487253359375 0.7839103515625 0.660488134375 0.80070936875 0.6764871968749999 0.7895067046875 0.6647244 0.7727076875 0.6487253359375 0.7839103515625
0 0.672253421875 0.83538908125 0.687937153125 0.8577877703125001 0.7095358890625 0.8426641734375 0.6938521578125 0.820265484375 0.672253421875 0.83538908125
0 0.6889769265625 0.8558675515624999 0.6979390578125 0.8686668015624999 0.712338215625 0.858584403125 0.7033760828125 0.845785153125 0.6889769265625 0.8558675515624999
0 0.6146493234375 0.8220765859375 0.6286526546875 0.8420754140625 0.6398519984375 0.8342335500000001 0.6258486671875 0.8142347203125 0.6146493234375 0.8220765859375
0 0.5128743625000001 0.7431276828125 0.522956759375 0.7575268390625001 0.5437555421875 0.742963375 0.53367314375 0.72856421875 0.5128743625000001 0.7431276828125
0 0.456434096875 0.757016084375 0.476038759375 0.7850144453125 0.5064369796875 0.76372938125 0.4868323171875 0.7357310218750001 0.456434096875 0.757016084375
0 0.48447187343750003 0.7332112515625 0.49735493750000004 0.7516101749999999 0.5149539078125 0.73928724375 0.50207084375 0.7208883203124999 0.48447187343750003 0.7332112515625
0 0.49203533281249995 0.755931084375 0.5093994625 0.7807296312500001 0.5253985265625001 0.7695269671875 0.5080343953125 0.7447284187500001 0.49203533281249995 0.755931084375
0 0.54335805625 0.7611241390625 0.5540005875 0.7763232484375 0.5683997453125 0.76624085 0.5577572125 0.7510417406250001 0.54335805625 0.7611241390625
0 0.5380728859375 0.7254834859375 0.5700004812499999 0.771080815625 0.6011986546875 0.7492356203125 0.569271059375 0.7036382890625 0.5380728859375 0.7254834859375
0 0.4967512375 0.7252092296875 0.5286788328124999 0.7708065609375 0.575076115625 0.7383188328125 0.543148521875 0.6927215015625 0.4967512375 0.7252092296875
0 0.50598845625 0.7026470640625 0.5143904546875 0.7146463609375 0.5279896578125001 0.705124096875 0.5195876593750001 0.6931247984375 0.50598845625 0.7026470640625
0 0.5610300484375 0.69867924375 0.567751646875 0.70827868125 0.5781510390625 0.7009969500000001 0.5714294390625 0.6913975109375 0.5610300484375 0.69867924375
0 0.5370281328125001 0.6916423125 0.5532719968750001 0.7148409546875001 0.5708709671875 0.7025180234375 0.554627103125 0.67931938125 0.5370281328125001 0.6916423125
0 0.7955619703125001 0.718647359375 0.80396396875 0.73064665625 0.8143633593749999 0.723364925 0.8059613609375 0.7113656265625 0.7955619703125001 0.718647359375
0 0.7752436578124999 0.7364508828125 0.7926077874999999 0.76124943125 0.8150064765625 0.7455657 0.797642346875 0.7207671515625 0.7752436578124999 0.7364508828125
0 0.8526192171875 0.8265236171874999 0.8699833484375 0.851322165625 0.901981475 0.8289168359374999 0.8846173437499999 0.8041182875 0.8526192171875 0.8265236171874999
0 0.8254913421875001 0.7775654875 0.8495770703125001 0.8119634734375 0.8823751515625 0.7889980109375 0.8582894218750001 0.754600025 0.8254913421875001 0.7775654875
0 0.7717110796875 0.64712789375 0.7778725453125 0.655927378125 0.7882719359375 0.648645646875 0.7821104703125 0.6398461609375 0.7717110796875 0.64712789375
0 0.7095304796875 0.5166114671875001 0.719612878125 0.5310106234374999 0.7348119875 0.5203680921875 0.7247295890625 0.505968934375 0.7095304796875 0.5166114671875001
0 0.79137714375 0.541561040625 0.8244250046875001 0.5887582765625 0.8708222890625 0.55627055 0.8377744281249999 0.5090733125 0.79137714375 0.541561040625
0 0.7967822234375 0.57652165 0.8096652875 0.5949205734375 0.8288641640625001 0.581477375 0.8159810999999999 0.5630784515625 0.7967822234375 0.57652165
0 0.7538187625 0.5636871328125 0.7622207609375 0.5756864312500001 0.7758199640625 0.5661641656249999 0.767417965625 0.55416486875 0.7538187625 0.5636871328125
0 0.7700124171875 0.5136029265625 0.7828954828125 0.5320018484375 0.7980945921875 0.5213593171875 0.785211528125 0.50296039375 0.7700124171875 0.5136029265625
0 0.781534565625 0.525801796875 0.7927372312500001 0.541800859375 0.8111361531249999 0.5289177953124999 0.7999334890625 0.5129187328125 0.781534565625 0.525801796875
0 0.7346107546875 0.5115677765625 0.7452532859375001 0.5267668875 0.76125235 0.515564221875 0.75060981875 0.5003651125 0.7346107546875 0.5115677765625
0 0.720693728125 0.5368106984375001 0.7436591906250001 0.569608778125 0.7852567546875 0.54048185 0.7622912921875 0.5076837703125 0.720693728125 0.5368106984375001
0 0.7571401453125 0.572687021875 0.777865075 0.6022852890625 0.8106631546875 0.5793198265624999 0.789938225 0.549721559375 0.7571401453125 0.572687021875
0 0.910196753125 0.649108684375 0.9197190187500001 0.6627078875 0.933318221875 0.6531856234375 0.92379595625 0.63958641875 0.910196753125 0.649108684375
0 0.9011532984375 0.6268290750000001 0.9157167625 0.6476278578125 0.9333157312499999 0.6353049265624999 0.9187522671874999 0.61450614375 0.9011532984375 0.6268290750000001
0 0.8625107453125 0.6193141640625 0.8865964749999999 0.6537121499999999 0.9153947890625 0.633547353125 0.891309059375 0.5991493671875 0.8625107453125 0.6193141640625
0 0.85719695 0.6653566984375 0.8712002812499999 0.685355528125 0.8959988296875 0.667991396875 0.8819954984375 0.6479925671875 0.85719695 0.6653566984375
0 0.8817229031249999 0.70123468125 0.8912451671875001 0.7148338843750001 0.9056443249999999 0.7047514859375 0.8961220593749999 0.6911522828125001 0.8817229031249999 0.70123468125
0 0.8656835921875 0.7106772828125 0.8791267906250001 0.729876159375 0.891926040625 0.7209140265625 0.87848284375 0.7017151515625 0.8656835921875 0.7106772828125
0 0.861041540625 0.6972374046875001 0.870003671875 0.71003665625 0.8868026890625 0.6982738578125 0.87784055625 0.6854746078125 0.861041540625 0.6972374046875001
0 0.8446391796875 0.6848792078125 0.8569621109375 0.702478178125 0.8753610343749999 0.6895951140625 0.863038103125 0.67199614375 0.8446391796875 0.6848792078125
0 0.840481746875 0.7044805515625 0.854485078125 0.7244793796875 0.8736839546875 0.7110361828125 0.8596806234375001 0.691037353125 0.840481746875 0.7044805515625
0 0.8511653562499999 0.72739995625 0.8640484203125001 0.7457988796875 0.8800474843750001 0.7345962140625 0.86716441875 0.7161972921875 0.8511653562499999 0.72739995625
0 0.8391266421875001 0.7400021234375 0.8531299734375001 0.7600009531249999 0.8651292703125 0.7515989546874999 0.8511259390625 0.731600125 0.8391266421875001 0.7400021234375
0 0.807444678125 0.7347663328125 0.8326506734375 0.770764225 0.849449690625 0.7590014265625 0.8242436937500001 0.723003534375 0.807444678125 0.7347663328125
0 0.8212845312500001 0.7298442125 0.830806796875 0.7434434171875 0.8428060937499999 0.7350414187500001 0.8332838296875 0.7214422140625001 0.8212845312500001 0.7298442125
0 0.8277227437500001 0.7152027453125 0.8434064734375 0.7376014343749999 0.85780563125 0.7275190359375 0.8421219000000001 0.705120346875 0.8277227437500001 0.7152027453125