0 1 0.37089290625000004 0.9821530375 0.369017115625 0.9800093875 0.389412584375 1 0.3915136828125 1 0.37089290625000004
0 1 0.40869766093750004 0.9884207453125 0.40748063281249997 0.9854604671875 0.435645803125 1 0.4371739703125 1 0.40869766093750004
0 1 0.5088557125000001 0.9920913171875 0.5080244765625 0.98892688125 0.5381320734374999 0.9986390078125 0.539152859375 1 0.526203884375 1 0.5088557125000001
0 0.9781546578125001 0.621937821875 0.9898092109375 0.623162765625 0.992259096875 0.5998536578125 0.98060454375 0.5986287156250001 0.9781546578125001 0.621937821875
0 0.9790836296875 0.6784971078125 0.98393969375 0.6790075 0.9855729500000001 0.6634680953125 0.9807168859375001 0.662957703125 0.9790836296875 0.6784971078125
0 0.9526889859375001 0.8829126125 0.9585074640625001 0.827553484375 0.9109180374999999 0.822551634375 0.9050995593750001 0.8779107625 0.9526889859375001 0.8829126125
0 0.9503250484375 0.8026359062499999 0.9559393703125 0.749219203125 0.919033284375 0.7453402171875 0.9134189625 0.7987569203125 0.9503250484375 0.8026359062499999
0 0.92445078125 0.7405089390625 0.930779653125 0.680293746875 0.8754205234375 0.6744752671875001 0.8690916515625 0.7346904609375 0.92445078125 0.7405089390625
0 0.881164784375 0.797330753125 0.8850437703124999 0.7604246671875 0.8597922375 0.7577706234375 0.8559132515625001 0.794676709375 0.881164784375 0.797330753125
0 0.9089814781250001 0.8596618765624999 0.9119417562500001 0.8314967062499999 0.8866902234375 0.8288426624999999 0.8837299453125 0.8570078343749999 0.9089814781250001 0.8596618765624999
0 0.9502020218749999 1 0.956378478125 0.9412349531249999 0.8990769234375 0.9352123171875 0.8928501296875 0.994456296875 0.9455949421875 1 0.9502020218749999 1
0 0.8907945515625 1 0.8921078609374999 0.987504690625 0.8513169234375001 0.9832173890625 0.849553 1 0.8907945515625 1
0 0.8661928171875 0.9911635296875 0.8705821968749999 0.9494013796875 0.82299276875 0.9443995296875001 0.818603390625 0.9861616796874999 0.8661928171875 0.9911635296875
0 0.8079696234375 0.9752246093749999 0.816135909375 0.8975275859374999 0.7811722484375 0.8938527578125001 0.7730059625 0.9715497796875001 0.8079696234375 0.9752246093749999
0 0.86236033125 0.8361049046875 0.8671580234375 0.7904579046875 0.819568596875 0.785456053125 0.8147709046875 0.8311030546874999 0.86236033125 0.8361049046875
0 0.807791578125 0.8180952265625001 0.8114664062499999 0.7831315671875 0.7813588109375 0.7799671312500001 0.7776839812499999 0.814930790625 0.807791578125 0.8180952265625001
0 0.8321884984375 0.7494686749999999 0.8367820343749999 0.7057641 0.7979335234375 0.7016809562499999 0.7933399875 0.74538553125 0.8321884984375 0.7494686749999999
0 0.7959604453125 0.6690695015625 0.8012685312500001 0.6185664375 0.7643624453125 0.6146874515625 0.759054359375 0.665190515625 0.7959604453125 0.6690695015625
0 0.9529308453124999 0.6330338765625 0.9591576375 0.5737898953125 0.9105969984375 0.5686859671875 0.9043702046875 0.6279299468749999 0.9529308453124999 0.6330338765625
0 0.9107501156250001 0.5672291484375 0.9170789875 0.5070139546875 0.883086540625 0.5034412046875001 0.87675766875 0.5636563984375 0.9107501156250001 0.5672291484375
0 0.8931588765624999 0.5197199453125 0.8970378625000001 0.48281385937500004 0.8484772218750001 0.47770993125 0.8445982359374999 0.5146160171874999 0.8931588765624999 0.5197199453125
0 0.8487630703125 0.507689196875 0.85315245 0.465927046875 0.8143039375000001 0.461843903125 0.809914559375 0.5036060531250001 0.8487630703125 0.507689196875
0 0.972382678125 0.485332240625 0.9762616640624999 0.44842615468749997 0.917017684375 0.4421993609375 0.9131386984375001 0.47910544687499995 0.972382678125 0.485332240625
0 0.9644787796875001 0.4437509265625 0.9678473734375 0.41170090468750004 0.9474519046875001 0.40955725468750004 0.9440833109375 0.4416072765625 0.9644787796875001 0.4437509265625
0 0.9746458625000001 0.4124154546875 0.977606140625 0.38425028437500003 0.9368152046875 0.379962984375 0.933854925 0.4081281546875 0.9746458625000001 0.4124154546875
0 0.98144141875 0.3944728046875 0.9883827625 0.3284303359375 0.9378796984375001 0.32312225 0.9309383546875001 0.38916471874999997 0.98144141875 0.3944728046875
0 0.9555117125000001 0.3048456453125 0.9584719921874999 0.2766804734375 0.9361340984375 0.2743326671875 0.9331738187499999 0.3024978375 0.9555117125000001 0.3048456453125
0 0.9328471953124999 0.3383043796875 0.9360116312500001 0.30819678281249996 0.903961609375 0.30482818906250003 0.9007971734375 0.3349357859375 0.9328471953124999 0.3383043796875
0 0.9289988609375 0.4076177625 0.934306946875 0.35711469687499997 0.9061417765625001 0.35415441875 0.900833690625 0.4046574828125 0.9289988609375 0.4076177625
0 0.9229455734374999 0.43251202031249997 0.925905853125 0.4043468484375 0.89579825625 0.40118241250000003 0.8928379765625 0.429347584375 0.9229455734374999 0.43251202031249997
0 0.8631153749999999 0.436534 0.8684234609375 0.386030934375 0.8295749499999999 0.38194779218749997 0.8242668640625 0.43245085625 0.8631153749999999 0.436534
0 0.874831090625 0.3390802328125 0.8794246265625001 0.2953756578125 0.8561155203125 0.292925771875 0.8515219843749999 0.336630346875 0.874831090625 0.3390802328125
0 0.8871548796875001 0.20781338906250002 0.896035715625 0.123317875 0.8358205234374999 0.1169890046875 0.8269396875 0.2014845171875 0.8871548796875001 0.20781338906250002
0 0.9700520453125 0.12913342187500002 0.9744414234375001 0.087371271875 0.9375353375 0.0834922859375 0.9331459593749999 0.12525443593750002 0.9700520453125 0.12913342187500002
0 0.932270959375 0.08686674375 0.9368644953124999 0.04316216875 0.9048144734375001 0.0397935765625 0.9002209375 0.0834981515625 0.932270959375 0.08686674375
0 0.88102269375 0.0559498515625 0.8829621859375001 0.0374968078125 0.8276030578125001 0.0316783296875 0.8256635640625 0.050131371875 0.88102269375 0.0559498515625
0 0.8232443296874999 0.1058477765625 0.8275316296874999 0.06505683906250001 0.7954816078125 0.0616882453125 0.7911943078125 0.10247918281249999 0.8232443296874999 0.1058477765625
0 0.769188903125 0.101639234375 0.7737824390625 0.057934659374999996 0.716480884375 0.051912021875000006 0.7118873484375 0.0956165984375 0.769188903125 0.101639234375
0 0.7245189796875 0.1342580203125 0.7274792578125 0.1060928484375 0.7177671296875 0.10507206250000001 0.7148068515625 0.13323723437499999 0.7245189796875 0.1342580203125
0 0.7599070828125 0.2366625984375 0.76378606875 0.19975651249999998 0.728822409375 0.1960816828125 0.7249434234375001 0.23298776875 0.7599070828125 0.2366625984375
0 0.7111876015624999 0.3591943921875 0.7147603515625 0.3252019453125 0.677854265625 0.321322959375 0.6742815156249999 0.35531540625 0.7111876015624999 0.3591943921875
0 0.7018940515625001 0.41958895625 0.7050584875 0.389481359375 0.6642675515625001 0.385194059375 0.661103115625 0.41530165625000004 0.7018940515625001 0.41958895625
0 0.7471927171875 0.6472507984375 0.753215353125 0.58994924375 0.72310775625 0.5867848078125 0.7170851203125 0.6440863625000001 0.7471927171875 0.6472507984375
0 0.79170938125 0.452595528125 0.7941592671875 0.4292864203125 0.7825047140625 0.42806147812499995 0.780054828125 0.45137058437500005 0.79170938125 0.452595528125
0 0.7521159484375 0.7498901859375 0.7576281921875 0.6974446953125 0.7003266375 0.691422059375 0.6948143953125 0.74386755 0.7521159484375 0.7498901859375
0 0.7405955921875 0.789429928125 0.7434537921875 0.76223596875 0.7084901328125001 0.758561140625 0.70563193125 0.7857550984375 0.7405955921875 0.789429928125
0 0.7147884921875 0.8294319546875 0.71907579375 0.7886410171875 0.6734287921875 0.783843325 0.6691414921875001 0.8246342625 0.7147884921875 0.8294319546875
0 0.753950571875 0.8772444593750001 0.7564004578125 0.853935353125 0.71075345625 0.849137659375 0.7083035703125 0.8724467671875 0.753950571875 0.8772444593750001
0 0.732639328125 0.9024989250000001 0.7365183140625 0.8655928390625001 0.6928137390625 0.860999303125 0.6889347531250001 0.8979053890625 0.732639328125 0.9024989250000001
0 0.7423821078125 0.9359270078125 0.7452403078125001 0.90873305 0.7102766484374999 0.905058221875 0.7074184484375 0.9322521796875 0.7423821078125 0.9359270078125
0 0.7712706265625 0.9880603984375 0.7758641625 0.9443558218750001 0.7302171609375 0.9395581296875 0.725623625 0.9832627046875 0.7712706265625 0.9880603984375
0 0.68655068125 1 0.6897893640625 0.969185984375 0.648027215625 0.96479660625 0.644658621875 0.996846628125 0.67466095625 1 0.68655068125 1
0 0.6804082593749999 0.96034445625 0.6885745453125 0.882647434375 0.6128199484375 0.8746853046874999 0.6046536609375 0.9523823281249999 0.6804082593749999 0.96034445625
0 0.6354897140625 1 0.6401539671875 0.9556225890625001 0.6178160734375 0.9532747828125 0.61290505625 1 0.6354897140625 1
0 0.5824648625 1 0.585258590625 0.9734194531249999 0.543496440625 0.969030075 0.5402413703125 1 0.5824648625 1
0 0.5570701 0.9846948781249999 0.56043869375 0.9526448562500001 0.5011947125 0.9464180624999999 0.4978261203125 0.978468084375 0.5570701 0.9846948781249999
0 0.5876297187499999 0.93684585625 0.59263156875 0.8892564296875 0.5440709296875 0.8841525000000001 0.5390690796875 0.9317419265625 0.5876297187499999 0.93684585625
0 0.636941284375 0.8413796874999999 0.64541380625 0.7607690265625 0.5997668046875 0.7559713343750001 0.5912942828125 0.8365819953125 0.636941284375 0.8413796874999999
0 0.6859232937499999 0.7630628625 0.6878627875000001 0.74460981875 0.64707185 0.74032251875 0.6451323578125 0.7587755625 0.6859232937499999 0.7630628625
0 0.6945329453125 0.741874084375 0.6979015390625001 0.7098240625 0.6629378781249999 0.706149234375 0.6595692843750001 0.7381992562499999 0.6945329453125 0.741874084375
0 0.680380259375 0.6196077515625 0.681094809375 0.6128092625 0.6674978296875 0.6113801609375 0.6667832796875001 0.6181786515625001 0.680380259375 0.6196077515625
0 0.6673753640625 0.6452442781250001 0.6724792921875 0.5966836390625 0.605465609375 0.5896402171874999 0.60036168125 0.63820085625 0.6673753640625 0.6452442781250001
0 0.6766703796875 0.5941783140625 0.6809576796875 0.5533873765624999 0.6217137 0.547160584375 0.6174264 0.587951521875 0.6766703796875 0.5941783140625
0 0.6609472046875 0.5615945796874999 0.6664594484374999 0.5091490890625 0.6023594046875 0.502411903125 0.5968471609375 0.55485739375 0.6609472046875 0.5615945796874999
0 0.6493161125 0.7096272375 0.6544200421874999 0.6610665984375 0.6019745515625 0.6555543546875 0.5968706218750001 0.70411499375 0.6493161125 0.7096272375
0 0.5955946390625 0.7162551546875 0.6011068828125 0.6638096640625 0.5486613921875 0.6582974203124999 0.5431491484375 0.7107429109375001 0.5955946390625 0.7162551546875
0 0.6285910875 0.7246329296875 0.6293056375 0.7178344390625 0.6021116796875 0.7149762390625 0.6013971296875 0.721774728125 0.6285910875 0.7246329296875
0 0.5604721374999999 0.8402160484375001 0.573946509375 0.7120159609375001 0.555493465625 0.7100764671875 0.54201909375 0.83827655625 0.5604721374999999 0.8402160484375001
0 0.6497781171875 0.396927371875 0.6553924390625 0.3435106671875 0.5961484593749999 0.337283875 0.5905341375 0.39070057812500003 0.6497781171875 0.396927371875
0 0.6399040734375 0.3413918046875 0.6423539593750001 0.318082696875 0.6122463625 0.31491826093749997 0.609796478125 0.33822736875000003 0.6399040734375 0.3413918046875
0 0.591700709375 0.33288863125 0.5982337390625 0.2707310125 0.5574428015625 0.2664437125 0.550909771875 0.3286013296875 0.591700709375 0.33288863125
0 0.634657290625 0.4567094640625 0.6385362765625 0.419803378125 0.5948317015625 0.4152098421875 0.5909527156250001 0.452115928125 0.634657290625 0.4567094640625
0 0.6750730765624999 0.025466198437499997 0.6760938624999999 0.0157540703125 0.6285044359375 0.0107522203125 0.6274836500000001 0.0204643484375 0.6750730765624999 0.025466198437499997
0 0.9056313843750001 0.3590104828125 0.9119602562500001 0.29879528906249997 0.8896223609374999 0.2964474828125 0.8832934890624999 0.35666267500000004 0.9056313843750001 0.3590104828125
0 0.40030741406250003 0.0658140515625 0.4066362859375 0.005598859375 0.3541907953125 0.00008661562499999999 0.3478619234375 0.060301809375 0.40030741406250003 0.0658140515625
0 0.4927842578125 0.28370539687499996 0.5014609375 0.201152309375 0.4461018078125 0.1953338296875 0.437425128125 0.27788691718749997 0.4927842578125 0.28370539687499996
0 0.40087631718749994 0.2706086859375 0.40781766093750005 0.2045662171875 0.34857368125 0.1983394234375 0.3416323375 0.26438189375 0.40087631718749994 0.2706086859375
0 0.3558520515625 0.3252839171875 0.35993519531249996 0.28643540624999997 0.29972000312499997 0.280106534375 0.295636859375 0.31895504531249996 0.3558520515625 0.3252839171875
0 0.33733770625 0.2585298296875 0.347239328125 0.1643221890625 0.27342715625 0.1565642171875 0.263525534375 0.2507718578125 0.33733770625 0.2585298296875
0 0.18570604531249998 0.27646968906249997 0.19417856718749998 0.1958590265625 0.1456179265625 0.1907550984375 0.1371454046875 0.27136575937499996 0.18570604531249998 0.27646968906249997
0 0.167497934375 0.2068019625 0.17178523437499998 0.1660110265625 0.13293672343750002 0.16192788281249998 0.128649421875 0.20271882031250002 0.167497934375 0.2068019625
0 0.22310786093749999 0.182206609375 0.228620103125 0.12976111875000002 0.1596639953125 0.122513540625 0.154151753125 0.17495903125 0.22310786093749999 0.182206609375
0 0.2988011546875 0.1253541453125 0.308906934375 0.029204078124999998 0.270058421875 0.025120935937499998 0.25995264375 0.1212710015625 0.2988011546875 0.1253541453125
0 0.46374569374999997 0.4151793296875 0.46782883750000004 0.37633081874999996 0.415383346875 0.37081857500000004 0.411300203125 0.4096670875 0.46374569374999997 0.4151793296875
0 0.47774526249999993 0.5389024828125 0.4849928421875 0.46994637499999997 0.42477764999999995 0.46361750312499994 0.4175300703125 0.5325736109375 0.47774526249999993 0.5389024828125
0 0.49704412031249995 0.5561509703125 0.5000043984375 0.5279858 0.4592134625 0.5236985 0.45625318281249994 0.5518636703124999 0.49704412031249995 0.5561509703125
0 0.5801834265625 0.5545788765624999 0.5823270765624999 0.5341834078125001 0.55998918125 0.5318356 0.55784553125 0.55223106875 0.5801834265625 0.5545788765624999
0 0.520523940625 0.6690872390625 0.5318546625 0.56128261875 0.417251553125 0.549237346875 0.40592083125 0.6570419671875001 0.520523940625 0.6690872390625
0 0.496341440625 0.8010715656249999 0.5006287421875 0.7602806281250001 0.4724635703125 0.75732035 0.4681762703125 0.7981112875 0.496341440625 0.8010715656249999
0 0.503377671875 0.8509081875 0.5065421078125001 0.820800590625 0.4657511703125 0.8165132906249999 0.46258673437500003 0.8466208875 0.503377671875 0.8509081875
0 0.5358433406249999 0.8970349296875 0.54023271875 0.8552727796875 0.49264329218749997 0.8502709296875001 0.4882539140625 0.8920330796875 0.5358433406249999 0.8970349296875
0 0.46820119687500006 0.9566974874999999 0.474427990625 0.8974535078124999 0.4355794796875 0.8933703640624999 0.4293526859375 0.9526143453125 0.46820119687500006 0.9566974874999999
0 0.491992978125 0.9405412125 0.4936262359375 0.9250018078125001 0.47808683125 0.9233685515625 0.47645357343750006 0.9389079562499999 0.491992978125 0.9405412125
0 0.4410406828125 0.84141048125 0.44828826250000003 0.772454371875 0.40652611250000004 0.76806499375 0.39927853281250003 0.8370211015625 0.4410406828125 0.84141048125
0 0.3863961046875 0.8287935125000001 0.39435823281250004 0.7530389140625 0.335114253125 0.746812121875 0.3271521234375 0.8225667187499999 0.3863961046875 0.8287935125000001
0 0.354251334375 0.8730391328125 0.3592531859375 0.82544970625 0.3174910359375 0.8210603265625 0.31248918593749997 0.8686497531249999 0.354251334375 0.8730391328125
0 0.3689814421875 0.9290850921875 0.373574978125 0.8853805171875001 0.3046188703125 0.8781329375 0.300025334375 0.9218375125 0.3689814421875 0.9290850921875
0 0.41366602812500003 0.9897523078124999 0.42070945000000004 0.922738625 0.3702063859375 0.9174305390624999 0.3631629640625 0.9844442203125 0.41366602812500003 0.9897523078124999
0 0.292719384375 0.9446362265625 0.28894247812499996 0.9805711 0.34430160625 0.9863895796875 0.3480785140625 0.9504547062500001 0.292719384375 0.9446362265625
0 0.2481876359375 0.555525584375 0.251556228125 0.5234755625 0.2146501421875 0.5195965765625 0.21128154999999998 0.5516465984375001 0.2481876359375 0.555525584375
0 0.317501159375 0.7228672234375 0.3235237953125 0.66556566875 0.29535862343749997 0.6626053890625 0.2893359875 0.7199069437500001 0.317501159375 0.7228672234375
0 0.3071662953125 0.6623735140625 0.31073904531249996 0.628381065625 0.28354508749999996 0.625522865625 0.2799723375 0.6595153125000001 0.3071662953125 0.6623735140625
0 0.164384959375 0.726903865625 0.1704075953125 0.6696023109375 0.10436512656250001 0.66266096875 0.098342490625 0.7199625234375 0.164384959375 0.726903865625
0 0.266689065625 0.8653088796875 0.2753657453125 0.7827557921875 0.2316611703125 0.77816225625 0.22298449062499998 0.8607153437499999 0.266689065625 0.8653088796875
0 0.2432063125 0.7337154124999999 0.24586035625 0.7084638796875 0.22255124999999998 0.70601399375 0.21989720625000003 0.7312655265625 0.2432063125 0.7337154124999999
0 0.267232903125 0.7480240078125 0.269376553125 0.7276285390624999 0.2441250203125 0.724974496875 0.2419813703125 0.745369965625 0.267232903125 0.7480240078125
0 0.245921659375 0.7732784734375 0.249494409375 0.739286025 0.2193868140625 0.736121590625 0.21581406250000001 0.7701140375 0.245921659375 0.7732784734375
0 0.27829844531250003 0.9043338296875 0.2823815890625 0.8654853171875001 0.2415906515625 0.8611980171875 0.23750750781250002 0.900046528125 0.27829844531250003 0.9043338296875
0 0.31838935468749996 0.845212315625 0.32298289062499996 0.8015077390625001 0.28899044375 0.7979349890625 0.28439690781250004 0.841639565625 0.31838935468749996 0.845212315625
0 0.2044396328125 0.9250472640625 0.20903316875 0.8813426874999999 0.15658767812500002 0.8758304453125 0.15199414218750001 0.9195350203125001 0.2044396328125 0.9250472640625
0 0.209839675 0.9717660890625 0.21249371718750001 0.9465145578125 0.17364520625 0.9424314140625001 0.1709911625 0.967682946875 0.209839675 0.9717660890625
0 0.22149702031250001 0.8281549281249999 0.22537600625 0.7912488421874999 0.1913835578125 0.7876760921875 0.187504571875 0.8245821781249999 0.22149702031250001 0.8281549281249999
0 0.1815766828125 0.8342695203125 0.18759931875 0.776967965625 0.1254417015625 0.7704349359375 0.1194190640625 0.827736490625 0.1815766828125 0.8342695203125
0 0.186298409375 0.6305219234375 0.1906877890625 0.5887597734375001 0.15183927656250001 0.58467663125 0.1474498984375 0.62643878125 0.186298409375 0.6305219234375
0 0.2135143625 0.773309125 0.2170871125 0.739316678125 0.1782386015625 0.735233534375 0.1746658515625 0.76922598125 0.2135143625 0.773309125
0 0.175397996875 0.8743706937500001 0.1787665890625 0.842320671875 0.137004440625 0.8379312921875 0.13363584687500002 0.8699813140625 0.175397996875 0.8743706937500001
0 0.6033979265625 0.7681362796875 0.6065623625 0.7380286828125 0.5764547656250001 0.734864246875 0.5732903296875 0.7649718437499999 0.6033979265625 0.7681362796875
0 0.0814352890625 0.7967408390624999 0.086743375 0.7462377734375 0.033326671875000005 0.7406234515625 0.0280185859375 0.7911265171874999 0.0814352890625 0.7967408390624999
0 0.0947902671875 0.8845553718750001 0.099894196875 0.8359947328124999 0.059103259374999995 0.8317074312500001 0.053999331250000004 0.880268071875 0.0947902671875 0.8845553718750001
0 0.09177895 0.9132061484375 0.0951475421875 0.8811561265625001 0.058241456250000004 0.877277140625 0.054872864062500006 0.9093271625 0.09177895 0.9132061484375
0 0.0846538375 0.948298140625 0.08853282343749999 0.9113920546875001 0.038029757812499995 0.90608396875 0.034150771875 0.9429900546875001 0.0846538375 0.948298140625
0 0 0.910433384375 0.0119105578125 0.911685234375 0.0170144859375 0.8631245953125 0 0.8613362999999999 0 0.910433384375
0 0.0934685484375 0.2805223203125 0.099491184375 0.22322076562499998 0.0693835890625 0.2200563296875 0.063360953125 0.27735788437500003 0.0934685484375 0.2805223203125
0 0.0525199546875 0.086212734375 0.0408654015625 0.0849877921875 0.0345365296875 0.145202984375 0.0461910828125 0.146427928125 0.0525199546875 0.086212734375
0 0 0.7336838828125 0.009889232812499999 0.7347232828125 0.0141765328125 0.6939323453124999 0 0.69244233125 0 0.7336838828125
0 0.059289821875 0.7178218046875 0.0619438640625 0.6925702734375 0.03669233125 0.6899162296875 0.0340382890625 0.7151677624999999 0.059289821875 0.7178218046875
0 0 0.9502020218749999 0.014574864062500002 0.9517339015624999 0.016718515625 0.931338434375 0 0.929581246875 0 0.9502020218749999
0 0.12986173125 0.7610800828125 0.13414903125 0.720289146875 0.1118111375 0.7179413390625 0.10752383750000001 0.7587322765625 0.12986173125 0.7610800828125
0 0.5717257078125 0.89196884375 0.5746859859375 0.863803671875 0.5513768796875 0.8613537859375 0.5484166 0.8895189578125 0.5717257078125 0.89196884375
0 0.0754971359375 0.7411279796875 0.0811114578125 0.6877112765625 0.055859925 0.6850572328125 0.050245603125 0.7384739359375 0.0754971359375 0.7411279796875
0 0.5577538578125 0.7819957875 0.56163284375 0.7450897015625 0.5247267578125 0.7412107156250001 0.520847771875 0.7781168015625 0.5577538578125 0.7819957875
0 0.4701304265625 0.8729442437499999 0.47309070468750003 0.8447790734374999 0.445896746875 0.8419208734374999 0.44293646875 0.87008604375 0.4701304265625 0.8729442437499999