0 0.36181640625 0.56396484375 0.25341796875 0.56396484375 0.25341796875 0.68798828125 0.36181640625 0.68798828125 0.36181640625 0.56396484375
0 0.45849609375 0.4443359375 0.41650390625 0.4443359375 0.41650390625 0.4990234375 0.45849609375 0.4990234375 0.45849609375 0.4443359375
0 0.56884765625 0.3369140625 0.51025390625 0.3369140625 0.51025390625 0.3955078125 0.56884765625 0.3955078125 0.56884765625 0.3369140625
0 0.72705078125 0.494140625 0.68408203125 0.494140625 0.68408203125 0.5390625 0.72705078125 0.5390625 0.72705078125 0.494140625
0 0.6572265625 0.76611328125 0.6142578125 0.76611328125 0.6142578125 0.80810546875 0.6572265625 0.80810546875 0.6572265625 0.76611328125
0 0.6806640625 0.8349609375 0.5869140625 0.8349609375 0.5869140625 0.931640625 0.6806640625 0.931640625 0.6806640625 0.8349609375
0 0.673828125 0.8779296875 0.6474609375 0.8779296875 0.6474609375 0.919921875 0.673828125 0.919921875 0.673828125 0.8779296875
0 0.88916015625 0.7783203125 0.81103515625 0.7783203125 0.81103515625 0.8681640625 0.88916015625 0.8681640625 0.88916015625 0.7783203125
0 0.84228515625 0.908203125 0.78076171875 0.908203125 0.78076171875 0.9580078125 0.84228515625 0.9580078125 0.84228515625 0.908203125
0 0.87255859375 0.1767578125 0.81787109375 0.1767578125 0.81787109375 0.240234375 0.87255859375 0.240234375 0.87255859375 0.1767578125
0 0.490234375 0.12841796875 0.4072265625 0.12841796875 0.4072265625 0.17724609375 0.490234375 0.17724609375 0.490234375 0.12841796875
0 0.30810546875 0.34375 0.25146484375 0.34375 0.25146484375 0.4091796875 0.30810546875 0.4091796875 0.30810546875 0.34375
0 0.37158203125 0.35693359375 0.34326171875 0.35693359375 0.34326171875 0.38720703125 0.37158203125 0.38720703125 0.37158203125 0.35693359375
0 0 0.412109375 0.044921875 0.412109375 0.044921875 0.357421875 0 0.357421875 0 0.412109375
0 0.27294921875 0.919921875 0.21826171875 0.919921875 0.21826171875 0.962890625 0.27294921875 0.962890625 0.27294921875 0.919921875
0 0.49365234375 0.91357421875 0.44677734375 0.91357421875 0.44677734375 0.95166015625 0.49365234375 0.95166015625 0.49365234375 0.91357421875
0 0.51220703125 1 0.51220703125 0.962890625 0.48193359375 0.962890625 0.48193359375 1 0.51220703125 1
0 0.42041015625 1 0.42041015625 0.9814453125 0.37353515625 0.9814453125 0.37353515625 1 0.42041015625 1
0 0.34326171875 0.59765625 0.26513671875 0.59765625 0.26513671875 0.66796875 0.34326171875 0.66796875 0.34326171875 0.59765625
0 0.87744140625 0.30712890625 0.85400390625 0.30712890625 0.85400390625 0.34033203125 0.87744140625 0.34033203125 0.87744140625 0.30712890625
0 0.64892578125 0.8515625 0.62744140625 0.8515625 0.62744140625 0.873046875 0.64892578125 0.873046875 0.64892578125 0.8515625