0 0.27808756562500003 0.76207013125 0.26722008124999996 0.7794617421875001 0.2928934125 0.7955042203125 0.30376089687499996 0.778112609375 0.27808756562500003 0.76207013125
0 0.1984272875 0.707110928125 0.18445480625 0.729471571875 0.204330934375 0.7418915546875 0.21830341406249998 0.7195309109375 0.1984272875 0.707110928125
0 0.07344168906250001 0.805772865625 0.06567920000000001 0.8181954453125 0.0896961875 0.8332029234375 0.0974586765625 0.8207803453125001 0.07344168906250001 0.805772865625
0 0.2438382765625 0.3635389890625 0.2324532921875 0.381758771875 0.2647519984375 0.40194124374999995 0.2761369828125 0.38372146093750004 0.2438382765625 0.3635389890625
0 0.039303603124999996 0.48907065000000005 0.0206736296875 0.518884840625 0.0488314765625 0.5364798171875 0.06746145 0.5066656265625 0.039303603124999996 0.48907065000000005
0 0.09688448125 0.218165390625 0.072044515625 0.2579176453125 0.11842214531249999 0.2868976046875 0.14326211093750002 0.24714534999999999 0.09688448125 0.218165390625
0 0.43247325625000005 0.130766846875 0.4200532734375 0.1506429734375 0.43827305625 0.16202795781249998 0.45069303906249997 0.14215183125 0.43247325625000005 0.130766846875
0 0.555640940625 0 0.5321498499999999 0.0375936046875 0.56444855625 0.0577760765625 0.589288521875 0.0180238234375 0.5604443781249999 0 0.555640940625 0
0 0.58354194375 0.0023417765625 0.5561144812500001 0.046234890625000004 0.6041484546875 0.07624985 0.6315759171875001 0.032356734375 0.58354194375 0.0023417765625
0 0.5663740374999999 0.16895145625000002 0.5379115765625 0.2145009140625 0.5760074875 0.23830588125 0.6044699484375 0.1927564234375 0.5663740374999999 0.16895145625000002
0 0.41975342031249996 0.26445820468750003 0.40008844843749997 0.2959287390625 0.42990263906250004 0.3145587140625 0.44956761093750003 0.2830881796875 0.41975342031249996 0.26445820468750003
0 0.4875618390625 0.3264058125 0.47514185781249996 0.3462819390625 0.49750249999999996 0.3602544203125 0.5099224828125 0.3403782921875 0.4875618390625 0.3264058125
0 0.49890355625 0.3985549921875 0.4802735828125 0.428369184375 0.49766519374999996 0.43923666875 0.5162951687499999 0.40942247812500004 0.49890355625 0.3985549921875
0 0.4757657984375 0.3766118984375 0.45920582187500003 0.4031134015625 0.48487915312499996 0.41915587812500005 0.5014391296875 0.3926543765625 0.4757657984375 0.3766118984375
0 0.8498628390625 0.2948513265625 0.8301978671875 0.3263218625 0.874919153125 0.3542668234375 0.8945841265625001 0.3227962890625 0.8498628390625 0.2948513265625
0 0.7674800703125 0.45986264375 0.743157603125 0.4987867265625 0.7737999671875 0.5179342 0.7981224328125001 0.47901011718750003 0.7674800703125 0.45986264375
0 0.8422193437500001 0.47201868437499994 0.8308343593749999 0.49023846718749997 0.8473978000000001 0.500588453125 0.858782784375 0.4823686703125 0.8422193437500001 0.47201868437499994
0 0.5520277203124999 0.6194519046875 0.5421952343750001 0.635187171875 0.5537896421874999 0.6424321625 0.563622128125 0.6266968953125 0.5520277203124999 0.6194519046875
0 0.5644503000000001 0.62721439375 0.5530653156249999 0.6454341765625 0.5712851 0.6568191609375 0.582670084375 0.638599378125 0.5644503000000001 0.62721439375
0 0.377633046875 0.3751719015625 0.3652130640625 0.39504802968749997 0.3842610203125 0.40695051250000003 0.396681003125 0.3870743859375 0.377633046875 0.3751719015625
0 0.6456691234374999 0.1931666140625 0.6342841390625 0.211386396875 0.655816609375 0.224841378125 0.66720159375 0.2066215953125 0.6456691234374999 0.1931666140625
0 0.69370223125 0.21396869999999998 0.6859397421875 0.2263912796875 0.69753415 0.23363626875 0.7052966390625001 0.2212136890625 0.69370223125 0.21396869999999998
0 0.6699959171875001 0.20030689218750003 0.653435940625 0.22680839531250002 0.684078303125 0.24595586875 0.7006382796875 0.219454365625 0.6699959171875001 0.20030689218750003
0 0.64794854375 0.2153186984375 0.640703553125 0.22691310625 0.6589233375 0.238298090625 0.6661683265625 0.22670368281250003 0.64794854375 0.2153186984375
0 0.40527599218750004 0.421233665625 0.38612851875 0.45187602968749996 0.41677088125 0.47102350312499996 0.4359183546875 0.4403811390625 0.40527599218750004 0.421233665625
0 0.3747370421875 0.40099927187500006 0.35610706875 0.4308134625 0.38674943125 0.44996093593750003 0.4053794046875 0.42014674531249996 0.3747370421875 0.40099927187500006
0 0.3391801671875 0.40814517656250004 0.331417678125 0.4205677546875 0.3438402578125 0.42833024531249997 0.351602746875 0.415907665625 0.3391801671875 0.40814517656250004
0 0.3561014421875 0.37092979375 0.3307439765625 0.41151022031249995 0.36387085625000004 0.43221019062500005 0.3892283203125 0.3916297640625 0.3561014421875 0.37092979375
0 0.24307371249999998 0.4891550203125 0.23168872812500002 0.507374803125 0.24990851093750002 0.5187597875 0.2612934953125 0.5005400046874999 0.24307371249999998 0.4891550203125
0 0.1674487171875 0.4148380546875 0.154511234375 0.4355423546875 0.178528221875 0.450549834375 0.1914657046875 0.42984553437499995 0.1674487171875 0.4148380546875
0 0.138885440625 0.4891130515625 0.1166329703125 0.524724446875 0.15472888125 0.5485294140625 0.17698134999999998 0.51291801875 0.138885440625 0.4891130515625
0 0.1786861546875 0.4788612859375 0.15281119062499998 0.520269884375 0.1867662421875 0.5414873546875001 0.21264120625 0.50007875625 0.1786861546875 0.4788612859375
0 0.1889824859375 0.44211234531250004 0.1775975015625 0.460332128125 0.1933327703125 0.4701646140625 0.2047177546875 0.45194483124999996 0.1889824859375 0.44211234531250004
0 0.197833628125 0.4482189234375 0.1812736515625 0.4747204265625 0.20860332656249997 0.4917979015625 0.225163303125 0.4652964 0.197833628125 0.4482189234375
0 0.2343233875 0.45432290468750003 0.2037909296875 0.50318505 0.2551375921875 0.53527000625 0.2856700484375 0.48640785937500003 0.2343233875 0.45432290468750003
0 0.21015539218749998 0.48470694999999997 0.1894554203125 0.5178338296875 0.229207675 0.5426737953125 0.24990764531249998 0.509546915625 0.21015539218749998 0.48470694999999997
0 0.7916052312499999 0.5244539984375 0.780220246875 0.5426737828125 0.7918146546875 0.549918771875 0.8031996390625 0.5316989890625 0.7916052312499999 0.5244539984375
0 0.8593556687499999 0.52015174375 0.8495231828125 0.5358870109375 0.867742965625 0.5472719953125 0.8775754515624999 0.5315367281250001 0.8593556687499999 0.52015174375
0 0.8264892703125 0.51746343125 0.811999290625 0.5406522453125 0.8318754171875 0.553072228125 0.8463653984375 0.5298834125 0.8264892703125 0.51746343125
0 0.8026302171875 0.530767403125 0.785035240625 0.5589252499999999 0.8165057750000001 0.5785902234375 0.8341007515625 0.5504323765625 0.8026302171875 0.530767403125
0 0.7903313921875 0.7384204890625 0.7727364156250001 0.7665783359375 0.7975815749999999 0.7821033140625 0.81517655 0.7539454671875 0.7903313921875 0.7384204890625
0 0.8785260796875001 0.7336504921875 0.871281090625 0.7452449 0.8837036703125 0.7530073890625 0.890948659375 0.74141298125 0.8785260796875001 0.7336504921875
0 0.9116906 0.60409783125 0.9018581125 0.6198330984375 0.9159370359375 0.6286305859375 0.9257695234375 0.6128953187499999 0.9116906 0.60409783125
0 0.5337369843750001 0.9546365484375 0.5233869984374999 0.9711999875 0.5366377499999999 0.9794799765625 0.5469877359375 0.9629165359374999 0.5337369843750001 0.9546365484375
0 0.5566343453125 1 0.5705906359374999 0.977665265625 0.5440891328124999 0.9611052890625 0.525976659375 0.9900913078125001 0.54183388125 1 0.5566343453125 1
0 0.597514065625 1 0.6382856890624999 0.9347517640625 0.6010179499999999 0.911464296875 0.557548009375 0.9810307421875001 0.5879051671875 1 0.597514065625 1
0 0.398594378125 0.9202821265625 0.3918668875 0.9310483625 0.4059458109375 0.93984585 0.4126733015625 0.9290796140625 0.398594378125 0.9202821265625
0 0.41038858749999996 1 0.4273766 0.972813496875 0.383483484375 0.945386034375 0.35916101875 0.9843101171875 0.3842700796875 1 0.41038858749999996 1
0 0.3203918390625 0.9560540515625 0.3121118515625 0.9693048031249999 0.32453443125 0.9770672921875001 0.33281441875 0.963816540625 0.3203918390625 0.9560540515625
0 0.329553221875 0.9588998640625 0.3186857375 0.976291475 0.3352491765625 0.9866414609374999 0.34611666093750004 0.96924985 0.329553221875 0.9588998640625
0 0.35419025625 0.962779378125 0.3438402703125 0.9793428171875 0.35709102187499997 0.9876228046875 0.3674410078125 0.971059365625 0.35419025625 0.962779378125
0 0.378668490625 0.9291345671875 0.36469601093750004 0.9514952093750001 0.378774934375 0.9602926984375 0.3927474140625 0.9379320546875001 0.378668490625 0.9291345671875
0 0.413709165625 0.9366361421875 0.40128918281250003 0.9565122703125001 0.41950896562500006 0.9678972531250001 0.4319289484375 0.9480211265625 0.413709165625 0.9366361421875
0 0.39310957812499997 0.936431046875 0.3868995859375 0.9463691109375001 0.40097850937499996 0.9551665984375 0.40718850156249997 0.9452285343750001 0.39310957812499997 0.936431046875
0 0.37137011875 1 0.33649056875 0.9782048375000001 0.332350575 0.9848302140625 0.35662730625 1 0.37137011875 1
0 0.8542555374999999 0.7743343328125001 0.8408005562499999 0.795866803125 0.8623330265625 0.809321784375 0.8757880078125 0.7877893140625 0.8542555374999999 0.7743343328125001
0 0.8297747046874999 0.7803405265625 0.8080397343750001 0.81512375 0.8436511296875 0.83737621875 0.8653860999999999 0.8025929953125001 0.8297747046874999 0.7803405265625
0 0.8753734890624999 0.782924128125 0.8691634984375 0.7928621921875 0.8782733890625 0.798554684375 0.8844833812499999 0.7886166203125 0.8753734890624999 0.782924128125
0 0.8387907046875 0.888461534375 0.8445879078124999 0.8920840296874999 0.8601128875 0.8672388703125 0.8543156828124999 0.863616375 0.8387907046875 0.888461534375
0 1 0.5907629546875001 0.9892735234375 0.5840603078125 0.9799585359374999 0.598967403125 0.99486563125 0.608282390625 1 0.6000656828125 1 0.5907629546875001
0 0.9580652000000001 0.6008327375 0.9503027109375 0.6132553171875 0.9602407749999999 0.619465309375 0.9680032640625 0.6070427296875 0.9580652000000001 0.6008327375
0 0.9389761421875 0.7023313984375 0.9563677531250001 0.713198884375 0.965165240625 0.6991199609375001 0.9477736296874999 0.688252475 0.9389761421875 0.7023313984375
0 0.9462721890625 0.6832838765625 0.9669764890625 0.696221359375 0.9835364656250001 0.66971985625 0.962832165625 0.6567823734375 0.9462721890625 0.6832838765625
0 0.9741626312499999 0.6091642171875 0.962777646875 0.6273839999999999 0.9793410859374999 0.6377339859375 0.9907260703125 0.6195142015624999 0.9741626312499999 0.6091642171875
0 0.9650029796874999 0.6247441484375 0.9567229906250001 0.6379948984375 0.9683173984375 0.6452398890625 0.9765973875 0.6319891375 0.9650029796874999 0.6247441484375
0 0.9387083031250001 0.606010328125 0.91024584375 0.6515597859375 0.9615925046875 0.6836447406249999 0.990054965625 0.6380952828125 0.9387083031250001 0.606010328125
0 0.9722972953125 0.58727088125 0.9547023203125 0.615428728125 0.9812038234375 0.6319887046875 0.9987987984375 0.6038308578125 0.9722972953125 0.58727088125
0 1 0.603429909375 0.993105009375 0.5991214406250001 0.9713700390625 0.6339046640625 0.9962151984375 0.6494296421875 1 0.6433726937500001 1 0.603429909375
0 0.5902724625 0.02382059375 0.5830274734375 0.0354150015625 0.596278225 0.0436949890625 0.6035232140625 0.0321005828125 0.5902724625 0.02382059375
0 0.5470707953125 0.194314546875 0.5377558078125 0.2092216421875 0.552662903125 0.21853662968749998 0.5619778906249999 0.203629534375 0.5470707953125 0.194314546875
0 0.4149418890625 0.285058225 0.40717939999999997 0.2974808046875 0.4162892921875 0.303173296875 0.42405178125000004 0.2907507171875 0.4149418890625 0.285058225
0 0.49242745781249997 0.3305977296875 0.48518246875 0.3421921375 0.49760504843750003 0.3499546265625 0.5048500375 0.33836021875 0.49242745781249997 0.3305977296875
0 0.7218033953125 0.179133121875 0.71300590625 0.1932120453125 0.7254284859375 0.200974534375 0.734225975 0.1868956109375 0.7218033953125 0.179133121875
0 0.7098463921875 0.16878270312500002 0.701048903125 0.1828616265625 0.7142996546875 0.19114161406250002 0.7230971421875 0.177062690625 0.7098463921875 0.16878270312500002
0 0.781379853125 0.2146333125 0.76999486875 0.2328530953125 0.794840028125 0.24837807343749999 0.8062250125 0.230158290625 0.781379853125 0.2146333125
0 0.7680776109375 0.209200003125 0.760832621875 0.220794409375 0.7724270296875 0.22803939999999998 0.77967201875 0.21644499218750002 0.7680776109375 0.209200003125
0 0.757930990625 0.186738109375 0.7413710140625 0.2132396125 0.765388 0.2282470921875 0.781947978125 0.2017455890625 0.757930990625 0.186738109375
0 0.7389855828125 0.1645358328125 0.7255306015625 0.1860683046875 0.747063071875 0.1995232859375 0.760518053125 0.1779908140625 0.7389855828125 0.1645358328125
0 0.71942099375 0.16267439374999998 0.7095885078124999 0.1784096609375 0.7352618390625001 0.1944521390625 0.745094325 0.17871687187500002 0.71942099375 0.16267439374999998
0 0.7536334953125 0.1696584703125 0.74638850625 0.1812528765625 0.7604674296875 0.190050365625 0.76771241875 0.1784559578125 0.7536334953125 0.1696584703125
0 0.759068103125 0.1701755359375 0.7404381296875 0.1999897265625 0.756173396875 0.20982221406249998 0.774803371875 0.180008021875 0.759068103125 0.1701755359375
0 0.6115691359375 0.8328433453124999 0.5981141546875001 0.8543758171875 0.615505765625 0.8652433015625001 0.628960746875 0.8437108296875 0.6115691359375 0.8328433453124999
0 0.564500925 0.6151548421874999 0.557255934375 0.62674925 0.5705066859375 0.6350292390625001 0.5777516765625 0.62343483125 0.564500925 0.6151548421874999