0 0.49607941093749996 0.21949547656249999 0.64210526875 0.19897288125 0.6234854296875 0.0664858453125 0.477459571875 0.087008440625 0.49607941093749996 0.21949547656249999
0 0.46503659375 0 0.3196852328125 0.0204278015625 0.337625515625 0.1480795453125 0.48655254843750007 0.12714921562499998 0.4686828921875 0 0.46503659375 0
0 0.3230124796875 0.1668979890625 0.30276170625 0.022806248437500003 0.14706526250000002 0.04468795625 0.1673160359375 0.188779696875 0.3230124796875 0.1668979890625
0 0 0.3252097234375 0.075534359375 0.31459406093750003 0.0399256171875 0.061224690625 0 0.0668358703125 0 0.3252097234375
0 0.057756245312499996 0.6020927765625 0.13028564375 0.5918994328125 0.119956390625 0.518402975 0.047426990625 0.5285963171875 0.057756245312499996 0.6020927765625
0 0.08679944375000001 0.8578641109375 0.27924411718750003 0.8308177765625 0.250295025 0.62483428125 0.0578503515625 0.6518806171875 0.08679944375000001 0.8578641109375
0 0.2330037875 1 0.22145585156249997 0.9178321671875 0.057055878125 0.9409370765625 0.06535663124999999 1 0.2330037875 1
0 0.13008448749999998 0.92377045625 0.17553624375000002 0.9173826281249999 0.1691484171875 0.871930871875 0.123696659375 0.8783187 0.13008448749999998 0.92377045625
0 0.6181275390625001 0.540595521875 0.6500404750000001 0.5361104515624999 0.6460990484375 0.50806575 0.6141861125 0.5125508203125 0.6181275390625001 0.540595521875
0 0.44357608125 0.62478979375 0.502566659375 0.6164992078125 0.499984346875 0.59812509375 0.44099376718750005 0.6064156796875 0.44357608125 0.62478979375
0 0.42905973125 0.570618828125 0.47644560468749997 0.563959178125 0.47223235625 0.533980359375 0.4248464828125 0.540640009375 0.42905973125 0.570618828125
0 0.5054730453125 0.55297651875 0.528682453125 0.5497146500000001 0.5232460031249999 0.511032303125 0.5000365953125 0.5142941734375001 0.5054730453125 0.55297651875
0 0.5410921796875 0.58889620625 0.568169821875 0.585090690625 0.56585933125 0.56865069375 0.5387816890625 0.5724562078125001 0.5410921796875 0.58889620625
0 0.3414624421875 0.3437860875 0.46331183437499995 0.3266612734375 0.4470024859375 0.21061423281249997 0.32515309531250003 0.2277390484375 0.3414624421875 0.3437860875
0 0.7999737140625001 0.3153413609375 0.8734701734374999 0.3050121078125 0.8635486531250001 0.234416825 0.7900521953124999 0.2447460796875 0.7999737140625001 0.3153413609375
0 1 0.465036590625 0.9926876328124999 0.41300639375000003 0.951104109375 0.4188505765625 0.967821190625 0.5377987921875 1 0.53327635625 1 0.465036590625
0 0.39022845 0.7328756078125 0.424075503125 0.7281187140625 0.4191826984375 0.693304603125 0.3853356453125 0.6980614953125001 0.39022845 0.7328756078125
0 0.0106526109375 0.48445663281250007 0.05900554375 0.47766107187499995 0.0552000296875 0.450583428125 0.006847096875 0.457378990625 0.0106526109375 0.48445663281250007
0 0.5456033515625001 0 0.5479842671874999 0.016941096875 0.6582289546875 0.0014472171875000001 0.6580255609375001 0 0.5456033515625001 0