0 0.50905339375 0.496210915625 0.5024864515624999 0.474731415625 0.4819408421875 0.48101283749999996 0.48850778437500003 0.5024923390625 0.50905339375 0.496210915625
0 0.50966604375 0.514915503125 0.50595429375 0.502774915625 0.48914424843750004 0.5079142609375 0.4928559984375 0.5200548484375 0.50966604375 0.514915503125
0 0.4079521625 0.5613303078125 0.3911065265625 0.5062307171875 0.3462797421875 0.519935640625 0.3631253765625 0.57503523125 0.4079521625 0.5613303078125
0 0.3926795625 0.6900733875 0.37697600468750003 0.6387093625 0.34989315468750004 0.6469894203125001 0.36559671250000003 0.6983534453125 0.3926795625 0.6900733875
0 0.47318460937499995 0.6394203484375 0.4609072828125 0.5992630203125 0.4170143890625 0.612682425 0.42929171562499996 0.6528397531250001 0.47318460937499995 0.6394203484375
0 0.5081698125 0.6486373734375 0.4961780046875 0.6094139375000001 0.47283072031250006 0.6165519171875 0.48482252968750006 0.6557753546875 0.5081698125 0.6486373734375
0 0.462965059375 0.8130824000000001 0.455827078125 0.789735115625 0.43714924999999993 0.7954455 0.44428723124999997 0.818792784375 0.462965059375 0.8130824000000001
0 0.4264420140625 0.9207504421875001 0.41759091875000004 0.891799809375 0.3877063953125 0.900936425 0.396557490625 0.9298870578124999 0.4264420140625 0.9207504421875001
0 0.39620052656250004 0.9688011609375 0.3919177375 0.9547927890624999 0.3751076921875 0.9599321359375 0.37939048125 0.97394050625 0.39620052656250004 0.9688011609375
0 0.45880389375 0.9915299078125 0.45080935625 0.9653809499999999 0.43026374531249995 0.971662371875 0.438258284375 0.99781133125 0.45880389375 0.9915299078125
0 0.6539842453125 0.9134759859375 0.6477028218750001 0.892930375 0.620619971875 0.9012104328125 0.6269013953125 0.92175604375 0.6539842453125 0.9134759859375
0 0.64659646875 0.8692708124999999 0.6371743328125 0.8384523984375001 0.60355424375 0.8487310906250001 0.612976378125 0.8795495062500001 0.64659646875 0.8692708124999999
0 0.61248280625 0.7944315953125 0.599919959375 0.753340375 0.580308240625 0.7593362796875 0.5928710875000001 0.8004275 0.61248280625 0.7944315953125
0 0.549118009375 0.7959334499999999 0.5431221046875 0.77632173125 0.52537816875 0.7817465968749999 0.5313740734375 0.801358315625 0.549118009375 0.7959334499999999
0 0.5991438109375 0.685668975 0.5914347921875 0.6604539078125 0.5680875078125001 0.6675918890625 0.5757965281249999 0.69280695625 0.5991438109375 0.685668975
0 0.5748002859375 0.627755803125 0.569946459375 0.61187965 0.5559380890625001 0.6161624375 0.5607919156250001 0.632038590625 0.5748002859375 0.627755803125
0 0.607257559375 0.565241675 0.5992630203125 0.5390927171875 0.5805851921875 0.5448031015625 0.5885797312500001 0.5709520609375 0.607257559375 0.565241675
0 0.6469567734375 0.608248309375 0.6423884656250001 0.593306046875 0.627446203125 0.5978743546875 0.6320145109374999 0.6128166171875 0.6469567734375 0.608248309375
0 0.6834557375 0.6741887984375 0.6788874296875 0.6592465375 0.6583418203125 0.6655279609375 0.6629101281249999 0.6804702218750001 0.6834557375 0.6741887984375
0 0.70762385625 0.6897764890625 0.7030555484375001 0.6748342265625 0.6881132875 0.679402534375 0.6926815953125 0.6943447968750001 0.70762385625 0.6897764890625
0 0.7229379359375 0.658033146875 0.7092330125 0.6132063609375 0.6718773578125 0.62462713125 0.68558228125 0.669453915625 0.7229379359375 0.658033146875
0 0.7491013484375 0.9022664765625 0.7402502515625 0.8733158453125001 0.7112996203125 0.8821669421875 0.720150715625 0.9111175734374999 0.7491013484375 0.9022664765625
0 0.7609296578125 0.8925231 0.7537916765625 0.869175815625 0.7313782843750001 0.876028278125 0.7385162656250001 0.8993755625000001 0.7609296578125 0.8925231
0 0.8018929703125 0.8912323750000001 0.7938984312499999 0.8650834171874999 0.76961725625 0.8725069171875001 0.77761179375 0.8986558765625 0.8018929703125 0.8912323750000001
0 0.8594822203125 0.7071726875000001 0.8474904125 0.66794925 0.8045314093749999 0.6810831359375 0.8165232171874999 0.7203065734375 0.8594822203125 0.7071726875000001
0 0.7915285078125 0.5650694765625001 0.7829629312499999 0.5370527359375 0.7624173203125 0.543334159375 0.7709828984375 0.5713509 0.7915285078125 0.5650694765625001
0 0.7098399046874999 0.5149872125 0.7072702328125 0.506582190625 0.6885924046875 0.512292575 0.691162078125 0.5206975984375 0.7098399046874999 0.5149872125
0 0.6450980859375 0.50363468125 0.6385311437500001 0.4821551796875 0.6123821859375 0.49014971875 0.6189491281249999 0.5116292203125 0.6450980859375 0.50363468125
0 0.56833475625 0.429580575 0.5603402171874999 0.4034316171875 0.536992934375 0.4105695984375 0.5449874718750001 0.43671855624999995 0.56833475625 0.429580575
0 0.5510458593750001 0.4415040140625 0.53505678125 0.389206096875 0.49583334375000004 0.40119790625 0.511822421875 0.453495821875 0.5510458593750001 0.4415040140625
0 0.54899089375 0.32622796875 0.5444225859375 0.31128570624999996 0.525744759375 0.3169960921875 0.5303130671875 0.33193835312500003 0.54899089375 0.32622796875
0 0.594150696875 0.367054540625 0.5861561578125001 0.3409055828125 0.5600072 0.34890012187499997 0.5680017390625001 0.3750490796875 0.594150696875 0.367054540625
0 0.544678403125 0.2887414625 0.5343997093749999 0.2551213734375 0.5082507515625 0.2631159125 0.51852944375 0.2967360015625 0.544678403125 0.2887414625
0 0.47237621093750004 0.289401609375 0.46552375 0.2669882171875 0.44404424843749996 0.27355515937499997 0.450896709375 0.295968553125 0.47237621093750004 0.289401609375
0 0.6097147046875 0.276006153125 0.5994360109375 0.24238606406250002 0.568617596875 0.2518081984375 0.5788962890625 0.2854282875 0.6097147046875 0.276006153125
0 0.7010249281250001 0.22562378125000002 0.6967421390624999 0.2116154109375 0.6836676609375 0.21561268125000002 0.6879504484375001 0.22962105156249998 0.7010249281250001 0.22562378125000002
0 0.70819555625 0.290829603125 0.7050548437499999 0.280556796875 0.6910464734375 0.28483958593750003 0.6941871859375001 0.295112390625 0.70819555625 0.290829603125
0 0.8151021703125 0.3515832484375 0.8079641890625 0.3282359640625 0.7920880359375 0.333089790625 0.7992260171875001 0.356437075 0.8151021703125 0.3515832484375
0 0.9088361 0.4510844203125 0.8939890984375 0.4025220703125 0.8706418140625001 0.4096600515625 0.885488815625 0.4582224015625 0.9088361 0.4510844203125
0 0.8955116921874999 0.5143867359375001 0.8778094984375 0.45648547031250003 0.8301810390625001 0.471046953125 0.8478832328125 0.5289482171875 0.8955116921874999 0.5143867359375001
0 0.8516871671875 0.5497406796875 0.8456912640625 0.5301289609375 0.825145653125 0.536410384375 0.8311415578125001 0.556022103125 0.8516871671875 0.5497406796875
0 0.952886340625 0.6101968984374999 0.9428931671875 0.5775107 0.9008680546875001 0.590359065625 0.9108612296875 0.6230452640624999 0.952886340625 0.6101968984374999
0 0.9370041671875 0.6584528578125 0.9324358593750001 0.643510596875 0.9193613796875001 0.647507865625 0.9239296875 0.6624501281249999 0.9370041671875 0.6584528578125
0 0.7403520625 0.4561313171875 0.732072003125 0.42904846875 0.71152639375 0.4353298921875 0.7198064515625 0.46241274062500004 0.7403520625 0.4561313171875
0 0.7838375484375 0.40964801093750003 0.7758430093750001 0.383499053125 0.7534296171875 0.3903515140625 0.76142415625 0.41650047343749996 0.7838375484375 0.40964801093750003
0 0.7195626749999999 0.39815271874999997 0.713566771875 0.37854100156250003 0.693955053125 0.3845369046875 0.69995095625 0.4041486234375 0.7195626749999999 0.39815271874999997
0 0.6739060921875 0.4141537046875 0.6653405140624999 0.3861369640625 0.6373237734375 0.394702540625 0.64588935 0.42271928281250004 0.6739060921875 0.4141537046875
0 0.70483154375 0.42512251250000005 0.6919831765625 0.3830974015625 0.6630325453125 0.3919484984375 0.6758809109375 0.433973609375 0.70483154375 0.42512251250000005
0 0.80754795 0.2400308609375 0.7986968531249999 0.211080228125 0.7650767640625 0.2213589203125 0.7739278609375 0.25030955312500003 0.80754795 0.2400308609375
0 0.808163675 0.19695291406249998 0.8038808859375 0.1829445421875 0.785203059375 0.188654928125 0.789485846875 0.2026632984375 0.808163675 0.19695291406249998
0 0.88898086875 0.2324944359375 0.8792732140625 0.2007421296875 0.8484548000000001 0.21016426406250002 0.8581624531250001 0.2419165703125 0.88898086875 0.2324944359375
0 0.8890405390625 0.11912484062499999 0.9049166921875 0.1142710125 0.89492351875 0.081584815625 0.8790473656250001 0.0864386421875 0.8890405390625 0.11912484062499999
0 0.8211431578124999 0.085760434375 0.8140051765624999 0.062413151562500005 0.789724 0.06983665156249999 0.79686198125 0.09318393593749999 0.8211431578124999 0.085760434375
0 0.680113653125 0.1355151734375 0.6738322296875 0.11496956250000001 0.6616916421875 0.1186813125 0.667973065625 0.1392269234375 0.680113653125 0.1355151734375
0 0.6824275109375 0.16646444062500002 0.67957231875 0.1571255265625 0.6721011875 0.1594096796875 0.6749563796875 0.16874859375 0.6824275109375 0.16646444062500002
0 0.5656168328125 0.1434590046875 0.5550526203125 0.10890502500000002 0.5186308578125 0.120040275 0.52919506875 0.15459425625 0.5656168328125 0.1434590046875
0 0.5400180421874999 0.1849843921875 0.535735253125 0.170976021875 0.52452855625 0.1744022515625 0.5288113453125 0.18841062343749998 0.5400180421874999 0.1849843921875
0 0.4973148546875 0.1755740328125 0.48675064375000004 0.1410200515625 0.4690067078125 0.1464449171875 0.47957091875 0.1809988984375 0.4973148546875 0.1755740328125
0 0.4774921390625 0.0790055171875 0.467784484375 0.0472532109375 0.43042882968749996 0.05867398124999999 0.44013648437499997 0.09042628750000001 0.4774921390625 0.0790055171875
0 0.420804265625 0.140758215625 0.4148083609375 0.12114649687500001 0.40079999062500005 0.1254292859375 0.40679589531250004 0.1450410046875 0.420804265625 0.140758215625
0 0.407048634375 0.18427929375000002 0.40162376875000005 0.1665353578125 0.38574761562500004 0.171389184375 0.39117248125000004 0.1891331203125 0.407048634375 0.18427929375000002
0 0.3619869046875 0.18886539687499998 0.35227925 0.157113090625 0.3130558125 0.1691048984375 0.32276346718750004 0.20085720468749999 0.3619869046875 0.18886539687499998
0 0.328081428125 0.11804726406249999 0.322085525 0.0984355453125 0.3052754796875 0.1035748921875 0.311271384375 0.12318661093750001 0.328081428125 0.11804726406249999
0 0.32718888281249997 0.2954954546875 0.32233505625 0.27961930156250003 0.306458903125 0.28447312812500003 0.3113127296875 0.30034928125000004 0.32718888281249997 0.2954954546875
0 0.30822259375 0.28189154843750003 0.3062239578125 0.2753543078125 0.2968850453125 0.2782095 0.29888367968749996 0.284746740625 0.30822259375 0.28189154843750003
0 0.3602020796875 0.383435909375 0.34878130937499996 0.34608025625 0.3160951109375 0.3560734296875 0.32751588125 0.393429084375 0.3602020796875 0.383435909375
0 0.306461715625 0.3830164625 0.3004658109375 0.36340474375 0.286457440625 0.3676875328125 0.29245334375 0.3872992515625 0.306461715625 0.3830164625
0 0.31712105625000003 0.44460271875 0.30969755625 0.4203215421875 0.2928875109375 0.42546088906249996 0.3003110109375 0.4497420640625 0.31712105625000003 0.44460271875
0 0.2842296171875 0.4689552078125 0.2810889046875 0.45868240312499997 0.271749990625 0.46153759531249994 0.27489070312499997 0.4718104 0.2842296171875 0.4689552078125
0 0.2547883546875 0.41106879531249996 0.24365310468749998 0.37464703125 0.20442966718750002 0.3866388390625 0.21556491875 0.423060603125 0.2547883546875 0.41106879531249996
0 0.2043433703125 0.41474776562500004 0.1986329859375 0.3960699390625 0.1762195921875 0.4029224 0.181929978125 0.421600228125 0.2043433703125 0.41474776562500004
0 0.178905265625 0.4066966328125 0.17262384375 0.386151021875 0.1548799078125 0.3915758875 0.16116133125 0.4121214984375 0.178905265625 0.4066966328125
0 0.1720645796875 0.457804840625 0.164070040625 0.4316558828125 0.142590540625 0.438222825 0.150585078125 0.46437178437500004 0.1720645796875 0.457804840625
0 0.21147533125 0.4814971828125 0.2017676765625 0.4497448765625 0.1700153703125 0.45945253125 0.17972302499999998 0.49120483750000005 0.21147533125 0.4814971828125
0 0.19934946250000002 0.577110934375 0.1893562890625 0.5444247375 0.1678767890625 0.5509916796875001 0.1778699625 0.5836778781249999 0.19934946250000002 0.577110934375
0 0.219808775 0.5989384375 0.21209975625 0.5737233703125 0.19248803750000001 0.579719275 0.2001970578125 0.6049343421875 0.219808775 0.5989384375
0 0.24770349687499998 0.6384057828125 0.24027999531250002 0.6141246078125 0.2197343859375 0.62040603125 0.2271578859375 0.64468720625 0.24770349687499998 0.6384057828125
0 0.2451874734375 0.5600332984375 0.2397626078125 0.5422893625 0.21361365000000002 0.5502839015625 0.219038515625 0.5680278375000001 0.2451874734375 0.5600332984375
0 0.1448209109375 0.595824353125 0.1348277375 0.5631381546875 0.10867877968749999 0.57113269375 0.11867195312500001 0.6038188921875001 0.1448209109375 0.595824353125
0 0.066766725 0.5609698703125 0.0621984171875 0.5460276078125 0.0435205890625 0.5517379921875001 0.048088896874999995 0.5666802546875 0.066766725 0.5609698703125
0 0 0.540535171875 0.018457246875 0.534892225 0.011319265625 0.511544940625 0 0.5150055874999999 0 0.540535171875
0 0.026812090625 0.3000186796875 0.021387225000000003 0.28227474375 0.0045771796875 0.287414090625 0.010002045312500001 0.3051580265625 0.026812090625 0.3000186796875
0 0.0353213375 0.21929661406249998 0.029325432812500003 0.199684896875 0.0153170625 0.203967684375 0.0213129671875 0.22357940312500002 0.0353213375 0.21929661406249998
0 0.102499034375 0.21356549062500002 0.0965031296875 0.19395377187500001 0.0722219546875 0.20137727187499999 0.0782178578125 0.220988990625 0.102499034375 0.21356549062500002
0 0.10811710156250001 0.30375437656250004 0.1038343125 0.28974600625 0.087958159375 0.294599834375 0.0922409484375 0.3086082046875 0.10811710156250001 0.30375437656250004
0 0.1405205921875 0.391370646875 0.13281157187499998 0.3661555796875 0.09545591718749999 0.37757635 0.1031649375 0.402791415625 0.1405205921875 0.391370646875
0 0.14284354375 0.317135246875 0.13856075625 0.30312687656250004 0.1217507109375 0.3082662234375 0.1260335 0.32227459375 0.14284354375 0.317135246875
0 0.183851675 0.19073585937499998 0.18042544375 0.1795291625 0.1692187484375 0.18295539375 0.172644978125 0.19416208906250002 0.183851675 0.19073585937499998
0 0.18081505625 0.182473596875 0.17767434531249998 0.172200790625 0.169269321875 0.17477046406250002 0.172410034375 0.18504326875 0.18081505625 0.182473596875
0 0.22089491875 0.2534463953125 0.21318589999999998 0.22823132968749998 0.19357418125 0.2342272328125 0.2012832 0.2594423 0.22089491875 0.2534463953125
0 0.2150567578125 0.1658777578125 0.2079187765625 0.1425304734375 0.18830705781249998 0.1485263765625 0.1954450390625 0.1718736609375 0.2150567578125 0.1658777578125
0 0.173115 0.132236796875 0.17054532656250002 0.123831775 0.15840473906250002 0.127543525 0.1609744125 0.135948546875 0.173115 0.132236796875
0 0.143804459375 0.1616215953125 0.1378085546875 0.1420098765625 0.1144612703125 0.1491478578125 0.120457175 0.1687595765625 0.143804459375 0.1616215953125
0 0.10787560781250001 0.658689425 0.10187970312500001 0.6390777062499999 0.088805225 0.6430749765625 0.094801128125 0.66268669375 0.10787560781250001 0.658689425
0 0.11108468906249999 0.69089676875 0.1050887859375 0.6712850515625 0.091080415625 0.6755678390625001 0.09707631875 0.6951795578125 0.11108468906249999 0.69089676875
0 0.1319841890625 0.7074837765625 0.12770140000000002 0.6934754062499999 0.11462692031249999 0.6974726765625 0.118909709375 0.711481046875 0.1319841890625 0.7074837765625
0 0.13240363593749999 0.6537434125 0.127835328125 0.6388011515625001 0.11102528281249999 0.643940496875 0.115593590625 0.658882759375 0.13240363593749999 0.6537434125
0 0.2332398234375 0.7965158671875 0.22267561093750002 0.7619618859374999 0.172245478125 0.777379925 0.18280969062500002 0.81193390625 0.2332398234375 0.7965158671875
0 0.27587771562499996 0.722209153125 0.26645558125 0.6913907390625 0.23843884062499998 0.6999563156249999 0.24786097499999998 0.73077473125 0.27587771562499996 0.722209153125
0 0.3065414640625 0.7189614046874999 0.298546925 0.692812446875 0.270530184375 0.701378025 0.2785247234375 0.7275269828125001 0.3065414640625 0.7189614046874999
0 0.0774794515625 0.7129145296875 0.07176906718750001 0.694236703125 0.046554 0.701945721875 0.052264385937500005 0.72062355 0.0774794515625 0.7129145296875
0 0.22902808437500002 0.9831483046875 0.22189010312500002 0.9598010203125 0.194807253125 0.9680810781250001 0.20194523437499998 0.9914283625 0.22902808437500002 0.9831483046875
0 0.3315955796875 0.9211547734375 0.3244575984375 0.8978074890625001 0.2973747484375 0.906087546875 0.3045127296875 0.92943483125 0.3315955796875 0.9211547734375
0 0.349467290625 0.9846207187499999 0.3394741171875 0.951934521875 0.3105234859375 0.9607856171875 0.320516659375 0.993471815625 0.349467290625 0.9846207187499999
0 0.3323243609375 0.8550656359375 0.327756053125 0.8401233734375 0.308144334375 0.846119278125 0.3127126421875 0.861061540625 0.3323243609375 0.8550656359375
0 0.334213015625 0.8228315328125 0.32993022656250004 0.8088231625000001 0.3177896390625 0.8125349125 0.322072428125 0.8265432828125 0.334213015625 0.8228315328125
0 0.9040976125 0.831392146875 0.892105803125 0.7921687093750001 0.8454112359374999 0.806444671875 0.85740304375 0.8456681093749999 0.9040976125 0.831392146875
0 0.9352222859375001 0.871403771875 0.9289408625 0.8508581625 0.902791903125 0.8588526999999999 0.9090733265625 0.8793983109375001 0.9352222859375001 0.871403771875
0 1 0.807720559375 0.993709571875 0.7871454953125 0.9572878093750001 0.798280746875 0.9672809828125001 0.83096694375 1 0.8209637359374999 1 0.807720559375
0 0.9825804734375 0.627158665625 0.978297684375 0.6131502953125 0.9624215312500001 0.618004121875 0.9667043203125001 0.6320124921875 0.9825804734375 0.627158665625
0 0.2076708671875 0.7813564562499999 0.2036735984375 0.7682819765625 0.177524640625 0.776276515625 0.18152190937499998 0.7893509953125 0.2076708671875 0.7813564562499999
0 0.03958044375 0.166424715625 0.03643973125 0.1561519109375 0.023365253125 0.1601491796875 0.026505964062499998 0.1704219859375 0.03958044375 0.166424715625
0 0.07414633125 0.149219171875 0.07043458124999999 0.137078584375 0.054558428125 0.1419324109375 0.058270178125 0.1540729984375 0.07414633125 0.149219171875
0 0.26777974531250004 0.293234984375 0.2557879375 0.254011546875 0.21189504375 0.2674309515625 0.22388685156250002 0.30665438906250003 0.26777974531250004 0.293234984375
0 0.2114726515625 0.30279091406249997 0.2091884984375 0.295319784375 0.19891569375 0.29846049531249996 0.20119984687499998 0.3059316265625 0.2114726515625 0.30279091406249997
0 0.46201778750000005 0 0.46544386875 0.0112062078125 0.4962622828125 0.0017840734375 0.4957168375 0 0.46201778750000005 0
0 0.8571630046875001 0.318810884375 0.853165734375 0.30573640625 0.82981845 0.3128743875 0.8338157203125001 0.325948865625 0.8571630046875001 0.318810884375
0 0.84454061875 0.3109263265625 0.84025783125 0.29691795625 0.829985025 0.30005866718749996 0.8342678140625001 0.3140670375 0.84454061875 0.3109263265625
0 0.854236365625 0.349319965625 0.8359631343749999 0.28955091718750003 0.8014091531249999 0.3001151296875 0.8196823859375 0.3598841765625 0.854236365625 0.349319965625
0 0.7476365390625 0.0173483453125 0.74335375 0.003339975 0.72654370625 0.0084793203125 0.7308264953125 0.022487690625 0.7476365390625 0.0173483453125