0 0.7532045218750001 0.4558961234375 0.553165446875 0.4206238375 0.5170452703125 0.62547154375 0.7170843453125 0.6607438296875 0.7532045218750001 0.4558961234375
0 0.333817925 0.663569175 0.176094809375 0.635758334375 0.14879270312499998 0.7905962718749999 0.30651581875 0.8184071124999999 0.333817925 0.663569175
0 0.23248606875000002 0.7686634515625 0.15939486875 0.7557755 0.1485418578125 0.8173259843749999 0.2216330578125 0.8302139359374999 0.23248606875000002 0.7686634515625
0 0.42079489218750005 0.6595688234375 0.3275074390625 0.6431197281250001 0.3122453921875 0.7296750984375 0.4055328453125 0.7461241921874999 0.42079489218750005 0.6595688234375
0 0.1456434625 0.518830840625 0.0542794609375 0.5027209015625 0.0390174140625 0.589276271875 0.130381415625 0.605386209375 0.1456434625 0.518830840625
0 0.384240771875 0.38885460312500003 0.31403475 0.3764753875 0.30538625625 0.4255234296875 0.37559227812499996 0.437902646875 0.384240771875 0.38885460312500003
0 0.631226071875 0.7764995359375 0.5677521343749999 0.76530736875 0.5591036421875 0.8143554109375 0.622577578125 0.825547578125 0.631226071875 0.7764995359375
0 0.682181434375 0.872747565625 0.6398654765625 0.8652861203125 0.6352868625 0.89125273125 0.6776028203125 0.8987141765625 0.682181434375 0.872747565625
0 0.7503733453125 0.8431232828124999 0.7099808390625 0.8360009937499999 0.7037064421875 0.8715848671875 0.7440989484375 0.87870715625 0.7503733453125 0.8431232828124999
0 0.5929257265625 0.96559259375 0.5458011375 0.95728325625 0.54037463125 0.9880584984375 0.5874992203125 0.9963678359375001 0.5929257265625 0.96559259375
0 1 0.175150615625 0.938008815625 0.164219896875 0.9247817093749999 0.23923455 1 0.2524975640625 1 0.175150615625
0 0.080450184375 0 0.041850939062499995 0.21890719375 0.6102311953124999 0.31912796875 0.66280046875 0.020992809374999997 0.54374433125 0 0.080450184375 0
0 0.22533969531250003 0.22994122031250003 0.0454968734375 0.198230078125 0.0276911515625 0.2992113421875 0.2075339734375 0.330922484375 0.22533969531250003 0.22994122031250003
0 0.608202996875 0.175975975 0.4956810171875 0.1561353140625 0.478214453125 0.255193125 0.5907364328125 0.2750337859375 0.608202996875 0.175975975
0 0.6116121718749999 0.2831770671875 0.5125543609375 0.2657105015625 0.50170135 0.3272609859375 0.6007591609375 0.3447275515625 0.6116121718749999 0.2831770671875
0 0.70486558125 0.0551839671875 0.6106164015625 0.03856529375 0.593658571875 0.1347379265625 0.6879077515625001 0.1513566 0.70486558125 0.0551839671875
0 0.9538981281250001 0.1134737234375 0.8202181703125 0.089902340625 0.8032603406250001 0.186074971875 0.9369402984375 0.20964635625 0.9538981281250001 0.1134737234375
0 0.828509934375 0.7289809171875 0.9631516203125001 0.7527218796875 0.9967281234375 0.5623000671875 0.8620864375 0.5385591062499999 0.828509934375 0.7289809171875
0 0.8000389578125 0.6148816859374999 0.692325609375 0.595888915625 0.6621406734375 0.7670762015625 0.7698540203124999 0.7860689703125 0.8000389578125 0.6148816859374999
0 0.865208678125 0.616456590625 0.778653309375 0.6011945437499999 0.7566081312499999 0.726218965625 0.8431635 0.7414810125 0.865208678125 0.616456590625
0 1 0.28422964687499996 0.9539773515625001 0.2761146109375 0.941598134375 0.34632063281250003 1 0.35661845625 1 0.28422964687499996
0 1 0.23762315156249997 0.967237025 0.2318461546875 0.958079796875 0.28377937656249996 1 0.2911710390625 1 0.23762315156249997
0 0.9219625359375 0.10338029374999999 0.9282369328125 0.06779641875 0.8666864484374999 0.0569434078125 0.8604120515625 0.0925272828125 0.9219625359375 0.10338029374999999
0 0.8729433203125 1 0.8764885890624999 0.979893784375 0.782239409375 0.9632751109375001 0.7757638203125 1 0.8729433203125 1
0 0.32352852187500003 0.913132459375 0.3126755109375 0.9746829437500001 0.42808266875 0.995032340625 0.4389356796875 0.93348185625 0.32352852187500003 0.913132459375
0 0.684080234375 0.6960768578125001 0.59944831875 0.6811539671875 0.590291090625 0.7330871890624999 0.67492300625 0.7480100796875 0.684080234375 0.6960768578125001
0 0.6647210046875001 0.4065787546875 0.5964384359375 0.39453869531249997 0.588976990625 0.436854653125 0.657259559375 0.4488947125 0.6647210046875001 0.4065787546875
0 0.9101859703124999 0.8450244296875 0.94576984375 0.8512988265624999 0.9557749640625 0.794556975 0.9201910906249999 0.7882825765625 0.9101859703124999 0.8450244296875
0 0.5461652109374999 0.524997840625 0.51538996875 0.5195713343749999 0.50826768125 0.559963840625 0.5390429234375 0.565390346875 0.5461652109374999 0.524997840625
0 0.8389516109375 0.5572872453125 0.8072146421875 0.5516911609374999 0.801957715625 0.5815046781250001 0.8336946828125 0.5871007609375 0.8389516109375 0.5572872453125
0 0.9249706765625 0.7836713953125 0.9567076453125001 0.7892674796875 0.9638299328125 0.7488749734375 0.9320929640625 0.743278890625 0.9249706765625 0.7836713953125
0 0.739660828125 0.0856141828125 0.70503868125 0.0795093640625 0.6987642843749999 0.11509323906249999 0.73338643125 0.1211980578125 0.739660828125 0.0856141828125
0 0.8647096 0.0794022703125 0.8686099015625001 0.057282565625000004 0.7993656062500001 0.045072928125 0.7954653046875 0.0671926328125 0.8647096 0.0794022703125
0 1 0.080450184375 0.9796892906249999 0.0768688578125 0.9746019421875 0.1057206484375 1 0.1101990109375 1 0.080450184375
0 0.434378765625 0.7090663359375 0.40360352343750006 0.7036398296875 0.39698996875 0.74114715625 0.42776521093750003 0.7465736625 0.434378765625 0.7090663359375
0 0.7545321031250001 0.4427432390625 0.7025988812499999 0.4335860109375 0.6919154484375001 0.4941747703125 0.7438486703125 0.5033319984375 0.7545321031250001 0.4427432390625
0 0.559465671875 0.57047886875 0.5190731656249999 0.56335658125 0.5099159375 0.6152898015625 0.55030844375 0.6224120906249999 0.559465671875 0.57047886875
0 0.46658163906250005 0.8104366296875 0.41561014375000005 0.8014489796875001 0.409674903125 0.8351094015625 0.4606463984375 0.8440970515625 0.46658163906250005 0.8104366296875
0 0.5241121171875001 0.79628593125 0.5029541390625 0.7925552078125 0.49583184999999996 0.8329477140625 0.5169898296875 0.8366784359375 0.5241121171875001 0.79628593125
0 0.0493044703125 0.3228549046875 0.0242995859375 0.31844586874999997 0.019042659375 0.34825938437500004 0.04404754375 0.3526684203125 0.0493044703125 0.3228549046875
0 0.08174997187500001 0.338492196875 0.0509747296875 0.33306569218750004 0.0447003328125 0.368649565625 0.07547557499999999 0.3740760703125 0.08174997187500001 0.338492196875
0 0.07140804375000001 0.41401558437499997 0.04447970625 0.40926739218749997 0.038883621875 0.4410043609375 0.06581195937499999 0.445752553125 0.07140804375000001 0.41401558437499997
0 0.18517046718750002 0.40432614375 0.154395225 0.3988996375 0.1477816703125 0.4364069640625 0.1785569125 0.4418334703125 0.18517046718750002 0.40432614375
0 0.0272100234375 0.9064983812499999 0.0241576140625 0.9238094546875001 0.123215425 0.94127601875 0.126267834375 0.9239649453125001 0.0272100234375 0.9064983812499999
0 0.046676309375 0.54302861875 0.019747971875 0.5382804265625001 0.0144910453125 0.5680939421875 0.0414193828125 0.572842134375 0.046676309375 0.54302861875
0 0.09616795156249999 0.4872995390625 0.06443098281250001 0.48170345625 0.0595132125 0.50959351875 0.09125018124999999 0.515189603125 0.09616795156249999 0.4872995390625