0 0.29893705000000004 0.22535459375000003 0.2877676953125 0.20815529531250002 0.2623782546875 0.224643390625 0.273547609375 0.2418426890625 0.29893705000000004 0.22535459375000003
0 0.214514975 0.2854188078125 0.2001543765625 0.26330542343749996 0.180498034375 0.2760704 0.194858634375 0.29818378437500004 0.214514975 0.2854188078125
0 0.091921596875 0.1862938265625 0.08394348593749999 0.1740086125 0.06019207343750001 0.1894329609375 0.068170184375 0.20171817343749998 0.091921596875 0.1862938265625
0 0.27820041875 0.620167778125 0.26649918906250003 0.6021494656249999 0.234557634375 0.622892553125 0.2462588640625 0.6409108671875 0.27820041875 0.620167778125
0 0.06741099687499999 0.500884228125 0.048263531250000005 0.47139971562499994 0.020417046875 0.489483434375 0.039564512499999996 0.5189679453125 0.06741099687499999 0.500884228125
0 0.147729365625 0.7590420734375 0.1221994109375 0.719729390625 0.0763346140625 0.7495143375 0.1018645703125 0.7888270203125 0.147729365625 0.7590420734375
0 0.4569458609375 0.8586541921874999 0.44418088281249996 0.8389978499999999 0.42616257031250004 0.8506990796875 0.43892754843750004 0.870355421875 0.4569458609375 0.8586541921874999
0 0.56741970625 1 0.5976865671875 0.9803444703125 0.5721566124999999 0.9410317875 0.5402150578125 0.961774875 0.56503874375 1 0.56741970625 1
0 0.6397173781250001 0.9652757234375 0.611528053125 0.9218679703125 0.564025228125 0.9527166656249999 0.592214553125 0.9961244203125 0.6397173781250001 0.9652757234375
0 0.6098161765625 0.8053735312500001 0.580563103125 0.7603277484375 0.5428884484375 0.7847939546875 0.572141521875 0.8298397375000001 0.6098161765625 0.8053735312500001
0 0.45336092499999997 0.71775895 0.43314971093750004 0.6866364109374999 0.4036652 0.7057838765625 0.42387641406250004 0.7369064171875 0.45336092499999997 0.71775895
0 0.5127067546874999 0.659424225 0.4999417765625 0.639767884375 0.47782839375 0.6541284828125 0.4905933703125 0.673784825 0.5127067546874999 0.659424225
0 0.5178734828125 0.5902793375 0.49872601562499996 0.560794825 0.4815267171875 0.5719641796875 0.5006741828125 0.6014486921875 0.5178734828125 0.5902793375
0 0.5033123500000001 0.6073041578125 0.48629238125 0.581095703125 0.4609029390625 0.5975837984375 0.477922909375 0.6237922546875 0.5033123500000001 0.6073041578125
0 0.8976166593749999 0.6702902796875 0.8774054453125 0.6391677390625 0.8331786781250001 0.6678889390625 0.8533898921875 0.6990114796875 0.8976166593749999 0.6702902796875
0 0.7984433515625 0.51578373125 0.7734452703125 0.4772900625 0.7431417437500001 0.49696940312500004 0.768139825 0.535463071875 0.7984433515625 0.51578373125
0 0.8590358484375 0.511367021875 0.84733461875 0.493348709375 0.8309543343750001 0.5039861906249999 0.8426555640625001 0.522004503125 0.8590358484375 0.511367021875
0 0.5614012734375 0.37221204218750004 0.551295665625 0.356650771875 0.5398294671875 0.364097009375 0.5499350734374999 0.3796582796875 0.5614012734375 0.37221204218750004
0 0.5802386 0.3599789390625 0.5685373703125001 0.34196062656250004 0.5505190578125 0.35366185625 0.5622202875 0.37168016875 0.5802386 0.3599789390625
0 0.3986675625 0.6147115796875 0.385902584375 0.5950552390625 0.3670652578125 0.6072883421874999 0.379830234375 0.6269446828125 0.3986675625 0.6147115796875
0 0.6722962875 0.7904156515625 0.6605950578125 0.7723973390625 0.6393006890625 0.7862260640625001 0.6510019171875 0.804244378125 0.6722962875 0.7904156515625
0 0.7101308640624999 0.7751609296875 0.702152753125 0.762875715625 0.690686553125 0.7703219531250001 0.6986646640624999 0.782607165625 0.7101308640624999 0.7751609296875
0 0.7055039187500001 0.7770012859375 0.6884839484375 0.7507928296874999 0.658180421875 0.7704721703125 0.6752003921874999 0.796680625 0.7055039187500001 0.7770012859375
0 0.670912696875 0.7703546546875 0.6634664609375001 0.75888845625 0.645448146875 0.7705896859375 0.6528943843749999 0.782055884375 0.670912696875 0.7703546546875
0 0.4369686078125 0.560728159375 0.41728926718750003 0.5304246328125 0.386985740625 0.5501039734375001 0.40666508125 0.5804074984375001 0.4369686078125 0.560728159375
0 0.406787446875 0.58149245 0.38763998125 0.5520079375 0.3573364546875 0.571687278125 0.376483921875 0.601171790625 0.406787446875 0.58149245
0 0.3530929625 0.5866694156250001 0.3451148515625 0.5743842031249999 0.3328296375 0.5823623140625 0.3408077484375 0.5946475265625 0.3530929625 0.5866694156250001
0 0.39113651250000003 0.6102869625 0.365074684375 0.570155265625 0.332314115625 0.591430228125 0.35837594375 0.631561925 0.39113651250000003 0.6102869625
0 0.261320428125 0.50362608125 0.24961919843749997 0.4856077671875 0.2316008859375 0.497308996875 0.24330211406250002 0.515327309375 0.261320428125 0.50362608125
0 0.19273705937500002 0.575528446875 0.1794402078125 0.555053090625 0.1556887953125 0.5704774390625 0.168985646875 0.59095279375 0.19273705937500002 0.575528446875
0 0.17680509687499998 0.4927214015625 0.1539345125 0.45750378906250005 0.11625985781249999 0.48196999687500003 0.13913044218749998 0.5171876078125 0.17680509687499998 0.4927214015625
0 0.212683596875 0.5049363578125 0.1860898953125 0.463985646875 0.1525103109375 0.48579248281250004 0.1791040140625 0.52674319375 0.212683596875 0.5049363578125
0 0.20560140468750002 0.5532012359375 0.1939001765625 0.5351829218749999 0.17833890624999998 0.5452885296875001 0.190040134375 0.5633068421874999 0.20560140468750002 0.5532012359375
0 0.22581082343749997 0.5394948765625001 0.2087908546875 0.513286421875 0.181763384375 0.530838265625 0.1987833546875 0.5570467203125 0.22581082343749997 0.5394948765625001
0 0.2859399078125 0.51733064375 0.2545593390625 0.4690088046875 0.20378045625 0.5019849953125 0.23516102656250001 0.5503068343749999 0.2859399078125 0.51733064375
0 0.2497791203125 0.4948192515625 0.2285041578125 0.4620586828125 0.189191475 0.48758863750000003 0.2104664375 0.5203492062499999 0.2497791203125 0.4948192515625
0 0.8026002359375 0.4630142765625 0.7908990078125 0.4449959625 0.7794328078125 0.4524422 0.7911340375 0.4704605125 0.8026002359375 0.4630142765625
0 0.876967553125 0.46187847499999996 0.8668619468750001 0.4463172046875 0.8488436328125 0.458018434375 0.8589492406250001 0.4735797046875 0.876967553125 0.46187847499999996
0 0.8457911078125001 0.464076228125 0.8308986328125 0.4411438296875 0.8112422921875 0.45390880781250004 0.8261347656250001 0.47684120625000004 0.8457911078125001 0.464076228125
0 0.8331697 0.4437444421875 0.81508598125 0.41589795937499996 0.783963440625 0.4361091734375 0.802047159375 0.46395565781250003 0.8331697 0.4437444421875
0 0.8106965890625 0.2405926203125 0.7926128703125 0.21274613750000002 0.76804244375 0.228702359375 0.7861261609375 0.2565488421875 0.8106965890625 0.2405926203125
0 0.886675878125 0.2518007921875 0.8792296421874999 0.24033459218750003 0.8669444281249999 0.248312703125 0.8743906656249999 0.2597789015625 0.886675878125 0.2518007921875
0 0.9237343812500001 0.37969117343750003 0.9136287734374999 0.364129903125 0.8997055328125001 0.3731717625 0.9098111390625 0.3887330328125 0.9237343812500001 0.37969117343750003
0 0.538901571875 0.03633391875 0.528264090625 0.019953634375 0.5151598625 0.028463618750000003 0.52579734375 0.044843903125 0.538901571875 0.03633391875
0 0.5320943125 0 0.5174194296875 0.009529979687499999 0.536035021875 0.038195478125 0.5622434765625 0.0211755078125 0.5484919406250001 0 0.5320943125 0
0 0.576920446875 0 0.5491441015625 0.01803816875 0.593821521875 0.0868353640625 0.6306771624999999 0.06290103124999999 0.589828753125 0 0.576920446875 0
0 0.40519812968749996 0.0725097984375 0.3982837671875 0.061862612500000004 0.384360525 0.070904471875 0.3912748875 0.08155165625000001 0.40519812968749996 0.0725097984375
0 0.378788934375 0 0.3507300921875 0.018221624999999998 0.3757281734375 0.05671529374999999 0.4191359265625 0.0285259671875 0.400610946875 0 0.378788934375 0
0 0.3247451671875 0.0391718921875 0.31623518281249996 0.026067664062500003 0.30394996875 0.034045775 0.3124599546875 0.047150003125 0.3247451671875 0.0391718921875
0 0.33795055937499996 0.033507253125000004 0.32678120312500003 0.0163079546875 0.31040091875 0.0269454359375 0.321570275 0.044144734375 0.33795055937499996 0.033507253125000004
0 0.3592400765625 0.0313258515625 0.3486025953125 0.0149455671875 0.33549836875 0.0234555515625 0.34613584999999997 0.0398358375 0.3592400765625 0.0313258515625
0 0.38512078125000004 0.0640064609375 0.37076018125 0.0418930765625 0.356836940625 0.0509349359375 0.3711975390625 0.07304831875 0.38512078125000004 0.0640064609375
0 0.42412026875000003 0.0532351125 0.4113552921875 0.033578771875 0.393336978125 0.04528 0.40610195625 0.0649363421875 0.42412026875000003 0.0532351125
0 0.3994323265625 0.056459059374999995 0.3930498390625 0.0466308890625 0.379126596875 0.055672748437499996 0.3855090859375 0.06550091875 0.3994323265625 0.056459059374999995
0 0.35189325312499997 0 0.32391465468749997 0.0181695140625 0.328169646875 0.024721628125 0.366237615625 0 0.35189325312499997 0
0 0.8707081578125001 0.2056961125 0.8568794328125 0.1844017421875 0.8355850625000001 0.19823046875 0.8494137875 0.2195248375 0.8707081578125001 0.2056961125
0 0.8600494734374999 0.1910762234375 0.8377107625000001 0.1566776265625 0.8024931515624999 0.1795482109375 0.8248318609374999 0.21394680781250003 0.8600494734374999 0.1910762234375
0 0.8793877671875 0.2047171765625 0.8730052796875001 0.19488900625 0.8639961218750001 0.200739621875 0.8703786109375 0.2105677921875 0.8793877671875 0.2047171765625
0 0.8479157374999999 0.13025534375 0.8536488375 0.126532225 0.8376926156250001 0.1019617984375 0.8319595171874999 0.10568491718749999 0.8479157374999999 0.13025534375
0 1 0.39402981718749996 0.9929004734375001 0.3830975046875 0.9781582171875 0.3926712390625 0.98773195 0.40741349375 1 0.3994465296875 1 0.39402981718749996
0 0.96606383125 0.38480579062500003 0.9580857203124999 0.37252057656250004 0.9482575499999999 0.378903065625 0.9562356609375 0.39118827968750003 0.96606383125 0.38480579062500003
0 0.9444199734375 0.30396146874999996 0.961619271875 0.2927921140625 0.9525774124999999 0.278868871875 0.9353781140624999 0.2900382265625 0.9444199734375 0.30396146874999996
0 0.9600254453125 0.3351639703125 0.9805008000000001 0.32186711875 0.9634808312500001 0.29565866406249997 0.943005475 0.3089555140625 0.9600254453125 0.3351639703125
0 0.9885655203124999 0.37193965 0.9768642906249999 0.3539213359375 0.96048400625 0.3645588171875 0.9721852343749999 0.38257713125000004 0.9885655203124999 0.37193965
0 0.9742212718750001 0.35971319375 0.9657112859374999 0.346608965625 0.9542450875 0.354055203125 0.962755071875 0.3671594296875 0.9742212718750001 0.35971319375
0 0.9875702328125 0.3533731109375 0.9583171593750001 0.30832732812499997 0.9075382781249999 0.3413035203125 0.93679135 0.386349303125 0.9875702328125 0.3533731109375
0 0.9969107312500001 0.3874797171875 0.9788270140625001 0.3596332328125 0.9526185578125 0.376653203125 0.9707022765625 0.40449968593749996 0.9969107312500001 0.3874797171875
0 1 0.3518932515625 0.9935317156249999 0.3419329671875 0.9689612875 0.3578891890625 0.9912999984375 0.3922877859375 1 0.3866379390625 1 0.3518932515625
0 0.6116734187499999 0.9660214249999999 0.60422718125 0.9545552265625 0.5911229546875 0.9630652109375 0.5985691906249999 0.974531409375 0.6116734187499999 0.9660214249999999
0 0.567140828125 0.7952436640625 0.5575670953125 0.7805014078125 0.5428248390625 0.7900751406250001 0.552398571875 0.804817396875 0.567140828125 0.7952436640625
0 0.42771525156249995 0.7105428921875 0.419737140625 0.698257678125 0.41072798437499997 0.70410829375 0.4187060953125 0.71639350625 0.42771525156249995 0.7105428921875
0 0.5076703015625 0.66153051875 0.500224065625 0.6500643187499999 0.4879388515625 0.6580424296875 0.49538508906249995 0.6695086296875 0.5076703015625 0.66153051875
0 0.7396547250000001 0.8089688953125 0.7306128671875001 0.7950456531250001 0.718327653125 0.8030237640625 0.7273695124999999 0.81694700625 0.7396547250000001 0.8089688953125
0 0.728699196875 0.8189945421875 0.7196573390625 0.8050713 0.7065531109375 0.8135812843749999 0.7155949703125 0.8275045265625 0.728699196875 0.8189945421875
0 0.810887759375 0.7644562484375 0.7991865312499999 0.7464379343750001 0.7746161046875 0.76239415625 0.7863173328124999 0.7804124703124999 0.810887759375 0.7644562484375
0 0.7845781406250001 0.7786308703125 0.7771319046875 0.767164671875 0.7656657046875 0.774610909375 0.7731119421875 0.7860771078125001 0.7845781406250001 0.7786308703125
0 0.7871102921875 0.7932883140625 0.7700903234375 0.767079859375 0.746338909375 0.78250420625 0.7633588796875 0.8087126625 0.7871102921875 0.7932883140625
0 0.7660982109375001 0.8174134750000001 0.7522694859375 0.79611910625 0.730975115625 0.80994783125 0.744803840625 0.8312422015625 0.7660982109375001 0.8174134750000001
0 0.7506641593750001 0.8169567093750001 0.740558553125 0.8013954390625001 0.7151691109375 0.8178835359375001 0.7252747187499999 0.83344480625 0.7506641593750001 0.8169567093750001
0 0.7732833625 0.81682284375 0.7658371265625 0.8053566453125001 0.7519138843750001 0.8143985031250001 0.7593601203125 0.8258647031249999 0.7732833625 0.81682284375
0 0.780346146875 0.8151472609375 0.76119868125 0.7856627484375001 0.7456374109375 0.79576835625 0.7647848765624999 0.82525286875 0.780346146875 0.8151472609375
0 0.622942525 0.15409084374999998 0.6091137984375 0.1327964734375 0.5919145 0.143965828125 0.605743225 0.1652601984375 0.622942525 0.15409084374999998
0 0.5755855999999999 0.3752270140625 0.5681393625 0.36376081562499996 0.5550351359375 0.3722708 0.5624813718749999 0.383737 0.5755855999999999 0.3752270140625