0 0.681094653125 0.46541584687500004 0.784378084375 0.4396643953125 0.767604203125 0.37238803125 0.664320771875 0.398139484375 0.681094653125 0.46541584687500004
0 0.68945994375 0.5332790203125 0.7870580484375 0.5089450796875 0.771229175 0.44545893281250004 0.6736310703124999 0.469792875 0.68945994375 0.5332790203125
0 0.7409236781249999 0.6145515515625 0.79493428125 0.6010851953125 0.7814679250000001 0.54707459375 0.7274573234374999 0.56054095 0.7409236781249999 0.6145515515625
0 0.39385036093750003 0.9381076546875 0.47060226875 0.9189712546875001 0.44910335156250003 0.8327438015625 0.3723514421875 0.8518802015625001 0.39385036093750003 0.9381076546875
0 0.520093521875 0.9358189984375 0.5940027671875 0.9173913546874999 0.5857339515625 0.8842269500000001 0.5118247078125 0.90265459375 0.520093521875 0.9358189984375
0 0.58188260625 0.9818072265625 0.6112567921875 0.97448341875 0.6055867484374999 0.9517421125000001 0.5762125609375001 0.9590659203125 0.58188260625 0.9818072265625
0 0.3222231859375 1 0.3128319109375 0.96233365625 0.2673492984375 0.9736737453125001 0.27391317187499997 1 0.3222231859375 1
0 0.313052228125 0.6140440421875 0.3670628296875 0.6005776875 0.3491076890625 0.5285635515625 0.29509708749999997 0.54202990625 0.313052228125 0.6140440421875
0 0.45603137499999996 0.551724184375 0.49203844375 0.5427466125 0.483297125 0.5076871 0.44729005624999996 0.5166646703125 0.45603137499999996 0.551724184375
0 0.5007049343750001 0.5088823671875 0.5329217859375001 0.5008498046875001 0.527960496875 0.4809511625 0.495743646875 0.48898372500000004 0.5007049343750001 0.5088823671875
0 0.4332942 0.36364991406249997 0.5005705640625 0.34687603125 0.4845054375 0.28244233125 0.41722907343750004 0.2992162125 0.4332942 0.36364991406249997
0 0.3818151828125 0.3065362 0.41782225000000006 0.2975586296875 0.4067184140625 0.253023571875 0.3707113453125 0.26200114218750004 0.3818151828125 0.3065362
0 0.314034478125 0.371745840625 0.37941573281249996 0.35544446406249997 0.3619330953125 0.28532543593750004 0.296551840625 0.30162681406249997 0.314034478125 0.371745840625
0 0.1223046703125 0.36972974999999997 0.2217978859375 0.3449233046875 0.20242523281249997 0.2672238421875 0.10293201874999999 0.2920302875 0.1223046703125 0.36972974999999997
0 0.3290737125 0.185827128125 0.40298295624999997 0.16739948437500002 0.3911703640625 0.1200217625 0.3172611203125 0.13844940781249998 0.3290737125 0.185827128125
0 0.060278371875 0.1371025921875 0.10765609375 0.12528999999999998 0.101041040625 0.098758475 0.0536633203125 0.11057106875 0.060278371875 0.1371025921875
0 0 0.1577237734375 0.0255019203125 0.2600063890625 0.10035871874999999 0.24134249218749998 0.07248099999999999 0.129531071875 0 0.1476026140625 0 0.1577237734375
0 0.4222199640625 0.0851058453125 0.4771781203125 0.07140323750000001 0.46111299375000003 0.0069695375 0.40615483750000003 0.0206721453125 0.4222199640625 0.0851058453125
0 0.43860772187499997 0 0.430206990625 0.0020945375 0.438239553125 0.0343113875 0.515939015625 0.0149387359375 0.5122143703125001 0 0.43860772187499997 0
0 0.8032052999999999 0.069122534375 0.8363697046875 0.060853720312500005 0.8229033484375 0.0068431171875 0.78973894375 0.015111932812500001 0.8032052999999999 0.069122534375
0 0.230330659375 0.522448709375 0.320348328125 0.500004784375 0.293888121875 0.3938786890625 0.2038704515625 0.41632261406250004 0.230330659375 0.522448709375
0 0.153847803125 0.6778931703125 0.2343899296875 0.6578117625 0.20438594375000002 0.5374723515625 0.12384381874999999 0.557553759375 0.153847803125 0.6778931703125
0 0.111458115625 0.6673264765625 0.135146975 0.6614201796875 0.12144436875 0.6064620234375 0.0977555078125 0.61236831875 0.111458115625 0.6673264765625
0 0.07844622031250001 0.6217117296875 0.0187502921875 0.6365955953125 0.05088054374999999 0.765462996875 0.110576471875 0.7505791296875 0.07844622031250001 0.6217117296875
0 0 0.5613922796875 0.018395914062499998 0.6351742640625 0.0610358640625 0.6245429312499999 0.0400094484375 0.5402105875000001 0 0.5501860625 0 0.5613922796875
0 0 0.5069083421875 0.020375075 0.501828265625 0 0.42010830312499997 0 0.5069083421875
0 0.0641937359375 0.49996117343749996 0.136207871875 0.4820060328125 0.114708953125 0.39577858125 0.0426948171875 0.413733721875 0.0641937359375 0.49996117343749996
0 0 0.455578953125 0.0803403671875 0.43554785 0.0505726328125 0.3161559921875 0 0.328765165625 0 0.455578953125
0 0.328659821875 0.8401284265625 0.3618242265625 0.8318596125 0.3507203890625 0.7873245546875001 0.317555984375 0.7955933703125 0.328659821875 0.8401284265625