0 0.5471452703125 0.63522430625 0.5502788625 0.680036753125 0.5902203921875 0.67724376875 0.5870868 0.6324313218750001 0.5471452703125 0.63522430625
0 0.591692134375 0.600293503125 0.594348875 0.6382866640625 0.6342904046875 0.63549368125 0.6316336640625 0.59750051875 0.591692134375 0.600293503125
0 0.6610847 0.374688515625 0.66319646875 0.40488820781249996 0.7002154468749999 0.4022995890625 0.6981036796875 0.372099896875 0.6610847 0.374688515625
0 0.7496031875 0.177604003125 0.752259928125 0.21559716406249999 0.7922014578125001 0.21280418124999997 0.7895447171875001 0.17481101875 0.7496031875 0.177604003125
0 0.5506312999999999 0.18809115781250002 0.5541054984375 0.2377745234375 0.60281468125 0.23436844531249998 0.59934048125 0.1846850796875 0.5506312999999999 0.18809115781250002
0 0.563354021875 0.05504363125 0.5661470046875 0.09498515937499999 0.6294689421874999 0.090557259375 0.6266759578125 0.0506157296875 0.563354021875 0.05504363125
0 0.22922215625 0.23259258593749998 0.23221950468750002 0.27545666562500004 0.2789803203125 0.27218683125 0.275982971875 0.22932275 0.22922215625 0.23259258593749998
0 0.08587712656249999 0.3596004328125 0.088193259375 0.3927226765625 0.1232638703125 0.39027029999999996 0.12094773750000001 0.35714805625 0.08587712656249999 0.3596004328125
0 0.1783584265625 0.7931702609375 0.18346754375000002 0.8662340343749999 0.23509927656250001 0.8626235921875001 0.2299901609375 0.78955981875 0.1783584265625 0.7931702609375
0 0.349235715625 0.7729003062500001 0.351211240625 0.80115163125 0.3911527703125 0.7983586484375 0.38917724374999996 0.7701073218750001 0.349235715625 0.7729003062500001
0 0.9049389078125 0.8730522515624999 0.906778190625 0.8993552093750001 0.935029515625 0.8973796843749999 0.9331902328125 0.8710767265625 0.9049389078125 0.8730522515624999
0 0.5793745765625 0.7881337390625001 0.5808732515624999 0.8095657781250001 0.600356925 0.8082033484375 0.5988582499999999 0.7867713078125 0.5793745765625 0.7881337390625001
0 0.8258853640625 0.3235171703125 0.8299726578125 0.3819681890625 0.89329459375 0.3775402875 0.8892073015624999 0.31908926875 0.8258853640625 0.3235171703125
0 0.9042730859375 0.31754629375 0.9062486125 0.34579761875 0.92670646875 0.344367065625 0.92473094375 0.31611574062500003 0.9042730859375 0.31754629375
0 0.8933658265625001 0.46955634062499996 0.8956138390625 0.5017044 0.9365295515625001 0.4988432953125 0.934281540625 0.46669523437500005 0.8933658265625001 0.46955634062499996
0 0.7469733781250001 0 0.7484796359375 0.021540495312499998 0.8020597359374999 0.017793810937499998 0.8008154718749999 0 0.7469733781250001 0
0 0.2206288265625 0.0467040546875 0.21865330156249999 0.018452728125 0.187479425 0.02063261875 0.18945495 0.04888394375 0.2206288265625 0.0467040546875
0 0 0.12282665 0.0227092578125 0.1212386625 0.0205974890625 0.0910389703125 0 0.0924792875 0 0.12282665
0 0.0087098234375 0.0610334015625 0.0123883875 0.1136393171875 0.0552524671875 0.11064196875000001 0.051573903125 0.058036053125 0.0087098234375 0.0610334015625