0 0.2924636046875 0.2973793765625 0.27858198125 0.254656134375 0.231214909375 0.27004662968750004 0.24509653281250002 0.312769871875 0.2924636046875 0.2973793765625
0 0.243556546875 0.5766492078125001 0.23178734531249998 0.5404273296875 0.1964942328125 0.5518947562500001 0.208263434375 0.5881166359375001 0.243556546875 0.5766492078125001
0 0.9671531671875 0.411362078125 0.9590052578125 0.3862853921875 0.9302135078125 0.3956403984375 0.9383614171874999 0.420717084375 0.9671531671875 0.411362078125
0 0.17161937031250002 0.8182219609375 0.1655838828125 0.7996466390625 0.14607979375 0.8059839015625 0.1521152828125 0.8245592234375 0.17161937031250002 0.8182219609375
0 0.13683901874999999 0.8028255 0.1323124015625 0.7888940078125 0.11745214374999999 0.7937223984374999 0.1219787609375 0.807653890625 0.13683901874999999 0.8028255
0 0.13273565468749998 0.8755226546875001 0.12851081250000002 0.8625199296874999 0.1201519171875 0.8652358984375 0.12437675937499999 0.878238625 0.13273565468749998 0.8755226546875001
0 0.141503309375 0.8393022671875 0.13607136875 0.8225844765625 0.1212111109375 0.8274128671875 0.12664305 0.8441306578125 0.141503309375 0.8393022671875
0 0.12256760468750001 0.8521291718749999 0.1192480859375 0.84191274375 0.10531659374999999 0.8464393609374999 0.1086361125 0.8566557875 0.12256760468750001 0.8521291718749999
0 0.113104121875 0.8783074609374999 0.109784603125 0.868091034375 0.09678187656250001 0.8723158765625 0.1001013953125 0.8825323031250001 0.113104121875 0.8783074609374999
0 0.5829613250000001 0.9623232843749999 0.5772276109375001 0.944676728125 0.5437920296875001 0.9555406062499999 0.5495257437500001 0.9731871625 0.5829613250000001 0.9623232843749999
0 0.902281475 0.55617180625 0.8953406640624999 0.5348101859375001 0.876765340625 0.5408456734375 0.8837061515625001 0.5622072953125 0.902281475 0.55617180625