0 0.65388289375 0.6434484484375 0.655787103125 0.65895698125 0.6712956359375 0.6570527734375 0.669391428125 0.6415442390625 0.65388289375 0.6434484484375
0 0.68450794375 0.6805198625 0.6864121515625 0.6960283953124999 0.69998211875 0.6943622125 0.6980779109374999 0.6788536796875 0.68450794375 0.6805198625
0 0.55439888125 0.494304553125 0.5557080234375 0.5049666703125 0.5644315734375 0.503895553125 0.5631224312499999 0.4932334359375 0.55439888125 0.494304553125
0 0.5388737890625 0.47604092031249995 0.5411350359375 0.4944573046875 0.563428553125 0.4917200046875 0.5611673046875 0.47330362187499997 0.5388737890625 0.47604092031249995
0 0.444706040625 0.61059030625 0.44661024843749997 0.6260988390625 0.4563030828125 0.624908709375 0.45439887343749996 0.609400175 0.444706040625 0.61059030625
0 0.2498978859375 0.5985975234375001 0.2512070296875 0.609259640625 0.26089986249999997 0.6080695109375001 0.25959071875 0.59740739375 0.2498978859375 0.5985975234375001
0 0.208960409375 0.5135975015625001 0.2106265921875 0.52716746875 0.2222579921875 0.5257393125000001 0.22059180937499998 0.5121693453125 0.208960409375 0.5135975015625001
0 0.2424006859375 0.5094915515625 0.2440668671875 0.52306151875 0.257636834375 0.5213953359375 0.255970653125 0.5078253687500001 0.2424006859375 0.5094915515625
0 0.32626574218750004 0.65563373125 0.32745587187499997 0.665326565625 0.3381179890625 0.664017421875 0.33692785937499997 0.6543245875 0.32626574218750004 0.65563373125
0 0.3357874046875 0.705135278125 0.3376916125 0.7206438125 0.350292296875 0.7190966421875 0.3483880875 0.7035881093749999 0.3357874046875 0.705135278125
0 0.5240903078125 0.7562987609375 0.525756490625 0.769868728125 0.5412650250000001 0.76796451875 0.5395988421875 0.7543945515625 0.5240903078125 0.7562987609375
0 0.5342260765625 0.7186500812500001 0.5356542328125 0.73028148125 0.5434085 0.7293293765625 0.5419803437499999 0.7176979765625 0.5342260765625 0.7186500812500001
0 0.824508640625 0.7189200796875 0.82534173125 0.7257050625 0.8330959984374999 0.7247529593750001 0.8322629078125001 0.717967975 0.824508640625 0.7189200796875
0 0.9007519953124999 0.6387180375 0.9021801515625001 0.6503494390625 0.9157501187499999 0.64868325625 0.9143219625000001 0.63705185625 0.9007519953124999 0.6387180375
0 0.900533009375 0.544782828125 0.9027942578125 0.5631992125 0.9144256578125001 0.56177105625 0.912164409375 0.543354671875 0.900533009375 0.544782828125
0 0.7906089671875 0.35067768125 0.7927512015625 0.36812478125000003 0.8082597359375001 0.36622057343750003 0.8061175015625001 0.3487734734375 0.7906089671875 0.35067768125
0 0.893673821875 0.44084007343750004 0.8961730953125 0.46119502343749996 0.9097430624999999 0.459528840625 0.9072437890625 0.43917389062499995 0.893673821875 0.44084007343750004
0 0.9476911359375 0.38796445468749996 0.9499523828124999 0.4063808375 0.9683687671874999 0.40411959062499997 0.9661075203125 0.38570320625 0.9476911359375 0.38796445468749996
0 0.8982607874999999 0.2538285125 0.8993319046874999 0.2625520640625 0.9129018703125 0.26088588125 0.9118307531250001 0.25216233125 0.8982607874999999 0.2538285125
0 0.7270289046875 0.2896115890625 0.7285760734375 0.3022122734375 0.7402074734374999 0.3007841171875 0.7386603046875 0.28818343281250003 0.7270289046875 0.2896115890625
0 0.7499340453125 0.31188854843749997 0.7518382531250001 0.32739708125 0.7625003703125001 0.3260879375 0.7605961625 0.3105794046875 0.7499340453125 0.31188854843749997
0 0.65906005625 0.29697321875 0.66167834375 0.3182974515625 0.6791254437500001 0.3161552171875 0.67650715625 0.294830984375 0.65906005625 0.29697321875
0 0.6061905453125 0.3511837484375 0.6073806765625 0.3608765828125 0.619981359375 0.3593294125 0.6187912296875 0.3496365796875 0.6061905453125 0.3511837484375
0 0.631358175 0.3357948484375 0.63278633125 0.34742624843750003 0.642479165625 0.34623611875 0.6410510078125 0.33460471875 0.631358175 0.3357948484375
0 0.6375990109375 0.334536621875 0.6399792703125 0.3539222890625 0.6642113546874999 0.3509469640625 0.66183109375 0.331561296875 0.6375990109375 0.334536621875
0 0.825109909375 0.4433552859375 0.8265380656250001 0.4549866859375 0.8401080328124999 0.45332050312499994 0.8386798765625001 0.441689103125 0.825109909375 0.4433552859375
0 0.8242338703125001 0.45625350156250005 0.8254240015625 0.465946334375 0.8370554015625 0.46451817812499996 0.8358652703124999 0.45482534531249996 0.8242338703125001 0.45625350156250005
0 0.8549607546875 0.502167478125 0.85829311875 0.5293074125 0.88155591875 0.5264511 0.8782235546875 0.499311165625 0.8549607546875 0.502167478125
0 0.5859484046875 0.6350635171875 0.5877336 0.6496027671875 0.6032421343750001 0.647698559375 0.6014569390625 0.633159309375 0.5859484046875 0.6350635171875
0 0.5988975375 0.6403608375000001 0.600801746875 0.6558693718749999 0.6172795640625 0.65384615 0.6153753546875 0.638337615625 0.5988975375 0.6403608375000001
0 0.4210340421875 0.6621997296875 0.42329529062500004 0.6806161125 0.4397731078125 0.678592890625 0.437511859375 0.6601765078125 0.4210340421875 0.6621997296875
0 0.1448312359375 0.6764352437500001 0.14637840468750002 0.6890359265625 0.1580098046875 0.6876077703125001 0.1564626359375 0.6750070874999999 0.1448312359375 0.6764352437500001
0 0.1897011046875 0.5690926468749999 0.19160531249999999 0.5846011812499999 0.21099097968749997 0.5822209203125001 0.20908677187500002 0.5667123875 0.1897011046875 0.5690926468749999
0 0.204851978125 0.592321709375 0.20723223906250002 0.6117073765625001 0.2256486234375 0.6094461296875 0.22326836249999998 0.5900604625 0.204851978125 0.592321709375
0 0.18019413906249998 0.6238823046875 0.18126525625 0.6326058546875 0.196773790625 0.630701646875 0.1957026734375 0.621978096875 0.18019413906249998 0.6238823046875
0 0.1792929515625 0.6205493203125 0.1826253171875 0.647689253125 0.2039495515625 0.6450709671875 0.20061718593750003 0.6179310328125001 0.1792929515625 0.6205493203125
0 0.0804714796875 0.5008409656249999 0.0820186484375 0.5134416484375001 0.0946193328125 0.5118944796875 0.0930721625 0.49929379531249996 0.0804714796875 0.5008409656249999
0 0.050101015625 0.48587595937500005 0.051291145312499994 0.49556879218749994 0.060983978125000005 0.49437866250000007 0.0597938484375 0.48468582812500005 0.050101015625 0.48587595937500005
0 0.09991240625 0.3065941375 0.10122155 0.3172562546875 0.11285295 0.31582809843750004 0.11154380625 0.30516598125 0.09991240625 0.3065941375
0 0.1740950796875 0.3658664453125 0.17552323593750002 0.3774978453125 0.183277503125 0.376545740625 0.181849346875 0.364914340625 0.1740950796875 0.3658664453125
0 0.4267258625 0.49620628125 0.4277969796875 0.50492983125 0.43845909687500007 0.5036206875 0.43738797968750004 0.49489713750000003 0.4267258625 0.49620628125
0 0.3765844421875 0.6046880890625 0.3774175328125 0.6114730734375 0.3861410828125 0.61040195625 0.3853079921875 0.603616971875 0.3765844421875 0.6046880890625
0 0.6266326328125 0.25323583437499997 0.6282988140625 0.2668058015625 0.63896093125 0.2654966578125 0.6372947484375 0.251926690625 0.6266326328125 0.25323583437499997
0 0.617424440625 0.2543664578125 0.620161740625 0.276659975 0.6443938234375 0.2736846484375 0.6416565249999999 0.2513911328125 0.617424440625 0.2543664578125
0 0.72660925625 0.426424703125 0.7277993875 0.43611753750000004 0.7394307875 0.43468937968750004 0.73824065625 0.424996546875 0.72660925625 0.426424703125
0 0.7214229796875 0.41623863906249997 0.7248743578125 0.44434785625 0.752983575 0.440896478125 0.749532196875 0.4127872609375 0.7214229796875 0.41623863906249997
0 0.9762972109374999 0.6009092593750001 0.9782014203125 0.6164177921875 0.993709953125 0.614513584375 0.9918057453125 0.5990050499999999 0.9762972109374999 0.6009092593750001
0 0.88611888125 0.6557651515625 0.8867139453125 0.66061156875 0.8954374968750001 0.6595404515625 0.8948424312500001 0.6546940343750001 0.88611888125 0.6557651515625
0 0.8823693499999999 0.653273846875 0.8849876359375 0.67459808125 0.907281153125 0.67186078125 0.9046628671875 0.650536546875 0.8823693499999999 0.653273846875
0 0.8287440546875 0.6652696359375 0.829934184375 0.67496246875 0.8405963015625 0.673653325 0.8394061703125001 0.6639604921875 0.8287440546875 0.6652696359375
0 0.8084295703125 0.7602501937499999 0.81080983125 0.7796358609375 0.82244123125 0.7782077046875 0.8200609703125 0.7588220375 0.8084295703125 0.7602501937499999
0 0.8025200046875 0.776226190625 0.8041861875 0.78979615625 0.8196947218749999 0.7878919484375 0.8180285390625001 0.77432198125 0.8025200046875 0.776226190625
0 1 0.49345826875 0.999553903125 0.48982510156250003 0.9840453703125001 0.491729309375 0.9857115515625001 0.5052992765625001 1 0.5035448765625 1 0.49345826875
0 1 0.47342528125000005 0.9995373453124999 0.4696572609375 0.9840288109375 0.47156146874999993 0.986528084375 0.49191641875 1 0.4902622765625 1 0.47342528125000005
0 0.8660253390625 0.3719185015625 0.8674534953125 0.3835499015625 0.8742384796874999 0.382716809375 0.8728103218750001 0.371085409375 0.8660253390625 0.3719185015625
0 0.8614169484374999 0.3744521328125 0.8634401703125001 0.39092994999999997 0.881856553125 0.3886687015625 0.8798333328125001 0.3721908859375 0.8614169484374999 0.3744521328125
0 0.8685933296874999 0.36078033125000003 0.8700214859375001 0.3724117328125 0.8787450359375001 0.371340615625 0.8773168796874999 0.3597092140625 0.8685933296874999 0.36078033125000003
0 0.87252996875 0.360788921875 0.87526726875 0.3830824390625 0.89562221875 0.380583165625 0.8928849203125001 0.3582896484375 0.87252996875 0.360788921875
0 0.51553554375 0.43020362968750003 0.5169637 0.44183502968750005 0.5295643828125 0.44028786093749994 0.5281362265625 0.42865645937499997 0.51553554375 0.43020362968750003
0 0.45913062031249996 0.4115479796875 0.46162989374999996 0.4319029296875 0.47907699375 0.42976069531250005 0.4765777203125 0.40940574375 0.45913062031249996 0.4115479796875
0 0.47754700312500004 0.40928673125000004 0.4799272640625 0.42867239843749994 0.5002822140625 0.42617312500000004 0.4979019546875 0.40678745781250003 0.47754700312500004 0.40928673125000004
0 0.5007251484374999 0.389714575 0.5032244234375 0.4100695265625 0.51873295625 0.4081653171875 0.5162336828125 0.3878103671875 0.5007251484374999 0.389714575
0 0.49290278593750003 0.394118678125 0.4957590984375 0.417381478125 0.5287147328125 0.4133350359375 0.5258584203125001 0.3900722359375 0.49290278593750003 0.394118678125
0 0.5062936140625001 0.41903969218750003 0.508197821875 0.434548225 0.528552771875 0.4320489515625 0.5266485640624999 0.41654041875000003 0.5062936140625001 0.41903969218750003
0 0.5359181234375 0.3317710734375 0.5373462796874999 0.34340247343749997 0.5489776796875 0.3419743171875 0.5475495234375 0.330342915625 0.5359181234375 0.3317710734375
0 0.5319219765625001 0.3312778421875 0.534183225 0.349694225 0.5584153078125 0.3467189 0.5561540609375 0.328302515625 0.5319219765625001 0.3312778421875
0 0.1937709296875 0.31376379062500004 0.1950800734375 0.32442590781249997 0.202834340625 0.323473803125 0.20152519687499998 0.3128116859375 0.1937709296875 0.31376379062500004
0 0.1812389625 0.283817840625 0.1833811984375 0.301264940625 0.19888973125 0.2993607328125 0.19674749687499998 0.28191363125 0.1812389625 0.283817840625
0 0.34501711875 0.4998435265625 0.3468023140625 0.5143827765625 0.362310846875 0.51247856875 0.3605256515625 0.49793931875 0.34501711875 0.4998435265625
0 0.35416394218749997 0.582351625 0.3555920984375 0.593983025 0.363346365625 0.5930309203124999 0.361918209375 0.5813995203125 0.35416394218749997 0.582351625
0 0.35064384843749996 0.5857355265625 0.35290509531250003 0.6041519109375 0.3713214796875 0.6018906625 0.36906023125 0.5834742796875 0.35064384843749996 0.5857355265625
0 0.3681965046875 0.4241891296875 0.3696246609375 0.4358205296875 0.377378928125 0.434868425 0.37595077187500003 0.423237025 0.3681965046875 0.4241891296875
0 0.369820359375 0.429401175 0.3716055546875 0.44394042499999997 0.38323695468749996 0.44251226875 0.38145175937500003 0.42797301875000004 0.369820359375 0.429401175
0 0.8082824015625001 0.494616259375 0.8111387156250001 0.517879059375 0.82761653125 0.5158558375 0.82476021875 0.4925930375 0.8082824015625001 0.494616259375
0 0.7864735265625 0.4972940515625 0.7888537875 0.5166797187500001 0.8101780218749999 0.5140614328125 0.8077977609375001 0.494675765625 0.7864735265625 0.4972940515625
0 0.7791443953125 0.4977020078125 0.7833098515625 0.5316269250000001 0.8152962015625 0.5276994953125 0.8111307453125001 0.49377457812500003 0.7791443953125 0.4977020078125
0 0.9404074328125 0.2565247265625 0.9418355890625 0.2681561265625 0.950559140625 0.267085009375 0.9491309843750001 0.255453609375 0.9404074328125 0.2565247265625
0 0.9503211140625 0.2651464421875 0.95151124375 0.27483927656249996 0.9621733609374999 0.2735301328125 0.96098323125 0.26383729843750003 0.9503211140625 0.2651464421875
0 0.9772033609375 0.379913275 0.9888347609375 0.37848511875 0.9841932531250001 0.34068306875 0.972561853125 0.342111225 0.9772033609375 0.379913275
0 0.625742515625 0.133801725 0.6275277109374999 0.148340975 0.6430362453125 0.14643676562500002 0.6412510499999999 0.13189751562500002 0.625742515625 0.133801725
0 0.36804499375 0.3548430421875 0.37006821562500003 0.37132085937500003 0.40399313281250004 0.367155403125 0.4019699109375 0.3506775859375 0.36804499375 0.3548430421875
0 0.2869840921875 0.2836246234375 0.2885312625 0.29622530625 0.3001626625 0.29479715 0.29861549374999996 0.2821964671875 0.2869840921875 0.2836246234375
0 0.271186615625 0.2791689828125 0.2734478640625 0.2975853671875 0.28701783125 0.29591918437500003 0.2847565828125 0.27750280156249996 0.271186615625 0.2791689828125
0 0.09930192812500001 0.61413669375 0.1004920578125 0.6238295265625 0.10921560781249999 0.622758409375 0.108025478125 0.6130655765624999 0.09930192812500001 0.61413669375
0 0.0943107296875 0.6255723953125 0.0962149375 0.641080928125 0.108815621875 0.639533759375 0.1069114125 0.624025225 0.0943107296875 0.6255723953125
0 0.04385283125 0.4349885828125 0.0457570390625 0.45049711718749996 0.060296289062499994 0.44871192187500003 0.058392081250000005 0.4332033875 0.04385283125 0.4349885828125
0 0.07796671875 0.3442170484375 0.0792758609375 0.354879165625 0.0860608453125 0.35404607499999996 0.0847517015625 0.34338395781250003 0.07796671875 0.3442170484375
0 0.0770820890625 0.3610519046875 0.0782722203125 0.3707447390625 0.0860264875 0.369792634375 0.08483635625 0.3600998 0.0770820890625 0.3610519046875
0 0.0719724984375 0.3434772015625 0.074947825 0.3677092859375 0.0962720578125 0.36509099843750004 0.0932967328125 0.34085891562500004 0.0719724984375 0.3434772015625
0 0.0572706671875 0.392017434375 0.0608410578125 0.4210959359375 0.08507314218749999 0.418120609375 0.0815027515625 0.389042109375 0.0572706671875 0.392017434375
0 0.45103152968750004 0.6260479218749999 0.45412586875 0.6512492890625 0.478357953125 0.6482739640624999 0.47526361406250006 0.6230725968749999 0.45103152968750004 0.6260479218749999
0 0.453597134375 0.33843518281249996 0.45502529062499997 0.35006658281249997 0.4647181234375 0.34887645156249997 0.46328996718750004 0.3372450515625 0.453597134375 0.33843518281249996
0 0.51080203125 0.3235401328125 0.5118731484375 0.332263684375 0.52156598125 0.33107355312500003 0.5204948640625 0.322350003125 0.51080203125 0.3235401328125
0 0.5025545328125001 0.328488384375 0.504101703125 0.3410890671875 0.5108866859375001 0.3402559765625 0.5093395171874999 0.3276552921875 0.5025545328125001 0.328488384375
0 0.4902348234375 0.3122909203125 0.4929721234375 0.3345844375 0.5162349234375 0.33172812500000004 0.5134976234375 0.3094346078125 0.4902348234375 0.3122909203125
0 0.5101247921875001 0.1898133890625 0.5119099874999999 0.20435263906249998 0.524510671875 0.2028054703125 0.5227254765625 0.1882662203125 0.5101247921875001 0.1898133890625
0 0.4318944359375 0.15366769062500002 0.43391765624999995 0.17014550781249999 0.4513647578125 0.1680032734375 0.4493415359375 0.15152545625 0.4318944359375 0.15366769062500002
0 0.46568254062500003 0.1844473515625 0.4687768796875 0.20964871875000002 0.4939782453125 0.20655438125 0.4908839078125 0.18135301406249998 0.46568254062500003 0.1844473515625
0 0.6943739046874999 0.1558756359375 0.6958020609375 0.1675070359375 0.706464178125 0.1661978921875 0.705036021875 0.15456649218750002 0.6943739046874999 0.1558756359375
0 0.7328059984374999 0.11229286249999999 0.73459119375 0.1268321140625 0.7491304453125001 0.1250469171875 0.7473452484374999 0.1105076671875 0.7328059984374999 0.11229286249999999
0 0.6995700109375 0.1060428171875 0.700403103125 0.11282780156250001 0.712034503125 0.11139964531249999 0.7112014109375 0.1046146609375 0.6995700109375 0.1060428171875
0 0.6794021703124999 0.1060593765625 0.68178243125 0.12544504375 0.71667663125 0.12116057499999999 0.7142963703125 0.10177490781250001 0.6794021703124999 0.1060593765625
0 0.774822465625 0.6187599734375 0.7756555578125 0.62554495625 0.7853483906250001 0.6243548265625 0.7845153 0.6175698421875 0.774822465625 0.6187599734375
0 0.028006203125 0.7306273546875001 0.030981528125 0.7548594375000001 0.0474593453125 0.7528362171875 0.0444840203125 0.7286041328125 0.028006203125 0.7306273546875001
0 0.049975178125000005 0.7933590078125 0.032528078125 0.7955012421875 0.035503403125 0.8197333265625 0.052950503125000006 0.8175910921874999 0.049975178125000005 0.7933590078125
0 0.321839496875 0.8800136171874999 0.3236246921875 0.8945528671874999 0.34107179374999996 0.8924106328124999 0.33928659843750003 0.8778713828125 0.321839496875 0.8800136171874999
0 0.27405504999999997 0.9075265281249999 0.2766733359375 0.9288507625 0.2921818703125 0.9269465546875001 0.2895635828125 0.9056223203125 0.27405504999999997 0.9075265281249999
0 0.52744785625 1 0.5260662390624999 0.988747625 0.5057112890625 0.9912468984375 0.5067860343749999 1 0.52744785625 1
0 0.5748040328124999 0.9129067390625 0.5756371234375 0.919691721875 0.58242210625 0.91885863125 0.581589015625 0.9120736468749999 0.5748040328124999 0.9129067390625
0 0.6125557859375 0.8758028281250001 0.61410295625 0.8884035109375 0.62864220625 0.886618315625 0.6270950359375 0.8740176328124999 0.6125557859375 0.8758028281250001
0 0.6282514296875 0.8714159046875001 0.630036625 0.8859551546875 0.6455451578125 0.8840509453125 0.6437599625 0.8695116953124999 0.6282514296875 0.8714159046875001
0 0.607521640625 0.9069217281249999 0.6085927578125 0.915645278125 0.6202241578125001 0.914217121875 0.619153040625 0.905493571875 0.607521640625 0.9069217281249999
0 0.616483215625 0.907789178125 0.6180303859375 0.9203898609375001 0.631600353125 0.9187236796875 0.6300531828125 0.9061229953125001 0.616483215625 0.907789178125
0 0.9135968140624999 0.7473372796875 0.915501021875 0.7628458140625 0.93100955625 0.7609416046875 0.929105346875 0.745433071875 0.9135968140624999 0.7473372796875
0 0.8861721843750001 0.9366610046874999 0.8885524437500001 0.956046671875 0.9224773609374999 0.951881215625 0.9200971015625001 0.9324955484374999 0.8861721843750001 0.9366610046874999
0 0.9474082062500001 0.87847150625 0.9501455046875 0.9007650234375 0.97340830625 0.8979087109374999 0.9706710062499999 0.8756151937500001 0.9474082062500001 0.87847150625
0 0.297677990625 0.7673724609375 0.299106146875 0.7790038609375001 0.3097682640625 0.7776947171875 0.3083401078125 0.7660633171875 0.297677990625 0.7673724609375
0 0.31665508125 0.7857041890625001 0.31903534218749996 0.8050898562500001 0.3345438765625 0.8031856484375 0.33216361562499996 0.7837999812499999 0.31665508125 0.7857041890625001
0 0.1056034140625 0.945919921875 0.10738860937500001 0.9604591734374999 0.1190200109375 0.959031015625 0.1172348140625 0.944491765625 0.1056034140625 0.945919921875
0 0.1247345921875 0.5327941984375 0.1269958390625 0.55121058125 0.141535090625 0.5494253859375 0.1392738421875 0.531009003125 0.1247345921875 0.5327941984375
0 0.4289790453125 0.8791572390625 0.4308832546875 0.894665771875 0.4473610703125 0.8926425515625 0.44545686250000005 0.8771340171875 0.4289790453125 0.8791572390625
0 0.42926860937500005 0.8574759656250001 0.43176788281249995 0.8778309171875 0.44436856562499993 0.876283746875 0.44186929218750004 0.855928796875 0.42926860937500005 0.8574759656250001
0 0.7889898843750001 0.898414778125 0.790418040625 0.9100461781250001 0.802049440625 0.908618021875 0.8006212843749999 0.8969866218749999 0.7889898843750001 0.898414778125
0 1 0.7347605109375 0.992840021875 0.7356396453125 0.9958153484375 0.759871728125 1 0.7593579171875 1 0.7347605109375
0 1 0.7588659703125 0.9928479921875001 0.7597441265625 0.9947522 0.775252659375 1 0.7746083109375 1 0.7588659703125
0 1 0.7618176578125 0.990781821875 0.7629495078125 0.994828265625 0.7959051421875001 1 0.7952701328125 1 0.7618176578125
0 0.9078921578125 0.7249161609375 0.909796365625 0.74042469375 0.9340284499999999 0.73744936875 0.9321242406250001 0.721940834375 0.9078921578125 0.7249161609375
0 0.8605819015625 0.84042956875 0.863795253125 0.86660021875 0.8793037859374999 0.8646960109374999 0.8760904343749999 0.8385253593750001 0.8605819015625 0.84042956875
0 0.837106221875 0.857578515625 0.8400815484375 0.8818106 0.8672214828125 0.878478234375 0.8642461562499999 0.8542461515625 0.837106221875 0.857578515625
0 0.8557090953125 0.8808756750000001 0.859041459375 0.9080156078125 0.88036569375 0.905397321875 0.877033328125 0.8782573875 0.8557090953125 0.8808756750000001
0 0.8319530640625 0.8877281328125 0.8338572718749999 0.9032366671875 0.8561507890625 0.9004993671875001 0.8542465796875 0.884990834375 0.8319530640625 0.8877281328125
0 0.7966085796875 0.87632555 0.8001789703125001 0.9054040499999999 0.8282881874999999 0.9019526718750001 0.824717796875 0.8728741718749999 0.7966085796875 0.87632555
0 0.7984275125 0.9031593609374999 0.8015218515625 0.9283607281249999 0.822846084375 0.9257424421874999 0.819751746875 0.9005410749999999 0.7984275125 0.9031593609374999
0 0.82107806875 0.9033299109374999 0.824410434375 0.9304698453125001 0.8544582171874999 0.9267804421875001 0.851125853125 0.8996405078124999 0.82107806875 0.9033299109374999
0 0.6670074453125 0.7904053 0.6728390828124999 0.837900184375 0.7242111015625 0.83159249375 0.7183794625 0.7840976093750001 0.6670074453125 0.7904053
0 0.754604853125 0.9469120640625001 0.7576991921875 0.97211343125 0.779023425 0.96949514375 0.7759290875 0.9442937765625 0.754604853125 0.9469120640625001
0 0.7212921796875 0.9480506562500001 0.7234344140625 0.9654977562499999 0.7389429484375001 0.9635935484375 0.7368007140625 0.9461464484375 0.7212921796875 0.9480506562500001
0 0.68169634375 0.9420895546875 0.68419561875 0.9624445046875 0.7239362359375 0.9575649703125 0.7214369625 0.9372100203124999 0.68169634375 0.9420895546875
0 0.6643014015625 0.892570828125 0.6704900796875 0.9429735625 0.721862096875 0.936665871875 0.71567341875 0.8862631375 0.6643014015625 0.892570828125
0 0.241082428125 0.142168140625 0.2429866359375 0.1576766734375 0.2497716203125 0.1568435828125 0.2478674109375 0.1413350484375 0.241082428125 0.142168140625
0 0.1799501 0.1250768375 0.1830444390625 0.1502782046875 0.2043686734375 0.14765991875 0.201274334375 0.1224585515625 0.1799501 0.1250768375
0 0.49200780312500003 0.11037448125 0.493435959375 0.1220058828125 0.504098075 0.1206967390625 0.50266991875 0.1090653390625 0.49200780312500003 0.11037448125
0 0.34824960625 0.045378478124999996 0.349796775 0.0579791625 0.361428175 0.05655100625 0.35988100625 0.043950321875 0.34824960625 0.045378478124999996
0 0.37477729531250004 0.0450729765625 0.3762054515625 0.056704376562500006 0.38783685156250003 0.0552762203125 0.3864086953125 0.0436448203125 0.37477729531250004 0.0450729765625
0 0.6933899234374999 0.05170344375 0.6952941312500001 0.0672119765625 0.7088640984375 0.0655457953125 0.7069598906250001 0.05003726093750001 0.6933899234374999 0.05170344375
0 0.7251290375 0.0778152078125 0.7269142328125 0.0923544578125 0.74339205 0.0903312375 0.7416068546875 0.0757919859375 0.7251290375 0.0778152078125
0 0.8110516734375001 0.22468864531250002 0.8128368703125 0.2392278953125 0.834161103125 0.236609609375 0.8323759078125 0.2220703578125 0.8110516734375001 0.22468864531250002
0 0.8130331890625 0.20476741875 0.8148183843749999 0.2193066703125 0.8390504671875 0.21633134375 0.837265271875 0.20179209375 0.8130331890625 0.20476741875
0 0.5427675765625 0.10709365468750001 0.5441957328125 0.11872505468750001 0.5558271328125 0.11729689843749999 0.5543989765624999 0.10566549843749999 0.5427675765625 0.10709365468750001
0 0.5489826421874999 0.1176453484375 0.5505298125 0.13024603125 0.5602226453125 0.1290559015625 0.5586754765624999 0.1164552171875 0.5489826421874999 0.1176453484375
0 0.5958229546875 0.10648264999999998 0.5977271640625 0.121991184375 0.6064507140625001 0.1209200671875 0.6045465046875 0.1054115328125 0.5958229546875 0.10648264999999998
0 0.5585399046874999 0.09531809218750001 0.5612772046875001 0.117611609375 0.5767857375000001 0.11570740156249999 0.5740484375 0.093413884375 0.5585399046874999 0.09531809218750001
0 0.577185725 0.0989320515625 0.580994140625 0.12994911874999998 0.5955333921875 0.1281639234375 0.591724975 0.09714685625 0.577185725 0.0989320515625
0 0.49047108437500003 0.009713795312499999 0.49297035781250004 0.0300687453125 0.505571040625 0.0285215765625 0.5030717671875 0.008166625 0.49047108437500003 0.009713795312499999
0 0.5222789140625 0.0043324406250000004 0.52442115 0.021779540625 0.53605255 0.020351384375 0.533910315625 0.0029042828125 0.5222789140625 0.0043324406250000004
0 0.5043471734375 0.00653418125 0.506846446875 0.026889131249999997 0.518477846875 0.025460975000000004 0.5159785734375 0.005106025 0.5043471734375 0.00653418125
0 0.6056201046874999 0.0019705984375 0.6072862859375 0.015540565624999999 0.6169791203125 0.0143504359375 0.6153129374999999 0.00078046875 0.6056201046874999 0.0019705984375
0 0.617276653125 0.01677364375 0.6190618484375 0.03131289375 0.63166253125 0.029765725 0.6298773359375 0.015226475 0.617276653125 0.01677364375
0 0.6189434546875 0.002302490625 0.621204703125 0.0207188734375 0.6338053859375 0.0191717046875 0.6315441390625 0.0007553203124999999 0.6189434546875 0.002302490625
0 0.8909003984374999 0.1297774234375 0.8922095421874999 0.140439540625 0.901902375 0.13924940937500002 0.9005932328125 0.12858729375 0.8909003984374999 0.1297774234375
0 0.8629347218750001 0.1784704078125 0.8638868265624999 0.1862246734375 0.8755182265625001 0.1847965171875 0.8745661234375 0.17704225 0.8629347218750001 0.1784704078125
0 0.8860619515625 0.15447697031250002 0.8885612249999999 0.1748319203125 0.9069776078125 0.172570671875 0.904478334375 0.15221572187500002 0.8860619515625 0.15447697031250002
0 0.7341218703125 0.20314170312500002 0.735907065625 0.217680953125 0.74850775 0.21613378437500003 0.7467225546875 0.201594534375 0.7341218703125 0.20314170312500002
0 0.7041176546875 0.1591067859375 0.7062598890625 0.1765538875 0.7217684234374999 0.174649678125 0.7196261890625 0.157202578125 0.7041176546875 0.1591067859375
0 0.7305992953125 0.318690090625 0.7328605421875001 0.3371064734375 0.752246209375 0.3347262125 0.7499849625 0.3163098296875 0.7305992953125 0.318690090625
0 0.7372904140625 0.33311891718750003 0.73836153125 0.3418424671875 0.7558086312500001 0.3397002328125 0.7547375140625 0.3309766828125 0.7372904140625 0.33311891718750003
0 0.037684959375 0.5971048984375 0.0086064578125 0.6006752890625 0.017889475 0.676279390625 0.046967975 0.672709 0.037684959375 0.5971048984375
0 0.107101528125 0.8699759609375001 0.10983882812500001 0.892269478125 0.13116306093750002 0.8896511921875 0.12842576249999998 0.867357675 0.107101528125 0.8699759609375001
0 0.082266409375 0.8440003890625001 0.08619384062499999 0.8759867390625 0.118180190625 0.8720593093750001 0.1142527609375 0.840072959375 0.082266409375 0.8440003890625001
0 0.424389075 0.8177353484375001 0.4274834140625 0.842936715625 0.4507462140625 0.8400804031250001 0.44765187500000003 0.8148790359375001 0.424389075 0.8177353484375001
0 0.3917106921875 0.9722838859375 0.39432897968749997 0.9936081187499999 0.4156532125 0.9909898328125 0.4130349265625 0.9696655984375001 0.3917106921875 0.9722838859375
0 0.4064286109375 1 0.40458314062499995 0.9849698437500001 0.38035105625 0.9879451703125 0.381831203125 1 0.4064286109375 1
0 0.27753819375 1 0.2745126828125 0.975359184375 0.2347720640625 0.9802387187500001 0.2371984453125 1 0.27753819375 1
0 0.2962878203125 0.9603868296875 0.29962018437500004 0.9875267640625 0.3190058515625 0.985146503125 0.3156734859375 0.9580065687499999 0.2962878203125 0.9603868296875
0 0.30262755 1 0.2973251984375 0.95681581875 0.270185265625 0.9601481828124999 0.275078453125 1 0.30262755 1
0 0.307496565625 0.8473383374999999 0.310114853125 0.8686625703124999 0.333377653125 0.8658062578125 0.3307593671875 0.8444820234374999 0.307496565625 0.8473383374999999
0 0.2989085875 0.869546578125 0.300812796875 0.8850551125000001 0.31922917968750003 0.8827938640624999 0.31732497187500003 0.86728533125 0.2989085875 0.869546578125
0 0.31130011562500004 0.7140453171875001 0.312847284375 0.7266460015625 0.3302943859375 0.724503765625 0.32874721562500003 0.7119030828125 0.31130011562500004 0.7140453171875001
0 0.3160612578125 0.7247755296875 0.3196316484375 0.7538540312500001 0.344833015625 0.7507596921874999 0.34126262500000004 0.7216811921875 0.3160612578125 0.7247755296875
0 0.2924242390625 0.7325972734375 0.295518578125 0.757798640625 0.3236277953125 0.7543472625 0.32053345625 0.7291458953125 0.2924242390625 0.7325972734375
0 0.3036979796875 0.7563023875 0.3052451484375 0.7689030703124999 0.32172296562499997 0.76687985 0.320175796875 0.7542791656250001 0.3036979796875 0.7563023875
0 0.2682504203125 0.7921394828125 0.269916603125 0.8057094499999999 0.2854251375 0.8038052406249999 0.2837589546875 0.7902352734375 0.2682504203125 0.7921394828125
0 0.28476932499999996 0.854556425 0.28726859843749997 0.8749113749999999 0.31150068124999997 0.8719360500000001 0.30900140781249996 0.8515810984375 0.28476932499999996 0.854556425
0 0.2398166609375 0.8610598140624999 0.2432680390625 0.88916903125 0.283977940625 0.884170484375 0.2805265625 0.8560612671875001 0.2398166609375 0.8610598140624999
0 0.270580384375 0.779062746875 0.27819721875000003 0.84109688125 0.31890711875 0.836098334375 0.3112902859375 0.7740642 0.270580384375 0.779062746875
0 0.22617125 0.8140323921875 0.2280754578125 0.8295409265625 0.248430409375 0.8270416515625 0.2465262 0.8115331187500001 0.22617125 0.8140323921875
0 0.2421570765625 0.759923075 0.25155910625 0.8364964593750001 0.28063760625 0.83292606875 0.27123557656249997 0.756352684375 0.2421570765625 0.759923075
0 0.24133930312500002 0.8293881750000001 0.245623771875 0.8642823749999999 0.29893435625000003 0.857736659375 0.2946498875 0.8228424578125001 0.24133930312500002 0.8293881750000001
0 0.6082296109375 0.804509584375 0.6100148062499999 0.819048834375 0.6284311890625001 0.8167875875 0.62664599375 0.8022483359375 0.6082296109375 0.804509584375
0 0.5939541546875 0.7964234265625 0.596453428125 0.8167783765625 0.6119619625 0.81487416875 0.6094626875 0.79451921875 0.5939541546875 0.7964234265625
0 0.5715839515625001 0.8065493640625 0.5743212515625 0.8288428812499999 0.5937069187499999 0.8264626203125 0.59096961875 0.804169103125 0.5715839515625001 0.8065493640625
0 0.56476523125 0.79508789375 0.5666694390625 0.810596428125 0.5783008390625 0.8091682718750001 0.57639663125 0.7936597375 0.56476523125 0.79508789375
0 0.6036346765625 0.9674166625 0.60613395 0.9877716140624999 0.62939675 0.9849152999999999 0.6268974765625 0.96456035 0.6036346765625 0.9674166625
0 0.59118674375 0.9822276765625 0.5923768734375 0.9919205109375 0.5991618578125 0.99108741875 0.5979717265625 0.9813945859375 0.59118674375 0.9822276765625
0 0.5567520359375 0.9702214390625 0.5599653890625 0.9963920890625 0.590013171875 0.992702684375 0.5867998203125 0.966532034375 0.5567520359375 0.9702214390625
0 0.5211634187499999 0.84865244375 0.5259239390625 0.8874237765625 0.5472481734375 0.884805490625 0.5424876515625 0.84603415625 0.5211634187499999 0.84865244375
0 0.5041758109375001 0.8345039703125 0.50881731875 0.8723060203124999 0.5282029859375 0.8699257593749999 0.523561478125 0.832123709375 0.5041758109375001 0.8345039703125
0 0.522830840625 0.8061401671875 0.52747235 0.84394221875 0.5478273 0.8414429453125001 0.5431857921875001 0.8036408937499999 0.522830840625 0.8061401671875
0 0.539980409375 0.801574725 0.5433127734375 0.828714659375 0.560759875 0.8265724234375 0.557427509375 0.799432490625 0.539980409375 0.801574725
0 0.47968790156249996 0.8714551296874999 0.4818301359375 0.8889022296875 0.498307953125 0.8868790078125001 0.49616571875000004 0.8694319078125 0.47968790156249996 0.8714551296874999
0 0.503782553125 0.9314660421875001 0.505329721875 0.9440667265625 0.522776821875 0.9419244921875001 0.521229653125 0.9293238078125 0.503782553125 0.9314660421875001
0 0.44782791250000004 0.9284974453125001 0.4506842265625 0.9517602453125 0.4768548765625 0.94854689375 0.4739985640625 0.92528409375 0.44782791250000004 0.9284974453125001
0 0.44033868125 0.8634959546875001 0.44569426874999996 0.9071137046875 0.48252703593749996 0.9025912093749999 0.47717145 0.858973459375 0.44033868125 0.8634959546875001
0 0.445951334375 0.8170556281250001 0.4521400125 0.8674583625000001 0.49866561249999997 0.8617457375 0.4924769359375 0.811343003125 0.445951334375 0.8170556281250001
0 0.47756160625 0.9022169921875 0.48375028281250004 0.9526197265624999 0.515736634375 0.9486922953124999 0.5095479562499999 0.8982895624999999 0.47756160625 0.9022169921875
0 0.4458562296875 0.8883997890625001 0.4504977375 0.9262018390625 0.49508477187500005 0.920727240625 0.49044326250000003 0.8829251890625001 0.4458562296875 0.8883997890625001
0 0.9406839687499999 0.8237069968749999 0.9425881781250001 0.83921553125 0.9580967109375 0.8373113218749999 0.956192503125 0.8218027890625 0.9406839687499999 0.8237069968749999
0 0.9270974437499999 0.8052053375 0.930548821875 0.8333145546875 0.9528423390625 0.83057725625 0.9493909609375001 0.8024680390625001 0.9270974437499999 0.8052053375
0 0.97097836875 0.8180195203125 0.9722875125 0.8286816359375001 0.9887653296875 0.826658415625 0.9874561859375 0.8159962984375 0.97097836875 0.8180195203125
0 0.9561078484375001 0.8050869453124999 0.9590831734374999 0.8293190296875 0.991069525 0.8253915984375 0.9880941984374999 0.801159515625 0.9561078484375001 0.8050869453124999
0 0.6539571937499999 0.3595852390625 0.6578846234375 0.3915715890625 0.680178140625 0.3888342890625 0.6762507109375 0.3568479390625 0.6539571937499999 0.3595852390625
0 0.7671548109375 0.16366550156249998 0.7720343453125 0.20340611874999998 0.8098363953125001 0.1987646109375 0.8049568609375 0.15902399218750002 0.7671548109375 0.16366550156249998
0 0.7210880828125 0.18112853906249998 0.7240634078125 0.2053606234375 0.752172625 0.20190924531249999 0.7491973 0.1776771625 0.7210880828125 0.18112853906249998
0 0.726725884375 0.150919415625 0.7300582484375 0.17805935 0.7484746328125 0.1757981015625 0.7451422671875 0.1486581671875 0.726725884375 0.150919415625
0 0.7425233609374999 0.15537505468749999 0.7474028953125 0.195115671875 0.7900513625000001 0.1898791 0.785171828125 0.15013848125 0.7425233609374999 0.15537505468749999
0 0.53167049375 0.168965828125 0.5342887796875 0.1902900609375 0.55464373125 0.1877907875 0.5520254437500001 0.1664665546875 0.53167049375 0.168965828125
0 0.44039962031249996 0.0306202421875 0.443493959375 0.055821609375000004 0.45997177499999997 0.0537983875 0.45687743750000004 0.0285970203125 0.44039962031249996 0.0306202421875
0 0.441027803125 0.07580234218750001 0.4437651015625 0.09809585937500001 0.464120053125 0.095596584375 0.461382753125 0.07330306875 0.441027803125 0.07580234218750001
0 0.39462245625 0.0264020078125 0.397002715625 0.045787675 0.40960340000000006 0.04424050625 0.4072231390625 0.024854839062500002 0.39462245625 0.0264020078125
0 0.3948598609375 0.056381696875 0.3968830828125 0.0728595125 0.409483765625 0.07131234374999999 0.4074605453125 0.0548345265625 0.3948598609375 0.056381696875
0 0.41168612812500005 0.0612029640625 0.41525651874999997 0.090281465625 0.4462735859375 0.0864730484375 0.44270319531249996 0.057394546874999994 0.41168612812500005 0.0612029640625
0 0.40264848593749997 0.039683032812500005 0.4056238125 0.06391511562499999 0.4298558953125 0.060939790625000004 0.42688057031250004 0.03670770625 0.40264848593749997 0.039683032812500005
0 0.1833358640625 0.04447356875 0.185240071875 0.059982103125 0.20074860625 0.05807789375 0.198844396875 0.0425693609375 0.1833358640625 0.04447356875
0 0.16742734374999999 0.0631531265625 0.1715928 0.09707804375 0.2055177171875 0.0929125890625 0.20135226093749997 0.058987671875 0.16742734374999999 0.0631531265625
0 0.2916905953125 0.45818028125000004 0.29418986875 0.47853523124999997 0.30969840312499997 0.4766310234375 0.30719912968749996 0.4562760734375 0.2916905953125 0.45818028125000004
0 0.3018938390625 0.44512072500000005 0.3060592953125 0.47904564218749995 0.33319922968750004 0.4757132765625 0.3290337734375 0.441788359375 0.3018938390625 0.44512072500000005
0 0.256544290625 0.3281938578125 0.2589245515625 0.347579525 0.2773409359375 0.34531827812500004 0.274960675 0.3259326109375 0.256544290625 0.3281938578125
0 0.249189390625 0.340411734375 0.25109360000000003 0.35592026718750003 0.262725 0.3544921109375 0.260820790625 0.338983578125 0.249189390625 0.340411734375
0 0.222551278125 0.3358113125 0.22457449999999998 0.35228912968750004 0.253653 0.3487187390625 0.251629778125 0.332240921875 0.222551278125 0.3358113125
0 0.43341273437499994 0.3182839 0.4357929953125 0.33766956718749996 0.454209378125 0.33540831875 0.4518291171875 0.3160226515625 0.43341273437499994 0.3182839
0 0.6982215468749999 0.3354562296875 0.6997687171875 0.34805691250000004 0.7104308328125 0.34674777031250004 0.7088836640625 0.33414708593750003 0.6982215468749999 0.3354562296875
0 0.68561289375 0.31289891718749996 0.6894213109375 0.34391598437500004 0.7184998125 0.34034559375 0.7146913953125 0.3093285265625 0.68561289375 0.31289891718749996
0 0.47583415156250003 0.583646690625 0.47833342500000003 0.6040016406250001 0.5006269421875 0.6012643421874999 0.49812766875000003 0.580909390625 0.47583415156250003 0.583646690625
0 0.4607268453125 0.5126933078125 0.46405920937499995 0.5398332421875 0.48732201093749994 0.536976928125 0.4839896453125 0.5098369953125 0.4607268453125 0.5126933078125
0 0.48908267812500006 0.50724385625 0.49277208124999994 0.537291640625 0.5034341984374999 0.535982496875 0.49974479531249993 0.5059347125 0.48908267812500006 0.50724385625
0 0.49942946250000003 0.53942590625 0.5033568921875 0.57141225625 0.537281809375 0.5672468 0.5333543796875 0.53526045 0.49942946250000003 0.53942590625
0 0.5110430640625 0.5739121500000001 0.51508950625 0.606867784375 0.5461065734375 0.6030593671875 0.54206013125 0.5701037328125 0.5110430640625 0.5739121500000001
0 0.4463826734375 0.53610026875 0.451619246875 0.5787487375 0.48069774687500005 0.5751783453125 0.47546117343749994 0.532529878125 0.4463826734375 0.53610026875
0 0.442506159375 0.5085352000000001 0.456430684375 0.621941353125 0.5552975859375 0.6098020234375 0.5413730625000001 0.496395871875 0.442506159375 0.5085352000000001
0 0.9113705453125001 0.685133215625 0.9166071171875 0.7277816828125 0.9505320359375 0.7236162265625 0.9452954625000001 0.680967759375 0.9113705453125001 0.685133215625
0 0.6023857546875 0.5405590109375 0.6051230546874999 0.562852528125 0.62838585625 0.559996215625 0.62564855625 0.5377026984375 0.6023857546875 0.5405590109375
0 0.5935082140625 0.584448525 0.5987447875 0.62709699375 0.6297618546875 0.6232885765625 0.6245252812500001 0.580640109375 0.5935082140625 0.584448525
0 0.610768825 0.556747884375 0.6149342812499999 0.5906728015625 0.6430434984375 0.587221425 0.6388780421875 0.5532965062499999 0.610768825 0.556747884375
0 0.74925184375 0.402490771875 0.75068 0.41412217343749996 0.7671578171875 0.41209895156250004 0.7657296609375 0.4004675515625 0.74925184375 0.402490771875
0 0.7079646765625001 0.36672850156250003 0.7103449375 0.38611416875 0.7326384546875 0.38337686875 0.73025819375 0.363991203125 0.7079646765625001 0.36672850156250003
0 0.674406009375 0.341824046875 0.677143309375 0.3641175640625 0.7042832421874999 0.3607852 0.7015459421875 0.3384916828125 0.674406009375 0.341824046875
0 0.6737084890625 0.35617618906250004 0.6789450625 0.39882465625 0.7128699796875 0.3946592 0.70763340625 0.3520107328125 0.6737084890625 0.35617618906250004
0 0.7237112375 0.3667628609375 0.728828796875 0.40844204375000004 0.7685694140625 0.40356250937500004 0.7634518546875 0.3618833265625 0.7237112375 0.3667628609375
0 0.5801849578125 0.19547757968749999 0.5814941015625 0.2061396953125 0.588279084375 0.2053066046875 0.586969940625 0.19464448750000002 0.5801849578125 0.19547757968749999
0 0.7041562609375001 0.335711434375 0.708321715625 0.36963635156249997 0.7490316171875 0.36463780468749996 0.7448661609375 0.3307128875 0.7041562609375001 0.335711434375
0 0.5364653734375 0.1919906015625 0.5400357640625 0.221069103125 0.56232928125 0.21833180312499997 0.558758890625 0.189253303125 0.5364653734375 0.1919906015625
0 0.560450840625 0.19101335 0.5642592578125 0.2220304171875 0.5826756421875 0.21976916875 0.578867225 0.1887521015625 0.560450840625 0.19101335
0 0.315862028125 0.12216350000000001 0.318123275 0.140579884375 0.329754675 0.139151728125 0.32749342812500004 0.12073534374999999 0.315862028125 0.12216350000000001
0 0.3305288796875 0.1174109484375 0.3346943359375 0.151335865625 0.3579571359375 0.148479553125 0.35379168125 0.1145546359375 0.3305288796875 0.1174109484375
0 0.475286996875 0.33478810625 0.4785003484375 0.36095875624999996 0.506609565625 0.357507378125 0.5033962140625 0.33133672812500004 0.475286996875 0.33478810625
0 0.46397889843750006 0.32682954999999997 0.46695422343750004 0.35106163437500004 0.4824627578125 0.34915742656250004 0.47948743125000004 0.3249253421875 0.46397889843750006 0.32682954999999997
0 0.38196403125 0.331980228125 0.3830351484375 0.340703778125 0.39757439843750003 0.3389185828125 0.39650328125 0.33019503281249996 0.38196403125 0.331980228125
0 0.3725877703125 0.2435969234375 0.37508704375 0.263951875 0.402226978125 0.260619509375 0.39972770468749996 0.240264559375 0.3725877703125 0.2435969234375
0 0.378437828125 0.2271362859375 0.3801040109375 0.240706253125 0.40045896093750005 0.23820697968750001 0.39879277968750004 0.22463701249999998 0.378437828125 0.2271362859375
0 0.3625391390625 0.1857969625 0.364443346875 0.20130549531250003 0.3770440296875 0.1997583265625 0.375139821875 0.18424979218749998 0.3625391390625 0.1857969625
0 0.3188434609375 0.254623428125 0.3201526046875 0.2652855453125 0.333722571875 0.2636193625 0.332413428125 0.252957246875 0.3188434609375 0.254623428125
0 0.3059881921875 0.234064190625 0.311224765625 0.2767126578125 0.3480575328125 0.2721901625 0.34282096093750003 0.22954169531250002 0.3059881921875 0.234064190625
0 0.21529086249999999 0.3047261484375 0.21790915000000002 0.3260503828125 0.2431105171875 0.32295604375 0.2404922296875 0.301631809375 0.21529086249999999 0.3047261484375
0 0.1987376015625 0.258055765625 0.204807265625 0.3074892171875 0.2532714328125 0.301538565625 0.24720176875000002 0.252105115625 0.1987376015625 0.258055765625
0 0.152726753125 0.0556111171875 0.15070353125 0.0391333015625 0.100300796875 0.045321978125 0.10232401875 0.0617997953125 0.152726753125 0.0556111171875
0 0.026294160937499998 0.09966808125 0.029150475 0.12293088125 0.045628290625 0.120907659375 0.042771978125 0.097644859375 0.026294160937499998 0.09966808125
0 0.0659329453125 0.08594598437499999 0.07021741406250001 0.12084018437499999 0.09832663124999999 0.11738880625 0.0940421625 0.08249460625 0.0659329453125 0.08594598437499999
0 0.0472269984375 0.1098885046875 0.0513924546875 0.14381342187499999 0.073685971875 0.14107612187500002 0.069520515625 0.10715120468749999 0.0472269984375 0.1098885046875
0 0.048467424999999995 0.15204374062499998 0.053108932812499995 0.189845790625 0.079279584375 0.1866324390625 0.074638075 0.14883038906249998 0.048467424999999995 0.15204374062499998
0 0.0683285234375 0.181581734375 0.070827796875 0.20193668437499998 0.082459196875 0.200508528125 0.0799599234375 0.180153578125 0.0683285234375 0.181581734375
0 0.08892946874999999 0.2051255078125 0.092142821875 0.23129615937499998 0.127037021875 0.22701168906250002 0.1238236703125 0.2008410390625 0.08892946874999999 0.2051255078125
0 0.09379368593750001 0.16861604218749998 0.09784012812500001 0.20157167656250002 0.13467289531249999 0.19704918124999998 0.130626453125 0.164093546875 0.09379368593750001 0.16861604218749998
0 0.00477236875 0.1928290859375 0.008342759375 0.2219075859375 0.03839054375 0.2182181828125 0.0348201515625 0.18913968125 0.00477236875 0.1928290859375
0 0.0003093796875 0.1564809609375 0.0039987828125 0.18652874375 0.0340465671875 0.182839340625 0.030357164062500004 0.15279155625000002 0.0003093796875 0.1564809609375
0 0.01030895625 0.1257362765625 0.0151884890625 0.1654768953125 0.055898390625 0.160478346875 0.05101885625 0.1207377296875 0.01030895625 0.1257362765625
0 0.08705341562499999 0.45428162656250004 0.0895526890625 0.47463657656249997 0.10312265625000001 0.47297039375 0.10062338281250001 0.45261544374999996 0.08705341562499999 0.45428162656250004
0 0.1035484109375 0.444385125 0.106404725 0.46764792499999996 0.1219132578125 0.4657437171875 0.1190569453125 0.44248091718750004 0.1035484109375 0.444385125
0 0.057635675 0.41902976562500005 0.0634673140625 0.46652465000000004 0.115808615625 0.46009794687500005 0.10997697656250001 0.4126030625 0.057635675 0.41902976562500005
0 0.07189333125 0.46303032499999996 0.07463063125 0.4853238421875 0.0940162984375 0.48294358125 0.09127899843750001 0.4606500640625 0.07189333125 0.46303032499999996
0 0 0.41921926249999997 0.0097923421875 0.41801691406249997 0.0063409640625 0.38990769687500004 0 0.3906862703125 0 0.41921926249999997
0 0.38588897968749997 0.4761310640625 0.3888643046875 0.500363146875 0.4130963890625 0.497387821875 0.41012106406250004 0.47315573750000006 0.38588897968749997 0.4761310640625
0 0.361920690625 0.46923503593750004 0.366205159375 0.5041292375 0.389467959375 0.5012729234375 0.385183490625 0.46637872343750003 0.361920690625 0.46923503593750004
0 0.322869003125 0.46369906875 0.327153471875 0.4985932703125 0.3620476734375 0.49430880000000005 0.357763203125 0.4594146 0.322869003125 0.46369906875
0 0.2896262875 0.3772623 0.2928396390625 0.40343295156250003 0.31416387343749996 0.4008146640625 0.3109505203125 0.3746440140625 0.2896262875 0.3772623
0 0.3235101171875 0.30865668125 0.325890378125 0.3280423484375 0.354968878125 0.32447195624999997 0.35258861874999997 0.3050862890625 0.3235101171875 0.30865668125
0 0.34372028593750004 0.31699804375 0.3477667296875 0.349953678125 0.372968096875 0.3468593390625 0.368921653125 0.3139037046875 0.34372028593750004 0.31699804375
0 0.43832910781249995 0.23011347343750002 0.439876278125 0.24271415625 0.4612005109375 0.24009587031250001 0.4596533421875 0.2274951859375 0.43832910781249995 0.23011347343750002
0 0.429580409375 0.2149533890625 0.432198696875 0.236277621875 0.45546149687500004 0.233421309375 0.452843209375 0.21209707656250001 0.429580409375 0.2149533890625
0 0.41102907499999997 0.168036390625 0.41400439999999994 0.192268475 0.43823648437499996 0.1892931484375 0.43526115781249997 0.1650610640625 0.41102907499999997 0.168036390625
0 0.42244635625000004 0.23698311093750002 0.4238745125 0.24861451093750003 0.4384137625 0.24682931562500002 0.43698560625000005 0.235197915625 0.42244635625000004 0.23698311093750002
0 0.351342703125 0.12666208750000002 0.3530088859375 0.1402320546875 0.3859645203125 0.1361856125 0.38429833750000003 0.1226156453125 0.351342703125 0.12666208750000002
0 0.36682546875 0.1365677984375 0.36980079374999997 0.1607998828125 0.3930635953125 0.1579435703125 0.39008826874999997 0.13371148593749999 0.36682546875 0.1365677984375
0 0.3563584296875 0.159498709375 0.3592147421875 0.182761509375 0.390231809375 0.1789530921875 0.387375496875 0.1556902921875 0.3563584296875 0.159498709375
0 0.37672993906249996 0.1771672765625 0.3793482265625 0.1984915109375 0.39097962656249996 0.197063353125 0.3883613390625 0.1757391203125 0.37672993906249996 0.1771672765625
0 0.39734009531250003 0.1687332890625 0.4003154203125 0.1929653734375 0.4167932375 0.1909421515625 0.4138179109375 0.16671006875 0.39734009531250003 0.1687332890625
0 0.40311284687500004 0.1877024109375 0.40823040781250003 0.22938159531250002 0.450878875 0.224145021875 0.44576131406249997 0.1824658375 0.40311284687500004 0.1877024109375
0 0.398640028125 0.21137316718750002 0.40280548437499997 0.24529808437499998 0.42800685156249996 0.24220374531250002 0.4238413953125 0.208278828125 0.398640028125 0.21137316718750002
0 0.4068519265625 0.27825371875 0.411374421875 0.3150864859375 0.4288215234375 0.3129442515625 0.424299028125 0.276111484375 0.4068519265625 0.27825371875
0 0.37324172187500004 0.276969103125 0.377526190625 0.3118633046875 0.4085432578125 0.3080548875 0.40425878906249996 0.2731606859375 0.37324172187500004 0.276969103125
0 0.382729646875 0.3141760890625 0.384276815625 0.326776771875 0.40463176562500003 0.3242774984375 0.403084596875 0.311676815625 0.382729646875 0.3141760890625
0 0.2837014046875 0.3169882125 0.29000909531249996 0.36836023125 0.3365346953125 0.3626476046875 0.3302270046875 0.3112755875 0.2837014046875 0.3169882125
0 0.315090828125 0.3923377296875 0.3180661546875 0.41656981406250004 0.3384211046875 0.41407054062500004 0.3354457796875 0.38983845625 0.315090828125 0.3923377296875
0 0.31067875625 0.36041088593750004 0.3147252 0.39336652031249997 0.3631893671875 0.38741586875 0.359142925 0.35446023437499996 0.31067875625 0.36041088593750004
0 0.3406633125 0.5244835671875 0.34554284687500003 0.564224184375 0.36783636406250003 0.561486884375 0.3629568296875 0.5217462671875001 0.3406633125 0.5244835671875
0 0.3631776765625 0.5315581140625001 0.3660339890625 0.5548209140625 0.38832750625 0.5520836140625 0.38547119375 0.5288208140624999 0.3631776765625 0.5315581140625001
0 0.356766290625 0.555466896875 0.36128878593749997 0.5922996640625 0.392305853125 0.588491246875 0.3877833578125 0.5516584796874999 0.356766290625 0.555466896875
0 0.8199285 0.5974793078125 0.82123764375 0.6081414234375 0.8338383265625 0.6065942546875001 0.832529184375 0.5959321375 0.8199285 0.5974793078125
0 0.7868287046875 0.584325265625 0.7915892265625 0.6230966 0.8303605609375 0.618336078125 0.8256000390624999 0.57956474375 0.7868287046875 0.584325265625
0 0.7682761296875 0.593490509375 0.7714894812499999 0.619661159375 0.79184443125 0.6171618859375 0.7886310796875 0.5909912359375 0.7682761296875 0.593490509375
0 0.82587304375 0.5377156296875001 0.8309906046875 0.5793948140625 0.8426220046875 0.5779666578125 0.83750444375 0.5362874734374999 0.82587304375 0.5377156296875001
0 0.7870587625 0.5621593515625001 0.789320009375 0.580575734375 0.7990128421875 0.5793856046875 0.7967515953125 0.5609692203125001 0.7870587625 0.5621593515625001
0 0.7970491281250001 0.5633924296874999 0.8001434671875 0.588593796875 0.8224369843750001 0.585856496875 0.8193426453124999 0.5606551296875 0.7970491281250001 0.5633924296874999