0 0.19921875 0.62841796875 0.0029296875 0.62841796875 0.0029296875 0.86572265625 0.19921875 0.86572265625 0.19921875 0.62841796875
0 0.2841796875 0.3896484375 0.1025390625 0.3896484375 0.1025390625 0.5908203125 0.2841796875 0.5908203125 0.2841796875 0.3896484375
0 0.07421875 0.51220703125 0.005859375 0.51220703125 0.005859375 0.56201171875 0.07421875 0.56201171875 0.07421875 0.51220703125
0 0.453125 0.5302734375 0.400390625 0.5302734375 0.400390625 0.580078125 0.453125 0.580078125 0.453125 0.5302734375
0 0.279296875 1 0.279296875 0.9609375 0.185546875 0.9609375 0.185546875 1 0.279296875 1
0 1 0.67529296875 0.8232421875 0.67529296875 0.8232421875 0.83349609375 1 0.83349609375 1 0.67529296875
0 0.9609375 0.16015625 0.8505859375 0.16015625 0.8505859375 0.3037109375 0.9609375 0.3037109375 0.9609375 0.16015625
0 0.8173828125 0.26904296875 0.6962890625 0.26904296875 0.6962890625 0.35205078125 0.8173828125 0.35205078125 0.8173828125 0.26904296875
0 0.56201171875 0.20654296875 0.47705078125 0.20654296875 0.47705078125 0.28857421875 0.56201171875 0.28857421875 0.56201171875 0.20654296875
0 0.46533203125 0.2099609375 0.31103515625 0.2099609375 0.31103515625 0.29296875 0.46533203125 0.29296875 0.46533203125 0.2099609375
0 0.47705078125 0.0107421875 0.38818359375 0.0107421875 0.38818359375 0.0908203125 0.47705078125 0.0908203125 0.47705078125 0.0107421875
0 0.25390625 0 0.25390625 0.0849609375 0.40625 0.0849609375 0.40625 0 0.25390625 0
0 0 0 0 0.025390625 0.0830078125 0.025390625 0.0830078125 0 0 0
0 0.45458984375 0.353515625 0.42138671875 0.353515625 0.42138671875 0.39453125 0.45458984375 0.39453125 0.45458984375 0.353515625
0 0.28662109375 0.908203125 0.20849609375 0.908203125 0.20849609375 0.966796875 0.28662109375 0.966796875 0.28662109375 0.908203125