0 0.16297610625 0.5441146375 0.298945896875 0.5584056375 0.3156867828125 0.399126740625 0.17971699375 0.384835740625 0.16297610625 0.5441146375
0 0.09173482031249999 0.46985484218750007 0.11989999062500001 0.4728151203125 0.12306442656250001 0.442707525 0.09489925625 0.43974724531250003 0.09173482031249999 0.46985484218750007
0 0.074976196875 0.353697234375 0.24299600937500002 0.37135682812500004 0.2587161109375 0.22179005937500001 0.0906962984375 0.20413046562499998 0.074976196875 0.353697234375
0 0.049797978124999996 0 0.041018518749999996 0.0835309734375 0.1925277140625 0.09945523125 0.20298087968749998 0 0.049797978124999996 0
0 0.3286694140625 0 0.31857828593750004 0.096010671875 0.46328899218749997 0.11122037968750001 0.474978725 0 0.3286694140625 0
0 0.4735058125 0 0.4620363296875 0.1091248359375 0.6591925265625 0.1298467875 0.6712377984375 0.015243678124999998 0.526203890625 0 0.4735058125 0
0 0.661530209375 0.20570199687500001 0.8441182140624999 0.22489276875000003 0.8622882015625001 0.05201689375 0.679700196875 0.0328261203125 0.661530209375 0.20570199687500001
0 1 0.1823601046875 0.8322754921875 0.16473154843749999 0.8125743265625 0.3521756171875 0.9883638421875001 0.3706518390625 1 0.259941184375 1 0.1823601046875
0 0.5999984 0.44079239687499994 0.8039530859375 0.462228896875 0.82559374375 0.2563317859375 0.621639059375 0.23489528437499999 0.5999984 0.44079239687499994
0 0.7568740515625 0.4523709828125 0.7996074140625 0.456862440625 0.80399679375 0.415100290625 0.76126343125 0.4106088328125 0.7568740515625 0.4523709828125
0 0.7564717437499999 0.6570635390625 0.9176930671875001 0.6740085828125 0.9356588968749999 0.5030751328124999 0.7744375734375 0.48613008750000003 0.7564717437499999 0.6570635390625
0 0.682761509375 0.48484105 0.71384031875 0.4881075640625 0.7170047546875 0.45799996875 0.6859259453125001 0.45473345312499996 0.682761509375 0.48484105
0 0.5820223062500001 0.5464256468750001 0.6286405203125 0.5513254187500001 0.634050684375 0.49985114062499997 0.5874324718749999 0.49495136874999995 0.5820223062500001 0.5464256468750001
0 0.5136318890625 0.3983288921875 0.5437394859375 0.40149332812500005 0.5472101578124999 0.36847209375 0.5171025609375001 0.36530765781249996 0.5136318890625 0.3983288921875
0 0.43427535625 0.4012805140625 0.47603750624999996 0.40566989375 0.4800185703125 0.36779259531249997 0.4382564203125 0.363403215625 0.43427535625 0.4012805140625
0 0.324647984375 0.5007176234374999 0.555796628125 0.525012325 0.5681481359375 0.4074955765625 0.3369994921875 0.3832008765625 0.324647984375 0.5007176234374999
0 0.4084581328125 0.5394756453125 0.43662330312500003 0.542435925 0.4411147609375 0.4997025625 0.412949590625 0.4967422828125 0.4084581328125 0.5394756453125
0 0.35348693125 0.5626652187500001 0.39524908124999997 0.5670545984375 0.3992301453125 0.5291773 0.3574679953125 0.5247879203125 0.35348693125 0.5626652187500001
0 0.5420086890625 0.6094830515624999 0.588626903125 0.614382821875 0.593526675 0.567764609375 0.5469084609375 0.5628648375 0.5420086890625 0.6094830515624999
0 0.26788321718749997 0.657753725 0.328098409375 0.6640825968749999 0.333814809375 0.6096946796875 0.27359961718750003 0.6033658078124999 0.26788321718749997 0.657753725
0 0.28239157187499997 0.603798909375 0.31347038125000004 0.6070654234374999 0.31643065937500003 0.578900253125 0.28535184999999996 0.5756337390625 0.28239157187499997 0.603798909375
0 0.03419140625 0.71371094375 0.20318243125 0.731472615625 0.2189025328125 0.581905846875 0.0499115078125 0.5641441734375 0.03419140625 0.71371094375
0 0.16505433593750002 0.7579053828125 0.2068164859375 0.7622947625000001 0.2104913140625 0.7273311015624999 0.1687291640625 0.7229417234375 0.16505433593750002 0.7579053828125
0 0.1529433609375 0.7797080984375 0.1927630859375 0.7838933203125 0.194498421875 0.767382703125 0.154678696875 0.76319748125 0.1529433609375 0.7797080984375
0 0.169566321875 0.845772421875 0.214242109375 0.8504680359375 0.21985643124999998 0.7970513328125 0.1751806421875 0.79235571875 0.169566321875 0.845772421875
0 0.1534203109375 0.887280840625 0.195182459375 0.8916702203125 0.1976323453125 0.8683611125 0.155870196875 0.863971734375 0.1534203109375 0.887280840625
0 0.23835478906250002 0.9246841234375 0.27331845 0.9283589515624999 0.2765849640625 0.89728014375 0.241621303125 0.8936053140625001 0.23835478906250002 0.9246841234375
0 0.031037234375 0.809118740625 0.0970797046875 0.8160600828125 0.1027961046875 0.7616721671875 0.036753634375 0.7547308234375001 0.031037234375 0.809118740625
0 0.25971253125 0.707464946875 0.30147468125 0.7118543265625 0.3053536671875 0.674948240625 0.26359151718749996 0.6705588609375 0.25971253125 0.707464946875
0 0.49076922031250003 0.6345377578125 0.5237904546875 0.6380084296875 0.527669440625 0.6011023437499999 0.49464820625000006 0.597631671875 0.49076922031250003 0.6345377578125
0 0.6956528765625001 0.71253354375 0.7306165375 0.7162083734375 0.7338830515625 0.6851295640624999 0.6989193921875 0.681454734375 0.6956528765625001 0.71253354375
0 0.679289653125 0.8355202937499999 0.7123108874999999 0.838990965625 0.7159857171875 0.8040273046875 0.68296448125 0.8005566328124999 0.679289653125 0.8355202937499999
0 0.4716294875 0.8166401562500001 0.6454765765625 0.8349122203125001 0.6617070703125 0.6804893875 0.48785998125 0.662217321875 0.4716294875 0.8166401562500001
0 0.3787883171875 0.8824916640625 0.5050459796875 0.8957618796875 0.5198473734375 0.754936025 0.3935897109375 0.7416658109375 0.3787883171875 0.8824916640625
0 0.7223915515625 1 0.7273312421875 0.953001990625 0.5816493234375 0.937690203125 0.5751003015625 1 0.7223915515625 1
0 0.49556302499999993 1 0.5066559171875 0.894458178125 0.2861906140625 0.871286340625 0.2748598921875 0.9790909609374999 0.47379610625 1 0.49556302499999993 1
0 0.39833021875 0.33220340625 0.42649538906249995 0.3351636859375 0.42925151093749997 0.308940940625 0.40108634062500004 0.3059806609375 0.39833021875 0.33220340625
0 0.38551921718750004 0.29059730781250004 0.41368438750000003 0.29355758593750003 0.41664466562499997 0.265392415625 0.38847949531250003 0.26243213593750003 0.38551921718750004 0.29059730781250004
0 0.362720503125 0.2832913578125 0.5822145921875 0.306361115625 0.5996700296874999 0.1402837296875 0.3801759390625 0.1172139703125 0.362720503125 0.2832913578125