0 0.9035197 0.7729545671875 0.9282020875000001 0.8069269609375 0.9605943703125 0.783392590625 0.93591198125 0.7494201968749999 0.9035197 0.7729545671875
0 0.6862585765625 0.846910728125 0.699460784375 0.8650820078124999 0.7144718421875 0.8541758359375 0.701269634375 0.83600455625 0.6862585765625 0.846910728125
0 0.5519860359375001 0.716927534375 0.5795384703125 0.75485020625 0.622201475 0.72385371875 0.5946490421874999 0.6859310468750001 0.5519860359375001 0.716927534375
0 0.81122164375 0.40002594374999995 0.8502542578125001 0.45374972812500003 0.9008178203125 0.41701315 0.8617852062500001 0.3632893640625 0.81122164375 0.40002594374999995
0 0.8931894125 0.379099996875 0.9121317109374999 0.4051718328125 0.9342532703125 0.38909958125 0.9153109718750001 0.36302774375 0.8931894125 0.379099996875
0 0.9454072171875 0.33633315 0.9660715421875 0.3647751546875 0.9960936578125 0.3429628109375 0.9754293328125 0.3145208078125 0.9454072171875 0.33633315
0 0.8044869890624999 0.21962946875 0.8423715859375 0.2717731421875 0.8889848703125001 0.23790660937500002 0.8511002734374999 0.18576293593749998 0.8044869890624999 0.21962946875
0 0.665013609375 0.38071414375 0.676493790625 0.3965152578125 0.6938750140625001 0.3838870578125 0.6823948343749999 0.3680859453125 0.665013609375 0.38071414375
0 0.6012541859375 0.3859967578125 0.6127343656249999 0.4017978703125 0.62537525625 0.3926137265625 0.6138950765625 0.37681261250000003 0.6012541859375 0.3859967578125
0 0.3669372046875 0.843527246875 0.384731484375 0.868018971875 0.4115933765625 0.8485026640625 0.393799096875 0.8240109390624999 0.3669372046875 0.843527246875
0 0.0264090828125 0.5193746781249999 0.039037282812500004 0.536755903125 0.0627389515625 0.51953563125 0.050110753125 0.5021544078125 0.0264090828125 0.5193746781249999