0 0.254719815625 0.21653024062499998 0.2410207171875 0.1884429265625 0.20503384531250002 0.205994896875 0.21873294375 0.23408221093749998 0.254719815625 0.21653024062499998
0 0.2757037859375 0.502373828125 0.2572956234375 0.46463150000000003 0.2300860375 0.47790250156249997 0.24849420156250002 0.5156448296875 0.2757037859375 0.502373828125
0 0.18696669999999999 0.37724237031249996 0.17112711875 0.3447664125 0.1368957046875 0.3614621890625 0.1527352875 0.39393814531250004 0.18696669999999999 0.37724237031249996
0 0.1949752328125 0.340197325 0.17785135937500002 0.3050881828125 0.1409867609375 0.3230682484375 0.15811063281249998 0.358177390625 0.1949752328125 0.340197325
0 0.48327025937499996 0.31421486718749997 0.47085545156249997 0.2887607390625 0.4454013234375 0.30117554687500003 0.45781613125 0.32662967656249997 0.48327025937499996 0.31421486718749997
0 0.5008235296875 0.3279273359375 0.4914054 0.30861730625 0.46419581406250005 0.3218883078125 0.47361394375000004 0.34119833593750004 0.5008235296875 0.3279273359375
0 0.5397627078125 0.3431609765625 0.50722735 0.27645360625 0.44578635 0.306420384375 0.478321709375 0.3731277546875 0.5397627078125 0.3431609765625
0 0.6324835375 0.6179197171874999 0.608510115625 0.56876691875 0.5444359296875 0.6000179859375 0.5684093515625 0.6491707859375 0.6324835375 0.6179197171874999
0 0.5924405140625 0.6260414890625 0.579597609375 0.5997096328125 0.5585321234375 0.60998395625 0.5713750281250001 0.6363158125 0.5924405140625 0.6260414890625
0 0.6203030109375 0.6129953031250001 0.6057477203125 0.5831525328125 0.5864376906250001 0.5925706625 0.6009929828125 0.6224134328125001 0.6203030109375 0.6129953031250001
0 0.6291263296875 0.736901871875 0.6201362968749999 0.7184695734375001 0.601703996875 0.72745960625 0.6106940296875 0.74589190625 0.6291263296875 0.736901871875
0 0.6429249375 0.7106143859375 0.6309382265625 0.6860379859375 0.6019731828125 0.7001651812499999 0.6139598953125 0.72474158125 0.6429249375 0.7106143859375
0 0.6885958 0.375419921875 0.6753247984375 0.34821033749999997 0.6446042984375 0.363193725 0.6578752999999999 0.39040331093749997 0.6885958 0.375419921875
0 0.751570403125 0.477804509375 0.735730821875 0.44532855312499997 0.7085212359375 0.458599553125 0.7243608187499999 0.49107551093749996 0.751570403125 0.477804509375
0 0.8839156265625 0.7647463765625 0.8749255921874999 0.7463140765625 0.8477160078124999 0.759585078125 0.856706040625 0.778017378125 0.8839156265625 0.7647463765625
0 0.9407010359375001 0.542562246875 0.92785813125 0.516230390625 0.9059149171875 0.5269328109375 0.918757821875 0.5532646671875 0.9407010359375001 0.542562246875
0 0.9852994171875 0.42682572187499995 0.9681755437499999 0.3917165796875 0.9269223015625 0.41183712968749997 0.9440461750000001 0.446946271875 0.9852994171875 0.42682572187499995
0 1 0.3973819984375 0.9651129609375 0.4143975453125 0.9873739953125 0.4600394296875 1 0.453881315625 1 0.3973819984375
0 1 0.5071210578125 0.960953396875 0.5261653578125001 0.9780772703125 0.5612745 1 0.5505820703125 1 0.5071210578125
0 0.8125047546875 0.8756325593750001 0.802658528125 0.8554448015625 0.7745712140625 0.8691439000000001 0.784417440625 0.8893316562500001 0.8125047546875 0.8756325593750001
0 0.6562514375 0.8871941359375001 0.64212424375 0.85822909375 0.6131592 0.8723562890625001 0.6272863953125001 0.9013213312499999 0.6562514375 0.8871941359375001
0 0.46454702187499997 0.9062676421875 0.44571076249999997 0.867647584375 0.4088461625 0.8856276515625 0.427682421875 0.9242477078125001 0.46454702187499997 0.9062676421875
0 0.41799510624999997 0.9322321046875001 0.39145310312500003 0.8778129328125001 0.33176756093750004 0.9069235171875001 0.3583095640625 0.9613426875 0.41799510624999997 0.9322321046875001
0 0.37738530937500003 0.93139484375 0.357264759375 0.8901416015624999 0.33181063125 0.902556409375 0.35193118125 0.9438096515625001 0.37738530937500003 0.93139484375
0 0.3351622734375 0.6955684171875001 0.297489753125 0.618328303125 0.1754854828125 0.6778337609375 0.213158003125 0.755073875 0.3351622734375 0.6955684171875001
0 0.42899735312500004 0.7687765140625 0.3908967359375 0.690658671875 0.287324765625 0.741174096875 0.3254253828125 0.8192919390625001 0.42899735312500004 0.7687765140625
0 0.3267148765625 0.7328275093750001 0.313871971875 0.706495653125 0.2734964578125 0.72618810625 0.2863393625 0.7525199640625 0.3267148765625 0.7328275093750001
0 0.2672688203125 0.6933701921875 0.2561383015625 0.67054925 0.2280509890625 0.6842483484375 0.23918150625 0.707069290625 0.2672688203125 0.6933701921875
0 0.297123659375 0.6554487203125 0.28513694843750004 0.6308723203125 0.2605605484375 0.64285903125 0.272547259375 0.66743543125 0.297123659375 0.6554487203125
0 0.371699946875 0.7771648703125 0.35885704218750003 0.7508330140624999 0.3334029140625 0.7632478218750001 0.34624581875 0.789579678125 0.371699946875 0.7771648703125
0 0.34638449375 0.79766098125 0.33182920312499997 0.7678182109375 0.300230975 0.7832296953125 0.314786265625 0.8130724671875 0.34638449375 0.79766098125
0 0.3885934390625 0.7249210875000001 0.36975717812500003 0.68630103125 0.349569421875 0.6961472578125 0.3684056828125 0.7347673140625 0.3885934390625 0.7249210875000001
0 0.3835828859375 0.7458358281249999 0.364318528125 0.70633804375 0.3371089421875 0.7196090453124999 0.3563733 0.7591068296875 0.3835828859375 0.7458358281249999
0 0.3236561953125 0.6886852640625001 0.3112413875 0.6632311359374999 0.287542715625 0.67478975 0.2999575234375 0.700243878125 0.3236561953125 0.6886852640625001
0 0.298865746875 0.7002331109375 0.2894476171875 0.6809230828125 0.2710153171875 0.689913115625 0.280433446875 0.70922314375 0.298865746875 0.7002331109375
0 0.2522638953125 0.664833246875 0.24584244375000003 0.6516673187500001 0.22214377187499998 0.6632259328125001 0.228565225 0.6763918609374999 0.2522638953125 0.664833246875
0 0.3364749640625 0.7617494828125 0.3287692203125 0.74595036875 0.30858146406250003 0.7557965953125 0.31628720625 0.771595709375 0.3364749640625 0.7617494828125