0 0.5953608609375001 0.2965394171875 0.5845118312500001 0.32480210625 0.6045692234375 0.3325014171875 0.615418253125 0.30423872812499997 0.5953608609375001 0.2965394171875
0 0.449493015625 0.67517563125 0.4400438609375 0.699791521875 0.4728650484375 0.7123903953124999 0.48231420312499995 0.6877745046875 0.449493015625 0.67517563125
0 0.41935216249999996 0.8477086875 0.4074532265625 0.8787064750000001 0.43845101406250003 0.8906054109375001 0.45034995 0.8596076234375 0.41935216249999996 0.8477086875
0 0.447991534375 0.8984518343750001 0.43679253593749995 0.927626221875 0.46049672656249996 0.9367254078125 0.471695725 0.9075510203125001 0.447991534375 0.8984518343750001
0 0.6935768609374999 0.4916700328125 0.68342776875 0.518109321875 0.7071319593750001 0.5272085078125001 0.7172810515625 0.50076921875 0.6935768609374999 0.4916700328125
0 0.717422553125 0.5562636578125 0.7079733984375001 0.5808795484375 0.728030790625 0.588578859375 0.7374799453125 0.5639629687500001 0.717422553125 0.5562636578125
0 0.6523974781249999 0.7242972562500001 0.645048134375 0.7434429484375 0.6641938281249999 0.750792290625 0.6715431703125 0.7316465984375 0.6523974781249999 0.7242972562500001
0 0.7213132609375 0.7695802671875 0.7108142 0.7969312562499999 0.734518390625 0.8060304421875 0.7450174515625 0.778679453125 0.7213132609375 0.7695802671875
0 0.805362296875 0.9048786124999999 0.78681395625 0.9531986937499999 0.8178117437499999 0.9650976281249999 0.836360084375 0.9167775484374999 0.805362296875 0.9048786124999999
0 1 0.5575158734375 0.97574905625 0.5482068078125 0.9614003390624999 0.5855864937499999 0.9878396281249999 0.5957355859375 1 0.564056734375 1 0.5575158734375
0 1 0.4874311921875 0.9759486171875 0.47819873125 0.96684943125 0.5019029203125001 0.991465321875 0.5113520765625 1 0.4891184796875 1 0.4874311921875
0 0.9313957328125 0.43076131875 0.9240463890624999 0.4499070109375 0.950485678125 0.460056103125 0.957835021875 0.4409104109375 0.9313957328125 0.43076131875
0 0.8618077062499999 0.5902441046875 0.842559428125 0.640387584375 0.8781157140625 0.6540363640625 0.8973639921875 0.603892884375 0.8618077062499999 0.5902441046875
0 0.7866414640625 0.63618235 0.7673931859375 0.6863258296875 0.81115476875 0.703124328125 0.830403046875 0.652980846875 0.7866414640625 0.63618235
0 0.7192893203125 0.6767518265625 0.7049406031250001 0.7141315109375 0.7423202875 0.728480228125 0.7566690046875 0.6911005421875 0.7192893203125 0.6767518265625
0 0.68519195 0.6960903125 0.6750428578125 0.7225296015625 0.7042172453125 0.7337286 0.7143663375 0.7072893109375 0.68519195 0.6960903125
0 0.7002684765625 0.6459145078125 0.691169290625 0.6696186984375 0.7148734812499999 0.6787178843749999 0.7239726671875 0.65501369375 0.7002684765625 0.6459145078125
0 0.48885345156250004 0.44864943906250004 0.4762545796875 0.48147062656250006 0.5464554515625 0.5084182171875 0.5590543234375 0.47559702968749995 0.48885345156250004 0.44864943906250004
0 0.5609514578125 0.267640284375 0.5550019890625 0.283139178125 0.5723242828124999 0.28978858281250003 0.5782737499999999 0.2742896890625 0.5609514578125 0.267640284375
0 0.5375604578125001 0.25500018125 0.528111303125 0.2796160703125 0.54999209375 0.2880153203125 0.5594412484375 0.2633994296875 0.5375604578125001 0.25500018125
0 0.5586187781249999 0.1851537296875 0.5446200296875 0.221621715625 0.593851809375 0.240520025 0.6078505578125 0.20405203906249997 0.5586187781249999 0.1851537296875
0 0.42226936875 0.3237164015625 0.40897055781249997 0.3583609875 0.453643840625 0.3755094546875 0.46694265156250003 0.34086486875 0.42226936875 0.3237164015625
0 0.45751130624999997 0.39268463593749997 0.45331168125000004 0.40362503125 0.461516978125 0.40677475 0.465716603125 0.3958343546875 0.45751130624999997 0.39268463593749997
0 0.5106473296875 0.4313873453125 0.5057477687499999 0.44415113906250003 0.5166881640625001 0.44835076406249996 0.5215877265625 0.43558696875 0.5106473296875 0.4313873453125
0 0.344380228125 0.4407861859375 0.33878072812500004 0.45537338125 0.3533679234375 0.4609728796875 0.35896742187499997 0.44638568593750005 0.344380228125 0.4407861859375
0 0.347116484375 0.3900575546875 0.343966765625 0.3982628515625 0.35946565937499997 0.4042123203125 0.362615378125 0.3960070234375 0.347116484375 0.3900575546875
0 0.43112874218749997 0.5227266828125 0.42797902343749994 0.5309319796875 0.4352726203125 0.533731728125 0.43842233906250005 0.5255264328125 0.43112874218749997 0.5227266828125
0 0.4761508359375 0.5907419859374999 0.4705513359375 0.60532918125 0.4787566328125 0.6084788984375 0.48435613125000004 0.5938917046875 0.4761508359375 0.5907419859374999
0 0.34996058125 0.6646887703125001 0.3433111765625 0.6820110640625 0.369750465625 0.69216015625 0.3763998703125 0.6748378625 0.34996058125 0.6646887703125001
0 0.4874656 0.7383928015625 0.48361594375 0.7484214984374999 0.4936446390625 0.7522711531249999 0.4974942953125 0.7422424578125 0.4874656 0.7383928015625
0 0.5124639609375 0.5288433875 0.5075643999999999 0.5416071828125 0.5185047953125 0.54580680625 0.5234043578125 0.5330430125000001 0.5124639609375 0.5288433875
0 0.771188609375 0.2186338015625 0.7550900484375 0.260571984375 0.791558034375 0.2745707328125 0.8076565953125 0.23263255 0.771188609375 0.2186338015625
0 0.7916774515625 0.08214520625 0.777678703125 0.1186131921875 0.8223519859374999 0.1357616578125 0.8363507328124999 0.0992936734375 0.7916774515625 0.08214520625
0 0.8272124546875 0.22392572031250002 0.80901408125 0.27133410156250004 0.8564224625 0.2895324734375 0.874620834375 0.2421240921875 0.8272124546875 0.22392572031250002
0 0.87474123125 0.211835146875 0.8467437359375 0.28477111875 0.927885003125 0.31591833281250004 0.9558824984375001 0.2429823625 0.87474123125 0.211835146875
0 0.8460983859375 0.3164276125 0.8411988234375001 0.3291914078125 0.8557860187499999 0.3347909078125 0.8606855796874999 0.3220271125 0.8460983859375 0.3164276125
0 0.697122409375 0.2848690734375 0.693972690625 0.2930743703125 0.708559884375 0.2986738703125 0.711709603125 0.2904685734375 0.697122409375 0.2848690734375
0 0.7085744 0.267298240625 0.70472474375 0.2773269375 0.715665140625 0.2815265609375 0.7195147953125 0.271497865625 0.7085744 0.267298240625
0 0.4657190953125 0.07836216093750001 0.457669815625 0.09933125312499999 0.47955060781250003 0.1077305015625 0.48759988749999994 0.086761409375 0.4657190953125 0.07836216093750001
0 0.48954252499999995 0.1089509390625 0.4860428375 0.11806793593750001 0.495159834375 0.12156762343750001 0.49865952187499996 0.1124506265625 0.48954252499999995 0.1089509390625
0 0.3318562453125 0.213172153125 0.320657246875 0.2423465421875 0.34436143750000003 0.251445728125 0.35556043593750003 0.22227133906250002 0.3318562453125 0.213172153125
0 0.41779448906249994 0.2890483953125 0.4125449578125 0.30272388906250003 0.426220453125 0.3079734203125 0.43146998437499995 0.294297925 0.41779448906249994 0.2890483953125
0 0.2741048203125 0.24644357968750003 0.267455415625 0.2637658734375 0.29024790624999997 0.272515090625 0.2968973109375 0.25519279687499996 0.2741048203125 0.24644357968750003
0 0.22666295625 0.2841954953125 0.2151139890625 0.314281584375 0.23881817968750002 0.3233807703125 0.250367146875 0.2932946828125 0.22666295625 0.2841954953125
0 0.22389437499999998 0.339095878125 0.2137452828125 0.36553516875000003 0.238361171875 0.3749843234375 0.2485102640625 0.348545034375 0.22389437499999998 0.339095878125
0 0.2134278171875 0.1483599984375 0.1983791625 0.1875630828125 0.24122904531249997 0.2040116109375 0.2562777 0.1648085265625 0.2134278171875 0.1483599984375
0 0.2281967625 0.0567475421875 0.21629782656250002 0.0877453296875 0.244560515625 0.098594359375 0.2564594515625 0.067596571875 0.2281967625 0.0567475421875
0 0.301236065625 0 0.2991176984375 0.0055185359375 0.3228218890625 0.014617721875 0.32843310625 0 0.301236065625 0
0 0.3770267859375 0.026010671875000002 0.36022828906250004 0.06977225468750001 0.3903143765625 0.081321221875 0.40711287343749997 0.0375596390625 0.3770267859375 0.026010671875000002
0 0.4027103921875 0.05992860625 0.3845120203125 0.10733698750000001 0.42189170468750004 0.121685703125 0.440090078125 0.0742773234375 0.4027103921875 0.05992860625
0 0.2171423828125 0.4139109953125 0.1978941046875 0.464054475 0.2443907859375 0.481902878125 0.26363906406250004 0.4317593984375 0.2171423828125 0.4139109953125
0 0.254953340625 0.4979869234375 0.24095459218749998 0.5344549093750001 0.26830558125000004 0.5449539703124999 0.28230432968749997 0.508485984375 0.254953340625 0.4979869234375
0 0.219497325 0.5304023953125 0.2152977015625 0.541342790625 0.22806149531250003 0.546242353125 0.2322611203125 0.5353019578125 0.219497325 0.5304023953125
0 0.1366664125 0.48866920625 0.1251174453125 0.5187552953125001 0.16796732812499998 0.5352038234375 0.1795162953125 0.5051177359375 0.1366664125 0.48866920625
0 0.057917042187500004 0.36272749375 0.033769203125 0.42563476875 0.102146675 0.4518824203125 0.126294515625 0.3889751453125 0.057917042187500004 0.36272749375
0 0.1467018765625 0.3957627578125 0.1442520953125 0.40214465468749994 0.154280790625 0.40599431093750005 0.156730571875 0.39961241406250003 0.1467018765625 0.3957627578125
0 0.1439064015625 0.6237724421874999 0.128507778125 0.6638872265625 0.2023554484375 0.692234690625 0.217754071875 0.6521199078125 0.1439064015625 0.6237724421874999
0 0.22510786718750003 0.639775184375 0.22265808593749997 0.6461570812499999 0.23086338281250002 0.6493068 0.2333131640625 0.6429249031250001 0.22510786718750003 0.639775184375
0 0.24701982656250002 0.69578121875 0.24072038906249998 0.7121918125 0.26168948125 0.7202410921875 0.2679889171875 0.7038304984375 0.24701982656250002 0.69578121875
0 0.25323448593750003 0.764067325 0.2497348 0.773184321875 0.257028396875 0.775984071875 0.2605280828125 0.7668670750000001 0.25323448593750003 0.764067325
0 0.2699214921875 0.7641966265625 0.26642180625 0.7733136234375 0.274627103125 0.7764633421875 0.2781267890625 0.7673463453125 0.2699214921875 0.7641966265625
0 0.2985898953125 0.752188515625 0.29474024062500004 0.7622172109375 0.30385723593749997 0.7657168984375 0.3077068921875 0.7556882015624999 0.2985898953125 0.752188515625
0 0.0485890859375 0.7331061375 0.0345903375 0.7695741234375 0.0646764265625 0.781123090625 0.0786751734375 0.7446551046875001 0.0485890859375 0.7331061375
0 0.0235585765625 0.7329121859375001 0.014459390624999999 0.7566163765625 0.048192276562500004 0.7695652187500001 0.0572914625 0.745861028125 0.0235585765625 0.7329121859375001
0 0.061704987499999996 0.84745204375 0.0582053 0.856569040625 0.07279249374999999 0.8621685390625 0.07629218125000001 0.85305154375 0.061704987499999996 0.84745204375
0 0.1942380453125 0.8768828984375 0.19108832656250002 0.88508819375 0.202028721875 0.88928781875 0.20517844062499999 0.881082521875 0.1942380453125 0.8768828984375
0 0.2448062078125 0.848699375 0.24025661406249998 0.8605514703124999 0.2484619109375 0.8637011890625 0.253011503125 0.85184909375 0.2448062078125 0.848699375
0 0.3204917921875 0.8463711484375 0.31594219843750004 0.85822324375 0.32779429375 0.8627728359375 0.3323438875 0.8509207406250001 0.3204917921875 0.8463711484375
0 0.36848532500000003 0.8480574984375 0.362885825 0.8626446921875001 0.3738262203125 0.8668443171875 0.3794257203125 0.8522571234375 0.36848532500000003 0.8480574984375
0 0.7898523609375 0.7749691624999999 0.7867026421875 0.7831744578125 0.7939962390625 0.7859742078124999 0.7971459578125 0.7777689109375 0.7898523609375 0.7749691624999999
0 0.8888877140625 0.7758508515625 0.883988153125 0.7886146468749999 0.9013104453125 0.7952640515625 0.9062100078125 0.78250025625 0.8888877140625 0.7758508515625
0 0.8841654531250001 0.684601721875 0.879965828125 0.6955421171875 0.8899945234375 0.6993917734374999 0.8941941484375 0.688451378125 0.8841654531250001 0.684601721875
0 0.912052615625 0.6037780984375 0.9078529906249999 0.61471849375 0.9133231875 0.61681830625 0.9175228125 0.605877909375 0.912052615625 0.6037780984375
0 0.7852884296875 0.6042817671875 0.7821387125 0.6124870640625 0.7912557078125 0.6159867515624999 0.7944054265625 0.6077814546875 0.7852884296875 0.6042817671875
0 0.8262825890625001 0.6242021109375 0.8224329328125 0.63423080625 0.832461628125 0.6380804625 0.836311284375 0.6280517671875 0.8262825890625001 0.6242021109375
0 0.9740727671875 0.5580237421875001 0.96637345625 0.578081134375 0.9800489515624999 0.5833306640625 0.9877482625 0.563273271875 0.9740727671875 0.5580237421875001
0 0.6677430265625001 0.174740603125 0.6645933078125 0.1829459 0.6737103046875 0.1864455859375 0.6768600218749999 0.1782402890625 0.6677430265625001 0.174740603125
0 0.607637815625 0.039742090625 0.6044880984375001 0.0479473875 0.61451679375 0.05179704375000001 0.6176665125 0.043591746875 0.607637815625 0.039742090625
0 0.6522609625 0.03385843125 0.6480613390625 0.0447988265625 0.6608251328125 0.0496983890625 0.6650247578124999 0.0387579921875 0.6522609625 0.03385843125
0 0.379723771875 0.2901250171875 0.374124271875 0.3047122109375 0.38779976718750003 0.30996174062500004 0.393399265625 0.29537454687500003 0.379723771875 0.2901250171875
0 0.371355690625 0.35961259375 0.369255878125 0.365082790625 0.3738143765625 0.366832634375 0.3759141890625 0.3613624375 0.371355690625 0.35961259375
0 0.25820778125 0.5426468484375 0.2543581265625 0.55267554375 0.2625634234375 0.5558252625 0.266413078125 0.545796565625 0.25820778125 0.5426468484375
0 0.033486021875 0.5285610078125 0.029636365625 0.5385897046875 0.0378416625 0.5417394234375 0.04169131875 0.5317107265625001 0.033486021875 0.5285610078125
0 0.0358411421875 0.431137290625 0.0316415171875 0.4420776875 0.0398468140625 0.4452274046875 0.0440464390625 0.43428700937500003 0.0358411421875 0.431137290625
0 0.43413117031250004 0.7179196328125 0.42993154687499996 0.728860028125 0.44087194218750003 0.733059653125 0.44507156718749996 0.7221192578125 0.43413117031250004 0.7179196328125
0 0.38454265468750004 0.7966891281249999 0.3806929984375 0.8067178234375 0.39163339375 0.8109174484375 0.39548305 0.800888753125 0.38454265468750004 0.7966891281249999
0 0.40622949375 0.8301188859374999 0.40062999374999997 0.84470608125 0.409746990625 0.8482057671875 0.4153464890625 0.8336185734375 0.40622949375 0.8301188859374999
0 0.772881015625 0.9295446374999999 0.7686813906250001 0.9404850343750001 0.7823568859375001 0.9457345640625 0.7865565109375 0.9347941687500001 0.772881015625 0.9295446374999999
0 0.6478681875000001 0.44588103593749995 0.6440185328125 0.45590973124999995 0.6522238296875 0.45905945 0.656073484375 0.4490307546875 0.6478681875000001 0.44588103593749995
0 0.2705305984375 0.08816555937500001 0.26703091093750003 0.09728255625 0.2761479078125 0.10078224218750001 0.27964759375 0.091665246875 0.2705305984375 0.08816555937500001
0 0.5196820437499999 0.20211153906249998 0.5158323874999999 0.212140234375 0.525861084375 0.21598989062500001 0.5297107390625 0.2059611953125 0.5196820437499999 0.20211153906249998
0 0.5785422375 0.416654196875 0.5743426140625 0.42759459218750007 0.584371309375 0.4314442484375 0.5885709343750001 0.42050385312499994 0.5785422375 0.416654196875
0 0.1327201359375 0.0833829203125 0.12817054375 0.095235015625 0.135464140625 0.09803476562499999 0.1400137328125 0.0861826703125 0.1327201359375 0.0833829203125
0 0.1179031921875 0.2623212953125 0.1147534734375 0.270526590625 0.12569386875 0.274726215625 0.1288435875 0.26652091875 0.1179031921875 0.2623212953125
0 0.0451443421875 0.3442259921875 0.041994625 0.3524312890625 0.052935020312500004 0.3566309140625 0.0560847390625 0.3484256171875 0.0451443421875 0.3442259921875
0 0.30494890625000004 0.13066663125 0.3007492828125 0.1416070265625 0.30530778125 0.1433568703125 0.30950740468750004 0.132416475 0.30494890625000004 0.13066663125
0 0.741244825 0.6386309734375 0.7370452000000001 0.64957136875 0.7470738953125 0.653421025 0.7512735203124999 0.6424806296875001 0.741244825 0.6386309734375
0 0.7598487328125 0.78228056875 0.756699015625 0.790485865625 0.7639926125 0.793285615625 0.7671423296875 0.7850803187500001 0.7598487328125 0.78228056875
0 0.662325903125 0.682082659375 0.659876121875 0.6884645578125 0.66808141875 0.691614275 0.6705312 0.685232378125 0.662325903125 0.682082659375
0 0.86768148125 0.45912873125000003 0.86348185625 0.4700691265625 0.8744222531249999 0.4742687515625 0.8786218765625 0.46332835625 0.86768148125 0.45912873125000003
0 0.7867453859375 0.312995871875 0.7839456359375 0.32028946875000003 0.79853283125 0.3258889671875 0.8013325796874999 0.3185953703125 0.7867453859375 0.312995871875
0 0.41975440312499995 0.9801871578125001 0.4155547796875 0.991127553125 0.423760075 0.9942772718749999 0.4279597 0.9833368765625 0.41975440312499995 0.9801871578125001
0 0.3919475640625 0.9695131124999999 0.388797846875 0.977718409375 0.39609144375 0.9805181578125 0.3992411609375 0.9723128624999999 0.3919475640625 0.9695131124999999
0 0.2640844953125 0.8979412171875 0.259884871875 0.9088816140624999 0.2772071640625 0.91553101875 0.2814067890625 0.9045906234375 0.2640844953125 0.8979412171875
0 0.65526205625 0.4947450375 0.65106243125 0.5056854328125 0.659267728125 0.5088351515625 0.6634673531249999 0.49789475625 0.65526205625 0.4947450375
0 0.41031005625 0.5837737796875 0.4040106203125 0.6001843734375 0.414951015625 0.6043839984375 0.421250453125 0.5879734046875 0.41031005625 0.5837737796875
0 0.17820315625 0.748340996875 0.17470346875 0.75745799375 0.1865555640625 0.7620075859375001 0.1900552515625 0.7528905890625001 0.17820315625 0.748340996875
0 0.9243764109375 0.31143339062500003 0.9187769109374999 0.32602058437500003 0.9269822078125 0.329170303125 0.9325817078125 0.314583109375 0.9243764109375 0.31143339062500003
0 0.72307005 0.4543505453125 0.7195703625000001 0.4634675421875 0.727775659375 0.466617259375 0.7312753468750001 0.4575002640625 0.72307005 0.4543505453125