0 0.0302734375 0 0.0302734375 0.04296875 0.09375 0.04296875 0.09375 0 0.0302734375 0
0 0.30859375 0.05908203125 0.224609375 0.05908203125 0.224609375 0.10595703125 0.30859375 0.10595703125 0.30859375 0.05908203125
0 0.3828125 0.00732421875 0.3408203125 0.00732421875 0.3408203125 0.03662109375 0.3828125 0.03662109375 0.3828125 0.00732421875
0 0.3212890625 0.3193359375 0.2666015625 0.3193359375 0.2666015625 0.41015625 0.3212890625 0.41015625 0.3212890625 0.3193359375
0 0.58740234375 0.27978515625 0.48876953125 0.27978515625 0.48876953125 0.35400390625 0.58740234375 0.35400390625 0.58740234375 0.27978515625
0 0.75634765625 0.27392578125 0.71142578125 0.27392578125 0.71142578125 0.31494140625 0.75634765625 0.31494140625 0.75634765625 0.27392578125
0 0.61181640625 0.51025390625 0.54150390625 0.51025390625 0.54150390625 0.56298828125 0.61181640625 0.56298828125 0.61181640625 0.51025390625
0 0.25537109375 0.568359375 0.18017578125 0.568359375 0.18017578125 0.6591796875 0.25537109375 0.6591796875 0.25537109375 0.568359375
0 0.13818359375 0.6455078125 0.07470703125 0.6455078125 0.07470703125 0.6904296875 0.13818359375 0.6904296875 0.13818359375 0.6455078125
0 0.09033203125 0.72509765625 0.02685546875 0.72509765625 0.02685546875 0.79833984375 0.09033203125 0.79833984375 0.09033203125 0.72509765625
0 0.1728515625 0.71533203125 0.0947265625 0.71533203125 0.0947265625 0.80615234375 0.1728515625 0.80615234375 0.1728515625 0.71533203125
0 0.68603515625 0.68408203125 0.44873046875 0.68408203125 0.44873046875 0.87060546875 0.68603515625 0.87060546875 0.68603515625 0.68408203125
0 0.3818359375 1 0.3818359375 0.95703125 0.310546875 0.95703125 0.310546875 1 0.3818359375 1