0 0.37556067031249996 0.5320209296875 0.3955428109375 0.558538125 0.45481653906249997 0.513872165625 0.4348344 0.48735497031249997 0.37556067031249996 0.5320209296875
0 0.3460032421875 0.675350134375 0.3612837015625 0.6956279890625 0.3862410609375 0.6768212703125001 0.3709606015625 0.6565434156250001 0.3460032421875 0.675350134375
0 0.3514201375 0.738521590625 0.36611288750000004 0.758019528125 0.3801514015625 0.7474407484375 0.3654586515625 0.7279428109375 0.3514201375 0.738521590625
0 0.2840959046875 0.7213892640624999 0.303490334375 0.7471265421875 0.3261079421875 0.7300829515625 0.3067135125 0.704345675 0.2840959046875 0.7213892640624999
0 0.08445005 0.5765297296874999 0.096791959375 0.592907996875 0.10927063906250001 0.5835046375 0.0969287296875 0.56712636875 0.08445005 0.5765297296874999
0 0.14738866875 0.4685740359375 0.17971271875 0.511469496875 0.2327471078125 0.47150521875000007 0.2004230578125 0.42860975625000003 0.14738866875 0.4685740359375
0 0.135604928125 0.35395205937499996 0.15499935781250002 0.3796893375 0.19789481874999998 0.3473652875 0.17850038906250001 0.3216280109375 0.135604928125 0.35395205937499996
0 0.1387209140625 0.3069722078125 0.15517679374999999 0.328809896875 0.1738948140625 0.3147048578125 0.157438934375 0.2928671671875 0.1387209140625 0.3069722078125
0 0.0358216984375 0.406522525 0.05462841875 0.431479884375 0.083485365625 0.40973461406249995 0.064678646875 0.3847772546875 0.0358216984375 0.406522525
0 0 0.41089452031249996 0.0210494765625 0.3950326015625 0.0075321468749999995 0.3770944984375 0 0.382770378125 0 0.41089452031249996
0 0 0.44904512187499995 0.0213340671875 0.47735638593749996 0.0501910140625 0.455611115625 0.02315635625 0.4197349109375 0 0.43718447656250004 0 0.44904512187499995
0 0.1291124359375 0.20416172812500002 0.14498060625 0.22521950156249998 0.1769572234375 0.20112339218750003 0.161089053125 0.18006561875 0.1291124359375 0.20416172812500002
0 0.1480300671875 0.1489428484375 0.14332838750000002 0.142703509375 0.1331894609375 0.1503437390625 0.13789114062500002 0.156583078125 0.1480300671875 0.1489428484375
0 0.22226082187500001 0.1541453984375 0.23166418281249998 0.16662407968749998 0.24492277968749998 0.156633009375 0.2355194203125 0.1441543296875 0.22226082187500001 0.1541453984375
0 0.19208986249999999 0.11329583437499999 0.18856360156250002 0.10861632968749999 0.169065665625 0.1233090796875 0.172591925 0.127988584375 0.19208986249999999 0.11329583437499999
0 0.32338764375 0.13418915468749998 0.3363172625 0.151347340625 0.3526955296875 0.13900542968750002 0.3397659109375 0.12184724531249999 0.32338764375 0.13418915468749998
0 0.3831714328125 0.18512775312500002 0.3966887625 0.20306585625 0.418526453125 0.1866099765625 0.40500912343750006 0.1686718734375 0.3831714328125 0.18512775312500002
0 0.36902204375 0.146878534375 0.3884164734375 0.1726158109375 0.41181399843750005 0.1549845125 0.39241956875 0.12924723437500002 0.36902204375 0.146878534375
0 0.39776625625 0.118492878125 0.42538862499999996 0.155149 0.44566647968749995 0.139868540625 0.4180441109375 0.10321241875 0.39776625625 0.118492878125
0 0.5018999749999999 0.21854964687499998 0.5218821140625 0.24506684218750002 0.5444997218750001 0.228023253125 0.52451758125 0.2015060578125 0.5018999749999999 0.21854964687499998
0 0.6018199734375 0.14019755625000002 0.6376702828125 0.1877725234375 0.6680870640625 0.1648518328125 0.6322367546875001 0.1172768671875 0.6018199734375 0.14019755625000002
0 0.62559886875 0 0.5949134875000001 0.02312309375 0.6195973078125 0.055879628125000004 0.672631696875 0.015915348437499997 0.660638621875 0 0.62559886875 0
0 0.6492156812500001 0.06841006093749999 0.6562682 0.077769071875 0.6671870453125 0.06954113125 0.6601345249999999 0.06018212187500001 0.6492156812500001 0.06841006093749999
0 0.7451344078125001 0.120243171875 0.7551254765625 0.1335017703125 0.7722836609375 0.12057214999999999 0.7622925921875 0.10731355312499999 0.7451344078125001 0.120243171875
0 0.741696884375 0.025621828125000003 0.7487494046875 0.0349808375 0.760448165625 0.0261651875 0.7533956468749999 0.016806178124999998 0.741696884375 0.025621828125000003
0 0.6886513703125 0.1897075453125 0.717449159375 0.22792350312499998 0.7548851984375 0.1997134234375 0.726087409375 0.1614974671875 0.6886513703125 0.1897075453125
0 0.585014690625 0.48056862499999997 0.612637059375 0.517224746875 0.6477333468750001 0.49077779687499995 0.6201109765624999 0.454121675 0.585014690625 0.48056862499999997
0 0.5780287328125 0.371502175 0.6021248406249999 0.4034787921875 0.6286420359375 0.38349665312500003 0.6045459265625001 0.35152003593750003 0.5780287328125 0.371502175
0 0.441332509375 0.3815782234375 0.4572006796875 0.40263599687499996 0.47513878125 0.3891186671875 0.4592706125 0.3680608953125 0.441332509375 0.3815782234375
0 0.5076013859375 0.6220533671874999 0.52934665625 0.6509103140625 0.5605433546875 0.6274019140625 0.5387980859375 0.5985449671875 0.5076013859375 0.6220533671874999
0 0.5663132640625 0.6310021031249999 0.5786551734375001 0.6473803703125001 0.5919137703125 0.6373892999999999 0.5795718609375 0.6210110328125 0.5663132640625 0.6310021031249999
0 0.556606784375 0.7000672906250001 0.5871677046875 0.740623 0.6238238265625 0.71300063125 0.59326290625 0.672444921875 0.556606784375 0.7000672906250001
0 0.6167232359375 0.768485646875 0.643170184375 0.8035819343749999 0.6813861421875 0.7747841453125 0.6549391921875001 0.7396878578125 0.6167232359375 0.768485646875
0 0.623910703125 0.6652464046875 0.651533071875 0.7019025265625001 0.6889691109375 0.673692446875 0.6613467421875 0.637036325 0.623910703125 0.6652464046875
0 0.46898806718749997 0.6908912234375 0.49249646562500005 0.7220879234375001 0.5166739078125 0.7038689140625001 0.493165509375 0.6726722140625 0.46898806718749997 0.6908912234375
0 0.464410171875 0.8251793093750001 0.47910292187500003 0.844677246875 0.517318878125 0.81587945625 0.5026261296875 0.7963815203125 0.464410171875 0.8251793093750001
0 0.505675553125 0.84910910625 0.5133157828125 0.859248034375 0.521894875 0.8527832234374999 0.5142546453125 0.8426442968750001 0.505675553125 0.84910910625
0 0.41778883906250003 0.8939376937500001 0.4518760171875 0.9391729078125 0.4893120578125 0.910962828125 0.455224878125 0.8657276140624999 0.41778883906250003 0.8939376937500001
0 0.51282045625 0.9421595281249999 0.555135575 0.9983135875 0.5910117796875001 0.971278928125 0.5486966609375 0.9151248687500001 0.51282045625 0.9421595281249999
0 0.6315983593750001 1 0.6444730734374999 0.9902982078125 0.627429484375 0.9676805999999999 0.6102713 0.9806102203125 0.624882546875 1 0.6315983593750001 1
0 0.6097667828125 0.8874470625 0.6438539609375 0.9326822765625 0.684409671875 0.9021213578125 0.6503224921874999 0.85688614375 0.6097667828125 0.8874470625
0 0.7002298078125 0.8590189171875 0.7307907265625 0.8995746265625 0.7682267656249999 0.8713645484375 0.7376658468749999 0.8308088390625 0.7002298078125 0.8590189171875
0 0.8963273390625 0.60242063125 0.9145463484375 0.6265980734375 0.9512024718750001 0.5989757046874999 0.9329834609375001 0.5747982625 0.8963273390625 0.60242063125
0 1 0.6255988671875 0.983635571875 0.6038825390625 0.9555585421874999 0.6250400984375 0.9778915218750001 0.6546769625 1 0.6380170296875 1 0.6255988671875
0 0.8669085781250001 0.54877635625 0.8863030078125 0.5745136343749999 0.9229591296875 0.5468912640625 0.9035647000000001 0.5211539875 0.8669085781250001 0.54877635625
0 0.671555915625 0.57431766875 0.690362634375 0.599275028125 0.7238990859375 0.5740034984375 0.7050923671875 0.5490461390625 0.671555915625 0.57431766875
0 0.6521910640625 0.518599778125 0.6674715234375 0.5388776328125 0.691648965625 0.5206586234375 0.67636850625 0.50038076875 0.6521910640625 0.518599778125
0 0.7112522718750001 0.423348234375 0.738874640625 0.46000435624999997 0.7747508453124999 0.43296969687500003 0.7471284765624999 0.39631357500000003 0.7112522718750001 0.423348234375
0 0.8137393156250001 0.44333041093750003 0.837835425 0.47530702812500003 0.8721517953125 0.44944778906250005 0.8480556859374999 0.41747117187500005 0.8137393156250001 0.44333041093750003
0 0.8695569937500001 0.46791075937500004 0.8948285234375 0.5014472109375 0.9244653875 0.4791142328125 0.8991938578124999 0.4455777796875 0.8695569937500001 0.46791075937500004
0 1 0.4657633671875 0.9872875515624999 0.448893378125 0.9428322546875 0.482392846875 0.971042334375 0.5198288875 1 0.4980077203125 1 0.4657633671875
0 1 0.4857798328125 0.9873928828125 0.495279978125 1 0.5120101874999999 1 0.4857798328125
0 0.8310583062499999 0.3721971515625 0.8586806749999999 0.4088532734375 0.880518365625 0.39239739375 0.8528959953124999 0.35574127187500004 0.8310583062499999 0.3721971515625
0 0.891368825 0.3970602671875 0.91311409375 0.4259172140625 0.946650546875 0.400645684375 0.9249052765625001 0.3717887375 0.891368825 0.3970602671875
0 0.6584267578125 0.34026484687499997 0.6825228671875 0.37224146406249997 0.710599896875 0.3510839046875 0.6865037875 0.3191072875 0.6584267578125 0.34026484687499997
0 0.604102390625 0.285212278125 0.63113705 0.3210884828125 0.6584341625000001 0.3005186328125 0.631399503125 0.26464242968749996 0.604102390625 0.285212278125
0 0.6410967171874999 0.27751106718749996 0.6646051171875 0.3087077671875 0.7114001671875 0.27344516875 0.6878917671875 0.24224846875 0.6410967171874999 0.27751106718749996
0 0.813866896875 0.24147413125 0.823857965625 0.2547327296875 0.84101615 0.241803109375 0.83102508125 0.2285445125 0.813866896875 0.24147413125
0 0.15574217968749998 0.8358411703125 0.16867179999999998 0.8529993546875 0.1905094890625 0.836543475 0.1775798703125 0.8193852906249999 0.15574217968749998 0.8358411703125
0 0.2110146375 0.9213604140625 0.2221811265625 0.936178846875 0.2377794765625 0.9244246468749999 0.22661298749999997 0.9096062140625 0.2110146375 0.9213604140625
0 0.8137614171875001 0.7111044890625 0.8237524859375001 0.7243630859375 0.8409106703125 0.711433465625 0.8309196015625 0.69817486875 0.8137614171875001 0.7111044890625
0 0.9178803640625001 0.7616494453125 0.9261083046874999 0.7725682890625001 0.9370271484374999 0.76434035 0.928799209375 0.7534215046875 0.9178803640625001 0.7616494453125