0 0.7318428234375001 0.22063972031249998 0.7199415203124999 0.1237113859375 0.6433681359375 0.133113415625 0.6552694390625 0.23004175 0.7318428234375001 0.22063972031249998
0 0.93887009375 0.1839051609375 0.933752534375 0.1422259765625 0.88044195 0.14877169375 0.885559509375 0.19045087656249998 0.93887009375 0.1839051609375
0 0.9730980312499999 0.318431878125 0.9611967296874999 0.22150354375 0.8632991109375 0.23352385937500003 0.8752004140625 0.33045219531250003 0.9730980312499999 0.318431878125
0 1 0.5374892984375 0.8735035 0.553021115625 0.8914744671875001 0.699382903125 1 0.6860576421875 1 0.5374892984375
0 0.9883064562499999 0.8149080015625 0.9830698828125 0.7722595343750001 0.9355749984375 0.7780911734375 0.9408115718750001 0.820739640625 0.9883064562499999 0.8149080015625
0 0.8804436203125 0.8419264406250001 0.8747309937500001 0.7954008406249999 0.83402109375 0.8003993875000001 0.83973371875 0.8469249890625001 0.8804436203125 0.8419264406250001
0 0.7224124484375001 0.6566797953125 0.7174139015625001 0.6159698953125 0.67961185 0.6206114031250001 0.6846103984374999 0.6613213046875 0.7224124484375001 0.6566797953125
0 0.68113263125 0.673063128125 0.67542000625 0.6265375265625 0.648280071875 0.6298698921875 0.653992696875 0.6763954921875001 0.68113263125 0.673063128125
0 0.5957689359375 0.242266975 0.592436571875 0.21512704062500002 0.5711123375 0.217745328125 0.574444703125 0.2448852609375 0.5957689359375 0.242266975
0 0.5355021984375 0.300337459375 0.5314557546875001 0.2673818265625 0.4839608703125 0.2732134640625 0.4880073140625 0.3061690984375 0.5355021984375 0.300337459375
0 0.444703034375 0.36215685625 0.43649113437500003 0.2952763046875 0.39287338437499997 0.300631890625 0.40108528281250005 0.3675124421875 0.444703034375 0.36215685625
0 0.57073864375 0.5833086921875 0.5681203578125 0.5619844578125 0.5506732578125 0.5641266921875 0.55329154375 0.5854509265625001 0.57073864375 0.5833086921875
0 0.6095817015625 0.7954885015625 0.6066063749999999 0.7712564171875 0.592067125 0.7730416124999999 0.5950424515625 0.7972736968749999 0.6095817015625 0.7954885015625
0 0.8014813843749999 0.83587944375 0.799101125 0.8164937765625 0.7768076078124999 0.8192310765625 0.7791878671875 0.83861674375 0.8014813843749999 0.83587944375
0 1 0.6845817984375 0.9911321328125 0.6856706359375 0.994226471875 0.7108720015625 1 0.7101631015625001 1 0.6845817984375
0 0.4249303125 0.181087978125 0.422312025 0.15976374375 0.399049225 0.16262005625 0.40166751093749997 0.183944290625 0.4249303125 0.181087978125
0 0.49075422343749997 0 0.493412671875 0.021651317187499998 0.5176447546875 0.0186759921875 0.5153516312499999 0 0.49075422343749997 0
0 0.34435529374999996 0.053727810937499995 0.339713784375 0.015925759375 0.2670175328125 0.024851737500000002 0.2716590421875 0.0626537875 0.34435529374999996 0.053727810937499995
0 0.28975150312500003 0.0978203734375 0.2843959171875 0.054202621875 0.25337885 0.058011039062500006 0.2587344359375 0.10162878906249999 0.28975150312500003 0.0978203734375
0 0.27023699375 0.1592502328125 0.26619055 0.1262945984375 0.23905061718749998 0.1296269625 0.243097059375 0.162582596875 0.27023699375 0.1592502328125
0 0.1438412421875 0.0753961515625 0.1395567734375 0.040501949999999995 0.1007854390625 0.045262471875 0.1050699078125 0.080156671875 0.1438412421875 0.0753961515625
0 0.06091225625 0.27743833125 0.0522243046875 0.20668064687499998 0.008606553125 0.2120362328125 0.0172945046875 0.28279391875000004 0.06091225625 0.27743833125
0 0.194142046875 0.44900396562499995 0.178789365625 0.3239664140625 0.11578594843750001 0.3317022609375 0.1311386296875 0.45673981250000006 0.194142046875 0.44900396562499995
0 0 0.3916701671875 0.0122756765625 0.390162903125 0.0093003515625 0.36593081875 0 0.36707275781250004 0 0.3916701671875
0 0.08780858124999999 0.524537490625 0.08352411093749999 0.48964328906250004 0.055414893750000006 0.49309466718749995 0.0596993640625 0.52798886875 0.08780858124999999 0.524537490625
0 0.3407737359375 0.5293894906250001 0.33732235781250003 0.5012802734374999 0.3024281578125 0.5055647421875 0.305879534375 0.533673959375 0.3407737359375 0.5293894906250001
0 0.3389185828125 0.6024256015625 0.3304686578125 0.5336064828125 0.24614100625000002 0.5439606171875 0.25459093125 0.612779734375 0.3389185828125 0.6024256015625
0 0.3530878625 0.79795704375 0.3430907671875 0.7165372421875 0.30335015 0.7214167765624999 0.3133472453125 0.8028365781250001 0.3530878625 0.79795704375
0 0.3757365578125 0.8822509578125001 0.3718091265625 0.85026460625 0.3340070765625 0.854906115625 0.33793450625 0.886892465625 0.3757365578125 0.8822509578125001
0 0.4516443 0.9836189937500001 0.4485499609375 0.9584176265625001 0.4252871609375 0.9612739390625 0.42838149843749995 0.98647530625 0.4516443 0.9836189937500001
0 0.40495276562500004 1 0.4009274734375 0.967216621875 0.38154180625 0.9695968828125 0.3852748390625 1 0.40495276562500004 1
0 0.26769923125 1 0.2653554078125 0.9809110890625 0.23918475625000002 0.984124440625 0.24113402968750003 1 0.26769923125 1
0 0.2941707328125 0.9591709312500001 0.290005278125 0.9252460125 0.25995749375 0.9289354171875001 0.26412295 0.962860334375 0.2941707328125 0.9591709312500001
0 0.13649049375 0.668604290625 0.131610959375 0.6288636734375 0.09283962500000001 0.6336241953124999 0.097719159375 0.6733648125 0.13649049375 0.668604290625
0 0.06510949375 0.7964202296875 0.06153910312500001 0.767341728125 0.0382763015625 0.7701980421875 0.0418466921875 0.7992765421875 0.06510949375 0.7964202296875