0 0.16015625 0.45068359375 0.1396484375 0.45068359375 0.1396484375 0.48095703125 0.16015625 0.48095703125 0.16015625 0.45068359375
0 0.16455078125 0.35400390625 0.13818359375 0.35400390625 0.13818359375 0.37744140625 0.16455078125 0.37744140625 0.16455078125 0.35400390625
0 0 0.32861328125 0.0146484375 0.32861328125 0.0146484375 0.30029296875 0 0.30029296875 0 0.32861328125
0 0.07470703125 0.126953125 0.04931640625 0.126953125 0.04931640625 0.162109375 0.07470703125 0.162109375 0.07470703125 0.126953125
0 0.2294921875 0.033203125 0.1982421875 0.033203125 0.1982421875 0.05859375 0.2294921875 0.05859375 0.2294921875 0.033203125
0 0.47998046875 0.21044921875 0.45849609375 0.21044921875 0.45849609375 0.24853515625 0.47998046875 0.24853515625 0.47998046875 0.21044921875
0 0.26513671875 0.103515625 0.22998046875 0.103515625 0.22998046875 0.13671875 0.26513671875 0.13671875 0.26513671875 0.103515625
0 0.525390625 0.0087890625 0.478515625 0.0087890625 0.478515625 0.0634765625 0.525390625 0.0634765625 0.525390625 0.0087890625
0 0.81103515625 0 0.81103515625 0.0205078125 0.83935546875 0.0205078125 0.83935546875 0 0.81103515625 0
0 0.91943359375 0 0.91943359375 0.0400390625 0.97314453125 0.0400390625 0.97314453125 0 0.91943359375 0
0 0.77734375 0.2470703125 0.75390625 0.2470703125 0.75390625 0.2685546875 0.77734375 0.2685546875 0.77734375 0.2470703125
0 0.9560546875 0.2822265625 0.9091796875 0.2822265625 0.9091796875 0.3203125 0.9560546875 0.3203125 0.9560546875 0.2822265625
0 0.96630859375 0.30712890625 0.91455078125 0.30712890625 0.91455078125 0.36376953125 0.96630859375 0.36376953125 0.96630859375 0.30712890625
0 0.81591796875 0.380859375 0.76220703125 0.380859375 0.76220703125 0.42578125 0.81591796875 0.42578125 0.81591796875 0.380859375
0 0.6572265625 0.30712890625 0.6201171875 0.30712890625 0.6201171875 0.34228515625 0.6572265625 0.34228515625 0.6572265625 0.30712890625
0 0.640625 0.3974609375 0.6171875 0.3974609375 0.6171875 0.423828125 0.640625 0.423828125 0.640625 0.3974609375
0 0.58544921875 0.4453125 0.55029296875 0.4453125 0.55029296875 0.4658203125 0.58544921875 0.4658203125 0.58544921875 0.4453125
0 0.591796875 0.4140625 0.560546875 0.4140625 0.560546875 0.4443359375 0.591796875 0.4443359375 0.591796875 0.4140625
0 0.859375 0.68798828125 0.822265625 0.68798828125 0.822265625 0.74072265625 0.859375 0.74072265625 0.859375 0.68798828125
0 0.67578125 0.70556640625 0.6298828125 0.70556640625 0.6298828125 0.74169921875 0.67578125 0.74169921875 0.67578125 0.70556640625
0 0.705078125 0.775390625 0.68359375 0.775390625 0.68359375 0.794921875 0.705078125 0.794921875 0.705078125 0.775390625
0 0.42626953125 0.607421875 0.40771484375 0.607421875 0.40771484375 0.62109375 0.42626953125 0.62109375 0.42626953125 0.607421875
0 0.42626953125 0.6220703125 0.40478515625 0.6220703125 0.40478515625 0.6435546875 0.42626953125 0.6435546875 0.42626953125 0.6220703125
0 0.541015625 0.330078125 0.517578125 0.330078125 0.517578125 0.3525390625 0.541015625 0.3525390625 0.541015625 0.330078125
0 0.83740234375 0.4609375 0.81591796875 0.4609375 0.81591796875 0.486328125 0.83740234375 0.486328125 0.83740234375 0.4609375
0 0.84521484375 0.5126953125 0.83056640625 0.5126953125 0.83056640625 0.5263671875 0.84521484375 0.5263671875 0.84521484375 0.5126953125
0 0.84423828125 0.4853515625 0.81298828125 0.4853515625 0.81298828125 0.521484375 0.84423828125 0.521484375 0.84423828125 0.4853515625
0 0.81982421875 0.474609375 0.80615234375 0.474609375 0.80615234375 0.49609375 0.81982421875 0.49609375 0.81982421875 0.474609375
0 0.5166015625 0.3779296875 0.48046875 0.3779296875 0.48046875 0.4140625 0.5166015625 0.4140625 0.5166015625 0.3779296875
0 0.517578125 0.34130859375 0.482421875 0.34130859375 0.482421875 0.37744140625 0.517578125 0.37744140625 0.517578125 0.34130859375
0 0.49267578125 0.31494140625 0.47802734375 0.31494140625 0.47802734375 0.32958984375 0.49267578125 0.32958984375 0.49267578125 0.31494140625
0 0.533203125 0.3095703125 0.4853515625 0.3095703125 0.4853515625 0.3486328125 0.533203125 0.3486328125 0.533203125 0.3095703125
0 0.373046875 0.2763671875 0.3515625 0.2763671875 0.3515625 0.2978515625 0.373046875 0.2978515625 0.373046875 0.2763671875
0 0.39599609375 0.1728515625 0.37158203125 0.1728515625 0.37158203125 0.201171875 0.39599609375 0.201171875 0.39599609375 0.1728515625
0 0.31787109375 0.18798828125 0.27587890625 0.18798828125 0.27587890625 0.23291015625 0.31787109375 0.23291015625 0.31787109375 0.18798828125
0 0.34765625 0.21630859375 0.298828125 0.21630859375 0.298828125 0.25634765625 0.34765625 0.25634765625 0.34765625 0.21630859375
0 0.38427734375 0.20556640625 0.36279296875 0.20556640625 0.36279296875 0.22412109375 0.38427734375 0.22412109375 0.38427734375 0.20556640625
0 0.3837890625 0.21630859375 0.3525390625 0.21630859375 0.3525390625 0.24853515625 0.3837890625 0.24853515625 0.3837890625 0.21630859375
0 0.39794921875 0.25048828125 0.34033203125 0.25048828125 0.34033203125 0.31103515625 0.39794921875 0.31103515625 0.39794921875 0.25048828125
0 0.359375 0.24609375 0.3203125 0.24609375 0.3203125 0.29296875 0.359375 0.29296875 0.359375 0.24609375
0 0.6337890625 0.76025390625 0.6123046875 0.76025390625 0.6123046875 0.77392578125 0.6337890625 0.77392578125 0.6337890625 0.76025390625
0 0.67333984375 0.8154296875 0.65478515625 0.8154296875 0.65478515625 0.8369140625 0.67333984375 0.8369140625 0.67333984375 0.8154296875
0 0.658203125 0.7861328125 0.630859375 0.7861328125 0.630859375 0.8095703125 0.658203125 0.8095703125 0.658203125 0.7861328125
0 0.63427734375 0.77294921875 0.60107421875 0.77294921875 0.60107421875 0.81005859375 0.63427734375 0.81005859375 0.63427734375 0.77294921875
0 0.45166015625 0.87255859375 0.41845703125 0.87255859375 0.41845703125 0.90185546875 0.45166015625 0.90185546875 0.45166015625 0.87255859375
0 0.50244140625 0.94482421875 0.48876953125 0.94482421875 0.48876953125 0.95947265625 0.50244140625 0.95947265625 0.50244140625 0.94482421875
0 0.6298828125 0.904296875 0.611328125 0.904296875 0.611328125 0.9208984375 0.6298828125 0.9208984375 0.6298828125 0.904296875
0 0.74072265625 0.95556640625 0.72607421875 0.95556640625 0.72607421875 0.96826171875 0.74072265625 0.96826171875 0.74072265625 0.95556640625
0 0.73193359375 0.96337890625 0.71337890625 0.96337890625 0.71337890625 0.98095703125 0.73193359375 0.98095703125 0.73193359375 0.96337890625
0 0.13232421875 0.76953125 0.11279296875 0.76953125 0.11279296875 0.78515625 0.13232421875 0.78515625 0.13232421875 0.76953125
0 0.13232421875 0.78173828125 0.09814453125 0.78173828125 0.09814453125 0.81298828125 0.13232421875 0.81298828125 0.13232421875 0.78173828125
0 0.20458984375 0.8037109375 0.12255859375 0.8037109375 0.12255859375 0.84765625 0.20458984375 0.84765625 0.20458984375 0.8037109375
0 0.03125 0.900390625 0.0048828125 0.900390625 0.0048828125 0.92578125 0.03125 0.92578125 0.03125 0.900390625
0 0.0244140625 0.90771484375 0.0126953125 0.90771484375 0.0126953125 0.92041015625 0.0244140625 0.92041015625 0.0244140625 0.90771484375
0 0.0556640625 0.9072265625 0.0380859375 0.9072265625 0.0380859375 0.91796875 0.0556640625 0.91796875 0.0556640625 0.9072265625
0 0.0546875 0.91162109375 0.0107421875 0.91162109375 0.0107421875 0.95263671875 0.0546875 0.95263671875 0.0546875 0.91162109375
0 0.03466796875 0.9462890625 0.00927734375 0.9462890625 0.00927734375 0.96484375 0.03466796875 0.96484375 0.03466796875 0.9462890625
0 0.0546875 1 0.0546875 0.9658203125 0 0.9658203125 0 1 0.0546875 1
0 0.0126953125 0.9736328125 0.0009765625 0.9736328125 0.0009765625 0.98828125 0.0126953125 0.98828125 0.0126953125 0.9736328125
0 0.08984375 0.63671875 0.0771484375 0.63671875 0.0771484375 0.6533203125 0.08984375 0.6533203125 0.08984375 0.63671875
0 0.060546875 0.63720703125 0.0146484375 0.63720703125 0.0146484375 0.68896484375 0.060546875 0.68896484375 0.060546875 0.63720703125
0 0.01806640625 0.58935546875 0.00244140625 0.58935546875 0.00244140625 0.60400390625 0.01806640625 0.60400390625 0.01806640625 0.58935546875
0 0 0.6181640625 0.0205078125 0.6181640625 0.0205078125 0.5986328125 0 0.5986328125 0 0.6181640625
0 0.0302734375 0.62158203125 0.0107421875 0.62158203125 0.0107421875 0.63720703125 0.0302734375 0.63720703125 0.0302734375 0.62158203125
0 0.07177734375 0.62451171875 0.04541015625 0.62451171875 0.04541015625 0.64111328125 0.07177734375 0.64111328125 0.07177734375 0.62451171875
0 0.083984375 0.658203125 0.060546875 0.658203125 0.060546875 0.6796875 0.083984375 0.6796875 0.083984375 0.658203125
0 0.0732421875 0.640625 0.0615234375 0.640625 0.0615234375 0.6572265625 0.0732421875 0.6572265625 0.0732421875 0.640625
0 0 0.67041015625 0.0078125 0.67041015625 0.0078125 0.61474609375 0 0.61474609375 0 0.67041015625
0 0.455078125 0.94580078125 0.4296875 0.94580078125 0.4296875 0.97119140625 0.455078125 0.97119140625 0.455078125 0.94580078125
0 0.43701171875 0.92822265625 0.39599609375 0.92822265625 0.39599609375 0.97021484375 0.43701171875 0.97021484375 0.43701171875 0.92822265625
0 0.458984375 0.96826171875 0.447265625 0.96826171875 0.447265625 0.97900390625 0.458984375 0.97900390625 0.458984375 0.96826171875
0 0.37939453125 1 0.37939453125 0.9931640625 0.35009765625 0.9931640625 0.35009765625 1 0.37939453125 1
0 0.68798828125 0.95947265625 0.67041015625 0.95947265625 0.67041015625 0.97705078125 0.68798828125 0.97705078125 0.68798828125 0.95947265625
0 0.6572265625 0.94189453125 0.642578125 0.94189453125 0.642578125 0.95361328125 0.6572265625 0.95361328125 0.6572265625 0.94189453125
0 0.57763671875 1 0.57763671875 0.9794921875 0.56103515625 0.9794921875 0.56103515625 1 0.57763671875 1
0 0.6123046875 1 0.6123046875 0.9755859375 0.5810546875 0.9755859375 0.5810546875 1 0.6123046875 1
0 0.65869140625 0.9599609375 0.63720703125 0.9599609375 0.63720703125 0.9794921875 0.65869140625 0.9794921875 0.65869140625 0.9599609375
0 0.640625 0.96044921875 0.625 0.96044921875 0.625 0.97412109375 0.640625 0.97412109375 0.640625 0.96044921875
0 0.642578125 0.92822265625 0.5888671875 0.92822265625 0.5888671875 0.98876953125 0.642578125 0.98876953125 0.642578125 0.92822265625
0 0.67626953125 0.94677734375 0.64306640625 0.94677734375 0.64306640625 0.97802734375 0.67626953125 0.97802734375 0.67626953125 0.94677734375
0 0.67724609375 1 0.67724609375 0.970703125 0.63623046875 0.970703125 0.63623046875 1 0.67724609375 1
0 0.69189453125 1 0.69189453125 0.9912109375 0.67333984375 0.9912109375 0.67333984375 1 0.69189453125 1
0 0.94921875 0.91162109375 0.919921875 0.91162109375 0.919921875 0.93701171875 0.94921875 0.93701171875 0.94921875 0.91162109375
0 0.9453125 0.9326171875 0.92578125 0.9326171875 0.92578125 0.9453125 0.9453125 0.9453125 0.9453125 0.9326171875
0 0.9296875 0.8935546875 0.9091796875 0.8935546875 0.9091796875 0.9296875 0.9296875 0.9296875 0.9296875 0.8935546875
0 0.85302734375 0.8955078125 0.83544921875 0.8955078125 0.83544921875 0.9189453125 0.85302734375 0.9189453125 0.85302734375 0.8955078125
0 0.8779296875 0.88916015625 0.84765625 0.88916015625 0.84765625 0.92529296875 0.8779296875 0.92529296875 0.8779296875 0.88916015625
0 0.9072265625 0.88818359375 0.8916015625 0.88818359375 0.8916015625 0.90380859375 0.9072265625 0.90380859375 0.9072265625 0.88818359375
0 0.8984375 0.88037109375 0.87890625 0.88037109375 0.87890625 0.90771484375 0.8984375 0.90771484375 0.8984375 0.88037109375
0 0.90966796875 0.9033203125 0.88623046875 0.9033203125 0.88623046875 0.9287109375 0.90966796875 0.9287109375 0.90966796875 0.9033203125
0 0.90087890625 0.92333984375 0.88330078125 0.92333984375 0.88330078125 0.93701171875 0.90087890625 0.93701171875 0.90087890625 0.92333984375
0 0.89404296875 0.90576171875 0.86767578125 0.90576171875 0.86767578125 0.93701171875 0.89404296875 0.93701171875 0.89404296875 0.90576171875
0 0.95166015625 0.32421875 0.93798828125 0.32421875 0.93798828125 0.33984375 0.95166015625 0.33984375 0.95166015625 0.32421875
0 0.7841796875 0.3779296875 0.7666015625 0.3779296875 0.7666015625 0.3955078125 0.7841796875 0.3955078125 0.7841796875 0.3779296875
0 0.63720703125 0.31396484375 0.62255859375 0.31396484375 0.62255859375 0.32470703125 0.63720703125 0.32470703125 0.63720703125 0.31396484375
0 0.6396484375 0.40380859375 0.6259765625 0.40380859375 0.6259765625 0.41845703125 0.6396484375 0.41845703125 0.6396484375 0.40380859375
0 0.8896484375 0.51806640625 0.873046875 0.51806640625 0.873046875 0.53271484375 0.8896484375 0.53271484375 0.8896484375 0.51806640625
0 0.89208984375 0.50244140625 0.87548828125 0.50244140625 0.87548828125 0.51806640625 0.89208984375 0.51806640625 0.89208984375 0.50244140625
0 0.89111328125 0.58740234375 0.86962890625 0.58740234375 0.86962890625 0.61669921875 0.89111328125 0.61669921875 0.89111328125 0.58740234375
0 0.888671875 0.5732421875 0.875 0.5732421875 0.875 0.5869140625 0.888671875 0.5869140625 0.888671875 0.5732421875
0 0.90234375 0.552734375 0.87109375 0.552734375 0.87109375 0.5810546875 0.90234375 0.5810546875 0.90234375 0.552734375
0 0.9111328125 0.52490234375 0.8857421875 0.52490234375 0.8857421875 0.55029296875 0.9111328125 0.55029296875 0.9111328125 0.52490234375
0 0.90234375 0.50732421875 0.8837890625 0.50732421875 0.8837890625 0.53759765625 0.90234375 0.53759765625 0.90234375 0.50732421875
0 0.91455078125 0.5400390625 0.90087890625 0.5400390625 0.90087890625 0.556640625 0.91455078125 0.556640625 0.91455078125 0.5400390625
0 0.9169921875 0.544921875 0.8818359375 0.544921875 0.8818359375 0.5634765625 0.9169921875 0.5634765625 0.9169921875 0.544921875
0 0.27685546875 0.77099609375 0.25146484375 0.77099609375 0.25146484375 0.79150390625 0.27685546875 0.79150390625 0.27685546875 0.77099609375
0 0.4365234375 0.61572265625 0.4228515625 0.61572265625 0.4228515625 0.63134765625 0.4365234375 0.63134765625 0.4365234375 0.61572265625