0 0.7963758109375 0.8570478375 0.7787995875 0.877994365625 0.8087231984375001 0.90310325625 0.826299421875 0.8821567281249999 0.7963758109375 0.8570478375
0 0.21302739062499998 0.87238586875 0.19356800000000002 0.8955766671875001 0.229476334375 0.9257073359374999 0.248935725 0.9025165375 0.21302739062499998 0.87238586875
0 0.1740431265625 0.624868396875 0.15835006875 0.6435706531250001 0.18528131875 0.66616865625 0.2009743765625 0.6474663984375 0.1740431265625 0.624868396875
0 0.3012979921875 0.5423383546875 0.28309404531250004 0.564032971875 0.3047886640625 0.5822369187499999 0.322992609375 0.5605423 0.3012979921875 0.5423383546875
0 0.1564494390625 0.6693842890624999 0.14389499375 0.6843460953125 0.15436825781250002 0.6931342078125 0.166922703125 0.6781724015624999 0.1564494390625 0.6693842890624999
0 0.2897634 0.47784277499999994 0.2715594546875 0.49953739375 0.2902617109375 0.51523045 0.30846565625 0.49353583125 0.2897634 0.47784277499999994
0 0.375482415625 0.328589721875 0.356023025 0.3517805203125 0.379213825 0.37123991093750003 0.3986732140625 0.3480491125 0.375482415625 0.328589721875
0 0.5326919203125 0.1883318375 0.4881236390625 0.2414462484375 0.5576960343749999 0.29982441875 0.602264315625 0.246710009375 0.5326919203125 0.1883318375
0 0.3553438828125 0 0.3864493140625 0.02610055625 0.40590870468749995 0.00290975625 0.40244099218749996 0 0.3553438828125 0
0 0.844407325 0.22552524218749997 0.8280865468749999 0.2449755890625 0.8490330734375 0.26255181250000004 0.865353853125 0.24310146562499999 0.844407325 0.22552524218749997
0 0.6186998484374999 0.7277195859375001 0.5854305671875 0.7673683703124999 0.6325602546875 0.8069148734375 0.6658295359374999 0.7672660890625 0.6186998484374999 0.7277195859375001
0 0.8723735515625 0.7353323953124999 0.85981910625 0.7502942 0.8807656328125001 0.767870425 0.8933200796874999 0.75290861875 0.8723735515625 0.7353323953124999
0 0.568898678125 0.4437171984375 0.554461065625 0.460923275 0.5671786 0.4715945546875 0.5816162125 0.454388478125 0.568898678125 0.4437171984375