0 0.958984375 0.84912109375 0.953125 0.84912109375 0.953125 0.85595703125 0.958984375 0.85595703125 0.958984375 0.84912109375
0 0.99072265625 0.8427734375 0.98193359375 0.8427734375 0.98193359375 0.8505859375 0.99072265625 0.8505859375 0.99072265625 0.8427734375
0 0.96630859375 0.919921875 0.94482421875 0.919921875 0.94482421875 0.9365234375 0.96630859375 0.9365234375 0.96630859375 0.919921875
0 0.96484375 0.96875 0.958984375 0.96875 0.958984375 0.97265625 0.96484375 0.97265625 0.96484375 0.96875
0 0.80908203125 0.93505859375 0.79052734375 0.93505859375 0.79052734375 0.94580078125 0.80908203125 0.94580078125 0.80908203125 0.93505859375
0 0.82421875 0.9228515625 0.814453125 0.9228515625 0.814453125 0.9296875 0.82421875 0.9296875 0.82421875 0.9228515625
0 0.81982421875 0.89599609375 0.81298828125 0.89599609375 0.81298828125 0.90087890625 0.81982421875 0.90087890625 0.81982421875 0.89599609375
0 0.79541015625 0.8955078125 0.76513671875 0.8955078125 0.76513671875 0.9189453125 0.79541015625 0.9189453125 0.79541015625 0.8955078125
0 0.77978515625 0.927734375 0.73388671875 0.927734375 0.73388671875 0.9697265625 0.77978515625 0.9697265625 0.77978515625 0.927734375
0 0.6474609375 0.93310546875 0.630859375 0.93310546875 0.630859375 0.95361328125 0.6474609375 0.95361328125 0.6474609375 0.93310546875
0 0.63623046875 0.90869140625 0.61669921875 0.90869140625 0.61669921875 0.92626953125 0.63623046875 0.92626953125 0.63623046875 0.90869140625
0 0.62353515625 0.84326171875 0.59912109375 0.84326171875 0.59912109375 0.86572265625 0.62353515625 0.86572265625 0.62353515625 0.84326171875
0 0.693359375 0.80078125 0.6669921875 0.80078125 0.6669921875 0.8134765625 0.693359375 0.8134765625 0.693359375 0.80078125
0 0.7099609375 0.83740234375 0.6767578125 0.83740234375 0.6767578125 0.86181640625 0.7099609375 0.86181640625 0.7099609375 0.83740234375
0 0.7216796875 0.7919921875 0.6962890625 0.7919921875 0.6962890625 0.8359375 0.7216796875 0.8359375 0.7216796875 0.7919921875
0 0.72119140625 0.9287109375 0.68408203125 0.9287109375 0.68408203125 0.9619140625 0.72119140625 0.9619140625 0.72119140625 0.9287109375
0 0.59765625 0.91015625 0.5927734375 0.91015625 0.5927734375 0.9150390625 0.59765625 0.9150390625 0.59765625 0.91015625
0 0.56298828125 0.939453125 0.53466796875 0.939453125 0.53466796875 0.96875 0.56298828125 0.96875 0.56298828125 0.939453125
0 0.9794921875 0.67333984375 0.94140625 0.67333984375 0.94140625 0.70849609375 0.9794921875 0.70849609375 0.9794921875 0.67333984375
0 0.90966796875 0.5751953125 0.89208984375 0.5751953125 0.89208984375 0.6044921875 0.90966796875 0.6044921875 0.90966796875 0.5751953125
0 0.5634765625 0.78173828125 0.5517578125 0.78173828125 0.5517578125 0.78857421875 0.5634765625 0.78857421875 0.5634765625 0.78173828125
0 0.630859375 0.625 0.6025390625 0.625 0.6025390625 0.6513671875 0.630859375 0.6513671875 0.630859375 0.625
0 0.64697265625 0.62353515625 0.64208984375 0.62353515625 0.64208984375 0.63037109375 0.64697265625 0.63037109375 0.64697265625 0.62353515625
0 0.6884765625 0.6748046875 0.67578125 0.6748046875 0.67578125 0.6904296875 0.6884765625 0.6904296875 0.6884765625 0.6748046875
0 0.72119140625 0.6806640625 0.70947265625 0.6806640625 0.70947265625 0.697265625 0.72119140625 0.697265625 0.72119140625 0.6806640625
0 0.701171875 0.70751953125 0.671875 0.70751953125 0.671875 0.72998046875 0.701171875 0.72998046875 0.701171875 0.70751953125
0 0.68994140625 0.75390625 0.68115234375 0.75390625 0.68115234375 0.7587890625 0.68994140625 0.7587890625 0.68994140625 0.75390625
0 0.751953125 0.75146484375 0.7392578125 0.75146484375 0.7392578125 0.76904296875 0.751953125 0.76904296875 0.751953125 0.75146484375
0 0.77685546875 0.6806640625 0.75927734375 0.6806640625 0.75927734375 0.7119140625 0.77685546875 0.7119140625 0.77685546875 0.6806640625
0 0.8193359375 0.6708984375 0.8115234375 0.6708984375 0.8115234375 0.6767578125 0.8193359375 0.6767578125 0.8193359375 0.6708984375
0 0.60986328125 0.5537109375 0.59033203125 0.5537109375 0.59033203125 0.564453125 0.60986328125 0.564453125 0.60986328125 0.5537109375
0 0.806640625 0.53369140625 0.802734375 0.53369140625 0.802734375 0.54248046875 0.806640625 0.54248046875 0.806640625 0.53369140625
0 0.82080078125 0.4794921875 0.81689453125 0.4794921875 0.81689453125 0.4853515625 0.82080078125 0.4853515625 0.82080078125 0.4794921875
0 0.9189453125 0.41796875 0.91015625 0.41796875 0.91015625 0.427734375 0.9189453125 0.427734375 0.9189453125 0.41796875
0 0.95849609375 0.416015625 0.94873046875 0.416015625 0.94873046875 0.419921875 0.95849609375 0.419921875 0.95849609375 0.416015625
0 0.8837890625 0.251953125 0.85546875 0.251953125 0.85546875 0.2919921875 0.8837890625 0.2919921875 0.8837890625 0.251953125
0 0.92724609375 0.23828125 0.91650390625 0.23828125 0.91650390625 0.2509765625 0.92724609375 0.2509765625 0.92724609375 0.23828125
0 0.90478515625 0.1884765625 0.86767578125 0.1884765625 0.86767578125 0.20703125 0.90478515625 0.20703125 0.90478515625 0.1884765625
0 0.78271484375 0.177734375 0.75244140625 0.177734375 0.75244140625 0.212890625 0.78271484375 0.212890625 0.78271484375 0.177734375
0 0.828125 0.11767578125 0.8203125 0.11767578125 0.8203125 0.13037109375 0.828125 0.13037109375 0.828125 0.11767578125
0 0.87841796875 0.08447265625 0.86767578125 0.08447265625 0.86767578125 0.09814453125 0.87841796875 0.09814453125 0.87841796875 0.08447265625
0 0.869140625 0.0078125 0.8359375 0.0078125 0.8359375 0.0498046875 0.869140625 0.0498046875 0.869140625 0.0078125
0 0.77783203125 0.01953125 0.76025390625 0.01953125 0.76025390625 0.0341796875 0.77783203125 0.0341796875 0.77783203125 0.01953125
0 0.64453125 0 0.64453125 0.0126953125 0.6640625 0.0126953125 0.6640625 0 0.64453125 0
0 0.10498046875 0.1259765625 0.08740234375 0.1259765625 0.08740234375 0.1494140625 0.10498046875 0.1494140625 0.10498046875 0.1259765625
0 0.10791015625 0.1669921875 0.07763671875 0.1669921875 0.07763671875 0.1953125 0.10791015625 0.1953125 0.10791015625 0.1669921875
0 0.16015625 0.2021484375 0.1220703125 0.2021484375 0.1220703125 0.216796875 0.16015625 0.216796875 0.16015625 0.2021484375
0 0.21435546875 0.01220703125 0.18896484375 0.01220703125 0.18896484375 0.03369140625 0.21435546875 0.03369140625 0.21435546875 0.01220703125
0 0.22265625 0 0.22265625 0.013671875 0.291015625 0.013671875 0.291015625 0 0.22265625 0
0 0.33251953125 0.06494140625 0.31787109375 0.06494140625 0.31787109375 0.07861328125 0.33251953125 0.07861328125 0.33251953125 0.06494140625
0 0.388671875 0.05712890625 0.3662109375 0.05712890625 0.3662109375 0.08251953125 0.388671875 0.08251953125 0.388671875 0.05712890625
0 0.3251953125 0.18603515625 0.2900390625 0.18603515625 0.2900390625 0.22314453125 0.3251953125 0.22314453125 0.3251953125 0.18603515625
0 0.45849609375 0.078125 0.43017578125 0.078125 0.43017578125 0.1064453125 0.45849609375 0.1064453125 0.45849609375 0.078125
0 0.41796875 0.09716796875 0.375 0.09716796875 0.375 0.15380859375 0.41796875 0.15380859375 0.41796875 0.09716796875
0 0.4990234375 0.19482421875 0.490234375 0.19482421875 0.490234375 0.20556640625 0.4990234375 0.20556640625 0.4990234375 0.19482421875
0 0.517578125 0.177734375 0.505859375 0.177734375 0.505859375 0.2060546875 0.517578125 0.2060546875 0.517578125 0.177734375
0 0.65185546875 0.1494140625 0.58740234375 0.1494140625 0.58740234375 0.19921875 0.65185546875 0.19921875 0.65185546875 0.1494140625
0 0.6953125 0.18603515625 0.69140625 0.18603515625 0.69140625 0.18896484375 0.6953125 0.18896484375 0.6953125 0.18603515625
0 0.703125 0.236328125 0.677734375 0.236328125 0.677734375 0.26171875 0.703125 0.26171875 0.703125 0.236328125
0 0.6943359375 0.27392578125 0.6904296875 0.27392578125 0.6904296875 0.27880859375 0.6943359375 0.27880859375 0.6943359375 0.27392578125
0 0.1484375 0.31640625 0.13671875 0.31640625 0.13671875 0.33203125 0.1484375 0.33203125 0.1484375 0.31640625
0 0.25634765625 0.2998046875 0.22998046875 0.2998046875 0.22998046875 0.3388671875 0.25634765625 0.3388671875 0.25634765625 0.2998046875
0 0.31103515625 0.349609375 0.27392578125 0.349609375 0.27392578125 0.3740234375 0.31103515625 0.3740234375 0.31103515625 0.349609375
0 0.15185546875 0.4296875 0.13818359375 0.4296875 0.13818359375 0.4482421875 0.15185546875 0.4482421875 0.15185546875 0.4296875
0 0.29345703125 0.5029296875 0.28466796875 0.5029296875 0.28466796875 0.5166015625 0.29345703125 0.5166015625 0.29345703125 0.5029296875
0 0.50830078125 0.26611328125 0.49658203125 0.26611328125 0.49658203125 0.27197265625 0.50830078125 0.27197265625 0.50830078125 0.26611328125
0 0.6005859375 0.29052734375 0.546875 0.29052734375 0.546875 0.33251953125 0.6005859375 0.33251953125 0.6005859375 0.29052734375
0 0.6083984375 0.34326171875 0.595703125 0.34326171875 0.595703125 0.35693359375 0.6083984375 0.35693359375 0.6083984375 0.34326171875
0 0.68994140625 0.3056640625 0.65966796875 0.3056640625 0.65966796875 0.33203125 0.68994140625 0.33203125 0.68994140625 0.3056640625
0 0.669921875 0.3330078125 0.6337890625 0.3330078125 0.6337890625 0.369140625 0.669921875 0.369140625 0.669921875 0.3330078125
0 0.64404296875 0.365234375 0.62158203125 0.365234375 0.62158203125 0.3876953125 0.64404296875 0.3876953125 0.64404296875 0.365234375
0 0.60595703125 0.37451171875 0.60205078125 0.37451171875 0.60205078125 0.37939453125 0.60595703125 0.37939453125 0.60595703125 0.37451171875
0 0.578125 0.3759765625 0.55859375 0.3759765625 0.55859375 0.3916015625 0.578125 0.3916015625 0.578125 0.3759765625
0 0.54638671875 0.37744140625 0.52490234375 0.37744140625 0.52490234375 0.39990234375 0.54638671875 0.39990234375 0.54638671875 0.37744140625
0 0.5927734375 0.404296875 0.5869140625 0.404296875 0.5869140625 0.412109375 0.5927734375 0.412109375 0.5927734375 0.404296875
0 0.0546875 0.486328125 0.041015625 0.486328125 0.041015625 0.5078125 0.0546875 0.5078125 0.0546875 0.486328125
0 0.48681640625 0.43017578125 0.45263671875 0.43017578125 0.45263671875 0.44677734375 0.48681640625 0.44677734375 0.48681640625 0.43017578125
0 0.38232421875 0.42822265625 0.34423828125 0.42822265625 0.34423828125 0.45556640625 0.38232421875 0.45556640625 0.38232421875 0.42822265625
0 0.43212890625 0.47265625 0.38916015625 0.47265625 0.38916015625 0.4970703125 0.43212890625 0.4970703125 0.43212890625 0.47265625
0 0.36767578125 0.525390625 0.33740234375 0.525390625 0.33740234375 0.5576171875 0.36767578125 0.5576171875 0.36767578125 0.525390625
0 0.48388671875 0.5791015625 0.45166015625 0.5791015625 0.45166015625 0.6142578125 0.48388671875 0.6142578125 0.48388671875 0.5791015625
0 0.47314453125 0.60791015625 0.43115234375 0.60791015625 0.43115234375 0.62646484375 0.47314453125 0.62646484375 0.47314453125 0.60791015625
0 0.45849609375 0.6513671875 0.44189453125 0.6513671875 0.44189453125 0.6689453125 0.45849609375 0.6689453125 0.45849609375 0.6513671875
0 0.310546875 0.63232421875 0.27734375 0.63232421875 0.27734375 0.65478515625 0.310546875 0.65478515625 0.310546875 0.63232421875
0 0.314453125 0.68115234375 0.29296875 0.68115234375 0.29296875 0.70654296875 0.314453125 0.70654296875 0.314453125 0.68115234375
0 0.35205078125 0.6533203125 0.33349609375 0.6533203125 0.33349609375 0.669921875 0.35205078125 0.669921875 0.35205078125 0.6533203125
0 0.17041015625 0.62255859375 0.15576171875 0.62255859375 0.15576171875 0.63232421875 0.17041015625 0.63232421875 0.17041015625 0.62255859375
0 0.2138671875 0.7275390625 0.171875 0.7275390625 0.171875 0.7802734375 0.2138671875 0.7802734375 0.2138671875 0.7275390625
0 0.0439453125 0.85693359375 0.01953125 0.85693359375 0.01953125 0.91162109375 0.0439453125 0.91162109375 0.0439453125 0.85693359375
0 0.11279296875 0.98193359375 0.10205078125 0.98193359375 0.10205078125 0.99267578125 0.11279296875 0.99267578125 0.11279296875 0.98193359375
0 0.29833984375 0.7802734375 0.27197265625 0.7802734375 0.27197265625 0.822265625 0.29833984375 0.822265625 0.29833984375 0.7802734375
0 0.328125 0.80615234375 0.3125 0.80615234375 0.3125 0.82373046875 0.328125 0.82373046875 0.328125 0.80615234375
0 0.4111328125 0.84765625 0.388671875 0.84765625 0.388671875 0.884765625 0.4111328125 0.884765625 0.4111328125 0.84765625
0 0.45751953125 0.87890625 0.44482421875 0.87890625 0.44482421875 0.8935546875 0.45751953125 0.8935546875 0.45751953125 0.87890625
0 0.3974609375 0.9462890625 0.388671875 0.9462890625 0.388671875 0.9541015625 0.3974609375 0.9541015625 0.3974609375 0.9462890625
0 0.4765625 0.91455078125 0.4462890625 0.91455078125 0.4462890625 0.94384765625 0.4765625 0.94384765625 0.4765625 0.91455078125