0 0.7721840609374999 0.8844437390625 0.78767500625 0.9192369734374999 0.831389584375 0.8997739906250001 0.8158986374999999 0.8649807546874999 0.7721840609374999 0.8844437390625
0 0.7173698171875 0.9125900453125 0.7312719484375 0.94381474375 0.75982024375 0.9311042234375 0.7459181125 0.899879525 0.7173698171875 0.9125900453125
0 0.6178512609375 0.8115171812499999 0.632945003125 0.84541828125 0.6597090296875 0.8335021687499999 0.6446152875 0.7996010671875 0.6178512609375 0.8115171812499999
0 0.6408418515625 0.7911257921875 0.6547439828125 0.822350490625 0.6806158765625 0.8108315828125001 0.6667137453125 0.7796068843749999 0.6408418515625 0.7911257921875
0 0.5118448328125 0.947974175 0.5221721296874999 0.9711696640625 0.54090695 0.9628283859375 0.5305796515625001 0.9396328953124999 0.5118448328125 0.947974175
0 0.0487662109375 0.5309342890625001 0.057901896875000004 0.5514533765625 0.07663671562499999 0.5431120968750001 0.0675010296875 0.5225930109375 0.0487662109375 0.5309342890625001
0 0.032602134375 0.603873315625 0.042532228125 0.6261766718749999 0.06751198593749999 0.615054965625 0.0575818921875 0.5927516109375001 0.032602134375 0.603873315625
0 0.08993825625 0.6414154921875 0.09986835 0.6637188484375 0.12841664531250002 0.651008328125 0.11848655156250001 0.628704971875 0.08993825625 0.6414154921875
0 0.1292222609375 0.442732890625 0.1367691328125 0.4596834421875 0.146582609375 0.4553142 0.1390357375 0.43836365 0.1292222609375 0.442732890625
0 0.10409440156250001 0.3790918828125 0.1084636421875 0.388905359375 0.11649285000000001 0.3853305265625 0.11212360937500002 0.37551705 0.10409440156250001 0.3790918828125
0 0.11270367343750001 0.35281019375 0.1170729140625 0.3626236703125 0.12599425625 0.3586516328125 0.12162501562500001 0.34883815625 0.11270367343750001 0.35281019375
0 0.1286817421875 0.2986611453125 0.13146216718749998 0.3049060859375 0.14127564374999999 0.30053684375 0.13849521874999998 0.2942919046875 0.1286817421875 0.2986611453125
0 0.0560312359375 0.19310872031249998 0.06516692187499999 0.21362780781250001 0.082117471875 0.2060809359375 0.0729817859375 0.1855618484375 0.0560312359375 0.19310872031249998
0 0.132442709375 0.13663954375 0.1248958375 0.11968899375 0.10972955625 0.1264414578125 0.1172764265625 0.1433920078125 0.132442709375 0.13663954375
0 0.193985740625 0.1632223484375 0.2007382046875 0.17838863124999998 0.21679662031250002 0.17123896249999998 0.2100441578125 0.15607268125 0.193985740625 0.1632223484375
0 0.20239754375 0.6683120046875 0.20636958125 0.677233346875 0.216183059375 0.67286410625 0.2122110203125 0.6639427640625 0.20239754375 0.6683120046875
0 0.16191890625 0.7082483609375 0.1869427421875 0.7644528187499999 0.24760787031249998 0.7374429625000001 0.222584034375 0.6812385062499999 0.16191890625 0.7082483609375
0 0.32014541093750004 0.2160884796875 0.327295078125 0.232146896875 0.34424562812500004 0.22460002499999998 0.3370959609375 0.20854160937500002 0.32014541093750004 0.2160884796875
0 0.2733510546875 0.07497208749999999 0.2654069796875 0.057129403125 0.2279373421875 0.0738119609375 0.23588141718750003 0.0916546453125 0.2733510546875 0.07497208749999999
0 0.38294138437499997 0.414753828125 0.38889944062500004 0.4281358421875 0.4031735890625 0.42178058125 0.3972155328125 0.40839856875 0.38294138437499997 0.414753828125
0 0.38865348593750004 0.5068154328125 0.39143391250000004 0.513060371875 0.3994631203125 0.5094855375 0.3966826953125 0.5032405984375 0.38865348593750004 0.5068154328125
0 0.48481633906250005 0.555933315625 0.49196600625000003 0.57199173125 0.5026716171875 0.5672252875 0.49552195 0.5511668703125 0.48481633906250005 0.555933315625
0 0.5479844546875 0.565757875 0.5527509 0.5764634859375 0.568809315625 0.5693138171875 0.564042871875 0.55860820625 0.5479844546875 0.565757875
0 0.47159829531249997 0.5094383125 0.48073398125000005 0.5299573984375 0.498576665625 0.5220133234375 0.4894409796875 0.5014942359375001 0.47159829531249997 0.5094383125
0 0.47362058281249997 0.4935722 0.482359065625 0.513199153125 0.50198601875 0.504460671875 0.49324753593750004 0.48483371875000003 0.47362058281249997 0.4935722
0 0.442449534375 0.43796669843749997 0.44443555312500005 0.44242736875000005 0.4533568953125 0.43845533124999997 0.4513708765625 0.43399466093749994 0.442449534375 0.43796669843749997
0 0.489494628125 0.43198660312500003 0.4982331109375 0.45161355625 0.5142915265625 0.4444638875 0.50555304375 0.42483693437500003 0.489494628125 0.43198660312500003
0 0.529304921875 0.43136560937499996 0.5404266265625 0.45634536875 0.5662985203125 0.44482645937500004 0.555176815625 0.4198467 0.529304921875 0.43136560937499996
0 0.3751677015625 0.20281527656249998 0.38628940625 0.227795034375 0.4085927625 0.217864940625 0.3974710578125 0.19288518125 0.3751677015625 0.20281527656249998
0 0.3250900546875 0.12035116718750001 0.33581455625 0.1444387921875 0.35633364375 0.13530310625 0.3456091421875 0.11121548125 0.3250900546875 0.12035116718750001
0 0.29832287968750004 0.12745826875 0.308650178125 0.150653759375 0.32470859375 0.143504090625 0.314381296875 0.1203086015625 0.29832287968750004 0.12745826875
0 0.29491201562499997 0.06697600000000001 0.302856090625 0.084818684375 0.3144538359375 0.0796550359375 0.3065097609375 0.0618123515625 0.29491201562499997 0.06697600000000001
0 0.285752653125 0.0860197421875 0.29012189374999997 0.09583321875 0.3026117734375 0.09027236562499999 0.2982425328125 0.08045888906250001 0.285752653125 0.0860197421875
0 0.2873446171875 0.09439729062499999 0.3056159890625 0.135435465625 0.339517090625 0.120341721875 0.3212457171875 0.07930354687499999 0.2873446171875 0.09439729062499999
0 0.5080468390624999 0.144722653125 0.5155937109375001 0.161673203125 0.5334363953125 0.153729128125 0.5258895234375001 0.136778578125 0.5080468390624999 0.144722653125
0 0.537061603125 0.238702521875 0.5418280484375 0.24940813281250002 0.551641525 0.245038890625 0.5468750796874999 0.2343332796875 0.537061603125 0.238702521875
0 0.5509574374999999 0.260309196875 0.5596959203125 0.27993615 0.5828914109375 0.26960885156250003 0.574152928125 0.24998189843750002 0.5509574374999999 0.260309196875
0 0.610788865625 0.0957720125 0.6211161640625 0.118967503125 0.6407431171875 0.1102290203125 0.63041581875 0.0870335296875 0.610788865625 0.0957720125
0 0.6292430984374999 0.113211196875 0.637584378125 0.131946015625 0.6616720015625 0.1212215140625 0.6533307234375 0.10248669531250001 0.6292430984374999 0.113211196875
0 0.626844134375 0.083813334375 0.6383630421875 0.10968522656249999 0.6570978625 0.10134394843750001 0.645578953125 0.0754720546875 0.626844134375 0.083813334375
0 0.7634711078125 0 0.755692925 0.0034630703125000002 0.763637 0.0213057546875 0.7779111484375 0.014950493749999998 0.771254759375 0 0.7634711078125 0
0 0.844062953125 0.1143099921875 0.8472405828125 0.12144706718750001 0.8525933875 0.11906384375000001 0.8494157578125 0.1119267703125 0.844062953125 0.1143099921875
0 0.3783841203125 0.9507387328125001 0.385136584375 0.965905015625 0.3940579265625 0.961932978125 0.3873054625 0.9467666953125 0.3783841203125 0.9507387328125001
0 0.303055575 0.9196038281250001 0.3086164265625 0.9320937062500001 0.321998440625 0.92613565 0.3164375875 0.913645771875 0.303055575 0.9196038281250001
0 0.2612671953125 0.8521562625 0.2708000859375 0.8735674843749999 0.2931034421875 0.863637390625 0.2835705515625 0.8422261687500001 0.2612671953125 0.8521562625
0 0.2858166296875 0.8652782171875 0.2893914625 0.8733074249999999 0.2965285375 0.8701297953125 0.292953703125 0.8621005875 0.2858166296875 0.8652782171875
0 0.242316521875 0.7579714953125001 0.25343822656250004 0.7829512546874999 0.280202253125 0.7710351421875 0.26908054843749996 0.7460553828125 0.242316521875 0.7579714953125001
0 0.38934047031249996 0.7988758 0.3949013234375 0.8113656796875001 0.40649906874999997 0.8062020296875 0.400938215625 0.7937121515625 0.38934047031249996 0.7988758
0 0.4217251703125 0.8908207859375 0.4288748375 0.906879203125 0.44582538749999995 0.8993323312499999 0.43867572031249996 0.883273915625 0.4217251703125 0.8908207859375
0 0.518773859375 0.9299234421874999 0.524731915625 0.9433054562500001 0.541682465625 0.935758584375 0.535724409375 0.922376571875 0.518773859375 0.9299234421874999
0 0.50883583125 0.9712279734375 0.5116162578125001 0.9774729125 0.519645465625 0.9738980796875 0.516865040625 0.9676531390625 0.50883583125 0.9712279734375
0 0.5845726640625 0.9444561374999999 0.5885447015625 0.9533774812500001 0.600142446875 0.94821383125 0.596170409375 0.9392924890625001 0.5845726640625 0.9444561374999999
0 0.674214775 0.9537180125000001 0.6801728312499999 0.9671000265625 0.6935548453125 0.9611419703124999 0.6875967890625 0.94775995625 0.674214775 0.9537180125000001
0 0.587417821875 0.82239456875 0.592184265625 0.8331001796875 0.59842920625 0.830319753125 0.5936627609375 0.8196141421875 0.587417821875 0.82239456875
0 0.591958965625 0.7161470984375 0.59632820625 0.725960575 0.6070338171875 0.7211941296875 0.6026645765625 0.711380653125 0.591958965625 0.7161470984375
0 0.48726882656250003 0.6670843750000001 0.49044645625000005 0.67422145 0.5002599328125 0.6698522078125 0.497082303125 0.662715134375 0.48726882656250003 0.6670843750000001
0 0.670250796875 0.729927953125 0.675414446875 0.7415256984374999 0.688796459375 0.7355676421874999 0.6836328109375 0.723969896875 0.670250796875 0.729927953125
0 0.6516847328125001 0.6173992734375 0.6612176234375 0.6388104953125 0.6817367109375 0.629674809375 0.6722038203125 0.6082635875 0.6516847328125001 0.6173992734375
0 0.9700361109375001 0.7910094265625001 0.9783773890624999 0.8097442453125 0.995327940625 0.8021973750000001 0.9869866609375 0.78346255625 0.9700361109375001 0.7910094265625001
0 1 0.6846673187500001 0.9925759749999999 0.6879727078125 0.9989312359375001 0.70224685625 1 0.7017710125 1 0.6846673187500001
0 0.9455846546875 0.4731843390625 0.9507483046875 0.48478208437500003 0.9623460484375 0.479618434375 0.9571824 0.46802068906249994 0.9455846546875 0.4731843390625
0 0.9014571312499999 0.4677101296875 0.909004003125 0.48466068125 0.9268466875 0.47671660625 0.9192998171875001 0.4597660546875 0.9014571312499999 0.4677101296875
0 0.8817135609375001 0.449776015625 0.8924380624999999 0.473863640625 0.9183099562500001 0.46234473125 0.9075854546875 0.43825710625000003 0.8817135609375001 0.449776015625
0 0.8568378265625001 0.468334271875 0.8635902906249999 0.483500553125 0.8760801703125001 0.47793970156250004 0.86932770625 0.46277341875 0.8568378265625001 0.468334271875
0 0.8167375015625 0.48030869374999996 0.824284371875 0.49725924375 0.841234921875 0.48971237187499994 0.8336880515624999 0.472761821875 0.8167375015625 0.48030869374999996
0 0.8071840828125 0.5032693109374999 0.8183057874999999 0.5282490703125 0.839717009375 0.5187161796875001 0.8285953046874999 0.493736421875 0.8071840828125 0.5032693109374999
0 0.7458237859375 0.6043483468749999 0.75059023125 0.6150539578124999 0.7657565125 0.60830149375 0.7609900671875 0.5975958828125 0.7458237859375 0.6043483468749999
0 0.745560578125 0.5809479578125 0.75906550625 0.611280521875 0.778692459375 0.602542040625 0.7651875312499999 0.5722094765625 0.745560578125 0.5809479578125
0 0.7611554218750001 0.774438575 0.7639358484375001 0.780683515625 0.772857190625 0.776711478125 0.7700767640625 0.7704665375 0.7611554218750001 0.774438575
0 0.7999160359374999 0.6850250390625 0.8106405375 0.7091126625 0.8347281609375001 0.6983881609375 0.824003659375 0.6743005375 0.7999160359374999 0.6850250390625
0 0.7910735296875 0.6579615343749999 0.7994148078125 0.676696353125 0.8181496265625 0.668355075 0.8098083484374999 0.64962025625 0.7910735296875 0.6579615343749999
0 0.8205722671875 0.658190109375 0.8249415093750001 0.6680035859375 0.8356471203125 0.6632371406249999 0.831277878125 0.6534236640625 0.8205722671875 0.658190109375
0 0.8544134234375 0.702985978125 0.8639463125000001 0.7243972000000001 0.885357534375 0.714864309375 0.8758246453125 0.6934530875 0.8544134234375 0.702985978125
0 0.86872094375 0.3689732625 0.8782538343749999 0.390384484375 0.8880673109374999 0.3860152421875 0.8785344203125 0.3646040203125 0.86872094375 0.3689732625
0 0.803097065625 0.3944494625 0.8078635109375 0.40515507343749996 0.8176769875 0.40078583125 0.8129105421875 0.390080221875 0.803097065625 0.3944494625
0 0.7390210734375 0.36097705 0.7557036312500001 0.3984466875 0.77265418125 0.390899815625 0.7559716234375 0.353430178125 0.7390210734375 0.36097705
0 0.724715440625 0.31924219374999996 0.7274958671875 0.3254871328125 0.74087788125 0.31952907656249996 0.7380974546875 0.3132841375 0.724715440625 0.31924219374999996
0 0.7402663328125 0.2941458171875 0.75257965 0.3218019796875 0.78469648125 0.30750264375 0.772383165625 0.2798464828125 0.7402663328125 0.2941458171875
0 0.8715266828124999 0.2624294640625 0.87788194375 0.2767036109375 0.8903718218750001 0.27114275781249997 0.8840165624999999 0.2568686109375 0.8715266828124999 0.2624294640625
0 0.8953337203125 0.277485425 0.904072203125 0.297112378125 0.92369915625 0.2883738953125 0.9149606734375 0.2687469421875 0.8953337203125 0.277485425
0 0.9000844234375001 0.264145978125 0.904453665625 0.2739594546875 0.9187278125 0.26760419375 0.914358571875 0.2577907171875 0.9000844234375001 0.264145978125
0 0.6595312078125 0.4861626 0.669064096875 0.507573821875 0.69047531875 0.49804093125 0.6809424296875 0.47662970937500004 0.6595312078125 0.4861626
0 0.6410658921875 0.527522290625 0.6521875968749999 0.55250205 0.676275221875 0.5417775484375 0.6651535171875 0.5167977890625 0.6410658921875 0.527522290625
0 0.64559116875 0.54849059375 0.6519464296875 0.5627647421875001 0.6706812484375 0.5544234625 0.6643259875 0.540149315625 0.64559116875 0.54849059375
0 0.624808875 0.5342258906249999 0.6319585421875 0.5502843078125 0.6489090921875 0.5427374359375 0.6417594249999999 0.5266790203125 0.624808875 0.5342258906249999
0 0.6382271578125 0.5079410531249999 0.6445824171875 0.5222152 0.6588565656250001 0.515859940625 0.6525013046875 0.5015857921875 0.6382271578125 0.5079410531249999
0 0.6565710703125001 0.5083256625 0.6637207375 0.524384078125 0.68245555625 0.5160427999999999 0.6753058890625 0.499984384375 0.6565710703125001 0.5083256625
0 0.66550500625 0.523589671875 0.6714630625 0.536971684375 0.6866293437500001 0.5302192203125 0.6806712874999999 0.5168372078125001 0.66550500625 0.523589671875
0 0.67701446875 0.5350345296875 0.6837669328125 0.5502008109375 0.7033938859375 0.541462328125 0.696641421875 0.526296046875 0.67701446875 0.5350345296875
0 0.7148498265625001 0.47115399062499996 0.7327239953125 0.51130003125 0.770193634375 0.4946174734375 0.7523194640625 0.4544714328125 0.7148498265625001 0.47115399062499996
0 0.7082817343750001 0.5104236390625 0.72059505 0.5380798 0.7509276140625001 0.524574871875 0.7386142984374999 0.49691871093750006 0.7082817343750001 0.5104236390625
0 0.7016758609375 0.4919851484375 0.71041434375 0.5116121015624999 0.72736489375 0.5040652296875 0.7186264109375 0.48443827656250005 0.7016758609375 0.4919851484375
0 0.6942581999999999 0.5209432421875 0.7061743125 0.54770726875 0.7213405953125 0.5409548046875 0.70942448125 0.5141907781249999 0.6942581999999999 0.5209432421875
0 0.703397034375 0.5462713406249999 0.7117383140625 0.565006159375 0.7322574015625001 0.5558704734375 0.723916121875 0.5371356546875 0.703397034375 0.5462713406249999
0 0.7168279109375 0.5392225484375001 0.7231831718749999 0.5534966953125 0.740133721875 0.545949825 0.7337784625 0.5316756765624999 0.7168279109375 0.5392225484375001
0 0.732645159375 0.542335571875 0.7382060125 0.5548254515625 0.7506958906250001 0.5492646 0.7451350390625 0.5367747203125 0.732645159375 0.542335571875