0 0.1366500484375 0.3497421140625 0.17050743125 0.2995464796875 0.117882975 0.2640508359375 0.0840255921875 0.31424647031249997 0.1366500484375 0.3497421140625
0 0.071548175 0.367672575 0.088476865625 0.3425747578125 0.067427084375 0.32837649999999996 0.0504983921875 0.3534743171875 0.071548175 0.367672575
0 0.11281908593750001 0.39904399687500003 0.1346625578125 0.3666597171875 0.095801421875 0.34044755000000004 0.0739579484375 0.3728318296875 0.11281908593750001 0.39904399687500003
0 0.371550225 0.3367929640625 0.3857484828125 0.31574318125 0.3655083078125 0.3020910109375 0.35131005000000004 0.32314079375000004 0.371550225 0.3367929640625
0 0.6219597343750001 0.1104950203125 0.6634623328125 0.0489648875 0.6375549078125 0.031490109375000006 0.596052309375 0.0930202421875 0.6219597343750001 0.1104950203125
0 0.849705340625 0.2434972953125 0.901037503125 0.1673942359375 0.8135999453125 0.10841685937500001 0.762267784375 0.18451991875 0.849705340625 0.2434972953125
0 0.92447345 0.41643553125 0.9446786625 0.386480071875 0.9155328109375 0.366820946875 0.8953275984375001 0.39677640625 0.92447345 0.41643553125
0 0.71536185625 0.6941482156250001 0.7464888046875 0.6480006171875 0.7100564890625 0.623426709375 0.678929540625 0.669574309375 0.71536185625 0.6941482156250001
0 0.7174954578125 0.75036189375 0.733331975 0.726883290625 0.6985188734375 0.70340155625 0.6826823562500001 0.7268801593750001 0.7174954578125 0.75036189375
0 0.5432286640624999 0.9956251999999999 0.6355173375 0.8588016156249999 0.5237915703125 0.783441634375 0.4315028984375 0.92026521875 0.5432286640624999 0.9956251999999999
0 0.429445084375 0.3994024828125 0.4682172484375 0.3419203859375 0.41559279218749995 0.30642474218750004 0.376820628125 0.363906840625 0.429445084375 0.3994024828125
0 0.353593025 0.5520244921875 0.386358234375 0.5034480718750001 0.34263945625000003 0.4739593828125 0.309874246875 0.522535803125 0.353593025 0.5520244921875
0 0.2673809671875 0.4667809390625 0.293593134375 0.427919803125 0.266066496875 0.40935285156249995 0.23985432968749998 0.44821398749999997 0.2673809671875 0.4667809390625
0 0.13088613437500002 0.5390376484375 0.15546004062500002 0.5026053328125 0.11417008437500001 0.47475490468750003 0.08959617656249999 0.5111872203125001 0.13088613437500002 0.5390376484375
0 0 0.74967491875 0.040554817187499995 0.6895499296875001 0 0.6621953609375 0 0.74967491875
0 0.2870608375 0.5589776421875 0.30235126874999996 0.536308646875 0.2813014859375 0.5221103890625 0.26601105468749997 0.5447793843750001 0.2870608375 0.5589776421875
0 0.4858871859375 0.2048285875 0.5055463109375 0.17568273437499998 0.48206770781249997 0.1598462171875 0.46240858281249997 0.18899206875000002 0.4858871859375 0.2048285875
0 0.615151396875 0.442795640625 0.6260731328125 0.42660350156250004 0.6009753156250001 0.40967480937499995 0.5900535796875 0.42586694999999997 0.615151396875 0.442795640625
0 0.5324478125 0.5601696109375001 0.5559295453125 0.525356509375 0.5332605499999999 0.510066078125 0.5097788171875 0.5448791796875 0.5324478125 0.5601696109375001
0 0.38741401249999996 0.633734396875 0.40761922500000003 0.6037789375 0.36794848281250003 0.577020684375 0.34774327031249996 0.6069761437500001 0.38741401249999996 0.633734396875
0 0.08552583281250001 0.412439040625 0.099724090625 0.3913892578125 0.08191273593750001 0.3793753484375 0.067714478125 0.4004251296875 0.08552583281250001 0.412439040625
0 0.084949478125 0.2936665890625 0.10570077656250002 0.2629015234375 0.07898374687500001 0.2448806578125 0.058232446874999996 0.2756457234375 0.084949478125 0.2936665890625
0 0.1595713421875 0.24328518593749998 0.1726774265625 0.2238546171875 0.1564852859375 0.21293288124999998 0.14337920312500002 0.23236344843749998 0.1595713421875 0.24328518593749998
0 0.3075023 0.209957840625 0.3266153375 0.1816215953125 0.302327128125 0.165238990625 0.2832140890625 0.19357523593749998 0.3075023 0.209957840625
0 0.5359304484375 0.2668539265625 0.5457600109375 0.2522810015625 0.5255198359375 0.23862883125 0.5156902734375 0.25320175625 0.5359304484375 0.2668539265625
0 0.5510619828125 0.07327540625 0.5630758921875 0.055464053125 0.5460741453125 0.0439962296875 0.5340602343749999 0.061807584375 0.5510619828125 0.07327540625
0 0.383360884375 0.2564133125 0.3948287078125 0.239411565625 0.382684603125 0.23122026406249999 0.3712167796875 0.24822201093750001 0.383360884375 0.2564133125
0 0.2778946375 0.35077701562499997 0.29045463437499996 0.33215605312499996 0.27831052968750003 0.32396475156250004 0.2657505328125 0.3425857125 0.2778946375 0.35077701562499997
0 0.1876743359375 0.3806245890625 0.20023433281249997 0.3620036265625 0.18728062031249998 0.3532662375 0.1747206234375 0.37188720000000003 0.1876743359375 0.3806245890625
0 0.09890822187500001 0.492142409375 0.1311273453125 0.4443755953125 0.072026034375 0.40451125781249997 0.0398069109375 0.452278071875 0.09890822187500001 0.492142409375
0 0.163232321875 0.567923109375 0.1768844921875 0.547682934375 0.1598827453125 0.5362151125 0.146230575 0.5564552875000001 0.163232321875 0.567923109375
0 0.2722022140625 0.601963 0.286400471875 0.5809132171875 0.258873834375 0.562346265625 0.2446755765625 0.583396046875 0.2722022140625 0.601963
0 0.8400699046875 0.77296409375 0.8515377281250001 0.755962346875 0.8232014828124999 0.7368493078125 0.811733659375 0.7538510546875 0.8400699046875 0.77296409375
0 0.902587321875 0.6820245890625001 0.91569340625 0.662594021875 0.9003108734374999 0.652218371875 0.8872047890625 0.6716489390625 0.902587321875 0.6820245890625001
0 0.923448071875 0.5559196234375 0.93655415625 0.53648905625 0.9227908359375 0.5272055796874999 0.9096847531250001 0.5466361484375 0.923448071875 0.5559196234375
0 0.3708234625 0.6714287390625 0.3817451984375 0.6552365984375 0.3606954171875 0.6410383421875 0.3497736796875 0.6572304812499999 0.3708234625 0.6714287390625
0 0.40660493593749997 0.7161777234375 0.41807275937500005 0.6991759765625 0.405928653125 0.6909846734375 0.39446082968749996 0.707986421875 0.40660493593749997 0.7161777234375
0 0.34150789062500003 0.808322115625 0.3600748421875 0.780795478125 0.3398346671875 0.76714330625 0.321267715625 0.7946699453125 0.34150789062500003 0.808322115625
0 0.294385659375 0.857227153125 0.30257696093750003 0.8450830484375 0.28719442812499996 0.8347073984375 0.27900312656250004 0.846851503125 0.294385659375 0.857227153125
0 0.149310503125 0.8382951890625 0.1362044203125 0.85772575625 0.1540157734375 0.8697396671875 0.1671218578125 0.8503090984374999 0.149310503125 0.8382951890625
0 0.2108322796875 0.405668396875 0.22939923125 0.37814175781250003 0.2099686625 0.365035675 0.1914017109375 0.3925623125 0.2108322796875 0.405668396875