0 0.4352701375 0.2969336640625 0.3864717578125 0.2952295875 0.38483584375 0.3420760328125 0.4336342234375 0.34378010937500003 0.4352701375 0.2969336640625
0 0.6195095937499999 0.22568340625 0.5970623390625 0.22489953125 0.5962443828125 0.248322753125 0.6186916375 0.249106628125 0.6195095937499999 0.22568340625
0 0.5935860015625 0.47835057187499996 0.5701627796875 0.47753261562500005 0.56958339375 0.4941240640625 0.593006615625 0.494942021875 0.5935860015625 0.47835057187499996
0 0.6184499359375 0.49387620625000006 0.5686755890625 0.4921380484375 0.5667670218749999 0.546792234375 0.6165413703125 0.5485303921875 0.6184499359375 0.49387620625000006
0 0.7672865515625 0.4570559125 0.73019978125 0.45576081406249996 0.728972846875 0.490895646875 0.7660596156249999 0.49219074531249996 0.7672865515625 0.4570559125
0 0.1437734 0.2916401625 0.0891192140625 0.289731596875 0.08765370781250001 0.331698203125 0.14230789375 0.33360676875 0.1437734 0.2916401625
0 0.0727833765625 0.281832453125 0.0278888671875 0.2802647015625 0.0265937671875 0.317351471875 0.071488278125 0.318919221875 0.0727833765625 0.281832453125
0 0.22413118281250002 0.15910996875 0.17142893125 0.157269565625 0.168702409375 0.2353469734375 0.221404659375 0.23718737656250002 0.22413118281250002 0.15910996875
0 0.357801553125 0.24879056562500002 0.28655591875 0.24630261406249998 0.2845451078125 0.3038847015625 0.3557907421875 0.30637265468749997 0.357801553125 0.24879056562500002
0 0.4887624828125 0.10825589531249999 0.4038533015625 0.1052908015625 0.40085412500000006 0.19117595 0.4857633078125 0.19414104375000002 0.4887624828125 0.10825589531249999
0 0.44223353125 0.7271262453125 0.375867734375 0.7248087 0.37344794531250003 0.7941024 0.4398137421875 0.7964199453125 0.44223353125 0.7271262453125
0 0.636537821875 0.84335316875 0.5935952484375 0.84185358125 0.5923683125 0.8769884156250001 0.6353108875 0.878488003125 0.636537821875 0.84335316875
0 0.7183657343750001 0.8506078718750001 0.6920146093749999 0.8496876703125 0.691060325 0.8770147640625 0.7174114515625 0.877934965625 0.7183657343750001 0.8506078718750001
0 0.567552340625 1 0.568669328125 0.9680136578124999 0.5276786890625 0.9665822328125 0.5265539984375 0.9987891640625 0.5612277953125 1 0.567552340625 1
0 0.6368089203125 0.8775631578124999 0.5753229609375 0.8754160203125 0.5732099046875 0.9359260125000001 0.6346958640625 0.9380731484375 0.6368089203125 0.8775631578124999
0 0.8249801296875001 0.8196418281250001 0.7644701390625 0.8175287734375001 0.7623230015625 0.8790147328125 0.82283299375 0.8811277875 0.8249801296875001 0.8196418281250001
0 0.8932931984374999 0.948080725 0.8747498140625 0.9474331749999999 0.8738636937500001 0.9728083328125001 0.892407078125 0.9734558828125 0.8932931984374999 0.948080725
0 0.84390614375 0.9072697796875 0.79120389375 0.9054293765624999 0.7895338984375 0.9532517890625 0.8422361484374999 0.9550921921875 0.84390614375 0.9072697796875
0 0.8384407625 0.6300547 0.798426090625 0.6286573578125 0.7966538515625 0.6794076734375001 0.8366685234375 0.6808050156250001 0.8384407625 0.6300547
0 0.90217299375 0.651823434375 0.8699660625 0.65069874375 0.86836423125 0.6965692203125 0.9005711609375 0.6976939125 0.90217299375 0.651823434375
0 0.9056477562499999 0.5942924671875 0.88417646875 0.5935426734375 0.8829495328125001 0.6286775078125 0.9044208203125 0.6294273015625 0.9056477562499999 0.5942924671875
0 0.9209348609375001 0.26845561406249996 0.8818961562500001 0.267092353125 0.8801579984375 0.3168667 0.919196703125 0.3182299625 0.9209348609375001 0.26845561406249996
0 0.9783837328124999 0.1903348375 0.92080164375 0.1883240265625 0.9196428718749999 0.221506925 0.9772249609375001 0.22351773593750002 0.9783837328124999 0.1903348375
0 0.9948776015625 0.06778893750000001 0.9646226062500001 0.0667324109375 0.96305485625 0.11162692031250002 0.9933098515625 0.1126834484375 0.9948776015625 0.06778893750000001
0 1 0.0171556125 0.9537072671875 0.015539034375 0.9489358515624999 0.1521745 1 0.1539577 1 0.0171556125
0 1 0.168615065625 0.9962470421875 0.16848400937500002 0.99430439375 0.2241141625 1 0.22431305781250002 1 0.168615065625
0 1 0.2731709453125 0.9750329000000001 0.272299075 0.9734651484375 0.317193584375 1 0.3181202015625 1 0.2731709453125
0 0.9766997859375 0.30851212031249997 0.9532765624999999 0.3076941640625 0.952083709375 0.34185302968750003 0.97550693125 0.34267098749999997 0.9766997859375 0.30851212031249997
0 0.872480384375 0.32685874843749996 0.8500331296875 0.32607487343749997 0.8494196625000001 0.34364229062499996 0.8718669171875 0.344426165625 0.872480384375 0.32685874843749996
0 0.891301065625 0.34754771562500003 0.863973971875 0.3465934328125 0.8630196890624999 0.373920525 0.8903467828125 0.37487480781250004 0.891301065625 0.34754771562500003
0 0.9522231250000001 0.407816046875 0.9395355453124999 0.40737298749999995 0.938922078125 0.4249404046875 0.9516096562499999 0.42538346406249994 0.9522231250000001 0.407816046875
0 0.9928729484375 0.41900714843750003 0.9684737578125 0.41815510937499994 0.9675876375 0.4435302671875 0.991986828125 0.44438230624999997 0.9928729484375 0.41900714843750003
0 1 0.3699095640625 0.9823944718750001 0.3692947640625 0.981065290625 0.4073575015625 1 0.40801871562500003 1 0.3699095640625
0 0.9361754250000001 0.43363890937500005 0.8698096281250001 0.43132136406250005 0.8674920828125 0.49768716093750004 0.9338578796875 0.50000470625 0.9361754250000001 0.43363890937500005
0 0.954302078125 0.5021843687499999 0.8986719234375 0.5002417218749999 0.8967292765625 0.555871875 0.9523594296875 0.5578145234375 0.954302078125 0.5021843687499999
0 0.941032003125 0.6023682171875 0.99666215625 0.604310865625 0.998536640625 0.550632646875 0.9429064875 0.5486899984375 0.941032003125 0.6023682171875
0 1 0.4427078171875 0.941792659375 0.440675171875 0.938077771875 0.547055640625 0.9966358281250001 0.5491005328125 1 0.452763246875 1 0.4427078171875
0 0.9793147140625 0.6393713375 0.9558914921874999 0.6385533796875 0.9547668015624999 0.6707603109375 0.9781900234375 0.67157826875 0.9793147140625 0.6393713375
0 0.967621678125 0.7503589921875 0.94419845625 0.749541034375 0.9436531515625 0.7651565171875 0.9670763734375001 0.7659744734375 0.967621678125 0.7503589921875
0 0.9544461156249999 0.749898890625 0.991532884375 0.7511939890625 0.9940208374999999 0.6799483546875 0.9569340687500001 0.67865325625 0.9544461156249999 0.749898890625
0 0.9442929671875 0.6488970859375 0.9267255515624999 0.6482836187500001 0.9256349421875001 0.6795145812500001 0.943202359375 0.68012805 0.9442929671875 0.6488970859375
0 0.7587862750000001 0.9243290625 0.7099878953125 0.9226249859375001 0.7076021875 0.9909427187500001 0.7564005671875 0.9926467953125 0.7587862750000001 0.9243290625
0 0.7717783109374999 1 0.7723057421874999 0.9848963749999999 0.741074778125 0.9838057656249999 0.7405092640625 1 0.7717783109374999 1
0 0.8856574203124999 0.9009105046875 0.8700419374999999 0.9003652000000001 0.8693943890625 0.918908584375 0.8850098703124999 0.9194538890624999 0.8856574203124999 0.9009105046875
0 0.9534407109374999 0.7786899359375 0.9046423296875 0.7769858578125 0.9030404984375 0.8228563359375001 0.951838878125 0.8245604125 0.9534407109374999 0.7786899359375
0 0.9006036671875 0.8926380203125 0.9864888171875 0.8956371953125 0.9900673781249999 0.793160596875 0.9041822296875001 0.7901614218749999 0.9006036671875 0.8926380203125
0 0.6787972734375 0.4446828 0.653422115625 0.44379667968750003 0.652638240625 0.466243934375 0.6780133984375001 0.4671300546875 0.6787972734375 0.4446828
0 0.8513653781249999 0.5117813703125 0.830870059375 0.5110656578125 0.8301202640625001 0.5325369453125 0.850615584375 0.5332526578125 0.8513653781249999 0.5117813703125
0 0.6665542890625 0.543436778125 0.653866709375 0.5429937171875 0.6532532421874999 0.560561134375 0.6659408203125 0.56100419375 0.6665542890625 0.543436778125
0 0.6052836609375001 0.5491144218749999 0.5818604390625 0.548296465625 0.5812128890625 0.56683985 0.6046361124999999 0.56765780625 0.6052836609375001 0.5491144218749999
0 0.8785530765624999 0.292870290625 0.851225984375 0.2919160078125 0.8502717015625001 0.3192431 0.87759879375 0.3201973828125 0.8785530765624999 0.292870290625
0 0.622559809375 0.753943690625 0.6020644890625 0.753227978125 0.601485103125 0.7698194265625 0.6219804234375 0.7705351390625 0.622559809375 0.753943690625
0 0.5848595734375001 0.7702160078125 0.5663161875 0.7695684593750001 0.565804965625 0.7842079734375 0.58434835 0.784855521875 0.5848595734375001 0.7702160078125
0 0.9681808937499999 0.97219333125 0.9837963750000001 0.9727386359375 0.9845120875 0.9522433156250001 0.9688966062500001 0.9516980109375 0.9681808937499999 0.97219333125
0 0.8491454140625001 0.701272453125 0.8306020296875 0.700624903125 0.8298522359374999 0.7220961906250001 0.8483956203125 0.722743740625 0.8491454140625001 0.701272453125
0 0.8683781625 0.7801166953124999 0.8508107453125 0.7795032281250001 0.8504358484375001 0.790238871875 0.8680032656250001 0.7908523390625 0.8683781625 0.7801166953124999
0 0.9908233703124999 0.7575207390625 0.9674001484374999 0.75670278125 0.9665821921875001 0.780126003125 0.9900054140625001 0.7809439609375 0.9908233703124999 0.7575207390625
0 0.9748934640625 0.360238403125 0.96025395 0.35972718124999997 0.9595041562500001 0.38119846874999996 0.9741436703125 0.38170969062500004 0.9748934640625 0.360238403125
0 0.889508634375 0.790626165625 0.8758450874999999 0.7901490234375 0.8750271296875001 0.813572246875 0.8886906765625 0.8140493875000001 0.889508634375 0.790626165625
0 0.6515754734375 0.8184721937500001 0.62229644375 0.8174497468749999 0.621921546875 0.828185390625 0.6512005750000001 0.8292078374999999 0.6515754734375 0.8184721937500001
0 0.8814979578125 0.7541915890625 0.8629545734375 0.753544040625 0.862307025 0.7720874249999999 0.880850409375 0.7727349734375 0.8814979578125 0.7541915890625
0 0.9362777109374999 0.12290631406250001 0.91871029375 0.1222928453125 0.9179264187499999 0.14474009999999998 0.9354938359375 0.14535356875 0.9362777109374999 0.12290631406250001