0 0.3504233390625 0.8440578437499999 0.28096824531250003 0.748461109375 0.194852178125 0.8110280937500001 0.264307271875 0.9066248296874999 0.3504233390625 0.8440578437499999
0 0.47840716250000004 0.9122196875 0.4066560328125 0.8134627296874999 0.3205399671875 0.8760297140625 0.392291096875 0.974786671875 0.47840716250000004 0.9122196875
0 0.539514221875 1 0.551926903125 0.9909816593749999 0.48935991874999996 0.90486559375 0.4166747984375 0.9576744250000001 0.44742612812500004 1 0.539514221875 1
0 0.6583062796875 1 0.672764171875 0.9894957265625001 0.602161059375 0.8923188812499999 0.506564325 0.9617739734375 0.5343371578125 1 0.6583062796875 1
0 0.63799840625 0.7962698625 0.5605071859375 0.6896123484375 0.446739171875 0.7722696499999999 0.524230390625 0.8789271624999999 0.63799840625 0.7962698625
0 0.471335746875 0.7604346796875 0.40073263593749997 0.6632578328125 0.311456346875 0.7281208546875 0.3820594578125 0.8252976999999999 0.471335746875 0.7604346796875
0 0.3905170046875 0.7056857546875 0.32278393906249997 0.6124591859375 0.221656815625 0.68593234375 0.28938988125 0.7791589109375 0.3905170046875 0.7056857546875
0 0.4030392 0.569239046875 0.3370281609375 0.4783826453125 0.2248402578125 0.5598919296875 0.290851296875 0.6507483296875 0.4030392 0.569239046875
0 0.5314424265625 0.6612381296875001 0.4413230078125 0.537199390625 0.3291351046875 0.6187086734375 0.419254521875 0.7427474125 0.5314424265625 0.6612381296875001
0 0.6856473578125 0.6234381921875001 0.6001200125 0.5057199 0.48240171875 0.5912472453125 0.567929065625 0.7089655390625 0.6856473578125 0.6234381921875001
0 0.794709075 0.7735487671875 0.7022936203125 0.64634980625 0.559293546875 0.7502454421875 0.6517090015625 0.877444403125 0.794709075 0.7735487671875
0 0.789751540625 0.6304882640625 0.7300546015625 0.5483224765625 0.6463087015625 0.6091674328125001 0.7060056421875001 0.691333221875 0.789751540625 0.6304882640625
0 0.9335396515625 0.680528584375 0.8549004140625 0.572290959375 0.7237511750000001 0.667576459375 0.8023904125 0.775814084375 0.9335396515625 0.680528584375
0 0.6987173125 0.843290865625 0.7607102890624999 0.9286168765625 0.8973899171875 0.8293133140625001 0.8353969421875 0.743987303125 0.6987173125 0.843290865625
0 1 0.69557775 0.9994436765625 0.6948120359375001 0.9022668312500001 0.765415146875 0.9309672828125001 0.8049179296875 1 0.754762725 1 0.69557775
0 0.0456490578125 0.6737861374999999 0.0211573328125 0.69158041875 0.0791322453125 0.771376040625 0.1036239703125 0.753581759375 0.0456490578125 0.6737861374999999
0 0.16855434687499998 0.17588767031250002 0.1432979484375 0.141125221875 0.06745260625 0.1962300890625 0.092709003125 0.2309925375 0.16855434687499998 0.17588767031250002
0 0.337540153125 0 0.33251627968749997 0.0036500578125000004 0.3577726765625 0.03841250625 0.41064295624999997 0 0.337540153125 0
0 0.6799408734375 0.16949064375 0.57317519375 0.022540292187499998 0.4404458421875 0.11897380937499999 0.5472115234375 0.2659241625 0.6799408734375 0.16949064375
0 0.6747664265625 0.3301727921875 0.5944051625 0.219565 0.4822172578125 0.30107428281250004 0.5625785234375 0.411682075 0.6747664265625 0.3301727921875
0 0.5264742203125 0.39023303125000003 0.4656292625 0.30648713125 0.361341915625 0.3822563234375 0.42218687343749994 0.4660022234375 0.5264742203125 0.39023303125000003
0 0.42928886562499996 0.40350518593749995 0.3615557984375 0.31027861875 0.2572684515625 0.38604781093749996 0.32500151875 0.47927437968750003 0.42928886562499996 0.40350518593749995
0 0.3265509109375 0.4672848015625 0.2628359078125 0.3795886234375 0.160128671875 0.45420979843750003 0.223843675 0.5419059765625 0.3265509109375 0.4672848015625
0 0.200049846875 0.5266015687500001 0.124280653125 0.4223142203125 0.0097225828125 0.50554553125 0.085491775 0.609832878125 0.200049846875 0.5266015687500001
0 0.2531753921875 0.6877782578125 0.159037909375 0.5582091296875 0.0500102296875 0.6374223765625 0.1441477109375 0.7669915046875 0.2531753921875 0.6877782578125
0 0.7480013265625 0.4791533765625 0.6883043859375 0.3969875890625 0.6061385984375 0.456684528125 0.6658355375 0.5388503171875 0.7480013265625 0.4791533765625
0 0.593191665625 0.5053216984375 0.52832864375 0.416045409375 0.4232512421875 0.4923886109375 0.4881142625 0.5816649 0.593191665625 0.5053216984375
0 0.276813315625 0.3531376234375 0.1964520515625 0.24252983125 0.08031386874999999 0.326909159375 0.160675134375 0.43751695156250003 0.276813315625 0.3531376234375
0 0.3317634328125 0.2269065453125 0.26288234843749997 0.1320998671875 0.16254527968750002 0.20499901406249998 0.2314263640625 0.29980569375 0.3317634328125 0.2269065453125
0 0.467033565625 0.29762071093750003 0.3746181109375 0.1704217484375 0.260060040625 0.253653059375 0.3524754953125 0.3808520203125 0.467033565625 0.29762071093750003
0 0.339201578125 0 0.2126068 0.09197649062499999 0.302152209375 0.2152251734375 0.4293511703125 0.12280971874999999 0.3401246875 0 0.339201578125 0
0 0.8512338234374999 0.3570737703125 0.7312659359375 0.1919521375 0.623028309375 0.270591375 0.7429961984375 0.43571300781250005 0.8512338234374999 0.3570737703125
0 0.8766057437500001 0.525740125 0.7933744328125 0.411182053125 0.6772362515625 0.4955613828125 0.7604675624999999 0.610119453125 0.8766057437500001 0.525740125
0 1 0.49952931874999995 0.9592131437500001 0.44339102812500003 0.8320141828125 0.5358064828125 0.930169728125 0.670906 1 0.6201713375 1 0.49952931874999995
0 1 0.3660772859375 0.9416751484375 0.40845277187500006 1 0.48873004218749994 1 0.3660772859375
0 1 0.337540153125 0.9555953015625 0.276422328125 0.9058217953125001 0.312584896875 0.964944725 0.3939606296875 1 0.36849148125000003 1 0.337540153125
0 0.856617971875 0.2083102421875 0.8890102531249999 0.1847758703125 0.829887321875 0.10340013749999999 0.797495040625 0.126934509375 0.856617971875 0.2083102421875
0 0.853470440625 0.184040909375 0.7403906609375001 0.02839994375 0.60371103125 0.12770350625 0.7167908109375001 0.283344471875 0.853470440625 0.184040909375
0 0.5441241875 0 0.6254375624999999 0.1119182578125 0.7581669125 0.015484740625000002 0.7469165906249999 0 0.5441241875 0