0 0.4618444609375 0.44242888125 0.40611076874999996 0.41877133281249995 0.37405860468749996 0.4942814953125 0.4297922984375 0.5179390453125 0.4618444609375 0.44242888125
0 0.65062076875 0.448827203125 0.607472103125 0.43051168124999994 0.5868671421875 0.4790539296875 0.6300158062500001 0.49736945 0.65062076875 0.448827203125
0 0.5983641015625001 0.6144246515625 0.5588111578125 0.5976354234375 0.5435482234375 0.6335926453125 0.5831011671875 0.6503818734375 0.5983641015625001 0.6144246515625
0 0.75224368125 0.61555828125 0.733366140625 0.607545240625 0.7238268062500001 0.630018503125 0.742704346875 0.63803154375 0.75224368125 0.61555828125
0 0.87674405625 0.2610204125 0.8371911140625 0.24423118437500002 0.8223097515625 0.279289475 0.8618626953125 0.296078703125 0.87674405625 0.2610204125
0 0.8444513484374999 0.174641403125 0.7905155171875 0.1517470015625 0.76952898125 0.2011881796875 0.8234648124999999 0.22408258281250001 0.8444513484374999 0.174641403125
0 0.831420303125 0.151605221875 0.85088054375 0.105759765625 0.7609874921875 0.06760242968749999 0.7415272500000001 0.11344788593749999 0.831420303125 0.151605221875
0 0.8719890749999999 0.128511490625 0.8769495296875001 0.11682539375 0.862566640625 0.11072022031249999 0.8576061875000001 0.12240631718749999 0.8719890749999999 0.128511490625
0 0.7421778437500001 0.06067910625 0.710715275 0.0473240375 0.702702234375 0.06620157812500001 0.734164803125 0.079556646875 0.7421778437500001 0.06067910625
0 0.5831160015625 0.22921134375 0.5507545015625 0.215474703125 0.5328205546875 0.25772443749999996 0.565182053125 0.27146107812500003 0.5831160015625 0.22921134375
0 0.2883226921875 0.027694293749999998 0.265849428125 0.018154959374999998 0.25020492031249997 0.055011110937499996 0.2726781828125 0.06455044531250001 0.2883226921875 0.027694293749999998
0 0.378534521875 0.1763204203125 0.3254976203125 0.153807590625 0.29955063125 0.214934865625 0.3525875328125 0.23744769531249998 0.378534521875 0.1763204203125
0 0.1315829609375 0.16326344843750001 0.10461504531250002 0.151816246875 0.089733684375 0.1868745375 0.1167016 0.1983217390625 0.1315829609375 0.16326344843750001
0 0.10729804999999999 0.22297443593750002 0.08392585625 0.21305352812499997 0.07514966875 0.23372892968749998 0.0985218625 0.24364983750000002 0.10729804999999999 0.22297443593750002
0 0.21009670468750002 0.2294784171875 0.15795873437500002 0.2073471625 0.1289591578125 0.2756658828125 0.181097128125 0.29779713750000003 0.21009670468750002 0.2294784171875
0 0.1479278203125 0.23597715468749997 0.1119706 0.22071422031250001 0.0970892390625 0.25577251093750003 0.13304645937499998 0.2710354453125 0.1479278203125 0.23597715468749997
0 0.115449421875 0.2625050484375 0.076795409375 0.24609739375 0.06305876875000001 0.27845889218750003 0.10171278125000001 0.29486654687499997 0.115449421875 0.2625050484375
0 0.16756760937499998 0.3159244203125 0.07587669687500001 0.2770039375 0.0487849875 0.34082800468749996 0.14047590000000001 0.3797484875 0.16756760937499998 0.3159244203125
0 0.042379021875 0.3609181578125 0.0235014796875 0.352905115625 0.0112911328125 0.38167089375 0.030168673437499998 0.389683934375 0.042379021875 0.3609181578125
0 0.3007527546875 0.5432628687500001 0.2692901875 0.5299077999999999 0.256698265625 0.5595725078125 0.288160834375 0.572927575 0.3007527546875 0.5432628687500001
0 0.608671678125 0.7026109640625 0.5754112499999999 0.68849275 0.5616746078125 0.7208542484375 0.5949350375 0.7349724640625 0.608671678125 0.7026109640625
0 0.5807807046875 0.8133057609375 0.551115996875 0.8007138390625 0.5377609296875 0.8321764078125 0.5674256359375 0.844768328125 0.5807807046875 0.8133057609375
0 0.6530569359375 0.8742208171874999 0.624291159375 0.86201046875 0.6120808125 0.8907762453125001 0.6408465890625 0.90298659375 0.6530569359375 0.8742208171874999
0 0.5688668031249999 0.927599725 0.5338085125 0.9127183640625001 0.518545578125 0.948675584375 0.55360386875 0.963556946875 0.5688668031249999 0.927599725
0 0.6264095968750001 0.825778234375 0.5841598609374999 0.8078442859375 0.5654627671875 0.85189188125 0.6077125015625 0.8698258296875 0.6264095968750001 0.825778234375
0 0.8393822421875001 0.8763960531249999 0.791738925 0.856172665625 0.7707523890625 0.90561384375 0.8183957078124999 0.9258372328125001 0.8393822421875001 0.8763960531249999
0 0.8789644109375001 0.8831191484375 0.8475018421874999 0.8697640796874999 0.82384429375 0.9254977734375001 0.8553068609375 0.938852840625 0.8789644109375001 0.8831191484375
0 0.26132435625 0.6548952625 0.2028938734375 0.63009299375 0.17999947031250002 0.6840288250000001 0.2384299546875 0.70883109375 0.26132435625 0.6548952625
0 0.22691576093750002 0.66097720625 0.20174570625000002 0.6502931515625 0.1902985046875 0.6772610671875 0.215468559375 0.687945121875 0.22691576093750002 0.66097720625
0 0.15090712343749998 0.6700885078125001 0.12393920781250001 0.6586413062500001 0.107531553125 0.69729531875 0.13449946875000002 0.7087425203125 0.15090712343749998 0.6700885078125001
0 0.154787303125 0.6796922859375 0.072984625 0.6449691093750001 0.0466560625 0.7069953156250001 0.128458740625 0.7417184921875 0.154787303125 0.6796922859375
0 0.11577749531249999 0.6716207953125 0.0915063703125 0.661318315625 0.08158546250000001 0.6846905078125001 0.1058565875 0.6949929890625001 0.11577749531249999 0.6716207953125