0 0.46044921875 0.4169921875 0.40673828125 0.4169921875 0.40673828125 0.482421875 0.46044921875 0.482421875 0.46044921875 0.4169921875
0 0.90087890625 0.28369140625 0.76904296875 0.28369140625 0.76904296875 0.45263671875 0.90087890625 0.45263671875 0.90087890625 0.28369140625
0 0.744140625 0.3359375 0.6689453125 0.3359375 0.6689453125 0.4140625 0.744140625 0.4140625 0.744140625 0.3359375
0 0.6669921875 0.27734375 0.6123046875 0.27734375 0.6123046875 0.3154296875 0.6669921875 0.3154296875 0.6669921875 0.27734375
0 0.666015625 0.5244140625 0.5654296875 0.5244140625 0.5654296875 0.607421875 0.666015625 0.607421875 0.666015625 0.5244140625
0 0.8642578125 0.767578125 0.7138671875 0.767578125 0.7138671875 0.884765625 0.8642578125 0.884765625 0.8642578125 0.767578125
0 0.84423828125 0.91845703125 0.78955078125 0.91845703125 0.78955078125 0.96826171875 0.84423828125 0.96826171875 0.84423828125 0.91845703125
0 0.65576171875 0.849609375 0.50341796875 0.849609375 0.50341796875 0.9345703125 0.65576171875 0.9345703125 0.65576171875 0.849609375
0 0.57373046875 0.92333984375 0.49169921875 0.92333984375 0.49169921875 0.97314453125 0.57373046875 0.97314453125 0.57373046875 0.92333984375
0 0.59228515625 1 0.59228515625 0.951171875 0.36181640625 0.951171875 0.36181640625 1 0.59228515625 1
0 0.48876953125 0.9619140625 0.42529296875 0.9619140625 0.42529296875 0.9931640625 0.48876953125 0.9931640625 0.48876953125 0.9619140625
0 0.5654296875 0.7060546875 0.5224609375 0.7060546875 0.5224609375 0.7880859375 0.5654296875 0.7880859375 0.5654296875 0.7060546875
0 0.8896484375 0 0.8896484375 0.0869140625 1 0.0869140625 1 0 0.8896484375 0
0 0.8076171875 0.0166015625 0.7578125 0.0166015625 0.7578125 0.0498046875 0.8076171875 0.0498046875 0.8076171875 0.0166015625
0 1 0.23046875 0.9609375 0.23046875 0.9609375 0.298828125 1 0.298828125 1 0.23046875
0 0.72412109375 0.10546875 0.67529296875 0.10546875 0.67529296875 0.138671875 0.72412109375 0.138671875 0.72412109375 0.10546875
0 0.09130859375 0.29541015625 0.03271484375 0.29541015625 0.03271484375 0.34423828125 0.09130859375 0.34423828125 0.09130859375 0.29541015625
0 0.27978515625 0.85302734375 0.22802734375 0.85302734375 0.22802734375 0.90478515625 0.27978515625 0.90478515625 0.27978515625 0.85302734375
0 0.0732421875 0.6845703125 0.0263671875 0.6845703125 0.0263671875 0.7548828125 0.0732421875 0.7548828125 0.0732421875 0.6845703125
0 0 0.60302734375 0.0263671875 0.60302734375 0.0263671875 0.58251953125 0 0.58251953125 0 0.60302734375
0 0 0.484375 0.0224609375 0.484375 0.0224609375 0.4375 0 0.4375 0 0.484375
0 0.91943359375 0.58447265625 0.86767578125 0.58447265625 0.86767578125 0.63427734375 0.91943359375 0.63427734375 0.91943359375 0.58447265625
0 0.51904296875 0.484375 0.47021484375 0.484375 0.47021484375 0.517578125 0.51904296875 0.517578125 0.51904296875 0.484375
0 0.66064453125 0.11865234375 0.61572265625 0.11865234375 0.61572265625 0.16357421875 0.66064453125 0.16357421875 0.66064453125 0.11865234375