0 0.682275296875 0.0911866140625 0.65112666875 0.0498509875 0.621489803125 0.072183965625 0.6526384328125 0.11351959375000001 0.682275296875 0.0911866140625
0 0.6544643671875 0.2295313703125 0.6374207765625 0.2069137640625 0.6202625921875 0.21984338281250002 0.6373061812499999 0.242460990625 0.6544643671875 0.2295313703125
0 0.3143614 1 0.33498635781249997 0.9844579781249999 0.3038377296875 0.9431223515625 0.273420946875 0.966043040625 0.29900935156249997 1 0.3143614 1
0 0.5532024875 0.749098584375 0.5179398875000001 0.7023035359375001 0.4789440140625 0.731689034375 0.5142066125 0.7784840843749999 0.5532024875 0.749098584375
0 0.5138074640625 0.6027032875 0.46679066562499993 0.5403098875000001 0.40517718281250004 0.5867389765625 0.4521939828125 0.649132375 0.5138074640625 0.6027032875
0 0.6272780546875001 0.556937696875 0.601418815625 0.522621328125 0.5655426109375 0.5496559875 0.59140185 0.58397235625 0.6272780546875001 0.556937696875
0 0.7324800765624999 0.3963468375 0.701331446875 0.3550112109375 0.6490769750000001 0.3943877796875 0.6802256046874999 0.43572340625 0.7324800765624999 0.3963468375
0 0.7314561609375 0.5475214265624999 0.7044215015625 0.5116452218750001 0.6560666171875 0.5480832421875 0.6831012765625 0.583959446875 0.7314561609375 0.5475214265624999
0 0.8146190203125 0.4866879 0.770540771875 0.4281940890625 0.7175063828125 0.4681583671875 0.7615846312500001 0.5266521796875 0.8146190203125 0.4866879
0 0.8936974531249999 0.5194185765625 0.8643119531250001 0.4804227015625 0.8058181421875 0.52450095 0.8352036406250001 0.563496825 0.8936974531249999 0.5194185765625
0 0.90668619375 0.6056197734375 0.8725990140625 0.560384559375 0.8203445421875 0.599761128125 0.854431721875 0.6449963421875 0.90668619375 0.6056197734375
0 0.9665494546875 0.6485503578125 0.92834830625 0.597855721875 0.8854528453125001 0.6301797703124999 0.92365399375 0.6808744078125 0.9665494546875 0.6485503578125
0 0.6953026953125 0.710494565625 0.6712065859375 0.67851795 0.6376701328125 0.703789478125 0.6617662421875 0.7357660953125 0.6953026953125 0.710494565625
0 0.9196398109375 0.7193601843749999 0.8702721718750001 0.653847115625 0.8234771234375 0.6891097140625 0.8728447609375 0.7546227828125 0.9196398109375 0.7193601843749999
0 1 0.6820374234375 0.9561536187499999 0.7150780421875 0.9884776687500001 0.7579735046875 1 0.7492908046875 1 0.6820374234375
0 0.5205957828125001 0.323683246875 0.4947365421875 0.289366878125 0.46042017343749997 0.31522611718750004 0.48627941249999995 0.3495424859375 0.5205957828125001 0.323683246875
0 0.46862411562500006 0.2295627359375 0.439238615625 0.1905668609375 0.4057021640625 0.21583839062500002 0.43508766249999997 0.254834265625 0.46862411562500006 0.2295627359375
0 0.6018292 0.18726796875 0.529540871875 0.0913381171875 0.4281515984375 0.167740415625 0.5004399265624999 0.26367026718750003 0.6018292 0.18726796875
0 0.45440449843749997 0 0.4475091203125 0.005196040625 0.4845348484375 0.05433084218749999 0.5566343109375 0 0.45440449843749997 0
0 0.5477094874999999 0 0.48559199062499997 0.0468088921875 0.534959628125 0.11232196093749999 0.6059321203125 0.058840353125 0.561592734375 0 0.5477094874999999 0
0 0.4348215640625 0.1376470671875 0.4107254546875 0.10567045 0.382648425 0.126828009375 0.406744534375 0.1588046265625 0.4348215640625 0.1376470671875
0 0.398292984375 0.092417396875 0.37008290625 0.0549813578125 0.34902513281249997 0.0708495265625 0.3772352125 0.108285565625 0.398292984375 0.092417396875
0 0.2535998359375 0.10729677343749999 0.2324422765625 0.07921974375 0.198905825 0.104491271875 0.220063384375 0.1325683015625 0.2535998359375 0.10729677343749999
0 0.410743909375 0.1998112765625 0.3825338296875 0.1623752359375 0.329499440625 0.202339515625 0.35770951875 0.2397755546875 0.410743909375 0.1998112765625
0 0.155047428125 0.3148453109375 0.1150831484375 0.261810921875 0.06282867656249999 0.301187490625 0.10279295625 0.35422187968749996 0.155047428125 0.3148453109375
0 0.2009757203125 0.198920409375 0.169827090625 0.1575847828125 0.11757261875 0.1969613515625 0.1487212484375 0.238296978125 0.2009757203125 0.198920409375
0 0.07427425 0.26688406875 0.0413624921875 0.22320868906250002 0.010945709375 0.24612937812500002 0.04385746875 0.2898047578125 0.07427425 0.26688406875
0 0.191516775 0.6780446859375 0.168596084375 0.647627903125 0.143638725 0.6664346234375 0.16655941406250002 0.6968514046875 0.191516775 0.6780446859375
0 0.18906610937499999 0.75998405625 0.152628090625 0.7116291703125001 0.0816556 0.7651107796875001 0.11809361874999999 0.8134656640625 0.18906610937499999 0.75998405625
0 0.421736534375 0.697150878125 0.3905879046875 0.6558152515625 0.353151865625 0.68402533125 0.38430049374999997 0.7253609578125 0.421736534375 0.697150878125
0 0.3018122578125 0.6102159359375 0.2747775984375 0.57433973125 0.2537198265625 0.5902079015624999 0.2807544859375 0.62608410625 0.3018122578125 0.6102159359375
0 0.311520559375 0.627967375 0.2409953625 0.5343772765625 0.1793818796875 0.580806365625 0.249907078125 0.6743964640625 0.311520559375 0.627967375
0 0.70769818125 0.793474446875 0.6824266515625 0.75993799375 0.6465504484375 0.7869726531250001 0.6718219765625 0.82050910625 0.70769818125 0.793474446875
0 0.7810621421875 0.8470189328125001 0.7528520624999999 0.80958289375 0.71853569375 0.8354421328124999 0.7467457734375 0.8728781718749999 0.7810621421875 0.8470189328125001
0 0.781505678125 0.913326690625 0.7374274296875 0.8548328796875 0.6680147734374999 0.9071390671874999 0.712093021875 0.9656328796875 0.781505678125 0.913326690625
0 0.6672976609375 1 0.6815801359375 0.9892373828125001 0.6521946359374999 0.9502415078125 0.5960405765625 0.9925566265624999 0.6016495609375 1 0.6672976609375 1
0 0.36028947499999997 0.4298092484375 0.34148275625 0.4048518890625 0.3040467171875 0.43306196874999997 0.32285343593750004 0.45801932812499996 0.36028947499999997 0.4298092484375
0 0.31281433281250004 0.38060051875 0.280490284375 0.33770505625 0.2539730890625 0.3576871953125 0.2862971390625 0.4005826578125 0.31281433281250004 0.38060051875
0 0.722784684375 0.470294825 0.69163605625 0.42895919843749997 0.6386016671875 0.4689234765625 0.6697502953125001 0.510259103125 0.722784684375 0.470294825
0 0.8188234765625 0.7470305859375 0.7859117171875 0.7033552078125 0.7539351 0.7274513171875 0.786846859375 0.7711266953125 0.8188234765625 0.7470305859375
0 0.13945450937499998 0.7160536265624999 0.11124443125000001 0.6786175875 0.069908803125 0.7097662171875 0.0981188828125 0.74720225625 0.13945450937499998 0.7160536265624999
0 0.46127573125000004 0.7780183359375 0.44129359218750003 0.7515011406250001 0.42023581875 0.7673693109374999 0.44021795937499997 0.79388650625 0.46127573125000004 0.7780183359375
0 0.47731025000000005 0.7433138671874999 0.4520387203125 0.709777415625 0.4309809484375 0.7256455859375001 0.45625247812499997 0.7591820375 0.47731025000000005 0.7433138671874999
0 0.39593462968750004 0.51605665625 0.3747770703125 0.4879796265625 0.350599628125 0.5061986359375 0.3717571875 0.534275665625 0.39593462968750004 0.51605665625
0 0.3226538984375 0.24112469062500003 0.305610309375 0.21850708437500002 0.27519352656249996 0.24142777343750002 0.2922371171875 0.2640453796875 0.3226538984375 0.24112469062500003
0 0.812861509375 0.2287810703125 0.79287936875 0.202263875 0.7687019265624999 0.22048288437500002 0.7886840671875001 0.24700007968749998 0.812861509375 0.2287810703125
0 0.248905375 0.7063324140625 0.2300986546875 0.6813750546875 0.1981220375 0.7054711640625 0.2169287578125 0.7304285234375001 0.248905375 0.7063324140625
0 0.606577015625 0.42885937343749997 0.59129655625 0.40858151875 0.5710187015625 0.423861978125 0.5862991609375 0.44413983281249997 0.606577015625 0.42885937343749997
0 0.1498134375 0.4612442921875 0.12983129843750002 0.434727096875 0.088495671875 0.4658757265625 0.1084778109375 0.4923929203125 0.1498134375 0.4612442921875
0 0.1754047171875 0.42056107656249997 0.152484028125 0.39014429375000004 0.125966834375 0.41012643437499996 0.1488875234375 0.440543215625 0.1754047171875 0.42056107656249997
0 0.85038993125 0.284262403125 0.8304077921875 0.2577452078125 0.7984311749999999 0.2818413171875 0.8184133140625001 0.3083585125 0.85038993125 0.284262403125
0 0.926320975 0.30713691875000004 0.9039879953125001 0.2775000546875 0.8743511312500001 0.29983303437500003 0.8966841109375 0.3294698984375 0.926320975 0.30713691875000004
0 0.9982618703125 0.3360751984375 0.98121828125 0.31345759218749997 0.9601605093750001 0.3293257609375 0.9772040984375 0.35194336875 0.9982618703125 0.3360751984375
0 0 0.6307870109375 0.009797896875 0.643789259375 0.053473276562500005 0.6108775015625 0.0235000671875 0.5711017093749999 0 0.5888102796875 0 0.6307870109375