0 0.5787457703125 0.5152509171874999 0.5922631 0.5331890203125 0.6070815328125 0.5220225296875001 0.5935642031249999 0.504084428125 0.5787457703125 0.5152509171874999
0 0.6267624875 0.3298875015625 0.6379289781249999 0.34470593437499997 0.6550871625 0.33177631406249997 0.643920671875 0.31695788125 0.6267624875 0.3298875015625
0 0.7206833875 0.319029675 0.7318498765625 0.3338481078125 0.74822814375 0.32150619687500004 0.7370616546875 0.306687765625 0.7206833875 0.319029675
0 0.794363340625 0.511733959375 0.80552983125 0.5265523921875 0.8219080984374999 0.5142104828125 0.8107416078125 0.49939205 0.794363340625 0.511733959375
0 0.8293616640625 0.5281584375 0.8422912828125 0.545316621875 0.85554988125 0.5353255515625001 0.8426202609375 0.5181673671875 0.8293616640625 0.5281584375
0 0.8541397640625 0.47341453125 0.8694202234375 0.4936923859375 0.88423865625 0.482525896875 0.868958196875 0.46224804218750004 0.8541397640625 0.47341453125
0 0.8405688578125 0.3888748171875 0.8511476375000001 0.40291333125 0.8651861515625001 0.39233455156249997 0.854607371875 0.3782960375 0.8405688578125 0.3888748171875
0 0.9178860203125 0.377078128125 0.9278770890624999 0.390336725 0.9411356859375 0.38034565468750003 0.9311446171875 0.3670870578125 0.9178860203125 0.377078128125
0 0.71894250625 0.06844704375 0.7289335765625 0.08170564218750001 0.743752009375 0.0705391515625 0.7337609390625001 0.0572805546875 0.71894250625 0.06844704375
0 0.629457509375 0 0.6409896015625 0.015303603125 0.658927703125 0.0017862734375 0.65758165 0 0.629457509375 0
0 0.6704786078125 0.0138694515625 0.684583646875 0.0325874703125 0.697062328125 0.0231841109375 0.6829572875000001 0.0044660921875 0.6704786078125 0.0138694515625
0 0.4517894015625 0.08389746249999999 0.4641313109375 0.10027572968750001 0.4773899078125 0.09028465937499999 0.4650479984375 0.0739063921875 0.4517894015625 0.08389746249999999
0 0.4652365234375 0.0279097515625 0.4805169828125 0.04818760625 0.5023546718749999 0.0317317265625 0.48707421249999994 0.011453871875 0.4652365234375 0.0279097515625
0 0.5324092140625 0.0213118921875 0.5406371546875001 0.0322307375 0.552335915625 0.0234150875 0.5441079765625 0.0124962421875 0.5324092140625 0.0213118921875
0 0.2683498828125 0.10902109687499999 0.2795163734375 0.1238395296875 0.295894640625 0.11149761875 0.28472814999999996 0.0966791875 0.2683498828125 0.10902109687499999
0 0.31518928281249997 0.09328969687500001 0.32518035312500004 0.10654829531250001 0.3376590328125 0.097144934375 0.32766796249999997 0.08388633749999999 0.31518928281249997 0.09328969687500001
0 0.28726007343750004 0.22255266875 0.2960757234375 0.23425143125 0.31089415625 0.223084940625 0.30207850625 0.211386178125 0.28726007343750004 0.22255266875
0 0.2580556578125 0.30631060468750004 0.2715729859375 0.3242487078125 0.284831584375 0.3142576375 0.2713142546875 0.2963195359375 0.2580556578125 0.30631060468750004
0 0.1610021390625 0.356824084375 0.1698177890625 0.36852284687500003 0.18619605625 0.3561809375 0.17738040625 0.344482175 0.1610021390625 0.356824084375
0 0.1216976390625 0.33630781249999997 0.13051328906249998 0.348006575 0.14689155625 0.335664665625 0.13807590625 0.323965903125 0.1216976390625 0.33630781249999997
0 0.033696365625 0.2876793875 0.04486285625 0.3024978203125 0.0550017828125 0.294857590625 0.04383529375 0.2800391578125 0.033696365625 0.2876793875
0 0.1632754046875 0.19675991718750002 0.173854184375 0.21079843125000003 0.1878926984375 0.20021965156250002 0.17731391875 0.1861811375 0.1632754046875 0.19675991718750002
0 0.18052969375 0.1831464828125 0.18934534218750002 0.1948452453125 0.20572361093749997 0.1825033359375 0.19690796093750002 0.1708045734375 0.18052969375 0.1831464828125
0 0.18501505625 0.4811839421875 0.1955938359375 0.49522245624999994 0.20963235 0.48464367656249996 0.19905357031249998 0.47060516249999995 0.18501505625 0.4811839421875
0 0.50263539375 0.7144476937500001 0.5132141734375 0.7284862078125001 0.529592440625 0.7161442984375 0.5190136609375 0.702105784375 0.50263539375 0.7144476937500001
0 0.529222796875 0.7683913671875 0.5398015765624999 0.78242988125 0.55228025625 0.773026521875 0.5417014765625 0.75898800625 0.529222796875 0.7683913671875
0 0.324065690625 0.9058692921875 0.33934615 0.9261471468750001 0.3611838390625 0.9096912671874999 0.3459033796875 0.8894134125000001 0.324065690625 0.9058692921875
0 0.3295158484375 0.9836891484375 0.3383314984375 0.9953879109375 0.3515900953125 0.9853968406250001 0.3427744453125 0.9736980796875001 0.3295158484375 0.9836891484375
0 0.38575999843750003 1 0.402181225 0.98762571875 0.3916024453125 0.9735872046875 0.3736643421875 0.987104534375 0.3833817734375 1 0.38575999843750003 1
0 0.1879294953125 0.7755140203125 0.200859115625 0.7926722046875 0.2141177125 0.7826811359375 0.20118809375 0.76552295 0.1879294953125 0.7755140203125
0 0.2561371171875 0.8806328484374999 0.2661281859375 0.8938914468749999 0.27938678437500003 0.8839003765625 0.26939571406249996 0.8706417796875 0.2561371171875 0.8806328484374999
0 0.1757853 0.8892137640625 0.1857763703125 0.9024723609375 0.1990349671875 0.8924812921875 0.1890438984375 0.8792226953125001 0.1757853 0.8892137640625
0 0.2085048515625 0.9342567718750001 0.21790821249999998 0.9467354515625 0.2342864796875 0.9343935421875 0.22488311875 0.9219148609375001 0.2085048515625 0.9342567718750001
0 0.378968578125 0.7856271265625 0.3854333875 0.7942062187500001 0.40337148906250003 0.7806888890625 0.3969066796875 0.7721097968749999 0.378968578125 0.7856271265625
0 0.38347805 0.79323409375 0.3940568296875 0.8072726093749999 0.41199493125000003 0.7937552796875 0.4014161515625 0.7797167640625 0.38347805 0.79323409375
0 0.8274487781250001 0.7179093640625 0.8380275578124999 0.731947878125 0.8497263203125 0.723132228125 0.8391475406250001 0.7090937140625 0.8274487781250001 0.7179093640625
0 0.9386054749999999 0.7283015171875 0.946833415625 0.7392203609375 0.9593120953125001 0.7298170015625 0.9510841546875 0.7188981562500001 0.9386054749999999 0.7283015171875
0 1 0.45927258593750003 0.9901133671875 0.4461525796875 0.9799744390624999 0.453792809375 0.991140928125 0.46861124218750005 1 0.461935453125 1 0.45927258593750003
0 0.9106726578125001 0.554926996875 0.9177251765625 0.5642860062499999 0.930983775 0.5542949375 0.9239312546875 0.5449359281249999 0.9106726578125001 0.554926996875
0 0.8174023453125001 0.42222828906250004 0.8250425765625 0.43236721562499997 0.83752125625 0.42296385625 0.8298810265625001 0.41282492968750006 0.8174023453125001 0.42222828906250004
0 0.956321903125 0.3591197109375 0.966312971875 0.3723783078125 0.9787916531249999 0.3629749484375 0.9688005828125 0.3497163515625 0.956321903125 0.3591197109375
0 0.89506329375 0.30378991875 0.90387894375 0.31548868125 0.9171375421875 0.3054976109375 0.9083218921875 0.29379885 0.89506329375 0.30378991875
0 0.7839010171874999 0.4199606046875 0.79506750625 0.43477903749999997 0.8059863515625001 0.42655109687500004 0.7948198609375 0.41173266562500005 0.7839010171874999 0.4199606046875
0 0.4403068078125 0.3169319484375 0.44853474687499995 0.32785079375000004 0.46179334531249994 0.31785972500000004 0.4535654046875 0.3069408796875 0.4403068078125 0.3169319484375
0 0.42639765937499996 0.3414753140625 0.43168704843750005 0.348494571875 0.4410460578125 0.341442053125 0.43575666875 0.33442279531249997 0.42639765937499996 0.3414753140625
0 0.44665891875 0.1898664171875 0.454886859375 0.2007852609375 0.46424586874999996 0.1937327421875 0.4560179296875 0.182813896875 0.44665891875 0.1898664171875
0 0.567804825 0.2557047796875 0.5754450546875 0.2658437078125 0.5863639 0.2576157671875 0.5787236703125 0.247476840625 0.567804825 0.2557047796875
0 0.5590002265625 0.37789305624999997 0.5654650359375 0.3864721484375 0.5771637984375 0.37765649843750004 0.5706989890624999 0.36907740625 0.5590002265625 0.37789305624999997
0 0.56175765625 0.388043071875 0.57057330625 0.39974183281250003 0.5768126453125 0.39504015312499996 0.5679969953125 0.383341390625 0.56175765625 0.388043071875
0 0.5600351546875 0.48960974375 0.5653245453125 0.4966290015625 0.5817028125 0.4842870921875 0.576413421875 0.477267834375 0.5600351546875 0.48960974375
0 0.597469371875 0.3745830390625 0.6074604406249999 0.3878416359375 0.619939121875 0.3784382765625 0.6099480515625 0.3651796796875 0.597469371875 0.3745830390625
0 0.42833818749999997 0.421939865625 0.4389169671875 0.43597838125 0.4506157296875 0.42716273125 0.44003695 0.413124215625 0.42833818749999997 0.421939865625
0 0.3207687703125 0.314078378125 0.3336983890625 0.3312365625 0.3430573984375 0.32418404375 0.3301277796875 0.30702585781249997 0.3207687703125 0.314078378125
0 0.0818885109375 0.6096410999999999 0.0948181296875 0.626799284375 0.1065168921875 0.617983634375 0.0935872734375 0.60082545 0.0818885109375 0.6096410999999999
0 0.1041457375 0.5629107515625 0.1129613875 0.5746095140625 0.126999903125 0.564030734375 0.118184253125 0.5523319718749999 0.1041457375 0.5629107515625
0 0.05193379218750001 0.5350018953125 0.0601617328125 0.5459207390625 0.07576008281249999 0.534166540625 0.0675321421875 0.5232476953125 0.05193379218750001 0.5350018953125
0 0.037425884375 0.42487830468750004 0.0485923734375 0.4396967359375 0.0626308890625 0.42911795625 0.0514643984375 0.414299525 0.037425884375 0.42487830468750004
0 0.2044648859375 0.6603394578125 0.21386824531249998 0.6728181375 0.226346925 0.663414778125 0.216943565625 0.6509360984375 0.2044648859375 0.6603394578125
0 0.38774728125 0.7380484765624999 0.39773835156250004 0.7513070734375 0.41255678281249997 0.740140584375 0.4025657140625 0.7268819859375 0.38774728125 0.7380484765624999
0 0.4400535078125 0.67845689375 0.4476937375 0.688595821875 0.4562728296875 0.6821310109375001 0.4486326 0.671992084375 0.4400535078125 0.67845689375
0 0.770137753125 0.8528054734375001 0.7789534031249999 0.8645042359374999 0.7961115875 0.8515746156249999 0.7872959390625 0.8398758531249999 0.770137753125 0.8528054734375001
0 0.6775345875000001 0.8418829078125001 0.688701078125 0.856701340625 0.703519509375 0.84553485 0.6923530203125 0.8307164171875 0.6775345875000001 0.8418829078125001
0 0.5177772218750001 0.8026947890624999 0.5265928718749999 0.8143935499999999 0.53985146875 0.80440248125 0.5310358203125001 0.79270371875 0.5177772218750001 0.8026947890624999
0 0.786397928125 0.1863605828125 0.7940381578125 0.1964995109375 0.8033971687499999 0.18944699062499998 0.7957569390625 0.1793080625 0.786397928125 0.1863605828125
0 0.7315523765624999 0.159824896875 0.7380171859375 0.1684039890625 0.746596278125 0.1619391796875 0.74013146875 0.15336008750000002 0.7315523765624999 0.159824896875
0 0.5803500296874999 0.2755982203125 0.586814840625 0.2841773125 0.598513603125 0.2753616625 0.5920487921875 0.2667825703125 0.5803500296874999 0.2755982203125
0 0.759913884375 0.6080038390625 0.7722557937500001 0.62438210625 0.7886340609375 0.612040196875 0.7762921515625 0.5956619296875 0.759913884375 0.6080038390625
0 0.2853416453125 0.4098621953125 0.292981875 0.42000112187500005 0.30390071875 0.41177318281249997 0.2962604890625 0.4016342546875 0.2853416453125 0.4098621953125
0 0.0539779046875 0.317027940625 0.061618134375 0.32716686875 0.0701972265625 0.32070205937499996 0.062556996875 0.31056313125 0.0539779046875 0.317027940625
0 0.00920289375 0.2957428390625 0.0162554140625 0.3051018484375 0.027174259375 0.296873909375 0.020121739062499998 0.2875148984375 0.00920289375 0.2957428390625
0 0.215374578125 0.3470326265625 0.22360251718750002 0.357951471875 0.236081196875 0.3485481125 0.22785325781250002 0.33762926718749997 0.215374578125 0.3470326265625
0 0.3076561328125 0.47436247343750004 0.3147086515625 0.4837214828125 0.3271873328125 0.4743181234375 0.3201348125 0.4649591125 0.3076561328125 0.47436247343750004
0 0.21796755625 0.24175302968749998 0.22678320625 0.2534517921875 0.23926188593750003 0.24404843281250002 0.2304462359375 0.2323496703125 0.21796755625 0.24175302968749998