0 0.15185546875 0 0.15185546875 0.029296875 0.18017578125 0.029296875 0.18017578125 0 0.15185546875 0
0 0.09130859375 0.05712890625 0.07275390625 0.05712890625 0.07275390625 0.07568359375 0.09130859375 0.07568359375 0.09130859375 0.05712890625
0 0.18017578125 0.07373046875 0.16162109375 0.07373046875 0.16162109375 0.08544921875 0.18017578125 0.08544921875 0.18017578125 0.07373046875
0 0.380859375 0.10546875 0.3642578125 0.10546875 0.3642578125 0.123046875 0.380859375 0.123046875 0.380859375 0.10546875
0 0.52197265625 0.11572265625 0.50439453125 0.11572265625 0.50439453125 0.13427734375 0.52197265625 0.13427734375 0.52197265625 0.11572265625
0 0.4033203125 0.20166015625 0.375 0.20166015625 0.375 0.22802734375 0.4033203125 0.22802734375 0.4033203125 0.20166015625
0 0.38671875 0.28955078125 0.35546875 0.28955078125 0.35546875 0.30419921875 0.38671875 0.30419921875 0.38671875 0.28955078125
0 0.4287109375 0.3447265625 0.388671875 0.3447265625 0.388671875 0.3701171875 0.4287109375 0.3701171875 0.4287109375 0.3447265625
0 0.5361328125 0.3330078125 0.509765625 0.3330078125 0.509765625 0.3564453125 0.5361328125 0.3564453125 0.5361328125 0.3330078125
0 0.865234375 0.01904296875 0.8251953125 0.01904296875 0.8251953125 0.04833984375 0.865234375 0.04833984375 0.865234375 0.01904296875
0 0.72607421875 0 0.72607421875 0.0107421875 0.74560546875 0.0107421875 0.74560546875 0 0.72607421875 0
0 0.7421875 0.1904296875 0.71875 0.1904296875 0.71875 0.2099609375 0.7421875 0.2099609375 0.7421875 0.1904296875
0 0.515625 0.29052734375 0.494140625 0.29052734375 0.494140625 0.30810546875 0.515625 0.30810546875 0.515625 0.29052734375
0 0.61669921875 0.322265625 0.58935546875 0.322265625 0.58935546875 0.33984375 0.61669921875 0.33984375 0.61669921875 0.322265625
0 0.623046875 0.28369140625 0.6142578125 0.28369140625 0.6142578125 0.29052734375 0.623046875 0.29052734375 0.623046875 0.28369140625
0 0.38330078125 0.31494140625 0.37353515625 0.31494140625 0.37353515625 0.32177734375 0.38330078125 0.32177734375 0.38330078125 0.31494140625
0 0.5078125 0.38134765625 0.490234375 0.38134765625 0.490234375 0.39404296875 0.5078125 0.39404296875 0.5078125 0.38134765625
0 0.23876953125 0.30859375 0.22705078125 0.30859375 0.22705078125 0.322265625 0.23876953125 0.322265625 0.23876953125 0.30859375
0 0.34619140625 0.39892578125 0.30029296875 0.39892578125 0.30029296875 0.43310546875 0.34619140625 0.43310546875 0.34619140625 0.39892578125
0 0.68359375 0.35546875 0.6572265625 0.35546875 0.6572265625 0.375 0.68359375 0.375 0.68359375 0.35546875
0 0.74267578125 0.31298828125 0.70751953125 0.31298828125 0.70751953125 0.33740234375 0.74267578125 0.33740234375 0.74267578125 0.31298828125
0 0.7998046875 0.28955078125 0.7509765625 0.28955078125 0.7509765625 0.31689453125 0.7998046875 0.31689453125 0.7998046875 0.28955078125
0 0.9716796875 0.14697265625 0.9453125 0.14697265625 0.9453125 0.15869140625 0.9716796875 0.15869140625 0.9716796875 0.14697265625
0 0.4296875 0.076171875 0.4169921875 0.076171875 0.4169921875 0.0810546875 0.4296875 0.0810546875 0.4296875 0.076171875
0 0.29296875 0.0146484375 0.283203125 0.0146484375 0.283203125 0.0263671875 0.29296875 0.0263671875 0.29296875 0.0146484375
0 0.5625 0.13037109375 0.5517578125 0.13037109375 0.5517578125 0.14404296875 0.5625 0.14404296875 0.5625 0.13037109375
0 0.90576171875 0.39306640625 0.85205078125 0.39306640625 0.85205078125 0.42529296875 0.90576171875 0.42529296875 0.90576171875 0.39306640625
0 0.9443359375 0.3857421875 0.923828125 0.3857421875 0.923828125 0.4130859375 0.9443359375 0.4130859375 0.9443359375 0.3857421875
0 0.3955078125 0.48681640625 0.384765625 0.48681640625 0.384765625 0.49560546875 0.3955078125 0.49560546875 0.3955078125 0.48681640625
0 0.31298828125 0.52490234375 0.29345703125 0.52490234375 0.29345703125 0.55419921875 0.31298828125 0.55419921875 0.31298828125 0.52490234375
0 0.14208984375 0.55078125 0.11376953125 0.55078125 0.11376953125 0.5751953125 0.14208984375 0.5751953125 0.14208984375 0.55078125
0 0.07666015625 0.59716796875 0.05224609375 0.59716796875 0.05224609375 0.62939453125 0.07666015625 0.62939453125 0.07666015625 0.59716796875
0 0.103515625 0.6943359375 0.0927734375 0.6943359375 0.0927734375 0.7021484375 0.103515625 0.7021484375 0.103515625 0.6943359375
0 0.072265625 0.76220703125 0.0498046875 0.76220703125 0.0498046875 0.78759765625 0.072265625 0.78759765625 0.072265625 0.76220703125
0 0 0.8056640625 0.029296875 0.8056640625 0.029296875 0.736328125 0 0.736328125 0 0.8056640625
0 0.01806640625 0.90869140625 0.00732421875 0.90869140625 0.00732421875 0.91357421875 0.01806640625 0.91357421875 0.01806640625 0.90869140625
0 0.16455078125 0.84033203125 0.14501953125 0.84033203125 0.14501953125 0.84716796875 0.16455078125 0.84716796875 0.16455078125 0.84033203125
0 0.4189453125 0.74951171875 0.4111328125 0.74951171875 0.4111328125 0.76806640625 0.4189453125 0.76806640625 0.4189453125 0.74951171875
0 0.45556640625 0.6025390625 0.44384765625 0.6025390625 0.44384765625 0.6201171875 0.45556640625 0.6201171875 0.45556640625 0.6025390625
0 0.49755859375 0.75927734375 0.48291015625 0.75927734375 0.48291015625 0.77099609375 0.49755859375 0.77099609375 0.49755859375 0.75927734375
0 0.7294921875 0.53955078125 0.6953125 0.53955078125 0.6953125 0.56787109375 0.7294921875 0.56787109375 0.7294921875 0.53955078125
0 0.7490234375 0.556640625 0.7421875 0.556640625 0.7421875 0.576171875 0.7490234375 0.576171875 0.7490234375 0.556640625
0 0.81396484375 0.57763671875 0.78564453125 0.57763671875 0.78564453125 0.61865234375 0.81396484375 0.61865234375 0.81396484375 0.57763671875
0 0.83544921875 0.5869140625 0.82275390625 0.5869140625 0.82275390625 0.5986328125 0.83544921875 0.5986328125 0.83544921875 0.5869140625
0 0.8759765625 0.50146484375 0.8681640625 0.50146484375 0.8681640625 0.51123046875 0.8759765625 0.51123046875 0.8759765625 0.50146484375
0 0.9541015625 0.54345703125 0.935546875 0.54345703125 0.935546875 0.56005859375 0.9541015625 0.56005859375 0.9541015625 0.54345703125
0 0.96875 0.56005859375 0.9501953125 0.56005859375 0.9501953125 0.58056640625 0.96875 0.58056640625 0.96875 0.56005859375
0 0.9765625 0.54345703125 0.951171875 0.54345703125 0.951171875 0.56201171875 0.9765625 0.56201171875 0.9765625 0.54345703125
0 0.9306640625 0.578125 0.89453125 0.578125 0.89453125 0.6171875 0.9306640625 0.6171875 0.9306640625 0.578125
0 0.88720703125 0.638671875 0.87060546875 0.638671875 0.87060546875 0.6552734375 0.88720703125 0.6552734375 0.88720703125 0.638671875
0 0.97021484375 0.6171875 0.94580078125 0.6171875 0.94580078125 0.650390625 0.97021484375 0.650390625 0.97021484375 0.6171875
0 1 0.6376953125 0.986328125 0.6376953125 0.986328125 0.7060546875 1 0.7060546875 1 0.6376953125
0 0.92626953125 0.70751953125 0.88720703125 0.70751953125 0.88720703125 0.74853515625 0.92626953125 0.74853515625 0.92626953125 0.70751953125
0 0.82763671875 0.67626953125 0.80810546875 0.67626953125 0.80810546875 0.69482421875 0.82763671875 0.69482421875 0.82763671875 0.67626953125
0 0.70166015625 0.60107421875 0.65478515625 0.60107421875 0.65478515625 0.63525390625 0.70166015625 0.63525390625 0.70166015625 0.60107421875
0 0.68310546875 0.7080078125 0.66455078125 0.7080078125 0.66455078125 0.7265625 0.68310546875 0.7265625 0.68310546875 0.7080078125
0 0.75 0.763671875 0.708984375 0.763671875 0.708984375 0.8056640625 0.75 0.8056640625 0.75 0.763671875
0 0.75927734375 0.81591796875 0.74072265625 0.81591796875 0.74072265625 0.83447265625 0.75927734375 0.83447265625 0.75927734375 0.81591796875
0 0.79052734375 0.798828125 0.76318359375 0.798828125 0.76318359375 0.826171875 0.79052734375 0.826171875 0.79052734375 0.798828125
0 0.85009765625 0.84375 0.83349609375 0.84375 0.83349609375 0.859375 0.85009765625 0.859375 0.85009765625 0.84375
0 0.865234375 0.83154296875 0.8544921875 0.83154296875 0.8544921875 0.84912109375 0.865234375 0.84912109375 0.865234375 0.83154296875
0 0.95458984375 0.880859375 0.92529296875 0.880859375 0.92529296875 0.908203125 0.95458984375 0.908203125 0.95458984375 0.880859375
0 0.84521484375 0.86962890625 0.81494140625 0.86962890625 0.81494140625 0.90185546875 0.84521484375 0.90185546875 0.84521484375 0.86962890625
0 0.71435546875 0.9169921875 0.68798828125 0.9169921875 0.68798828125 0.93359375 0.71435546875 0.93359375 0.71435546875 0.9169921875
0 0.75439453125 0.93359375 0.71630859375 0.93359375 0.71630859375 0.9619140625 0.75439453125 0.9619140625 0.75439453125 0.93359375
0 0.75 0.95458984375 0.724609375 0.95458984375 0.724609375 0.98291015625 0.75 0.98291015625 0.75 0.95458984375
0 0.771484375 1 0.771484375 0.98046875 0.728515625 0.98046875 0.728515625 1 0.771484375 1
0 0.29345703125 0.92822265625 0.28857421875 0.92822265625 0.28857421875 0.93701171875 0.29345703125 0.93701171875 0.29345703125 0.92822265625
0 0.2138671875 0.93359375 0.2041015625 0.93359375 0.2041015625 0.9404296875 0.2138671875 0.9404296875 0.2138671875 0.93359375
0 0.18896484375 0.95849609375 0.18017578125 0.95849609375 0.18017578125 0.96728515625 0.18896484375 0.96728515625 0.18896484375 0.95849609375
0 0.27783203125 0.3857421875 0.26904296875 0.3857421875 0.26904296875 0.3974609375 0.27783203125 0.3974609375 0.27783203125 0.3857421875
0 0.16845703125 0.31103515625 0.15673828125 0.31103515625 0.15673828125 0.32177734375 0.16845703125 0.32177734375 0.16845703125 0.31103515625
0 1 0.306640625 0.994140625 0.306640625 0.994140625 0.3173828125 1 0.3173828125 1 0.306640625