0 0 0.5009765625 0.0419921875 0.5009765625 0.0419921875 0.4580078125 0 0.4580078125 0 0.5009765625
0 0.05078125 0.50927734375 0.0283203125 0.50927734375 0.0283203125 0.53369140625 0.05078125 0.53369140625 0.05078125 0.50927734375
0 0.07666015625 0.7041015625 0.04248046875 0.7041015625 0.04248046875 0.734375 0.07666015625 0.734375 0.07666015625 0.7041015625
0 0.18017578125 0.73291015625 0.15283203125 0.73291015625 0.15283203125 0.74951171875 0.18017578125 0.74951171875 0.18017578125 0.73291015625
0 0.1943359375 0.7509765625 0.158203125 0.7509765625 0.158203125 0.8037109375 0.1943359375 0.8037109375 0.1943359375 0.7509765625
0 0.23046875 0.77490234375 0.181640625 0.77490234375 0.181640625 0.81884765625 0.23046875 0.81884765625 0.23046875 0.77490234375
0 0.2578125 0.748046875 0.220703125 0.748046875 0.220703125 0.78125 0.2578125 0.78125 0.2578125 0.748046875
0 0.296875 0.76513671875 0.2275390625 0.76513671875 0.2275390625 0.84521484375 0.296875 0.84521484375 0.296875 0.76513671875
0 0.50927734375 0.73583984375 0.44189453125 0.73583984375 0.44189453125 0.80517578125 0.50927734375 0.80517578125 0.50927734375 0.73583984375
0 0.49169921875 0.66845703125 0.45263671875 0.66845703125 0.45263671875 0.70947265625 0.49169921875 0.70947265625 0.49169921875 0.66845703125
0 0.58447265625 0.48779296875 0.51416015625 0.48779296875 0.51416015625 0.63623046875 0.58447265625 0.63623046875 0.58447265625 0.48779296875
0 0.666015625 0.9404296875 0.6484375 0.9404296875 0.6484375 0.9599609375 0.666015625 0.9599609375 0.666015625 0.9404296875
0 0.8955078125 1 0.8955078125 0.9609375 0.8681640625 0.9609375 0.8681640625 1 0.8955078125 1
0 0.34130859375 0.3056640625 0.29541015625 0.3056640625 0.29541015625 0.3515625 0.34130859375 0.3515625 0.34130859375 0.3056640625
0 0.34521484375 0.00537109375 0.32275390625 0.00537109375 0.32275390625 0.03466796875 0.34521484375 0.03466796875 0.34521484375 0.00537109375
0 0.38818359375 0 0.38818359375 0.017578125 0.41259765625 0.017578125 0.41259765625 0 0.38818359375 0
0 0.54833984375 0.01953125 0.51806640625 0.01953125 0.51806640625 0.060546875 0.54833984375 0.060546875 0.54833984375 0.01953125
0 0.6630859375 0.00830078125 0.619140625 0.00830078125 0.619140625 0.08154296875 0.6630859375 0.08154296875 0.6630859375 0.00830078125
0 0.65087890625 0.12744140625 0.61865234375 0.12744140625 0.61865234375 0.15771484375 0.65087890625 0.15771484375 0.65087890625 0.12744140625
0 0.76416015625 0.146484375 0.71435546875 0.146484375 0.71435546875 0.1953125 0.76416015625 0.1953125 0.76416015625 0.146484375
0 0.7255859375 0.16162109375 0.685546875 0.16162109375 0.685546875 0.20068359375 0.7255859375 0.20068359375 0.7255859375 0.16162109375
0 0.68701171875 0.14111328125 0.64404296875 0.14111328125 0.64404296875 0.21435546875 0.68701171875 0.21435546875 0.68701171875 0.14111328125
0 0.85107421875 0.109375 0.82080078125 0.109375 0.82080078125 0.1455078125 0.85107421875 0.1455078125 0.85107421875 0.109375
0 0.95947265625 0.12158203125 0.89990234375 0.12158203125 0.89990234375 0.18701171875 0.95947265625 0.18701171875 0.95947265625 0.12158203125
0 0.99658203125 0.005859375 0.95654296875 0.005859375 0.95654296875 0.0634765625 0.99658203125 0.0634765625 0.99658203125 0.005859375
0 0.81103515625 0 0.81103515625 0.02734375 0.87353515625 0.02734375 0.87353515625 0 0.81103515625 0