0 0.12496386875000001 0.5098426359375 0.1822509421875 0.40649401718749995 0.089151775 0.35488830625 0.0318647 0.4582369234375 0.12496386875000001 0.5098426359375
0 0.11727656093750001 0.6546418109375 0.176457421875 0.5478767109375 0.0833582546875 0.49627099843750005 0.0241773921875 0.6030361 0.11727656093750001 0.6546418109375
0 0 0.7118973109375 0.07696475625 0.7545595734375 0.1285704671875 0.6614604046875 0.049991353125 0.6179032906249999 0 0.7080900796875 0 0.7118973109375
0 0.12937950468749998 0.863447346875 0.18761347343749998 0.7583904875 0.0842648546875 0.7011034140625 0.0260308875 0.8061602734375001 0.12937950468749998 0.863447346875
0 0.2898089640625 0.750278084375 0.35372429375 0.634971775 0.2307308984375 0.566795421875 0.16681556718749999 0.6821017312500001 0.2898089640625 0.750278084375
0 0.2518519859375 0.5840858156250001 0.310085953125 0.47902895624999997 0.21357030312499997 0.42552945781249996 0.155336334375 0.5305863171875 0.2518519859375 0.5840858156250001
0 0.2673158859375 0.487701265625 0.3231826203125 0.3869150109375 0.21385515625 0.32631380781249997 0.1579884234375 0.4271000625 0.2673158859375 0.487701265625
0 0.39627070781249996 0.4413853578125 0.45071710156250006 0.343161465625 0.329431946875 0.27593200625000003 0.274985553125 0.3741558984375 0.39627070781249996 0.4413853578125
0 0.367156771875 0.59663869375 0.441487934375 0.4625417265625 0.3202027796875 0.3953122671875 0.2458716171875 0.529409234375 0.367156771875 0.59663869375
0 0.46658496875 0.72042088125 0.53712855625 0.59315688125 0.40986455624999996 0.52261329375 0.33932096875 0.64987729375 0.46658496875 0.72042088125
0 0.376630059375 0.8827038343750001 0.452855009375 0.7451903843750001 0.2982591421875 0.659496496875 0.22203419218749998 0.797009946875 0.376630059375 0.8827038343750001
0 0.5041917625 0.8177508015624999 0.5534302390625 0.7289222375 0.462893434375 0.6787368671875 0.4136549578125 0.76756543125 0.5041917625 0.8177508015624999
0 0.5196073125 0.9692150390625001 0.5844695359375 0.8522004875 0.44268548281250003 0.773608303125 0.3778232578125 0.8906228546875001 0.5196073125 0.9692150390625001
0 0.27285438125 0.8251800375 0.221722115625 0.917425084375 0.36948501562499997 0.9993313968749999 0.4206172796875 0.9070863499999999 0.27285438125 0.8251800375
0 0.1504792640625 0.1616633984375 0.12400151875000001 0.1469865453125 0.0761833828125 0.233252746875 0.10266112812499999 0.24792960000000003 0.1504792640625 0.1616633984375
0 0.5811988234375 0 0.5716749453125 0.01718153125 0.6536705421875 0.062632434375 0.67450220625 0.02505111875 0.6293087921875 0 0.5811988234375 0
0 0.947061040625 0.22526144218750002 0.967892703125 0.1876801265625 0.8790641390625 0.13844165 0.8582324765625 0.176022965625 0.947061040625 0.22526144218750002
0 0.8755895015625 0.5234025250000001 0.963650625 0.3645360546875 0.8201583296875 0.2849969765625 0.73209720625 0.443863446875 0.8755895015625 0.5234025250000001
0 0.7277752046875 0.58662009375 0.7940577703125 0.46704318125000005 0.672772615625 0.399813721875 0.60649005 0.5193906359375 0.7277752046875 0.58662009375
0 0.6106711484375 0.47760426562499997 0.66085651875 0.3870674609375 0.5481125718750001 0.3245724703125 0.4979272015625 0.4151092765625 0.6106711484375 0.47760426562499997
0 0.557570184375 0.395133478125 0.6134369171875 0.294347221875 0.5006929718750001 0.23185223281249998 0.44482623749999994 0.3326384875 0.557570184375 0.395133478125
0 0.45634728593749996 0.32897569843749996 0.5088998921875 0.2341682890625 0.3978641875 0.1726201921875 0.34531158125 0.26742760312499997 0.45634728593749996 0.32897569843749996
0 0.34912637968750004 0.2393951484375 0.41162136875 0.1266512015625 0.2877738515625 0.0580014015625 0.2252788625 0.1707453484375 0.34912637968750004 0.2393951484375
0 0.22550251562499998 0.35565945625 0.30314780625000004 0.21558364375 0.18527913437500002 0.150247971875 0.10763384375 0.290323784375 0.22550251562499998 0.35565945625
0 0.6237033453125 0.7159553703125 0.6729418234375 0.62712680625 0.584113259375 0.577888328125 0.53487478125 0.6667168921875 0.6237033453125 0.7159553703125
0 0.534561403125 0.5867093796875 0.5880609015625 0.49019372812500006 0.474462834375 0.42722529062500003 0.4209633359375 0.5237409421875 0.534561403125 0.5867093796875
0 0.538779746875 0.23565744843749997 0.6050623125000001 0.11608053437500002 0.47950655312499996 0.046483840625 0.41322398906249996 0.16606075468749998 0.538779746875 0.23565744843749997
0 0.676406878125 0.2321116078125 0.73322050625 0.1296171109375 0.6247471625000001 0.0694893546875 0.5679335359375 0.1719838515625 0.676406878125 0.2321116078125
0 0.669485709375 0.3845930796875 0.745710659375 0.24707962968750002 0.6218631421875 0.1784298296875 0.5456381921875 0.3159432796875 0.669485709375 0.3845930796875
0 0.811993003125 0.276562915625 0.8858507187500001 0.14332006875 0.7483372687500001 0.06709511875 0.6744795531250001 0.200337965625 0.811993003125 0.276562915625
0 0.7779729828125 0.7579227140625 0.876923384375 0.579411465625 0.759908834375 0.514549240625 0.6609584328125 0.693060490625 0.7779729828125 0.7579227140625
0 0.6358319890625 0.8521989640625 0.7044817890624999 0.728351446875 0.57892603125 0.6587547546875 0.51027623125 0.7826022703125 0.6358319890625 0.8521989640625
0 0.6856582296875 1 0.7453770125 0.8922644625 0.6078635625000001 0.8160395125000001 0.52690414375 0.962094171875 0.5952880671874999 1 0.6856582296875 1
0 0.794522509375 1 0.8473549437499999 0.9046877640625001 0.76962995 0.861604096875 0.6929158484375 1 0.794522509375 1
0 0.7925984390624999 0.8765688515625 0.84640805 0.9063960046874999 0.8951730796874999 0.8184215625 0.84136346875 0.7885944078125 0.7925984390624999 0.8765688515625
0 0.9150739671875 0.699932225 0.9500929203125 0.7193435484374999 0.99885795 0.6313691046875001 0.963838996875 0.6119577828125 0.9150739671875 0.699932225
0 1 0.5024815765625 0.8812453859374999 0.43665481875 0.7879763484375 0.6049166171875 0.9357392484375 0.6868229312499999 1 0.570893465625 1 0.5024815765625
0 1 0.3349980703125 0.9757507421874999 0.3215564875 0.9047337093750001 0.44967460781249996 1 0.502481575 1 0.3349980703125