0 0.7094412953125 0.460500184375 0.7170796984375001 0.41227321562499997 0.6707818062500001 0.40494035000000006 0.6631434046875 0.4531673203125 0.7094412953125 0.460500184375
0 0.7577073234375 0.652049571875 0.7612209890625 0.629865165625 0.73807204375 0.6261987328124999 0.734558378125 0.6483831390625 0.7577073234375 0.652049571875
0 0.5100827921875 0.595526828125 0.513749225 0.57237788125 0.4973520546875 0.5697808249999999 0.493685621875 0.5929297703125 0.5100827921875 0.595526828125
0 0.49164273124999996 0.61831333125 0.4994339015625 0.5691218218749999 0.4454196953125 0.5605668125000001 0.43762852499999993 0.609758321875 0.49164273124999996 0.61831333125
0 0.510049953125 0.7705278046874999 0.5158551375 0.7338753078125 0.4811317203125 0.7283756593749999 0.475326534375 0.76502815625 0.510049953125 0.7705278046874999
0 0.75021985625 0.17182133593749999 0.7587748671875 0.1178071296875 0.717299671875 0.11123810468749999 0.7087446625 0.165252309375 0.75021985625 0.17182133593749999
0 0.76860596875 0.1025557203125 0.7756332984375 0.0581869078125 0.7389808015625 0.052381721874999995 0.731953471875 0.096750534375 0.76860596875 0.1025557203125
0 0.871969040625 0.2677315109375 0.8802185140625 0.215646384375 0.8030553625 0.203424940625 0.7948058890625 0.25551006875 0.871969040625 0.2677315109375
0 0.7666665890625 0.3894762078125 0.7778186546875 0.31906483125 0.72091083125 0.3100515171875 0.7097587640625 0.38046289375 0.7666665890625 0.3894762078125
0 0.8901936125000001 0.5365878421875 0.9034844312500001 0.452672915625 0.8186049640625 0.439229328125 0.8053141453125001 0.5231442562499999 0.8901936125000001 0.5365878421875
0 0.28160668125 0.4149843875 0.29199490781250004 0.34939570781249996 0.2235126109375 0.33854917812499996 0.213124384375 0.40413785625000004 0.28160668125 0.4149843875
0 0.142566359375 0.5936758656250001 0.1492881515625 0.55123613125 0.114564734375 0.5457364828125 0.107842940625 0.588176215625 0.142566359375 0.5936758656250001
0 0.1253934171875 0.6740097171875 0.12951815312499998 0.6479671546875 0.10251105 0.64368965 0.09838631406250001 0.6697322125 0.1253934171875 0.6740097171875
0 0 0.5068277671875 0.027106159375 0.511120959375 0.0335224171875 0.4706103046875 0.0016926171875 0.4655689609375 0 0.476255725 0 0.5068277671875
0 0.10857832812499998 0.5897757921875 0.1182027140625 0.5290098109375 0.05840127187500001 0.5195381921875 0.0487768859375 0.580304175 0.10857832812499998 0.5897757921875
0 0.1431356171875 0.7836032375 0.1526072359375 0.7238017953125 0.091841253125 0.714177409375 0.08236963593749999 0.7739788515625 0.1431356171875 0.7836032375
0 0 0.8345935765625001 0.0073288171875 0.835754346875 0.010231409375 0.8174280984375001 0 0.8158076031249999 0 0.8345935765625001
0 0.05385433125 0.79170901875 0.0621038046875 0.7396238921875 0.014841375 0.7321382578125 0.0065919 0.7842233859375 0.05385433125 0.79170901875
0 0.329669153125 0.8200683953125001 0.33593264375 0.78052228125 0.2857765953125 0.7725783421875 0.2795131046875 0.8121244578125 0.329669153125 0.8200683953125001
0 0.3002956765625 0.8806726359375 0.3053370203125 0.8488428359375 0.26000366874999997 0.8416627374999999 0.254962325 0.8734925375 0.3002956765625 0.8806726359375
0 0.3569743484375 0.8911327578125 0.3603352453125 0.8699128921874999 0.3256118265625 0.8644132421874999 0.3222509296875 0.8856331093750001 0.3569743484375 0.8911327578125
0 0.678519434375 0.9460154390625 0.6846301546875 0.9074338624999999 0.6354386453124999 0.89964269375 0.629327925 0.93822426875 0.678519434375 0.9460154390625
0 0.7510454281250001 1 0.75806996875 0.9556487984375 0.7252756296875 0.9504546859375 0.7174284234375 1 0.7510454281250001 1
0 0.6319654671875 0.996483040625 0.6356319 0.9733340937499999 0.601873021875 0.9679872140624999 0.5982065890625 0.991136159375 0.6319654671875 0.996483040625
0 0.6264567421875 0.8908045828125 0.6299704078125 0.8686201765625 0.6126086984375 0.8658703531249999 0.6090950328125 0.888054759375 0.6264567421875 0.8908045828125
0 0.6036283250000001 0.9069636265625001 0.6079058296875 0.8799565234375001 0.5808987265625001 0.87567901875 0.576621221875 0.902686121875 0.6036283250000001 0.9069636265625001
0 0.5363846921875 0.9600867203125001 0.5383706765625 0.9475477078125 0.5210089671875 0.9447978828125001 0.5190229828125 0.9573368953125 0.5363846921875 0.9600867203125001
0 0.520323040625 0.9990696937499999 0.5241422421874999 0.974956209375 0.4990642171875 0.9709842406250001 0.4952450171875 0.9950977249999999 0.520323040625 0.9990696937499999
0 0.5701068359375 1 0.57094188125 0.9947277375000001 0.53332484375 0.9887697843750001 0.5315461531250001 1 0.5701068359375 1
0 0.5127100328124999 0.941011621875 0.523098259375 0.87542294375 0.45750958124999996 0.8650347171874999 0.44712135468750003 0.9306233953125 0.5127100328124999 0.941011621875
0 0.4424664171875 0.9506495718749999 0.45117419375 0.8956708250000001 0.3961954484375 0.8869630484375 0.3874876703125 0.9419417937500001 0.4424664171875 0.9506495718749999
0 0.3446465390625 0.9252690703124999 0.3359387609375 0.9802478156250001 0.388988428125 0.9886500578125 0.39769620625 0.9336713109374999 0.3446465390625 0.9252690703124999
0 0.49644604374999995 1 0.5050416484375 0.9457294828125 0.3999068546875 0.9290777671875 0.3907407734375 0.9869501296875001 0.47313441093749997 1 0.49644604374999995 1
0 0.3032537453125 0.9587568828125 0.306920178125 0.9356079375 0.275090378125 0.9305665921875 0.27142394531249997 0.9537155374999999 0.3032537453125 0.9587568828125
0 0.19451839843750002 0.9336250109374999 0.19818483125 0.910476065625 0.1827522015625 0.908031778125 0.17908576874999999 0.9311807234374999 0.19451839843750002 0.9336250109374999
0 0.1965807671875 0.9206037296874999 0.1907755828125 0.9572562265625001 0.2611869578125 0.9684082921874999 0.26699214375 0.9317557953125 0.1965807671875 0.9206037296874999
0 0.298067078125 0.9228352859375001 0.3008169015625 0.9054735765625 0.2699516421875 0.9005849984375001 0.2672018171875 0.9179467078125001 0.298067078125 0.9228352859375001
0 0 0.6976537125 0.0472957078125 0.7051446171875 0.054934109375 0.656917646875 0 0.6482169390625 0 0.6976537125
0 0.0550780046875 0.8339240875 0.057522293749999995 0.8184914578125 0.0391960453125 0.8155888656249999 0.03675175625 0.8310214953124999 0.0550780046875 0.8339240875
0 0.1681268546875 0.9160970718750001 0.17576525781250002 0.867870103125 0.13043190468750002 0.8606900046874999 0.122793503125 0.908916975 0.1681268546875 0.9160970718750001
0 0.0614673390625 0.8497670906250001 0.0480237515625 0.9346465578125001 0.1493003890625 0.9506872015625 0.16274397499999999 0.8658077343749999 0.0614673390625 0.8497670906250001
0 0.53311496875 0.6842060171875 0.5370869375 0.6591279921875 0.51490253125 0.655614328125 0.5109305625 0.6806923515625 0.53311496875 0.6842060171875
0 0.445485778125 0.8473105656250001 0.44869390625000005 0.8270552390624999 0.42747404062500005 0.8236943421875 0.42426591093750005 0.8439496703125 0.445485778125 0.8473105656250001
0 0.43658913125 0.66001920625 0.43857511562499996 0.6474801953125 0.42121340781249994 0.6447303703125 0.41922742187499995 0.6572693828125 0.43658913125 0.66001920625
0 0.43842081874999994 0.5985133499999999 0.44208725156249995 0.5753644046875 0.423761003125 0.5724618125000001 0.42009457031249997 0.5956107578125 0.43842081874999994 0.5985133499999999
0 0.65945178125 0.9009741609375 0.6637292859375 0.8739670578125001 0.6367221828125 0.869689553125 0.6324446781249999 0.89669665625 0.65945178125 0.9009741609375
0 0.23301288437499998 0.590698315625 0.2362210125 0.5704429890625 0.21982384375000003 0.5678459328125001 0.21661571406250002 0.588101259375 0.23301288437499998 0.590698315625
0 0.22145636093749999 0.5512959953125 0.224358953125 0.532969746875 0.2098908625 0.5306782265625001 0.20698826874999998 0.549004475 0.22145636093749999 0.5512959953125
0 0.2576776796875 0.8220139953125001 0.260580271875 0.8036877468749999 0.23936040468750003 0.80032685 0.2364578125 0.8186530984375 0.2576776796875 0.8220139953125001
0 0.17707724687499998 0.8314946890625 0.179827071875 0.8141329796875001 0.1692171375 0.8124525312499999 0.16646731406249998 0.829814240625 0.17707724687499998 0.8314946890625
0 0.1845824609375 0.9557809640625001 0.18824889375 0.93263201875 0.16509994687500001 0.9289655859374999 0.1614335140625 0.95211453125 0.1845824609375 0.9557809640625001
0 0.5808448796875 0.9883863343750001 0.5831364 0.97391824375 0.5619165328125 0.970557346875 0.5596250125 0.9850254375 0.5808448796875 0.9883863343750001
0 0.16407095625 0.851186875 0.166209709375 0.8376833234375001 0.1430607625 0.834016890625 0.1409220109375 0.8475204421875 0.16407095625 0.851186875
0 0.165429246875 0.6116336546875 0.1700122875 0.5826974734375 0.1594023546875 0.581017025 0.1548193125 0.6099532062499999 0.165429246875 0.6116336546875
0 0.20121021093749997 0.84767616875 0.204112803125 0.8293499203125 0.1857865546875 0.8264473265625 0.18288396093749998 0.8447735749999999 0.20121021093749997 0.84767616875
0 0.821114009375 0.9789819234375001 0.8238638343750001 0.9616202140624999 0.801679428125 0.9581065484375 0.798929603125 0.9754682578124999 0.821114009375 0.9789819234375001