0 0.83056640625 0.4189453125 0.69384765625 0.4189453125 0.69384765625 0.5791015625 0.83056640625 0.5791015625 0.83056640625 0.4189453125
0 0.9091796875 0.482421875 0.880859375 0.482421875 0.880859375 0.5126953125 0.9091796875 0.5126953125 0.9091796875 0.482421875
0 0.93798828125 0.24853515625 0.76904296875 0.24853515625 0.76904296875 0.39892578125 0.93798828125 0.39892578125 0.93798828125 0.24853515625
0 0.84765625 0 0.84765625 0.1337890625 1 0.1337890625 1 0 0.84765625 0
0 0.5771484375 0 0.5771484375 0.1171875 0.72265625 0.1171875 0.72265625 0 0.5771484375 0
0 0.38037109375 0 0.38037109375 0.115234375 0.57861328125 0.115234375 0.57861328125 0 0.38037109375 0
0 0.3701171875 0.0166015625 0.1865234375 0.0166015625 0.1865234375 0.1904296875 0.3701171875 0.1904296875 0.3701171875 0.0166015625
0 0.20458984375 0.1318359375 0.02783203125 0.1318359375 0.02783203125 0.3203125 0.20458984375 0.3203125 0.20458984375 0.1318359375
0 0.40673828125 0.2236328125 0.20166015625 0.2236328125 0.20166015625 0.4306640625 0.40673828125 0.4306640625 0.40673828125 0.2236328125
0 0.24951171875 0.3837890625 0.20654296875 0.3837890625 0.20654296875 0.42578125 0.24951171875 0.42578125 0.24951171875 0.3837890625
0 0.228515625 0.45751953125 0.06640625 0.45751953125 0.06640625 0.62939453125 0.228515625 0.62939453125 0.228515625 0.45751953125
0 0.31982421875 0.435546875 0.28857421875 0.435546875 0.28857421875 0.4658203125 0.31982421875 0.4658203125 0.31982421875 0.435546875
0 0.41357421875 0.48583984375 0.36669921875 0.48583984375 0.36669921875 0.53759765625 0.41357421875 0.53759765625 0.41357421875 0.48583984375
0 0.4970703125 0.3642578125 0.466796875 0.3642578125 0.466796875 0.3974609375 0.4970703125 0.3974609375 0.4970703125 0.3642578125
0 0.57568359375 0.37060546875 0.53369140625 0.37060546875 0.53369140625 0.40869140625 0.57568359375 0.40869140625 0.57568359375 0.37060546875
0 0.67431640625 0.40087890625 0.44189453125 0.40087890625 0.44189453125 0.51904296875 0.67431640625 0.51904296875 0.67431640625 0.40087890625
0 0.5869140625 0.505859375 0.55859375 0.505859375 0.55859375 0.548828125 0.5869140625 0.548828125 0.5869140625 0.505859375
0 0.63916015625 0.53955078125 0.59716796875 0.53955078125 0.59716796875 0.57763671875 0.63916015625 0.57763671875 0.63916015625 0.53955078125
0 0.44677734375 0.5576171875 0.39990234375 0.5576171875 0.39990234375 0.6044921875 0.44677734375 0.6044921875 0.44677734375 0.5576171875
0 0.71435546875 0.62646484375 0.65380859375 0.62646484375 0.65380859375 0.68115234375 0.71435546875 0.68115234375 0.71435546875 0.62646484375
0 0.70556640625 0.59765625 0.67431640625 0.59765625 0.67431640625 0.6259765625 0.70556640625 0.6259765625 0.70556640625 0.59765625
0 0.94091796875 0.61083984375 0.77099609375 0.61083984375 0.77099609375 0.76123046875 0.94091796875 0.76123046875 0.94091796875 0.61083984375
0 0.80615234375 0.75634765625 0.76416015625 0.75634765625 0.76416015625 0.79150390625 0.80615234375 0.79150390625 0.80615234375 0.75634765625
0 0.81591796875 0.7978515625 0.77587890625 0.7978515625 0.77587890625 0.814453125 0.81591796875 0.814453125 0.81591796875 0.7978515625
0 0.79248046875 0.82470703125 0.74755859375 0.82470703125 0.74755859375 0.87841796875 0.79248046875 0.87841796875 0.79248046875 0.82470703125
0 0.80419921875 0.89794921875 0.76220703125 0.89794921875 0.76220703125 0.92138671875 0.80419921875 0.92138671875 0.80419921875 0.89794921875
0 0.7158203125 0.91845703125 0.6806640625 0.91845703125 0.6806640625 0.94970703125 0.7158203125 0.94970703125 0.7158203125 0.91845703125
0 0.93408203125 0.8017578125 0.86767578125 0.8017578125 0.86767578125 0.8564453125 0.93408203125 0.8564453125 0.93408203125 0.8017578125
0 0.71728515625 0.6943359375 0.67529296875 0.6943359375 0.67529296875 0.7314453125 0.71728515625 0.7314453125 0.71728515625 0.6943359375
0 0.4951171875 0.59765625 0.4619140625 0.59765625 0.4619140625 0.634765625 0.4951171875 0.634765625 0.4951171875 0.59765625
0 0.283203125 0.65966796875 0.248046875 0.65966796875 0.248046875 0.69091796875 0.283203125 0.69091796875 0.283203125 0.65966796875
0 0.28662109375 0.77978515625 0.25341796875 0.77978515625 0.25341796875 0.81494140625 0.28662109375 0.81494140625 0.28662109375 0.77978515625
0 0.15966796875 0.9716796875 0.13330078125 0.9716796875 0.13330078125 0.9951171875 0.15966796875 0.9951171875 0.15966796875 0.9716796875
0 0.4951171875 0.66259765625 0.3203125 0.66259765625 0.3203125 0.81787109375 0.4951171875 0.81787109375 0.4951171875 0.66259765625
0 0.58056640625 0.75146484375 0.45361328125 0.75146484375 0.45361328125 0.89306640625 0.58056640625 0.89306640625 0.58056640625 0.75146484375
0 0.373046875 1 0.373046875 0.9267578125 0.2265625 0.9267578125 0.2265625 1 0.373046875 1
0 0.673828125 1 0.673828125 0.8916015625 0.4521484375 0.8916015625 0.4521484375 1 0.673828125 1
0 0.61865234375 0.3173828125 0.59033203125 0.3173828125 0.59033203125 0.34375 0.61865234375 0.34375 0.61865234375 0.3173828125
0 0.6357421875 0.275390625 0.607421875 0.275390625 0.607421875 0.3037109375 0.6357421875 0.3037109375 0.6357421875 0.275390625
0 0.6591796875 0.1318359375 0.4384765625 0.1318359375 0.4384765625 0.298828125 0.6591796875 0.298828125 0.6591796875 0.1318359375