0 0.8544921875 0.17724609375 0.8056640625 0.17724609375 0.8056640625 0.22705078125 0.8544921875 0.22705078125 0.8544921875 0.17724609375
0 0.47216796875 0.1103515625 0.43017578125 0.1103515625 0.43017578125 0.150390625 0.47216796875 0.150390625 0.47216796875 0.1103515625
0 0.421875 0.125 0.4052734375 0.125 0.4052734375 0.13671875 0.421875 0.13671875 0.421875 0.125
0 0.35888671875 0.080078125 0.33837890625 0.080078125 0.33837890625 0.091796875 0.35888671875 0.091796875 0.35888671875 0.080078125
0 0.34033203125 0.09521484375 0.31689453125 0.09521484375 0.31689453125 0.11669921875 0.34033203125 0.11669921875 0.34033203125 0.09521484375
0 0.32666015625 0.125 0.30810546875 0.125 0.30810546875 0.1552734375 0.32666015625 0.1552734375 0.32666015625 0.125
0 0.29638671875 0.103515625 0.25146484375 0.103515625 0.25146484375 0.1435546875 0.29638671875 0.1435546875 0.29638671875 0.103515625
0 0.2998046875 0.07177734375 0.271484375 0.07177734375 0.271484375 0.09228515625 0.2998046875 0.09228515625 0.2998046875 0.07177734375
0 0.23828125 0.12646484375 0.216796875 0.12646484375 0.216796875 0.14697265625 0.23828125 0.14697265625 0.23828125 0.12646484375
0 0.21484375 0.150390625 0.171875 0.150390625 0.171875 0.2001953125 0.21484375 0.2001953125 0.21484375 0.150390625
0 0.23291015625 0.1923828125 0.20654296875 0.1923828125 0.20654296875 0.2236328125 0.23291015625 0.2236328125 0.23291015625 0.1923828125
0 0.13134765625 0.15673828125 0.04833984375 0.15673828125 0.04833984375 0.23193359375 0.13134765625 0.23193359375 0.13134765625 0.15673828125
0 0.29833984375 0.34375 0.20458984375 0.34375 0.20458984375 0.3974609375 0.29833984375 0.3974609375 0.29833984375 0.34375
0 0.330078125 0.40087890625 0.251953125 0.40087890625 0.251953125 0.44580078125 0.330078125 0.44580078125 0.330078125 0.40087890625
0 0.58544921875 0.40380859375 0.52880859375 0.40380859375 0.52880859375 0.46240234375 0.58544921875 0.46240234375 0.58544921875 0.40380859375
0 0.6435546875 0.5693359375 0.59375 0.5693359375 0.59375 0.62109375 0.6435546875 0.62109375 0.6435546875 0.5693359375
0 0.6708984375 0.36572265625 0.6005859375 0.36572265625 0.6005859375 0.47216796875 0.6708984375 0.47216796875 0.6708984375 0.36572265625
0 0.615234375 0.494140625 0.501953125 0.494140625 0.501953125 0.56640625 0.615234375 0.56640625 0.615234375 0.494140625
0 0.52880859375 0.60107421875 0.47216796875 0.60107421875 0.47216796875 0.64794921875 0.52880859375 0.64794921875 0.52880859375 0.60107421875
0 0.43359375 0.55224609375 0.37890625 0.55224609375 0.37890625 0.62451171875 0.43359375 0.62451171875 0.43359375 0.55224609375
0 0.17138671875 0.61767578125 0.13134765625 0.61767578125 0.13134765625 0.65478515625 0.17138671875 0.65478515625 0.17138671875 0.61767578125
0 0.158203125 0.64404296875 0.0927734375 0.64404296875 0.0927734375 0.70947265625 0.158203125 0.70947265625 0.158203125 0.64404296875
0 0.24169921875 0.75 0.20166015625 0.75 0.20166015625 0.79296875 0.24169921875 0.79296875 0.24169921875 0.75
0 0.32666015625 0.75146484375 0.29345703125 0.75146484375 0.29345703125 0.78955078125 0.32666015625 0.78955078125 0.32666015625 0.75146484375
0 0.25830078125 0.8779296875 0.20458984375 0.8779296875 0.20458984375 0.9267578125 0.25830078125 0.9267578125 0.25830078125 0.8779296875
0 0.18798828125 0.814453125 0.12158203125 0.814453125 0.12158203125 0.875 0.18798828125 0.875 0.18798828125 0.814453125
0 0.111328125 0.8349609375 0.0830078125 0.8349609375 0.0830078125 0.8564453125 0.111328125 0.8564453125 0.111328125 0.8349609375
0 0.06640625 0.7548828125 0.0361328125 0.7548828125 0.0361328125 0.78125 0.06640625 0.78125 0.06640625 0.7548828125
0 0.05126953125 0.779296875 0.02099609375 0.779296875 0.02099609375 0.8212890625 0.05126953125 0.8212890625 0.05126953125 0.779296875
0 0.08984375 0.8564453125 0.06640625 0.8564453125 0.06640625 0.8828125 0.08984375 0.8828125 0.08984375 0.8564453125
0 0.0615234375 0.921875 0.0361328125 0.921875 0.0361328125 0.953125 0.0615234375 0.953125 0.0615234375 0.921875
0 0.1162109375 0.87158203125 0.076171875 0.87158203125 0.076171875 0.91845703125 0.1162109375 0.91845703125 0.1162109375 0.87158203125
0 0.10986328125 0.91796875 0.06298828125 0.91796875 0.06298828125 0.96484375 0.10986328125 0.96484375 0.10986328125 0.91796875
0 0 0.69970703125 0.0244140625 0.69970703125 0.0244140625 0.66455078125 0 0.66455078125 0 0.69970703125
0 0.666015625 1 0.666015625 0.8798828125 0.4970703125 0.8798828125 0.4970703125 1 0.666015625 1
0 0.57861328125 0.9130859375 0.51220703125 0.9130859375 0.51220703125 0.9833984375 0.57861328125 0.9833984375 0.57861328125 0.9130859375