0 0.21337890625 0.4873046875 0.15283203125 0.4873046875 0.15283203125 0.5458984375 0.21337890625 0.5458984375 0.21337890625 0.4873046875
0 0.14599609375 0.34716796875 0.07958984375 0.34716796875 0.07958984375 0.41064453125 0.14599609375 0.41064453125 0.14599609375 0.34716796875
0 0 0.34423828125 0.080078125 0.34423828125 0.080078125 0.21533203125 0 0.21533203125 0 0.34423828125
0 0.052734375 0.232421875 0.0146484375 0.232421875 0.0146484375 0.2822265625 0.052734375 0.2822265625 0.052734375 0.232421875
0 0.04296875 0.296875 0.0048828125 0.296875 0.0048828125 0.333984375 0.04296875 0.333984375 0.04296875 0.296875
0 0.25830078125 0.24365234375 0.20654296875 0.24365234375 0.20654296875 0.28173828125 0.25830078125 0.28173828125 0.25830078125 0.24365234375
0 0.263671875 0.31689453125 0.23828125 0.31689453125 0.23828125 0.34228515625 0.263671875 0.34228515625 0.263671875 0.31689453125
0 0.25341796875 0.2939453125 0.20654296875 0.2939453125 0.20654296875 0.32421875 0.25341796875 0.32421875 0.25341796875 0.2939453125
0 0.99462890625 0.37939453125 0.94091796875 0.37939453125 0.94091796875 0.46240234375 0.99462890625 0.46240234375 0.99462890625 0.37939453125
0 1 0.48388671875 0.986328125 0.48388671875 0.986328125 0.52587890625 1 0.52587890625 1 0.48388671875
0 0.982421875 0.6025390625 0.9326171875 0.6025390625 0.9326171875 0.6611328125 0.982421875 0.6611328125 0.982421875 0.6025390625
0 0.93798828125 0.748046875 0.87939453125 0.748046875 0.87939453125 0.818359375 0.93798828125 0.818359375 0.93798828125 0.748046875
0 0.927734375 0.77783203125 0.89453125 0.77783203125 0.89453125 0.81103515625 0.927734375 0.81103515625 0.927734375 0.77783203125
0 0.95947265625 0.82470703125 0.84716796875 0.82470703125 0.84716796875 0.91845703125 0.95947265625 0.91845703125 0.95947265625 0.82470703125
0 0.939453125 0.84814453125 0.89453125 0.84814453125 0.89453125 0.90478515625 0.939453125 0.90478515625 0.939453125 0.84814453125
0 0.890625 0.8515625 0.8359375 0.8515625 0.8359375 0.9033203125 0.890625 0.9033203125 0.890625 0.8515625
0 0.90625 0.82470703125 0.857421875 0.82470703125 0.857421875 0.85595703125 0.90625 0.85595703125 0.90625 0.82470703125
0 0.87744140625 1 0.87744140625 0.9716796875 0.82275390625 0.9716796875 0.82275390625 1 0.87744140625 1
0 0.55419921875 0.23388671875 0.45361328125 0.23388671875 0.45361328125 0.33544921875 0.55419921875 0.33544921875 0.55419921875 0.23388671875
0 0 0.6357421875 0.0400390625 0.6357421875 0.0400390625 0.59765625 0 0.59765625 0 0.6357421875
0 0.673828125 0.630859375 0.4384765625 0.630859375 0.4384765625 0.86328125 0.673828125 0.86328125 0.673828125 0.630859375
0 0.56396484375 0.671875 0.51025390625 0.671875 0.51025390625 0.7255859375 0.56396484375 0.7255859375 0.56396484375 0.671875
0 0.5107421875 0.65869140625 0.4638671875 0.65869140625 0.4638671875 0.71240234375 0.5107421875 0.71240234375 0.5107421875 0.65869140625
0 0.6064453125 0.78271484375 0.5595703125 0.78271484375 0.5595703125 0.81982421875 0.6064453125 0.81982421875 0.6064453125 0.78271484375
0 0.6298828125 0.79248046875 0.595703125 0.79248046875 0.595703125 0.84033203125 0.6298828125 0.84033203125 0.6298828125 0.79248046875
0 0.59228515625 0.81396484375 0.54736328125 0.81396484375 0.54736328125 0.85205078125 0.59228515625 0.85205078125 0.59228515625 0.81396484375
0 0.5263671875 0.7255859375 0.4892578125 0.7255859375 0.4892578125 0.763671875 0.5263671875 0.763671875 0.5263671875 0.7255859375
0 0.513671875 0.75439453125 0.486328125 0.75439453125 0.486328125 0.78369140625 0.513671875 0.78369140625 0.513671875 0.75439453125
0 0.54638671875 0.7646484375 0.52978515625 0.7646484375 0.52978515625 0.80078125 0.54638671875 0.80078125 0.54638671875 0.7646484375
0 0.56689453125 0.71435546875 0.52001953125 0.71435546875 0.52001953125 0.75634765625 0.56689453125 0.75634765625 0.56689453125 0.71435546875
0 0.5908203125 0.75634765625 0.548828125 0.75634765625 0.548828125 0.78857421875 0.5908203125 0.78857421875 0.5908203125 0.75634765625
0 0.0146484375 0 0.0146484375 0.0166015625 0.052734375 0.0166015625 0.052734375 0 0.0146484375 0
0 0.908203125 0.2626953125 0.876953125 0.2626953125 0.876953125 0.291015625 0.908203125 0.291015625 0.908203125 0.2626953125
0 0.88720703125 0.2451171875 0.85595703125 0.2451171875 0.85595703125 0.283203125 0.88720703125 0.283203125 0.88720703125 0.2451171875
0 0.59521484375 0 0.59521484375 0.125 0.76220703125 0.125 0.76220703125 0 0.59521484375 0
0 0.9609375 0.00244140625 0.8515625 0.00244140625 0.8515625 0.11767578125 0.9609375 0.11767578125 0.9609375 0.00244140625
0 0.81689453125 0 0.81689453125 0.04296875 0.85791015625 0.04296875 0.85791015625 0 0.81689453125 0
0 0.78955078125 0 0.78955078125 0.03515625 0.82177734375 0.03515625 0.82177734375 0 0.78955078125 0
0 0.7431640625 0 0.7431640625 0.044921875 0.7890625 0.044921875 0.7890625 0 0.7431640625 0
0 0.75927734375 0.01171875 0.71240234375 0.01171875 0.71240234375 0.0693359375 0.75927734375 0.0693359375 0.75927734375 0.01171875
0 0.7060546875 0.0400390625 0.6826171875 0.0400390625 0.6826171875 0.068359375 0.7060546875 0.068359375 0.7060546875 0.0400390625
0 0.82275390625 0.12744140625 0.77490234375 0.12744140625 0.77490234375 0.17431640625 0.82275390625 0.17431640625 0.82275390625 0.12744140625
0 0.88330078125 0.18115234375 0.77392578125 0.18115234375 0.77392578125 0.27392578125 0.88330078125 0.27392578125 0.88330078125 0.18115234375
0 0.8173828125 0.240234375 0.7880859375 0.240234375 0.7880859375 0.265625 0.8173828125 0.265625 0.8173828125 0.240234375
0 0.78076171875 0.2060546875 0.75634765625 0.2060546875 0.75634765625 0.2255859375 0.78076171875 0.2255859375 0.78076171875 0.2060546875
0 0.79443359375 0.22314453125 0.76220703125 0.22314453125 0.76220703125 0.24658203125 0.79443359375 0.24658203125 0.79443359375 0.22314453125
0 0.791015625 0.1748046875 0.7080078125 0.1748046875 0.7080078125 0.2490234375 0.791015625 0.2490234375 0.791015625 0.1748046875
0 0.73681640625 0.2314453125 0.71044921875 0.2314453125 0.71044921875 0.255859375 0.73681640625 0.255859375 0.73681640625 0.2314453125
0 0.703125 0.20654296875 0.654296875 0.20654296875 0.654296875 0.24951171875 0.703125 0.24951171875 0.703125 0.20654296875
0 0.65869140625 0.22705078125 0.63525390625 0.22705078125 0.63525390625 0.24951171875 0.65869140625 0.24951171875 0.65869140625 0.22705078125
0 0.7041015625 0.291015625 0.654296875 0.291015625 0.654296875 0.322265625 0.7041015625 0.322265625 0.7041015625 0.291015625
0 0.67431640625 0.25830078125 0.63330078125 0.25830078125 0.63330078125 0.29443359375 0.67431640625 0.29443359375 0.67431640625 0.25830078125
0 0.73583984375 0.23779296875 0.66943359375 0.23779296875 0.66943359375 0.30419921875 0.73583984375 0.30419921875 0.73583984375 0.23779296875
0 0.8193359375 0.111328125 0.740234375 0.111328125 0.740234375 0.19140625 0.8193359375 0.19140625 0.8193359375 0.111328125
0 0.67626953125 0.11474609375 0.62744140625 0.11474609375 0.62744140625 0.16552734375 0.67626953125 0.16552734375 0.67626953125 0.11474609375
0 0.68310546875 0.05224609375 0.60986328125 0.05224609375 0.60986328125 0.13427734375 0.68310546875 0.13427734375 0.68310546875 0.05224609375
0 0.76806640625 0.07080078125 0.69580078125 0.07080078125 0.69580078125 0.12255859375 0.76806640625 0.12255859375 0.76806640625 0.07080078125
0 0.6318359375 0.00634765625 0.60546875 0.00634765625 0.60546875 0.03271484375 0.6318359375 0.03271484375 0.6318359375 0.00634765625
0 0.65283203125 0.0322265625 0.61767578125 0.0322265625 0.61767578125 0.05078125 0.65283203125 0.05078125 0.65283203125 0.0322265625
0 0.63232421875 0 0.63232421875 0.0517578125 0.70361328125 0.0517578125 0.70361328125 0 0.63232421875 0