0 0.450587625 0.47346489218750004 0.4638864359375 0.508109478125 0.49488422343750005 0.4962105421875 0.48158541250000003 0.46156595625 0.450587625 0.47346489218750004
0 0.44180839687500006 0.5500577234375 0.449507709375 0.570115115625 0.4686534015625 0.5627657734375 0.46095409062500003 0.54270838125 0.44180839687500006 0.5500577234375
0 0.5068400625 0.600932309375 0.5141894046875 0.6200780015625 0.5369818953125 0.611328784375 0.529632553125 0.5921830921875 0.5068400625 0.600932309375
0 0.5270234609375 0.6684995109375 0.536122646875 0.6922037015625 0.5552683390625 0.6848543593749999 0.5461691531249999 0.66115016875 0.5270234609375 0.6684995109375
0 0.422784259375 0.63947455 0.43993272499999997 0.68414783125 0.4764007109375 0.6701490828125001 0.45925224531250003 0.6254758015624999 0.422784259375 0.63947455
0 0.3694866078125 0.6573184999999999 0.3771859203125 0.6773758921875 0.3981550109375 0.6693266125 0.3904557 0.6492692203125 0.3694866078125 0.6573184999999999
0 0.38819541874999997 0.6747188015625001 0.3976445734375 0.6993346921875 0.4195253640625 0.69093544375 0.410076209375 0.666319553125 0.38819541874999997 0.6747188015625001
0 0.475237978125 0.3578294453125 0.4825873203125 0.3769751375 0.4980862140625 0.37102566875 0.490736871875 0.3518799765625 0.475237978125 0.3578294453125
0 0.49682899843749995 0.36366296875000004 0.5003286859375 0.37277996562500004 0.5140041796875 0.367530434375 0.51050449375 0.3584134390625 0.49682899843749995 0.36366296875000004
0 0.576485615625 0.24417225625 0.5810352078125 0.2560243515625 0.5965341015625001 0.2500748828125 0.591984509375 0.23822278749999998 0.576485615625 0.24417225625
0 0.5523712578125 0.23721527031249998 0.5586706953125 0.2536258640625 0.5759929875 0.2469764578125 0.5696935515625 0.2305658640625 0.5523712578125 0.23721527031249998
0 0.6019653843749999 0.3609623328125 0.6166640703125 0.3992537171875 0.644926759375 0.3884046875 0.6302280734375 0.350113303125 0.6019653843749999 0.3609623328125
0 0.65489525625 0.369410559375 0.6685440359375 0.40496684531250005 0.705012021875 0.390968096875 0.6913632421875 0.3554118109375 0.65489525625 0.369410559375
0 0.7646770546874999 0.33929873593750004 0.7727263343749999 0.36026782812499997 0.790048628125 0.353618421875 0.7819993484375 0.33264933124999996 0.7646770546874999 0.33929873593750004
0 0.8204289390625 0.32103571249999996 0.82812825 0.3410931046875 0.8427154437500001 0.33549360625 0.8350161328124999 0.3154362140625 0.8204289390625 0.32103571249999996
0 0.8834722828125001 0.410330984375 0.8887218140625001 0.42400647812500003 0.9051324062500001 0.41770704218750004 0.8998828765625 0.40403154687500004 0.8834722828125001 0.410330984375
0 1 0.4073304765625 0.9967125375 0.39876634375000003 0.9547743546874999 0.4148649046875 0.9680731640625 0.449509490625 1 0.4372539265625 1 0.4073304765625
0 0.9039508843749999 0.2947278625 0.9113002265624999 0.3138735546875 0.9468565124999999 0.300224775 0.9395071703125 0.2810790828125 0.9039508843749999 0.2947278625
0 0.9138603406250001 0.3123677984375 0.9205097468749999 0.3296900921875 0.9378320390624999 0.3230406859375 0.931182634375 0.30571839375 0.9138603406250001 0.3123677984375
0 0.8582387375 0.18518124687499998 0.8659380499999999 0.2052386390625 0.8777901453125001 0.2006890453125 0.8700908328124999 0.180631653125 0.8582387375 0.18518124687499998
0 0.8880908015625 0.2098104953125 0.8999897375 0.2408082828125 0.9273407265625 0.23030922187499997 0.915441790625 0.199311434375 0.8880908015625 0.2098104953125
0 0.5206634703125 0.20911420781249998 0.52976265625 0.2328183984375 0.554378546875 0.22336924374999997 0.5452793609375 0.199665053125 0.5206634703125 0.20911420781249998
0 0.494209665625 0.187887671875 0.5008590703125 0.20520996406249997 0.5127111656250001 0.20066037187500002 0.5060617609375 0.183338078125 0.494209665625 0.187887671875
0 0.48304860312500003 0.207862603125 0.484098509375 0.21059770156250002 0.49412720468750004 0.2067480453125 0.49307729843750003 0.204012946875 0.48304860312500003 0.207862603125
0 0.45425205625 0.230946021875 0.4679008359375 0.2665023078125 0.5189560140625 0.24690405937499998 0.5053072359375 0.2113477734375 0.45425205625 0.230946021875
0 0.47048882187499996 0.27596927187500003 0.49848631875000005 0.34890524375 0.5759807875 0.319157903125 0.5479832921875001 0.24622193281250002 0.47048882187499996 0.27596927187500003
0 0.4801174140625 0.2942400421875 0.48886663124999996 0.317032534375 0.5025421265625 0.311783003125 0.49379290937500003 0.28899051249999996 0.4801174140625 0.2942400421875
0 0.492338446875 0.315176809375 0.4986378828125 0.331587403125 0.5077548796875 0.328087715625 0.5014554421875 0.31167712187499996 0.492338446875 0.315176809375
0 0.5536307890625001 0.3481350453125 0.56238000625 0.3709275359375 0.6061415890624999 0.3541290375 0.597392371875 0.33133654687499997 0.5536307890625001 0.3481350453125
0 0.666597925 0.2718207625 0.6728973625 0.28823135624999996 0.6902196546875 0.2815819515625 0.68392021875 0.2651713578125 0.666597925 0.2718207625
0 0.702882021875 0.270968103125 0.7102313640625 0.290113796875 0.7266419578125001 0.283814359375 0.7192926140625 0.2646686671875 0.702882021875 0.270968103125
0 0.7847467765625 0 0.7813749249999999 0.0012943328125 0.7988733609375 0.046879315625 0.8526636390625001 0.0262311625 0.8425944390625 0 0.7847467765625 0
0 0.7738774921875 0.15480209375 0.7927758015624999 0.2040338734375 0.8255969875 0.191435 0.806698678125 0.1422032203125 0.7738774921875 0.15480209375
0 0.7163445953124999 0.2161134046875 0.72964340625 0.25075799062500004 0.771581590625 0.23465942968750003 0.7582827796875 0.20001484375 0.7163445953124999 0.2161134046875
0 0.669574796875 0.16921216562500002 0.6762242015625 0.186534459375 0.688987996875 0.181634896875 0.6823385921875 0.1643126046875 0.669574796875 0.16921216562500002
0 0.61724904375 0.20185062031249998 0.6277481046875 0.229201609375 0.6523639953125 0.2197524546875 0.641864934375 0.192401465625 0.61724904375 0.20185062031249998
0 0.5246224796875001 0.37339183125000003 0.532671759375 0.3943609234375 0.567316346875 0.3810621125 0.5592670656250001 0.360093021875 0.5246224796875001 0.37339183125000003
0 0.52978955 0.4059277 0.552537515625 0.4651881765625 0.6163564890625 0.4406903671875 0.5936085234374999 0.3814298921875 0.52978955 0.4059277
0 0.5357066921875 0.4172548421875 0.5423560968750001 0.4345771359375 0.5551198921875 0.4296775734375 0.5484704875 0.41235528125 0.5357066921875 0.4172548421875
0 0.5750112046875 0.4079204734375 0.5830604859374999 0.428889565625 0.5967359796875 0.4236400359375 0.5886867 0.40267094375 0.5750112046875 0.4079204734375
0 0.7006710734375 0.649437259375 0.7055706359375 0.6622010546875 0.724716328125 0.6548517109375 0.719816765625 0.642087915625 0.7006710734375 0.649437259375
0 0.71030411875 0.6609070609375001 0.7155536484375 0.6745825546875001 0.72740574375 0.6700329609375 0.7221562140625 0.6563574671875 0.71030411875 0.6609070609375001
0 0.656209553125 0.6644123578125 0.662508990625 0.6808229515625001 0.6825663828125 0.6731236390625 0.6762669453125 0.6567130453125001 0.656209553125 0.6644123578125
0 0.74676221875 0.8226468328125 0.7499119375000001 0.830852128125 0.7599406328125 0.8270024734374999 0.7567909140625 0.8187971765625001 0.74676221875 0.8226468328125
0 0.64603935625 0.7237564515625 0.65093891875 0.736520246875 0.6637027125 0.7316206859375 0.6588031515624999 0.7188568906249999 0.64603935625 0.7237564515625
0 0.7007781125 0.7001291125 0.7053277062500001 0.7119812078125001 0.7199149 0.7063817078125 0.71536530625 0.6945296125 0.7007781125 0.7001291125
0 0.609128878125 0.7175272765625 0.618228065625 0.7412314671875 0.6501375515625 0.7289825624999999 0.6410383656249999 0.705278371875 0.609128878125 0.7175272765625
0 0.57556981875 0.6791534312499999 0.58116931875 0.693740625 0.5966682125 0.6877911578125 0.5910687125 0.6732039624999999 0.57556981875 0.6791534312499999
0 0.5352020421875 0.706155609375 0.543951259375 0.7289481 0.5640086515625 0.7212487890625 0.555259434375 0.698456296875 0.5352020421875 0.706155609375
0 0.5197823140625 0.7518242093749999 0.5246818765625 0.7645880046875 0.54565096875 0.7565387234375 0.54075140625 0.7437749296875 0.5197823140625 0.7518242093749999
0 0.4490019015625 0.8072373453124999 0.4539014640625 0.8200011390625 0.464841859375 0.815801515625 0.459942296875 0.8030377203124999 0.4490019015625 0.8072373453124999
0 0.5339361 0.926309965625 0.5444351609375 0.9536609546875001 0.5836382453125 0.9386123 0.573139184375 0.9112613109375 0.5339361 0.926309965625
0 0.6192357609375 0.915533334375 0.6248352609375 0.930120528125 0.6394224546875 0.9245210296874999 0.6338229546874999 0.9099338343750001 0.6192357609375 0.915533334375
0 0.6229973453125 0.8994448359374999 0.6285968453125 0.91403203125 0.6431840390625 0.9084325312500001 0.637584540625 0.8938453375 0.6229973453125 0.8994448359374999
0 0.3980804765625 0.8367216296875 0.40333000625000004 0.8503971234375 0.4160938015625 0.8454975625 0.41084427031250004 0.8318220671875001 0.3980804765625 0.8367216296875
0 0.44251643749999997 0.9143308843750001 0.4551153109375 0.947152071875 0.48064290156249995 0.937352946875 0.468044028125 0.9045317609374999 0.44251643749999997 0.9143308843750001
0 0.3867355234375 0.8698426484375 0.3933849296875 0.8871649421875001 0.410707221875 0.8805155375 0.40405781718749995 0.86319324375 0.3867355234375 0.8698426484375
0 0.345655609375 0.9672028734375001 0.352305015625 0.9845251656249999 0.3696273078125 0.9778757609375001 0.362977903125 0.9605534671875 0.345655609375 0.9672028734375001
0 0.2874249140625 0.9163327406249999 0.29337438125 0.931831634375 0.3134317734375 0.9241323234375001 0.30748230625 0.9086334296875 0.2874249140625 0.9163327406249999
0 0.25501273593749996 0.8932092484374999 0.269011484375 0.9296772343749999 0.30730286875 0.9149785484375 0.293304121875 0.8785105640624999 0.25501273593749996 0.8932092484374999
0 0.2537230171875 0.667759678125 0.26002245468749996 0.684170271875 0.278256446875 0.6771708984375 0.271957009375 0.6607603046875 0.2537230171875 0.667759678125
0 0.337521375 0.6476219624999999 0.3466205625 0.671326153125 0.3639428546875 0.6646767484375 0.35484366875 0.6409725578125001 0.337521375 0.6476219624999999
0 0.18624931875 0.5451227203125 0.1981482546875 0.5761205078125 0.2209407453125 0.5673712906249999 0.209041809375 0.536373503125 0.18624931875 0.5451227203125
0 0.9065703953125 0.684418278125 0.9135697687500001 0.7026522703125 0.9281569624999999 0.6970527718749999 0.9211575890624999 0.6788187796875 0.9065703953125 0.684418278125
0 0.9089354000000001 0.6061034750000001 0.9183845546875 0.630719365625 0.937530246875 0.6233700234375 0.9280810921875 0.5987541328125 0.9089354000000001 0.6061034750000001
0 0.8292331000000001 0.7418253453125 0.83448263125 0.7555008390625 0.8518049234375 0.748851434375 0.8465553937499999 0.735175940625 0.8292331000000001 0.7418253453125
0 0.791417690625 0.83270224375 0.7977171265624999 0.8491128375000001 0.813216021875 0.84316336875 0.8069165843749999 0.8267527749999999 0.791417690625 0.83270224375
0 0.8672269671875 0.806739909375 0.8777260281249999 0.8340908984375 0.909635515625 0.82184199375 0.8991364546874999 0.7944910046875 0.8672269671875 0.806739909375
0 0.8798124828124999 0.8599640031250001 0.8864618875 0.8772862968749999 0.90287248125 0.8709868609375 0.8962230765625 0.8536645671875001 0.8798124828124999 0.8599640031250001
0 0.8726481875 0.879450759375 0.8757979046875001 0.88765605625 0.8985903953125 0.8789068390624999 0.8954406781250001 0.8707015421875001 0.8726481875 0.879450759375
0 0.9512237296875 0.8048317328125 0.958923040625 0.824889125 0.98445063125 0.8150900015625 0.9767513187500001 0.795032609375 0.9512237296875 0.8048317328125
0 0.9430741781249999 0.8299268937500001 0.946573865625 0.8390438906250001 0.9602493593749999 0.8337943593749999 0.9567496734375001 0.8246773624999999 0.9430741781249999 0.8299268937500001
0 1 0.662152534375 0.9831442593749999 0.6686228468750001 0.9950431953125 0.699620634375 1 0.6977178953125 1 0.662152534375
0 1 0.6634830593750001 0.9855561046875 0.6258554234375 0.9317658265625001 0.646503578125 0.9485643234375001 0.690265159375 1 0.670520853125 1 0.6634830593750001
0 0.949250903125 0.7124914671875 0.9548504031249999 0.7270786609375001 0.9667024984375001 0.72252906875 0.9611029984374999 0.707941875 0.949250903125 0.7124914671875
0 0.9607251578125 0.696057453125 0.9715741875000001 0.7243201421875 0.995278378125 0.71522095625 0.9844293484375 0.6869582671875001 0.9607251578125 0.696057453125
0 0.8981899359375 0.473197028125 0.9041394046875 0.48869592187500005 0.921461696875 0.4820465171875 0.9155122296875 0.4665476234375 0.8981899359375 0.473197028125
0 0.7843767296874999 0.3960682015625 0.7885763546875 0.407008596875 0.7976933515625 0.403508909375 0.7934937265625 0.39256851406250004 0.7843767296874999 0.3960682015625
0 0.7358359828125 0.4303918484375 0.7575340421875 0.4869172265625 0.8104126203125 0.4666190421875 0.7887145609374999 0.41009366406250003 0.7358359828125 0.4303918484375
0 0.6830766421875001 0.429200440625 0.7030248578125 0.48116732031250004 0.762285334375 0.45841935468750006 0.74233711875 0.40645247656250005 0.6830766421875001 0.429200440625
0 0.5520984953125 0.6002958656249999 0.5597978078125 0.62035325625 0.5862370968749999 0.6102041640625 0.5785377859375 0.590146771875 0.5520984953125 0.6002958656249999
0 0.6074080656249999 0.7757200359375 0.6144074390625 0.7939540296875001 0.6344648312500001 0.7862547171875 0.6274654578125001 0.768020725 0.6074080656249999 0.7757200359375
0 0.663865496875 0.8042579796875 0.6764643703125001 0.8370791671875001 0.7010802609375 0.8276300125 0.6884813875 0.7948088249999999 0.663865496875 0.8042579796875
0 0.6383055828125 0.8098853531250001 0.6512544250000001 0.8436182390625 0.6767820140625 0.833819115625 0.663833171875 0.8000862281250001 0.6383055828125 0.8098853531250001
0 0.6019167624999999 0.8636032328125 0.6103160125 0.8854840234375001 0.632196803125 0.8770847749999999 0.6237975546875 0.855203984375 0.6019167624999999 0.8636032328125
0 0.62751345625 0.8553466437499999 0.6327629859375 0.8690221375 0.6418799828124999 0.8655224499999999 0.6366304515625 0.85184695625 0.62751345625 0.8553466437499999
0 0.5964967 0.84267091875 0.6038460437500001 0.8618166109375001 0.6239034359375 0.8541173000000001 0.6165540921875 0.8349716078125 0.5964967 0.84267091875
0 0.5961924140625 0.8255280624999999 0.61124106875 0.8647311468750001 0.650444153125 0.8496824937499999 0.6353954984375 0.810479409375 0.5961924140625 0.8255280624999999
0 0.597890965625 0.80134015 0.6062902140624999 0.823220940625 0.6309061046875 0.8137717859375 0.6225068546875 0.7918909953125 0.597890965625 0.80134015
0 0.5924108828125 0.97917848125 0.5959105703125 0.988295478125 0.605939265625 0.9844458218750001 0.602439578125 0.9753288265625001 0.5924108828125 0.97917848125
0 0.5714782125 0.5567683078125001 0.599125740625 0.628792578125 0.662944715625 0.60429476875 0.6352971875 0.5322704984375 0.5714782125 0.5567683078125001
0 0.3830326234375 0.4214668453125 0.389682028125 0.4387891375 0.40609262187499995 0.4324897015625 0.39944321718750003 0.41516740781249994 0.3830326234375 0.4214668453125
0 0.34663819375 0.4302071578125 0.3609869109375 0.4675868421875 0.3928963984375 0.45533793749999996 0.37854768125 0.417958253125 0.34663819375 0.4302071578125
0 0.2632176765625 0.46222929375 0.2709169890625 0.4822866859375 0.299179678125 0.47143765625 0.291480365625 0.45138026406250004 0.2632176765625 0.46222929375
0 0.2428649046875 0.4391838109375 0.24741449843750002 0.45103590625 0.2629133921875 0.4450864375 0.2583637984375 0.43323434218749995 0.2428649046875 0.4391838109375
0 0.22527955624999998 0.419260171875 0.2315789921875 0.435670765625 0.2489012859375 0.4290213609375 0.24260185 0.4126107671875 0.22527955624999998 0.419260171875
0 0.21652588593750002 0.40326864999999995 0.2200255734375 0.41238564687499996 0.2355244671875 0.40643617968749995 0.2320247796875 0.3973191828125 0.21652588593750002 0.40326864999999995
0 0.26486048281249996 0.4160959390625 0.27115991875 0.43250653281250007 0.30124600625000003 0.42095756562500003 0.2949465703125 0.404546971875 0.26486048281249996 0.4160959390625
0 0.28322261875 0.374005034375 0.29722136718750003 0.41047301875000003 0.32457235624999997 0.3999739578125 0.3105736078125 0.3635059734375 0.28322261875 0.374005034375
0 0.3066281328125 0.392740559375 0.32272669375 0.43467874218749997 0.391104165625 0.408431090625 0.37500560625 0.36649290625000003 0.3066281328125 0.392740559375
0 0.3954898171875 0.295867353125 0.4196376578125 0.358774628125 0.46522263906249994 0.3412761921875 0.4410748 0.2783689171875 0.3954898171875 0.295867353125
0 0.3940041875 0.36966043437499996 0.40450324843749996 0.3970114234375 0.43276593593749996 0.38616239375 0.42226687500000004 0.3588114046875 0.3940041875 0.36966043437499996
0 0.258881984375 0.33784578593750003 0.2648314515625 0.3533446796875 0.278506946875 0.34809515 0.27255747812500003 0.33259625625 0.258881984375 0.33784578593750003
0 0.1226742546875 0.35770379375 0.13912278281249998 0.4005536765625 0.17376736875 0.3872548671875 0.15731884062499998 0.344404984375 0.1226742546875 0.35770379375
0 0.015062529687500001 0.44660688593750003 0.026961465624999997 0.477604675 0.06616455 0.4625560203125 0.0542656140625 0.4315582328125 0.015062529687500001 0.44660688593750003
0 0.05421681406249999 0.7202840140625 0.0640159375 0.7458116046875001 0.07769143125 0.7405620734375 0.0678923078125 0.7150344843750001 0.05421681406249999 0.7202840140625
0 0.2905936 0.9491126968750001 0.2972430046875 0.9664349906249999 0.3109185 0.961185459375 0.3042690953125 0.9438631671875 0.2905936 0.9491126968750001
0 0.2275158421875 1 0.248006771875 0.9921342687499999 0.22875849375 0.9419907890625 0.19684900624999999 0.95423969375 0.21441474375 1 0.2275158421875 1
0 0.28201639375 1 0.307428875 0.9902450625 0.2839809734375 0.9291611859375 0.2347491921875 0.9480594968749999 0.254687284375 1 0.28201639375 1
0 0.1862752328125 0.8803686031250001 0.19362457500000002 0.8995142953125 0.20912346875 0.8935648281249999 0.2017741265625 0.8744191359375 0.1862752328125 0.8803686031250001
0 0.15809286718749999 0.9827153031250001 0.1507992703125 0.9855150515625001 0.15604880000000002 0.999190546875 0.1633423984375 0.996390796875 0.15809286718749999 0.9827153031250001
0 0.154749196875 0.949479496875 0.139250303125 0.9554289640625001 0.1451997703125 0.9709278578125 0.1606986640625 0.964978390625 0.154749196875 0.949479496875
0 0.16107980156249999 0.9182833046875001 0.1666793 0.9328704984374999 0.1794430953125 0.9279709359374999 0.173843596875 0.9133837421875001 0.16107980156249999 0.9182833046875001
0 0.1169581875 0.8959935031249999 0.133756684375 0.9397550859375 0.165666171875 0.9275061812500001 0.148867675 0.8837445984375 0.1169581875 0.8959935031249999
0 0.13808329531250002 0.8638254140624999 0.15628166875 0.9112337953124999 0.1982198515625 0.8951352343750001 0.180021478125 0.847726853125 0.13808329531250002 0.8638254140624999
0 0.1217418046875 0.871667384375 0.13644049062500002 0.9099587687499999 0.16470317968749998 0.8991097390625 0.15000449375 0.8608183546875001 0.1217418046875 0.871667384375
0 0.7316261171875 0.1673597359375 0.738975459375 0.18650542812499998 0.7562977531249999 0.1798560234375 0.7489484109375 0.16071033125 0.7316261171875 0.1673597359375
0 0.800900775 0.1093864859375 0.8079001484375 0.127620478125 0.8243107421874999 0.12132104218749999 0.8173113671875001 0.10308705 0.800900775 0.1093864859375
0 0.4702041875 0 0.485227403125 0.039136814062500004 0.5864260625 0.0002902890625 0.5863146312499999 0 0.4702041875 0
0 0.4603351 0.042415834375 0.4722340359375 0.073413621875 0.5041435234375 0.061164717187499995 0.4922445875 0.0301669296875 0.4603351 0.042415834375
0 0.5231655234375 0.0821059359375 0.5305148671875 0.10125162812499999 0.5542190578125 0.0921524421875 0.5468697140625001 0.07300675 0.5231655234375 0.0821059359375
0 0.578240890625 0.079793203125 0.5960892953125 0.126289884375 0.6307338812500001 0.11299107500000001 0.6128854765625 0.0664943921875 0.578240890625 0.079793203125
0 0.6834185078125 0.0676623796875 0.6925176937499999 0.09136657031249999 0.7143984859375 0.082967321875 0.7052992984374999 0.059263131250000003 0.6834185078125 0.0676623796875
0 0.6743973296875 0.031898784375 0.686646234375 0.063808271875 0.7067036265625 0.056108960937499994 0.694454721875 0.0241994734375 0.6743973296875 0.031898784375
0 0.630538771875 0.036182028125 0.6417377703125 0.065356415625 0.6727355578124999 0.0534574796875 0.661536559375 0.0242830921875 0.630538771875 0.036182028125
0 0.641986309375 0.060553829687500005 0.6559850578125 0.097021815625 0.6796892484375 0.0879226296875 0.6656905 0.051454643749999994 0.641986309375 0.060553829687500005
0 0.63980519375 0.12572254375 0.64190500625 0.13119274218750002 0.6710793953125 0.11999374375 0.6689795828125 0.1145235453125 0.63980519375 0.12572254375
0 0.6581361625000001 0.131238425 0.6647855687499999 0.1485607171875 0.6976067546875 0.13596184375 0.6909573499999999 0.11863955156249999 0.6581361625000001 0.131238425
0 0.6845832 0.05570885625000001 0.709430978125 0.1204395296875 0.7686914546875 0.097691565625 0.7438436765625001 0.032960890625 0.6845832 0.05570885625000001
0 0.6907333328124999 0 0.6617204484375 0.011137003125 0.675019259375 0.0457815890625 0.7078404453125 0.033182715625 0.6951027937500001 0 0.6907333328124999 0
0 0.7239378484375 0.0233423609375 0.7372366593749999 0.0579869484375 0.76094085 0.048887760937500004 0.7476420390625 0.014243175 0.7239378484375 0.0233423609375
0 0.7705872515625 0.0399546546875 0.78003640625 0.0645705453125 0.8064756953125001 0.054421453125 0.797026540625 0.0298055625 0.7705872515625 0.0399546546875
0 0.75396044375 0.05522842812499999 0.767259253125 0.0898730140625 0.8019038406250001 0.07657420468750001 0.7886050296875 0.041929618749999994 0.75396044375 0.05522842812499999
0 0.779839159375 0.09811954218749999 0.7892883140625 0.12273543125 0.818462703125 0.11153643437500001 0.8090135484375001 0.08692054375 0.779839159375 0.09811954218749999
0 0.7524982328125 0.1467952015625 0.76019754375 0.16685259375 0.7747847390625 0.16125309375000002 0.7670854265625 0.1411957015625 0.7524982328125 0.1467952015625
0 0.757498065625 0.11349474374999999 0.7704469078125 0.14722763125 0.798709596875 0.13637860156249998 0.7857607546875001 0.1026457140625 0.757498065625 0.11349474374999999
0 0.7227197249999999 0.11690751875000001 0.7353185984375 0.1497287046875 0.7644929874999999 0.13852970625 0.7518941140625001 0.1057085203125 0.7227197249999999 0.11690751875000001
0 0.7401244796875 0.09139773906250001 0.748523728125 0.1132785296875 0.8159895015625 0.0873808453125 0.807590253125 0.0655000546875 0.7401244796875 0.09139773906250001
0 0.5694696109375 0 0.5586236765625 0.0041633640625 0.588371015625 0.0816578328125 0.650366590625 0.057859960937499996 0.6281562328125 0 0.5694696109375 0
0 0.575120203125 0.13433916562499998 0.5940185125 0.1835709453125 0.665131084375 0.1562733875 0.646232775 0.10704160625 0.575120203125 0.13433916562499998
0 0.108980771875 0.176242084375 0.11738002031250001 0.198122875 0.1547597046875 0.1837741578125 0.14636045625 0.1618933671875 0.108980771875 0.176242084375
0 0.10279398437500001 0.2555009109375 0.10874345156250001 0.2709998046875 0.1242423453125 0.2650503375 0.118292878125 0.24955144375 0.10279398437500001 0.2555009109375
0 0.152556328125 0.28294771875 0.16095557656249998 0.3048285109375 0.1837480671875 0.2960792921875 0.17534881875 0.27419850156250003 0.152556328125 0.28294771875
0 0.188233009375 0.299587884375 0.1983821015625 0.326027175 0.22664479062499998 0.3151781453125 0.2164956984375 0.2887388546875 0.188233009375 0.299587884375
0 0.21723802343749998 0.3329106046875 0.225987240625 0.3557030953125 0.24786803281249997 0.347303846875 0.23911881406250002 0.32451135625 0.21723802343749998 0.3329106046875
0 0.311464025 0.2350242703125 0.32476283437500003 0.26966885625 0.3448202265625 0.26196954375 0.33152141562500004 0.2273249578125 0.311464025 0.2350242703125
0 0.22503644843749998 0.25512520781250003 0.23833525937500002 0.28976979375 0.27845004218749997 0.27437117031249997 0.26515123281249997 0.239726584375 0.22503644843749998 0.25512520781250003
0 0.2637614203125 0.274256384375 0.2767102625 0.3079892703125 0.313178246875 0.2939905234375 0.30022940625 0.2602576359375 0.2637614203125 0.274256384375
0 0.29375053281249996 0.2501921625 0.29935003125000004 0.26477935625 0.3184957234375 0.2574300140625 0.312896225 0.2428428203125 0.29375053281249996 0.2501921625
0 0.31217847656250003 0.26822329843750004 0.3184779140625 0.2846338921875 0.34127040468750003 0.2758846734375 0.33497096718749997 0.25947408125 0.31217847656250003 0.26822329843750004
0 0.37270623125 0.29101463125000004 0.3860050421875 0.3256592171875 0.40879753281250003 0.31690999999999997 0.395498721875 0.2822654140625 0.37270623125 0.29101463125000004
0 0.346911134375 0.28104168125 0.3605599140625 0.3165979671875 0.3815290046875 0.3085486875 0.367880225 0.2729924015625 0.346911134375 0.28104168125
0 0.31037965624999997 0.3384754625 0.326478215625 0.380413646875 0.3793567953125 0.3601154625 0.36325823437500004 0.31817727812499996 0.31037965624999997 0.3384754625
0 0.36827374062499996 0.36803098749999996 0.38787198749999996 0.4190861671875 0.4079293796875 0.41138685625000004 0.38833113125 0.3603316765625 0.36827374062499996 0.36803098749999996
0 0.3803877328125 0.3382759015625 0.39368654375 0.3729204875 0.4137439359375 0.365221175 0.40044512499999996 0.3305765890625 0.3803877328125 0.3382759015625
0 0.29994969843749997 0.3126670078125 0.309398853125 0.3372828984375 0.33219134375000003 0.32853368125000004 0.3227421890625 0.303917790625 0.29994969843749997 0.3126670078125
0 0.322046703125 0.29529342187499996 0.3332457015625 0.324467809375 0.3596849921875 0.31431871718750004 0.34848599375 0.2851443296875 0.322046703125 0.29529342187499996
0 0.368415240625 0.3125365484375 0.3796142390625 0.3417109375 0.3905546359375 0.3375113125 0.3793556375 0.308336925 0.368415240625 0.3125365484375
0 0.2687388125 0.061045656250000004 0.2753882171875 0.0783679484375 0.296357309375 0.07031866875000001 0.2897079046875 0.0529963765625 0.2687388125 0.061045656250000004
0 0.17949367656249998 0.1010568734375 0.1749440828125 0.089204778125 0.15671009062500002 0.096204153125 0.161259684375 0.10805624843749999 0.17949367656249998 0.1010568734375
0 0.379066846875 0.160433115625 0.3906158125 0.1905192046875 0.430730596875 0.17512058125000002 0.41918162968750006 0.14503449375 0.379066846875 0.160433115625
0 0.33338934062500003 0.1586153265625 0.340388715625 0.1768493203125 0.3504174109375 0.1729996640625 0.3434180375 0.154765671875 0.33338934062500003 0.1586153265625
0 0.3436989015625 0.1541348375 0.35944749374999996 0.1951613203125 0.39044528125 0.183262384375 0.374696690625 0.1422359015625 0.3436989015625 0.1541348375
0 0.4013978765625 0.106881315625 0.4055975015625 0.1178217109375 0.4192729953125 0.1125721796875 0.415073371875 0.101631784375 0.4013978765625 0.106881315625
0 0.3575280984375 0.021209421875000002 0.369427034375 0.052207209374999994 0.40224822031249996 0.0396083359375 0.390349284375 0.0086105484375 0.3575280984375 0.021209421875000002
0 0.34744036093749997 0.06169314218750001 0.35968926562500003 0.09360262968750001 0.38430515625 0.084153475 0.3720562515625 0.0522439875 0.34744036093749997 0.06169314218750001
0 0.3709517578125 0.079341984375 0.38355063125 0.112163171875 0.41272501874999995 0.1009641734375 0.4001261453125 0.0681429859375 0.3709517578125 0.079341984375
0 0.326684190625 0.11934759218749999 0.33508343906250004 0.1412283828125 0.3505823328125 0.135278915625 0.342183084375 0.11339812499999999 0.326684190625 0.11934759218749999
0 0.3409994234375 0.10077698906250002 0.348698734375 0.1208343796875 0.380608221875 0.10858547656249999 0.3729089109375 0.08852808437500001 0.3409994234375 0.10077698906250002
0 0.3473679640625 0.118730115625 0.36591630468749997 0.167050196875 0.4215299828125 0.14570210625 0.402981640625 0.09738202500000001 0.3473679640625 0.118730115625
0 0.3319135953125 0.0566698890625 0.33821303125 0.0730804828125 0.364652321875 0.062931390625 0.358352884375 0.046520796875 0.3319135953125 0.0566698890625
0 0.3622805484375 0.0444900890625 0.3531813625 0.0207858984375 0.319448475 0.033734739062500005 0.3285476625 0.057438929687499994 0.3622805484375 0.0444900890625
0 0.5286401749999999 0.0732051546875 0.548238421875 0.12426033437499999 0.5965585015625 0.1057119921875 0.5769602546875 0.0546568125 0.5286401749999999 0.0732051546875
0 0.549031903125 0 0.483062940625 0.0253231125 0.50651084375 0.0864069890625 0.5931223078125 0.053159962500000005 0.5727161109375001 0 0.549031903125 0
0 0.6079903671875 0.046929628125 0.6356378953124999 0.11895389999999999 0.67028248125 0.10565508906250001 0.6426349546875 0.03363081875 0.6079903671875 0.046929628125
0 0.7505429171875 0 0.7568604640625 0.0164577734375 0.7805646546875 0.0073585874999999995 0.7777399578125 0 0.7505429171875 0
0 0.65518814375 0.0826831609375 0.6716366734375 0.12553304375000002 0.7062812593750001 0.11223423437499999 0.68983273125 0.0693843515625 0.65518814375 0.0826831609375
0 0.6566704875 0 0.6505080921874999 0.0023655218749999997 0.6540077796875 0.01148251875 0.6740651718749999 0.0037832078125000002 0.672612934375 0 0.6566704875 0