0 0.48803579687500004 0.40883301562499996 0.436953659375 0.3922354234375 0.41673477343750004 0.45446275312499995 0.4678169109375 0.471060346875 0.48803579687500004 0.40883301562499996
0 0.948101528125 0.418156696875 0.8227181 0.3774171515625 0.770511128125 0.5380936921874999 0.8958945546875 0.5788332375 0.948101528125 0.418156696875
0 0.7828896328125 0.41941089218750005 0.711374640625 0.3961742625 0.6872326890625 0.470475553125 0.7587476796875 0.4937121828125 0.7828896328125 0.41941089218750005
0 0.7276235734375 0.339844746875 0.6756126703125 0.32294537968750003 0.66384346875 0.3591672578125 0.715854371875 0.376066625 0.7276235734375 0.339844746875
0 0.65034588125 0.574520803125 0.5546829703125 0.5434380390625 0.5290321453125 0.622383159375 0.62469505625 0.6534659234375 0.65034588125 0.574520803125
0 0.7637435781249999 0.8670437734374999 0.62071359375 0.8205705156249999 0.584500665625 0.9320224500000001 0.7275306484375 0.978495709375 0.7637435781249999 0.8670437734374999
0 0.540102959375 0.8806312921874999 0.39521544375 0.833554484375 0.36896107031250003 0.9143571375 0.5138485859374999 0.9614339453125 0.540102959375 0.8806312921874999
0 0.43930263593749996 0.925404084375 0.36128628125 0.900055034375 0.3458957875 0.9474221078125 0.42391214218749995 0.9727711578125 0.43930263593749996 0.925404084375
0 0.43457450625 1 0.448348621875 0.9576076328124999 0.229159815625 0.8863888734375 0.21407109531250001 0.9328271796875001 0.42080778125 1 0.43457450625 1
0 0.34657989375 0.9358359734375 0.2862100953125 0.9162206375 0.2765533140625 0.9459411531249999 0.3369231125 0.9655564890624999 0.34657989375 0.9358359734375
0 0.4985529296875 0.7161885390625 0.45768722031250003 0.7029104640625 0.43233817031250005 0.78092681875 0.4732038796875 0.79420489375 0.4985529296875 0.7161885390625
0 0.9419396624999999 0.13531970468750001 0.894572590625 0.119929209375 0.8843122609374999 0.15150725781250002 0.9316793328124999 0.166897753125 0.9419396624999999 0.13531970468750001
0 0.8350686875 0.1940357109375 0.78863038125 0.178946990625 0.7783700515625 0.21052503906250003 0.8248083578125 0.225613759375 0.8350686875 0.1940357109375
0 0.1745331140625 0.17913090625 0.1188071453125 0.1610244421875 0.10371842499999999 0.2074627484375 0.15944439375 0.2255692125 0.1745331140625 0.17913090625
0 0.1814717890625 0.7676988265625 0.132247184375 0.7517047828125001 0.116253140625 0.8009293874999999 0.16547774531249998 0.81692343125 0.1814717890625 0.7676988265625
0 0 0.6055398015625 0.01536608125 0.61053254375 0.0370938390625 0.54366138125 0 0.5316088640625 0 0.6055398015625
0 0 0.4458695125 0.017711226562499998 0.4516242390625 0.0240484890625 0.43212015 0 0.42430632187499995 0 0.4458695125
0 0.065146925 0.29299128125 0.0437853046875 0.2860504703125 0.0293001328125 0.3306312453125 0.050661753125 0.33757205625000003 0.065146925 0.29299128125
0 0.8728015656249999 0.7099503781250001 0.8235769609375 0.6939563343749999 0.8081864671875 0.7413234078125 0.8574110718749999 0.7573174515625001 0.8728015656249999 0.7099503781250001
0 0.5229393296875 0.4910243421875 0.47650102343749995 0.475935621875 0.46624069375 0.5075136703124999 0.512679 0.522602390625 0.5229393296875 0.4910243421875
0 0.770624934375 0.18695871718749998 0.7279016921875 0.17307709375 0.7140200703125 0.21580033593749998 0.7567433125 0.229681959375 0.770624934375 0.18695871718749998