0 0.2400534859375 0.099364209375 0.24747698593749998 0.075083034375 0.22599748593750002 0.0685160921875 0.218573984375 0.0927972671875 0.2400534859375 0.099364209375
0 0.3100803546875 0.0523542875 0.3169328171875 0.029940893750000003 0.2861144015625 0.020518759375 0.279261940625 0.0429321515625 0.3100803546875 0.0523542875
0 0.170047621875 0.25820013125 0.177185603125 0.23485284687500002 0.1519705359375 0.227143828125 0.1448325546875 0.2504911125 0.170047621875 0.25820013125
0 0.093441903125 0.3200482234375 0.09572605625 0.3125770921875 0.087321034375 0.31000741875000004 0.0850368796875 0.31747855 0.093441903125 0.3200482234375
0 0.201062578125 0.4172857171875 0.204488809375 0.40607902031250004 0.1783398515625 0.39808448125 0.1749136203125 0.409291178125 0.201062578125 0.4172857171875
0 0.3520227734375 0.41952799531249996 0.35373588906250003 0.4139246484375 0.33692584375 0.4087853015625 0.3352127296875 0.41438864999999997 0.3520227734375 0.41952799531249996
0 0.3301537921875 0.4960684203125 0.3341510609375 0.4829939421875 0.320142690625 0.478711153125 0.316145421875 0.4917856328125 0.3301537921875 0.4960684203125
0 0.462578259375 0.0913187 0.4688596828125 0.070773090625 0.44738018124999995 0.06420614687500001 0.44109875781249996 0.0847517578125 0.462578259375 0.0913187
0 0.43841683593749997 0 0.42665608749999995 0.0384676734375 0.493896265625 0.059025057812500004 0.5098853437499999 0.0067271421875 0.48788185312500004 0 0.43841683593749997 0
0 0.49654648124999995 0.195652696875 0.5005437500000001 0.1825782171875 0.49213872812500004 0.18000854375 0.488141459375 0.1930830234375 0.49654648124999995 0.195652696875
0 0.1408894640625 0.6541847890625 0.1537378296875 0.612159678125 0.12385330624999999 0.6030230609375 0.11100494062499999 0.6450481734375 0.1408894640625 0.6541847890625
0 0.068819275 0.6627862203125 0.07966900625 0.62729835 0.051652264062499995 0.618732771875 0.0408025328125 0.65422064375 0.068819275 0.6627862203125
0 0.07230504374999999 0.6847861859375 0.075731275 0.673579490625 0.055185664062499994 0.6672980671875 0.05175943281249999 0.6785047625 0.07230504374999999 0.6847861859375
0 0.0893769234375 0.7558719109375 0.09794250156249999 0.7278551703125 0.0615207375 0.71671991875 0.0529551609375 0.744736659375 0.0893769234375 0.7558719109375
0 0.067439440625 0.7741839406250001 0.07143671093750001 0.7611094625 0.0574283390625 0.7568266734375 0.053431070312499995 0.769901153125 0.067439440625 0.7741839406250001
0 0.058850179687500004 0.8690809515625 0.07027095 0.831725296875 0.0291797296875 0.81916245 0.017758960937500002 0.8565181046875001 0.058850179687500004 0.8690809515625
0 0.104462078125 0.8401362062500001 0.1093159046875 0.824260053125 0.0943736421875 0.8196917453125 0.089519815625 0.8355678984375 0.104462078125 0.8401362062500001
0 0.1602337234375 0.7913209828125 0.16537307031249998 0.7745109390625 0.14856302500000002 0.7693715921875001 0.143423678125 0.7861816375 0.1602337234375 0.7913209828125
0 0.23036455312499998 0.662137584375 0.2369314953125 0.6406580828124999 0.2182536671875 0.6349476984375 0.211686725 0.6564272 0.23036455312499998 0.662137584375
0 0.29047276875 0.7494443875 0.3038921734375 0.70555149375 0.2618670625 0.6927031265625 0.24844765781249997 0.736596021875 0.29047276875 0.7494443875
0 0.315167371875 0.76720611875 0.3211632765625 0.7475944 0.3062210140625 0.7430260921875 0.3002251109375 0.7626378109374999 0.315167371875 0.76720611875
0 0.29636765625 0.7936257437500001 0.30436219531250003 0.7674767859375 0.277279346875 0.7591967281249999 0.26928480781249997 0.7853456859375 0.29636765625 0.7936257437500001
0 0.18682005625 0.9030993515624999 0.19681322968749998 0.8704131546875 0.1566559015625 0.8581358265624999 0.146662728125 0.890822025 0.18682005625 0.9030993515624999
0 0.8561045453125 0.8917398750000001 0.8655266796875001 0.860921459375 0.8309727 0.8503572484375 0.8215505640625 0.8811756624999999 0.8561045453125 0.8917398750000001
0 0.7219125203125001 0.7511478781250001 0.7267663468750001 0.735271725 0.7164935421874999 0.7321310140625 0.7116397140624999 0.7480071671874999 0.7219125203125001 0.7511478781250001
0 0.619241328125 0.931653690625 0.6292345015625 0.8989674937500001 0.60308554375 0.8909729546875 0.5930923703125 0.9236591531249999 0.619241328125 0.931653690625
0 0.583152715625 0.9461498781250001 0.590290696875 0.9228025953125 0.55667060625 0.9125239015625001 0.5495326265625 0.9358711859375 0.583152715625 0.9461498781250001
0 0.5246446890625001 0.9103914718749999 0.5309261125 0.8898458609375 0.507578828125 0.8827078796875 0.5012974046875 0.9032534906249999 0.5246446890625001 0.9103914718749999
0 0.5216674765625 0.8716974625 0.526521303125 0.855821309375 0.5125129328125 0.8515385203125 0.50765910625 0.8674146734375 0.5216674765625 0.8716974625
0 0.4737613953125 1 0.4833216 0.968729978125 0.4468998375 0.957594728125 0.43393524531249994 1 0.4737613953125 1
0 0.49212493437499993 0.8330510828125 0.5055443390625001 0.7891581890625 0.468188684375 0.77773741875 0.4547692796875 0.8216303140625 0.49212493437499993 0.8330510828125
0 0.42735916874999996 0.7509580171875 0.43506818750000004 0.72574295 0.4126547953125 0.7188904875000001 0.404945775 0.7441055546875 0.42735916874999996 0.7509580171875
0 0.43724838125 0.8004452953125 0.4509533046875 0.755618509375 0.42013488906249996 0.746196375 0.406429965625 0.791023159375 0.43724838125 0.8004452953125
0 0.455991634375 0.802601540625 0.46512824999999997 0.7727170171875 0.441780965625 0.7655790359375 0.43264435 0.795463559375 0.455991634375 0.802601540625
0 0.35429875625 0.8680127359375 0.3642919296875 0.8353265375 0.3362751890625 0.8267609609375001 0.32628201562500003 0.8594471578125 0.35429875625 0.8680127359375
0 0.3148017078125 0.8635961515625 0.3207976125 0.8439844328125 0.3039875671875 0.8388450859375001 0.2979916625 0.8584568046875001 0.3148017078125 0.8635961515625
0 0.2994549828125 0.8737113453124999 0.304023290625 0.8587690828125 0.2881471375 0.85391525625 0.28357882968750003 0.8688575171874999 0.2994549828125 0.8737113453124999
0 0.31371328125 0.9372991781250001 0.3057187421875 0.9634481375 0.3299999171875 0.9708716374999999 0.33799445625 0.9447226796875 0.31371328125 0.9372991781250001
0 0.56743364375 0.608438303125 0.57428610625 0.5860249093750001 0.5546743875 0.58002900625 0.547821925 0.6024423984375 0.56743364375 0.608438303125
0 0.6227292484375 0.454295653125 0.6344355375 0.41600610781249997 0.6073526874999999 0.40772605000000006 0.5956463984375 0.44601559531249996 0.6227292484375 0.454295653125
0 0.6745687859375 0.254674903125 0.6831343640624999 0.22665816093750002 0.6579192968750001 0.2189491421875 0.6493537203125 0.2469658828125 0.6745687859375 0.254674903125
0 0.7270687359375 0.143077828125 0.731351525 0.1290694578125 0.7173431546875 0.12478666875 0.713060365625 0.1387950390625 0.7270687359375 0.143077828125
0 0.8369019890624999 0.11283326406250001 0.8406137390625 0.1006926765625 0.8340764984375 0.098694040625 0.8303647484375001 0.11083462968749999 0.8369019890624999 0.11283326406250001