0 0 0.5656761390625 0.011115596875 0.5602547 0.0021255640625 0.5418224015625001 0 0.5428591078125 0 0.5656761390625
0 0 0.6076371203125001 0.00337365 0.614554128125 0.021805949999999998 0.6055640953125 0.0093911421875 0.5801099671875 0 0.5846903328125 0 0.6076371203125001
0 0.040329953125 0.675845684375 0.03155266875 0.680126653125 0.0448236703125 0.7073362375000001 0.0536009546875 0.7030552703125 0.040329953125 0.675845684375
0 0.0821124640625 0.7570571109374999 0.071579721875 0.7621942734375 0.0818540453125 0.7832597578125 0.0923867875 0.7781225968750001 0.0821124640625 0.7570571109374999
0 0.10400870625 0.817545009375 0.0996200625 0.81968549375 0.1064696125 0.8337291499999999 0.11085825468749999 0.8315886671875001 0.10400870625 0.817545009375
0 0.235610040625 1 0.24858402656249998 0.9936721640625 0.22418250781250001 0.9436416359375001 0.181173809375 0.96461838125 0.198430578125 1 0.235610040625 1
0 0.21369413593750003 0.9221372859375 0.1901488109375 0.8738622156250001 0.15679512499999998 0.8901298953125 0.18034045 0.938404965625 0.21369413593750003 0.9221372859375
0 0.2334361640625 0.8467736734375 0.2068941609375 0.792354503125 0.1568636328125 0.816756021875 0.18340563593749998 0.8711751921875001 0.2334361640625 0.8467736734375
0 0.2663363140625 0.8986350312500001 0.2500686359375 0.8652813453125001 0.22724769218750002 0.8764118640625 0.243515371875 0.9097655484375 0.2663363140625 0.8986350312500001
0 0.26151567343750004 0.9667209984375 0.249100865625 0.9412668703125 0.226279921875 0.9523973874999999 0.2386947296875 0.9778515156250001 0.26151567343750004 0.9667209984375
0 0.386942721875 1 0.37049008906249997 0.966267103125 0.3388918609375 0.9816785875 0.34782781093750004 1 0.386942721875 1
0 0.31745601875 0.9187930874999999 0.29733546718750004 0.8775398453125 0.25432676875000004 0.8985165890625 0.27444731875 0.9397698312499999 0.31745601875 0.9187930874999999
0 0.3467750859375 0.8909116562499999 0.3313636 0.859313428125 0.304154015625 0.8725844296874999 0.3195655 0.9041826578125001 0.3467750859375 0.8909116562499999
0 0.3082773734375 0.8309151578125 0.2890130171875 0.7914173734375 0.2539038734375 0.8085412453125 0.27316823125 0.8480390312500001 0.3082773734375 0.8309151578125
0 0.3130670140625 0.7438301187499999 0.2908059796875 0.6981882328125 0.25745229375 0.7144559125 0.279713328125 0.7600977984374999 0.3130670140625 0.7438301187499999
0 0.1637709203125 0.7585175828125 0.1376570140625 0.704976140625 0.0937705875 0.72638098125 0.1198844921875 0.7799224234375 0.1637709203125 0.7585175828125
0 0.16773536875 0.688676159375 0.141193365625 0.6342569890624999 0.1104728671875 0.6492403765625 0.13701486875 0.7036595484375 0.16773536875 0.688676159375
0 0.18118255156250002 0.6315941015625001 0.1649148734375 0.5982404171875 0.12102844531250001 0.6196452578125 0.1372961234375 0.6529989421875 0.18118255156250002 0.6315941015625001
0 0.21000891875 0.609385603125 0.19160075468749999 0.571643275 0.15649161250000002 0.5887671484375 0.1748997765625 0.6265094765625 0.21000891875 0.609385603125
0 0.10463025468750001 0.6216673 0.08836257656249999 0.5883136140625 0.034821134375 0.6144275203125 0.051088812500000004 0.64778120625 0.10463025468750001 0.6216673
0 0.0627267015625 0.5970142265625 0.04859950625 0.568049184375 0.030167206250000002 0.5770392171875 0.0442944015625 0.6060042609375 0.0627267015625 0.5970142265625
0 0.06088770624999999 0.5620558296875 0.0484728984375 0.5366017000000001 0.011608298437500001 0.5545817671875 0.024023106250000002 0.5800358953125 0.06088770624999999 0.5620558296875
0 0 0.5419197625 0.011500625 0.5654995375 0.057142509375 0.5432385015625 0.028031925000000003 0.483552959375 0 0.49722504375 0 0.5419197625
0 0 0.46172230625 0.005212284375 0.47240907343750005 0.025400040625 0.46256284687500004 0.0129852328125 0.43710871874999996 0 0.44344204062500003 0 0.46172230625
0 0.0669185671875 0.4819710828125 0.053647565625000004 0.45476149843749997 0.0246825234375 0.46888869218749996 0.037953525 0.496098278125 0.0669185671875 0.4819710828125
0 0.090730478125 0.5475005375 0.0684694421875 0.5018586515625 0.0430153140625 0.514273459375 0.06527635000000001 0.5599153453125 0.090730478125 0.5475005375
0 0.10668850156250001 0.567966946875 0.09427369375 0.54251281875 0.067064109375 0.5557838203125 0.0794789171875 0.5812379484375 0.10668850156250001 0.567966946875
0 0.172185653125 0.5474303671875 0.14992461875000002 0.5017884828125 0.11481547656249999 0.51891235625 0.1370765109375 0.5645542406249999 0.172185653125 0.5474303671875
0 0.1138016734375 0.46671034218749996 0.09453731562499999 0.42721255625000004 0.07347183125 0.4374868796875 0.0927361875 0.476984665625 0.1138016734375 0.46671034218749996
0 0 0.2835057421875 0.036259709375 0.3578491640625 0.0906788796875 0.3313071609375 0.05343445625 0.25494477656250003 0 0.28100650312500003 0 0.2835057421875
0 0 0.20820930468749999 0.04011221875 0.18864526875 0.0319783796875 0.1719684265625 0 0.187565325 0 0.20820930468749999
0 0.09040673125000001 0.226046940625 0.0724266640625 0.189182340625 0.043461621875 0.20330953593749998 0.061441687499999995 0.24017413593749998 0.09040673125000001 0.226046940625
0 0.162583753125 0.19247364218750002 0.143319396875 0.1529758578125 0.0915334109375 0.1782335703125 0.11079776875 0.2177313546875 0.162583753125 0.19247364218750002
0 0.1727073328125 0.2288240046875 0.160292525 0.2033698765625 0.1515152390625 0.20765084531250003 0.16393004687499999 0.2331049734375 0.1727073328125 0.2288240046875
0 0.1972987640625 0.326025759375 0.18103108437499998 0.2926720734375 0.14943285625 0.308083559375 0.1657005359375 0.34143724531249997 0.1972987640625 0.326025759375
0 0.2867439 0.42364874375 0.2717605109375 0.3929282453125 0.23840682656249998 0.40919592343750005 0.25339021562499997 0.43991642343750004 0.2867439 0.42364874375
0 0.3196440515625 0.47551010156249995 0.30637305000000004 0.448300515625 0.26950845156250003 0.4662805828125 0.2827794515625 0.49349016875 0.3196440515625 0.47551010156249995
0 0.345287153125 0.7096443765625 0.320029440625 0.657858390625 0.2928198546875 0.6711293921875 0.3180775671875 0.722915378125 0.345287153125 0.7096443765625
0 0.22020230624999998 0.5500876906250001 0.20992798124999998 0.5290222046874999 0.1993952390625 0.534159365625 0.20966956250000002 0.5552248515625 0.22020230624999998 0.5500876906250001
0 0.400341965625 0.7957909843750001 0.3772247375 0.7483936421874999 0.3254387515625 0.7736513546875 0.3485559796875 0.821048696875 0.400341965625 0.7957909843750001
0 0.404503190625 0.8388522203125 0.3925164796875 0.8142758203125 0.3609182515625 0.82968730625 0.3729049625 0.85426370625 0.404503190625 0.8388522203125
0 0.45209044531250003 0.8629062171875 0.43411037812500003 0.82604161875 0.3928571359375 0.8461621687499999 0.410837203125 0.88302676875 0.45209044531250003 0.8629062171875
0 0.43164296875 0.9212294953125 0.42136864531249996 0.9001640109375 0.380115403125 0.9202845609375 0.3903897265625 0.941350046875 0.43164296875 0.9212294953125
0 0.45855106562500003 0.9385282500000001 0.44228338593750005 0.9051745640625001 0.40278559999999997 0.9244389203125 0.4190532796875 0.95779260625 0.45855106562500003 0.9385282500000001
0 0.4529293671875 0.9771254703125001 0.44094265625 0.9525490703124999 0.409344428125 0.9679605562500001 0.42133113906249997 0.99253695625 0.4529293671875 0.9771254703125001
0 0.5563815953125 0.9608939953125001 0.5221338484375 0.8906757109375001 0.45367102187499997 0.9240672625 0.4879187671875 0.9942855484375 0.5563815953125 0.9608939953125001
0 0.560786775 1 0.5443182109375 0.9662344390625 0.5241304546875 0.9760806656250001 0.5357966937499999 1 0.560786775 1
0 0.615434096875 1 0.636240225 0.9898521734375001 0.6195444484375 0.9556207593750001 0.5818021203125 0.974028921875 0.5944690625 1 0.615434096875 1
0 0.6656885015625 0.9488694171875001 0.65156130625 0.919904375 0.5980198640625 0.94601828125 0.612147059375 0.9749833234375 0.6656885015625 0.9488694171875001
0 0.6109515109375 0.919067115625 0.589974765625 0.876058415625 0.5460883375 0.89746325625 0.5670650828125 0.94047195625 0.6109515109375 0.919067115625
0 0.5293292578125001 0.8475081015624999 0.49379722187499997 0.7746566296874999 0.45254397968750004 0.79477718125 0.488076015625 0.8676286515625 0.5293292578125001 0.8475081015624999
0 0.45212665 0.7928076749999999 0.44399280937499996 0.7761308328125 0.40712821093749996 0.7941109 0.41526205000000005 0.8107877421874999 0.45212665 0.7928076749999999
0 0.43152286406249996 0.77840999375 0.41739566874999995 0.74944495 0.385797440625 0.7648564359375001 0.3999246359375 0.793821478125 0.43152286406249996 0.77840999375
0 0.3836944625 0.6680948484375 0.380697784375 0.6619507484375 0.36840958437500004 0.667944103125 0.3714062625 0.674088203125 0.3836944625 0.6680948484375
0 0.4529583453125 0.6641920406249999 0.4315535046875 0.6203056124999999 0.3709902328125 0.64984429375 0.392395075 0.693730721875 0.4529583453125 0.6641920406249999
0 0.41973647031250005 0.6228095890625001 0.4017564046875 0.5859449890625 0.3482149625 0.6120588953125 0.36619502812500004 0.6489234953125 0.41973647031250005 0.6228095890625001
0 0.4277557703125 0.5846727671874999 0.40463854218749995 0.537275425 0.34670845781250004 0.5655298156249999 0.3698256859375 0.6129271578125 0.4277557703125 0.5846727671874999
0 0.47878283125000004 0.7249370578125001 0.45737798906249993 0.6810506296875001 0.40998064687499997 0.7041678578125 0.43138548906249996 0.7480542859375 0.47878283125000004 0.7249370578125001
0 0.5315313828125 0.7127914359374999 0.5084141546875001 0.66539409375 0.46101681250000004 0.6885113234375 0.484134040625 0.735908665625 0.5315313828125 0.7127914359374999
0 0.4805692890625 0.7430799375 0.47757261250000005 0.7369358375 0.4529962125 0.7489225484375 0.455992890625 0.7550666484375 0.4805692890625 0.7430799375
0 0.5762123640625 0.832247359375 0.5197035828125001 0.7163871890625 0.503026740625 0.7245210296875 0.5595355203125 0.8403812 0.5762123640625 0.832247359375
0 0.3775431359375 0.4282566390625 0.35399780937499997 0.3799815671875 0.3004563671875 0.40609547343749997 0.32400169375 0.4543705453125 0.3775431359375 0.4282566390625
0 0.3414955625 0.385536059375 0.3312212375 0.3644705734375 0.304011653125 0.377741575 0.3142859765625 0.39880706093749996 0.3414955625 0.385536059375
0 0.393538665625 0.356350103125 0.36614046875 0.30017547499999997 0.32927586875000003 0.318155540625 0.356674065625 0.37433016874999997 0.393538665625 0.356350103125
0 0.3981550875 0.4861113515625 0.38188740781249997 0.45275766562499997 0.342389621875 0.4720220234375 0.3586573015625 0.5053757078125 0.3981550875 0.4861113515625
0 0.216193703125 0.0929858625 0.21191273437499997 0.084208578125 0.16890403437499998 0.105185321875 0.17318500312500001 0.1139626078125 0.216193703125 0.0929858625
0 0.09079768437499999 0.4964010671875 0.06425568125 0.44198189687499995 0.0440679234375 0.4518281234375 0.07060992656250001 0.5062472953125 0.09079768437499999 0.4964010671875
0 0.425778484375 0 0.41863804531250004 0.0034826250000000005 0.44518004843750003 0.057901796875 0.492577390625 0.0347845671875 0.4756118234375 0 0.425778484375 0
0 0.482833996875 0.269880109375 0.44644576718750006 0.19527318124999998 0.3964152390625 0.21967469999999997 0.43280346875 0.29428162812499997 0.482833996875 0.269880109375
0 0.5682307843750001 0.22442647343750002 0.5391202015625 0.16474093125 0.48557875937499995 0.1908548375 0.5146893421875001 0.2505403796875 0.5682307843750001 0.22442647343750002
0 0.6301175140625 0.25997708125 0.612993640625 0.2248679390625 0.5585744703125 0.2514099421875 0.57569834375 0.286519084375 0.6301175140625 0.25997708125
0 0.636972265625 0.1849231234375 0.5954468734375 0.099783453125 0.528739503125 0.1323188125 0.5702648953125 0.2174584828125 0.636972265625 0.1849231234375
0 0.76277426875 0.1610505109375 0.7272422328125 0.088199040625 0.6833558046875 0.10960388125000001 0.718887840625 0.18245535156249998 0.76277426875 0.1610505109375
0 0.7472792453125 0.093637690625 0.7292991796875 0.0567730921875 0.6941900359375001 0.0738969640625 0.712170103125 0.1107615640625 0.7472792453125 0.093637690625
0 0.7138204874999999 0.0762743328125 0.690703259375 0.028876990624999998 0.6283845312499999 0.0592718640625 0.651501759375 0.1066692078125 0.7138204874999999 0.0762743328125
0 0.5223324125000001 0 0.560928640625 0.079133996875 0.5960377828125 0.062010123437499995 0.5657934265625 0 0.5223324125000001 0
0 0.55245486875 0.3847777109375 0.5353309953125 0.34966856874999996 0.487933653125 0.372785796875 0.5050575265624999 0.407894940625 0.55245486875 0.3847777109375
0 0.588637215625 0.5024028046875 0.558242340625 0.44008407812500006 0.5038231703125 0.46662608125 0.5342180453125 0.5289448078125 0.588637215625 0.5024028046875
0 0.55884698125 0.533773615625 0.5464321734375 0.5083194875 0.5095675734375 0.5262995546875 0.52198238125 0.5517536828125 0.55884698125 0.533773615625
0 0.4635070578125 0.5688654875 0.454517025 0.5504331875 0.43432926875 0.5602794140625 0.4433193015625 0.5787117140625 0.4635070578125 0.5688654875
0 0.642117015625 0.61539420625 0.59459826875 0.5179663359375 0.49102629843749995 0.5684817609375 0.5385450453125 0.66590963125 0.642117015625 0.61539420625
0 0.6318645890625 0.7692486203125 0.613884521875 0.7323840203125 0.5884303937500001 0.744798828125 0.6064104609375 0.781663428125 0.6318645890625 0.7692486203125
0 0.6537082937500001 0.812921 0.6404372921875 0.7857114140625 0.60357269375 0.8036914812499999 0.6168436953125 0.8309010656250001 0.6537082937500001 0.812921
0 0.6451209203125 0.86437319375 0.6267127578125 0.8266308656250001 0.5837040578125 0.847607609375 0.602112221875 0.8853499375 0.6451209203125 0.86437319375
0 0.7211899828125 0.9011555546875 0.6950760765624999 0.8476141125 0.659966934375 0.8647379859375001 0.6860808406250001 0.9182794281250001 0.7211899828125 0.9011555546875
0 0.672241765625 0.9043852156250001 0.6653922156250001 0.8903415578124999 0.6513485593749999 0.8971911078125 0.6581981078125 0.9112347640625 0.672241765625 0.9043852156250001
0 0.709915225 0.782247471875 0.67952035 0.7199287437499999 0.641778021875 0.7383369078124999 0.672172896875 0.8006556359375001 0.709915225 0.782247471875
0 0.7727481890625 0.743996109375 0.7393566375 0.6755332828125 0.6858151953125 0.7016471890625 0.7192067468750001 0.770110015625 0.7727481890625 0.743996109375
0 0.8022881703125 0.7822849765625 0.7813114265625 0.739276278125 0.7435690984375001 0.7576844406250001 0.7645458421875 0.8006931406250001 0.8022881703125 0.7822849765625
0 0.8321916437500001 0.828002234375 0.8129272875 0.78850445 0.750608559375 0.8188993234374999 0.7698729156249999 0.858397109375 0.8321916437500001 0.828002234375
0 0.7942744359375 0.9084276375 0.7647357546875 0.847864365625 0.71909386875 0.8701254015625001 0.7486325500000001 0.930688671875 0.7942744359375 0.9084276375
0 0.7968240828125001 0.8713287546874999 0.8126636656249999 0.9038047109375 0.86269419375 0.8794031921875 0.8468546109374999 0.8469272359375 0.7968240828125001 0.8713287546874999
0 0.788970775 0.4497844015625 0.7748435796875001 0.420819359375 0.7414898937500001 0.4370870375 0.7556170890625 0.46605208124999997 0.788970775 0.4497844015625
0 0.773172021875 0.634593596875 0.747914309375 0.5828076125 0.72246018125 0.5952224203125 0.74771789375 0.6470084046875 0.773172021875 0.634593596875
0 0.761315821875 0.5746414703125 0.7463324328125001 0.5439209703125 0.7217560328125 0.55590768125 0.7367394218750001 0.5866281812499999 0.761315821875 0.5746414703125
0 0.9526662124999999 0.5693222 0.9274085 0.5175362156250001 0.8677229578125001 0.5466468 0.8929806703125 0.598432784375 0.9526662124999999 0.5693222
0 0.88368134375 0.7442166625 0.8472931140625001 0.669609734375 0.807795328125 0.6888740921875 0.8441835578125 0.7634810187500001 0.88368134375 0.7442166625
0 0.842307996875 0.6215177109375001 0.8311774796875 0.5986967671875 0.81011199375 0.6089710921875 0.8212425109374999 0.631792034375 0.842307996875 0.6215177109375001
0 0.8263796734375 0.6423247765625 0.8173896390625 0.6238924765625 0.794568696875 0.6350229953125 0.8035587296875001 0.65345529375 0.8263796734375 0.6423247765625
0 0.8594318703124999 0.656626853125 0.84444848125 0.625906353125 0.8172388953124999 0.6391773546875 0.832222284375 0.6698978546875 0.8594318703124999 0.656626853125
0 0.883486228125 0.7861430515625 0.8663623546875 0.751033909375 0.82949775625 0.769013975 0.8466216281250001 0.80412311875 0.883486228125 0.7861430515625
0 0.8194482484375 0.7472955781249999 0.8001838906250001 0.7077977921875 0.769463390625 0.72278118125 0.7887277484374999 0.762278965625 0.8194482484375 0.7472955781249999
0 0.9705079640625 0.77520895 0.95124360625 0.7357111640625 0.9038462640624999 0.75882839375 0.923110621875 0.7983261781250001 0.9705079640625 0.77520895
0 0.9691241640625 0.8269505640625001 0.9579936468750001 0.804129621875 0.9228845046874999 0.8212534953124999 0.9340150218750001 0.8440744375 0.9691241640625 0.8269505640625001
0 0.9046632906250001 0.698127746875 0.8883956109375 0.6647740609375 0.8576751109374999 0.67975745 0.873942790625 0.7131111359375 0.9046632906250001 0.698127746875
0 0.9697215781249999 0.6778052156250001 0.944463865625 0.62601923125 0.8882892375000001 0.653417428125 0.91354695 0.7052034125 0.9697215781249999 0.6778052156250001
0 0.8745333390625 0.498234353125 0.8561251750000001 0.460492025 0.8210160328124999 0.47761589843749996 0.839424196875 0.5153582265625001 0.8745333390625 0.498234353125
0 0.8977948078125 0.6417188359375 0.88281141875 0.6109983359375 0.8477022765625 0.6281222093750001 0.862685665625 0.658842709375 0.8977948078125 0.6417188359375
0 0.9708107531250001 0.722364790625 0.9566835578124999 0.6933997484375001 0.9189412296875 0.7118079109375001 0.9330684249999999 0.7407729546875 0.9708107531250001 0.722364790625
0 0.5217553265625 0.77405885625 0.508484325 0.7468492703125 0.48127473906249996 0.760120271875 0.494545740625 0.7873298578125 0.5217553265625 0.77405885625
0 1 0.576658678125 0.9725524796875 0.590045728125 0.994813515625 0.6356876140625001 1 0.633157996875 1 0.576658678125
0 0.8341584031249999 0.14144549687500002 0.808900690625 0.08965951250000001 0.7816911046875 0.1029305140625 0.8069488171874999 0.1547164984375 0.8341584031249999 0.14144549687500002
0 1 0.5201593625 0.9775010312499999 0.5311328421875 0.9886315484375 0.553953784375 1 0.5484090203124999 1 0.5201593625
0 0.9572986046875 0.6088940578125001 0.9393185374999999 0.5720294578125 0.91913078125 0.581875684375 0.937110846875 0.6187402843750001 0.9572986046875 0.6088940578125001
0 0.5877266078125001 0.8825875421875 0.5753117999999999 0.8571334140625 0.5542463140625 0.8674077375 0.566661121875 0.892861865625 0.5877266078125001 0.8825875421875
0 1 0.561668615625 0.9806484531249999 0.5219920640625 0.9578275109375 0.53312258125 0.9813728359375 0.581397653125 1 0.572312578125 1 0.561668615625
0 0.57553105 0.7684746640625 0.559263371875 0.735120978125 0.5259096859375 0.7513886578125 0.542177365625 0.7847423421874999 0.57553105 0.7684746640625
0 0.6801990609375 0.8282502468749999 0.667784253125 0.8027961187500001 0.6432078546875 0.8147828296874999 0.6556226625 0.8402369593750001 0.6801990609375 0.8282502468749999