0 0.2622725515625 0.4442168265625 0.2654806796875 0.4644721546875 0.288629625 0.460805721875 0.285421496875 0.44055039375 0.2622725515625 0.4442168265625
0 0.55720285625 0.5240625953125 0.5596471453125 0.5394952265625 0.5741152359374999 0.5372037062499999 0.5716709468750001 0.521771075 0.55720285625 0.5240625953125
0 0.5480246390625 0.706454875 0.5500106234375 0.7189938859375 0.564478715625 0.716702365625 0.56249273125 0.7041633546875 0.5480246390625 0.706454875
0 0.58580790625 0.7296382890625 0.58825219375 0.7450709203125 0.60079120625 0.7430849359375 0.5983469171875 0.7276523046875 0.58580790625 0.7296382890625
0 0.580827953125 0.7200453140625 0.5828139375 0.7325843265625 0.59535295 0.7305983421875 0.593366965625 0.7180593296875 0.580827953125 0.7200453140625
0 0.3316565671875 0.301725659375 0.34403077656250003 0.3798533515625 0.42215846875 0.367479140625 0.40978425781250005 0.28935145 0.3316565671875 0.301725659375
0 0.3644073609375 0.47105025468750006 0.3654767375 0.47780203125 0.37319305156250004 0.4765798859375 0.372123675 0.46982811093750004 0.3644073609375 0.47105025468750006
0 0.30587915468750004 0.22324898906250001 0.3129064828125 0.26761780156250004 0.3572752953125 0.260590471875 0.350247965625 0.216221659375 0.30587915468750004 0.22324898906250001
0 0.36784933125 0.18377181250000002 0.382973365625 0.27926121249999997 0.47846276718749997 0.26413717812500004 0.46333873125 0.168647778125 0.36784933125 0.18377181250000002
0 0.521849090625 0.2196935109375 0.5375841984374999 0.31904106875 0.6523643859375 0.3008616734375 0.636629278125 0.201514115625 0.521849090625 0.2196935109375
0 0.7148586453125 0.45509364375 0.72723285625 0.5332213343750001 0.805360546875 0.5208471234375 0.7929863375 0.44271943281250004 0.7148586453125 0.45509364375
0 0.6687688984375 0.5261669796875 0.6768656046875 0.57728756875 0.7308798109375 0.5687325578125 0.7227831046875 0.5176119703125 0.6687688984375 0.5261669796875
0 0.7975903859375 0.409361953125 0.805839859375 0.4614470796875 0.8608186046874999 0.4527393015625 0.8525691312499999 0.400654175 0.7975903859375 0.409361953125
0 0.8792750843749999 0.5630262953125 0.8878300937500001 0.6170405 0.9408797609375 0.6086382593749999 0.9323247515625 0.554624053125 0.8792750843749999 0.5630262953125
0 1 0.6585986609375001 0.9476344937500001 0.6668925421874999 0.9613836171875001 0.7537010890625 1 0.7475848546874999 1 0.6585986609375001
0 0.8962142859375 0.7917074890625 0.8986585734375 0.8071401203124999 0.9102330468750001 0.8053069031250001 0.9077887578125001 0.7898742734375 0.8962142859375 0.7917074890625
0 0.8058202796874999 0.6329957859374999 0.8071951921875 0.641676640625 0.8187696640625 0.6398434234375 0.8173947531250001 0.63116256875 0.8058202796874999 0.6329957859374999
0 0.96656875625 0.767710875 0.9693185796874999 0.785072584375 0.98860936875 0.7820172234375 0.98585954375 0.7646555140625 0.96656875625 0.767710875
0 0.9881181234374999 0.7633090546875 0.99040964375 0.7777771453125 0.9971614203125 0.7767077703124999 0.9948699 0.762239678125 0.9881181234374999 0.7633090546875
0 1 0.7871342734375 0.9896787437500001 0.788769 0.991817496875 0.8022725515625 1 0.8009765703125 1 0.7871342734375
0 0.9182114546875001 0.82134611875 0.9198919015625 0.8319560515625 0.933395453125 0.8298173 0.9317150046875 0.8192073671875001 0.9182114546875001 0.82134611875
0 0.5869161375 0.8708519359375 0.5898187296875 0.889178184375 0.5994641234375 0.8876505046875 0.59656153125 0.8693242546875 0.5869161375 0.8708519359375
0 0.683089934375 0.9599310953125 0.68507591875 0.9724701078125 0.7034021671875 0.9695675140625 0.7014161828125001 0.957028503125 0.683089934375 0.9599310953125
0 0.60113855625 0.9387995453125001 0.6032773078125 0.9523030968749999 0.613887240625 0.9506226484375 0.6117484890625 0.937119096875 0.60113855625 0.9387995453125001
0 0.6225007875 0.8083635906250001 0.6235701640625 0.8151153671875001 0.63900279375 0.8126710781250001 0.6379334171875 0.805919303125 0.6225007875 0.8083635906250001
0 0.6804271 0.752718396875 0.6827186203125 0.7671864875 0.6991157890624999 0.76458943125 0.69682426875 0.750121340625 0.6804271 0.752718396875
0 0.5901917765625 0.713618553125 0.604551971875 0.80428525625 0.7010059109375 0.789008453125 0.6866457171875 0.69834175 0.5901917765625 0.713618553125
0 0.5366765953125 1 0.5246733640625 0.9242145828125 0.395425084375 0.9446855 0.40418604062499996 1 0.5366765953125 1
0 0.462757134375 0.9172126484374999 0.464132046875 0.9258935015624999 0.4747419796875 0.9242130546875 0.47336706875 0.9155322 0.462757134375 0.9172126484374999
0 0.34539039374999997 0.8878480421875 0.3470708421875 0.8984579765625 0.357680775 0.8967775281250001 0.35600032812500004 0.88616759375 0.34539039374999997 0.8878480421875
0 0.3546523390625 0.9338403968750001 0.3566383234375 0.946379409375 0.3643546375 0.945157265625 0.362368653125 0.932618253125 0.3546523390625 0.9338403968750001
0 0.23257232656250001 0.762350025 0.23440554218749998 0.7739244984375 0.245980015625 0.77209128125 0.2441467984375 0.760516809375 0.23257232656250001 0.762350025
0 0.22125698749999997 0.722120940625 0.22278466875 0.7317663359375 0.24014637656249999 0.7290165109375 0.238618696875 0.7193711171875 0.22125698749999997 0.722120940625
0 0.13222881875 0.7124919671875001 0.13543694687500002 0.7327472937499999 0.1499050375 0.7304557734375 0.146696909375 0.710200446875 0.13222881875 0.7124919671875001
0 0.1293141921875 0.7752439328125 0.1314529453125 0.788747484375 0.14399195781250002 0.7867615 0.1418532046875 0.7732579484375 0.1293141921875 0.7752439328125
0 0.12117995781249999 0.8581029453125 0.1237770140625 0.874500115625 0.137280565625 0.8723613625000001 0.134683509375 0.85596419375 0.12117995781249999 0.8581029453125
0 0.039330559375000004 0.6253658515625 0.041927615625 0.641763021875 0.056395707812499994 0.6394715015625 0.05379865 0.62307433125 0.039330559375000004 0.6253658515625
0 0.1360989078125 0.7899891078125 0.14389007812500001 0.839180615625 0.1988688234375 0.8304728390625 0.191077653125 0.7812813296875001 0.1360989078125 0.7899891078125
0 0.078154546875 0.9672516234374999 0.0798349953125 0.97786155625 0.0865867703125 0.9767921796874999 0.084906321875 0.966182246875 0.078154546875 0.9672516234374999
0 0.096698015625 0.8876876265625 0.0561873609375 0.894103884375 0.06779773125 0.9674088781249999 0.1083083859375 0.9609926203124999 0.096698015625 0.8876876265625
0 0.2423029765625 0.9392755953125 0.251316290625 0.9961834187499999 0.34391207343749997 0.9815176875 0.334898759375 0.9246098640625 0.2423029765625 0.9392755953125
0 0.26004211875 0.9295448421874999 0.262180871875 0.94304839375 0.274719884375 0.941062409375 0.27258113125 0.9275588578124999 0.26004211875 0.9295448421874999
0 0.61443845 0.8823125968750001 0.6161188984375 0.89292253125 0.624799753125 0.89154761875 0.6231193046875 0.880937684375 0.61443845 0.8823125968750001
0 0.6130425296875 0.9359254046875 0.6145702109375 0.9455707984374999 0.6232510640625 0.9441958859374999 0.621723384375 0.9345504921875 0.6130425296875 0.9359254046875
0 0.57477250625 0.9034260968750001 0.5764529546875 0.91403603125 0.585133809375 0.91266111875 0.5834533609375 0.9020511859375 0.57477250625 0.9034260968750001
0 0.56728085625 0.896702775 0.5689613046875001 0.9073127078125 0.5786066984375 0.905785028125 0.57692625 0.89517509375 0.56728085625 0.896702775
0 0.4858241859375 0.157670915625 0.4871990984375 0.16635177031249998 0.4997381109375 0.1643657859375 0.4983631984375 0.15568493125 0.4858241859375 0.157670915625
0 0.51171398125 0.1525816390625 0.5127833578125001 0.159333415625 0.5204996734375 0.1581112703125 0.519430296875 0.15135949531249998 0.51171398125 0.1525816390625
0 0.5653267890625 0.153977559375 0.5668544703125 0.163622953125 0.574570784375 0.162400809375 0.5730431046875 0.152755415625 0.5653267890625 0.153977559375
0 0.6096562546875 0 0.61036368125 0.0044665078125 0.6238672328125 0.00232775625 0.6234985515625 0 0.6096562546875 0
0 0.38854205625 0.08656453750000001 0.39022250468749997 0.09717447031250001 0.40083243749999997 0.095494021875 0.3991519890625 0.0848840890625 0.38854205625 0.08656453750000001
0 0.3721359125 0.070377040625 0.37351082343750003 0.0790578953125 0.38315621875 0.077530215625 0.38178130625 0.0688493609375 0.3721359125 0.070377040625
0 0.3219514109375 0.07189870468750001 0.323631859375 0.08250863750000001 0.3323127140625 0.0811337265625 0.330632265625 0.0705237921875 0.3219514109375 0.07189870468750001
0 0.392451103125 0.1393371203125 0.3938260140625 0.148017975 0.40443594843749997 0.14633752656250001 0.40306103593750003 0.137656671875 0.392451103125 0.1393371203125
0 0.42846407500000006 0.123251503125 0.430297290625 0.1348259765625 0.4389781453125 0.1334510640625 0.4371449296875 0.1218765921875 0.42846407500000006 0.123251503125
0 0.07511315468749999 0.1802055265625 0.0836681640625 0.23421973281250003 0.1357532921875 0.225970259375 0.12719828125 0.171956053125 0.07511315468749999 0.1802055265625
0 0 0.24906855156250002 0.0053292703125 0.282716240625 0.0593434765625 0.2741612296875 0.0503301625 0.21725340625 0 0.2252249203125 0 0.24906855156250002
0 0 0.3208587984375 0.0039378375 0.3457213234375 0.0637392796875 0.33624970625 0.0542676609375 0.2764482640625 0 0.2850434171875 0 0.3208587984375
0 0.0104875859375 0.0811859421875 0.012473571875 0.093724953125 0.0250125828125 0.09173896875000001 0.0230265984375 0.0791999578125 0.0104875859375 0.0811859421875
0 0.0302246453125 0.1621024140625 0.03190509375 0.17271234687499998 0.039621409375 0.17149020312500002 0.037940960937500004 0.16088027031250002 0.0302246453125 0.1621024140625
0 0.07718755625 0.11214859375 0.0787152359375 0.12179398749999999 0.0922187875 0.1196552359375 0.0906911078125 0.11000984218750001 0.07718755625 0.11214859375
0 0.8742786109375 0.6251192578125 0.8753479875 0.6318710328125 0.8820997625 0.6308016578125 0.8810303875000001 0.62404988125 0.8742786109375 0.6251192578125
0 0.8437233734375 0.6413291890624999 0.8457093578125001 0.6538682015624999 0.8543902125 0.6524932890625 0.852404228125 0.639954278125 0.8437233734375 0.6413291890624999
0 0.981983640625 0.4093246265625 0.9833585515625 0.41800548125 0.99203940625 0.41663056875000004 0.99066449375 0.40794971406249997 0.981983640625 0.4093246265625
0 0.9304079078124999 0.15547851875000002 0.9319355890625 0.1651239125 0.9386873640625 0.16405453750000001 0.937159684375 0.15440914375 0.9304079078124999 0.15547851875000002
0 0.6352843484374999 0.1493241515625 0.6366592609375 0.15800500625 0.6463046546875 0.156477325 0.6449297421875 0.1477964703125 0.6352843484374999 0.1493241515625
0 0.684234671875 0.2211643875 0.6856095843750001 0.2298452421875 0.695254978125 0.22831756093750002 0.6938800656249999 0.21963670624999998 0.684234671875 0.2211643875
0 0.6921322078125 0.22732905625000002 0.6933543531249999 0.235045371875 0.7001061281250001 0.23397599531250002 0.698883984375 0.2262596796875 0.6921322078125 0.22732905625000002
0 0.6939624671875 0.17957986875 0.6951846109375001 0.187296184375 0.7019363875 0.1862268078125 0.7007142421875 0.17851049375 0.6939624671875 0.17957986875
0 0.6113805375 0.16695243906249999 0.6199355468750001 0.22096664531250002 0.6893823828125 0.209967346875 0.6808273734375 0.15595314062500001 0.6113805375 0.16695243906249999
0 0.739965325 0.13917109375 0.7410347015625 0.1459228703125 0.74971555625 0.14454795781250002 0.7486461796875 0.13779618124999998 0.739965325 0.13917109375
0 0.6851678015625 0.155265684375 0.6862371765625 0.1620174609375 0.690095334375 0.1614063890625 0.689025959375 0.1546546125 0.6851678015625 0.155265684375
0 0.6365633984375 0.1698850140625 0.6397715265625 0.1901403421875 0.653275078125 0.1880015890625 0.65006695 0.1677462625 0.6365633984375 0.1698850140625
0 0.610580596875 0.4053643875 0.6121082765625 0.41500978125000004 0.6236827500000001 0.4131765640625 0.6221550687499999 0.4035311703125 0.610580596875 0.4053643875
0 0.38506408593749997 0.457891196875 0.38628623125 0.4656075109375 0.3988252421875 0.4636215265625 0.39760309843749997 0.4559052125 0.38506408593749997 0.457891196875
0 0.3760252765625 0.4538847578125 0.3775529578125 0.4635301515625 0.3843047328125 0.462460775 0.382777053125 0.45281538125000004 0.3760252765625 0.4538847578125
0 0.397773815625 0.49443885625000006 0.3994542640625 0.505048790625 0.4052415 0.5041321812499999 0.4035610515625 0.49352224843750003 0.397773815625 0.49443885625000006
0 0.4977848640625 0.48601417812500003 0.49946531250000004 0.4966241125 0.5062170874999999 0.4955547359375 0.5045366390625 0.484944803125 0.4977848640625 0.48601417812500003
0 0.7456787296875 0.8338415859375001 0.7470536421875 0.842522440625 0.7538054187500001 0.8414530640625 0.75243050625 0.832772209375 0.7456787296875 0.8338415859375001
0 0.949019809375 0.8036129937500001 0.9500891859375 0.8103647687500001 0.9568409609374999 0.80929539375 0.955771584375 0.8025436171875 0.949019809375 0.8036129937500001
0 0.8273936140625 0.6256239640625 0.828310221875 0.6314112 0.8350619968749999 0.6303418234375 0.8341453890625001 0.6245545875 0.8273936140625 0.6256239640625
0 0.8340734921875 0.6334645937500001 0.8342262609375 0.6344291328125 0.8409780359375001 0.63335975625 0.84082526875 0.6323952171875 0.8340734921875 0.6334645937500001
0 0.8647426421875 0.48375733125 0.8661175546875001 0.4924381859375 0.8747984093750001 0.49106327343749995 0.873423496875 0.48238241875 0.8647426421875 0.48375733125
0 0.9343601953125 0.5112916765625 0.9354295718750001 0.518043453125 0.9421813484375001 0.5169740765624999 0.941111971875 0.5102223 0.9343601953125 0.5112916765625
0 0.6405531140625 0.5509049984375001 0.6416224890625 0.557656775 0.65030334375 0.5562818625 0.6492339671875 0.5495300859375 0.6405531140625 0.5509049984375001
0 0.700108984375 0.4524860828125 0.7011783609375 0.45923785937500006 0.7079301359375 0.4581684828125 0.7068607609375 0.45141670625 0.700108984375 0.4524860828125
0 0.5978962609375 0.47510176875 0.59911840625 0.48281808281250005 0.6068347203125 0.48159593906250003 0.6056125765625 0.4738796234375 0.5978962609375 0.47510176875
0 0.48775020625 0.257228146875 0.4886668140625 0.26301538281250003 0.4934895109375 0.26225154375000004 0.492572903125 0.25646430625 0.48775020625 0.257228146875
0 0.4027748765625 0.2825517421875 0.40338594843750003 0.2864099 0.4130313421875 0.2848822203125 0.41242027031250006 0.2810240625 0.4027748765625 0.2825517421875
0 0.3775366390625 0.21684323593750002 0.378758784375 0.2245595515625 0.3845460203125 0.2236429421875 0.3833238765625 0.215926628125 0.3775366390625 0.21684323593750002
0 0.4586236265625 0.5540126765625 0.46015130624999995 0.5636580703125 0.4669030828125 0.56258869375 0.4653754015625 0.5529433 0.4586236265625 0.5540126765625
0 0.4617942265625 0.7082476046874999 0.462863603125 0.7149993796875 0.47057991718750003 0.7137772359375 0.469510540625 0.7070254609375 0.4617942265625 0.7082476046874999
0 0.126675425 0.40587480468750003 0.1288141765625 0.41937835625000003 0.1413531890625 0.417392371875 0.1392144359375 0.40388882031250006 0.126675425 0.40587480468750003