0 0.1396484375 0.5830078125 0.09765625 0.5830078125 0.09765625 0.615234375 0.1396484375 0.615234375 0.1396484375 0.5830078125
0 0.2568359375 0.45947265625 0.2236328125 0.45947265625 0.2236328125 0.50146484375 0.2568359375 0.50146484375 0.2568359375 0.45947265625
0 0.283203125 0.443359375 0.2529296875 0.443359375 0.2529296875 0.4853515625 0.283203125 0.4853515625 0.283203125 0.443359375
0 0.3212890625 0.59619140625 0.2890625 0.59619140625 0.2890625 0.63330078125 0.3212890625 0.63330078125 0.3212890625 0.59619140625
0 0.79736328125 0.71435546875 0.78369140625 0.71435546875 0.78369140625 0.72802734375 0.79736328125 0.72802734375 0.79736328125 0.71435546875
0 0.8115234375 0.72314453125 0.7978515625 0.72314453125 0.7978515625 0.74560546875 0.8115234375 0.74560546875 0.8115234375 0.72314453125
0 0.82763671875 0.70556640625 0.81201171875 0.70556640625 0.81201171875 0.72705078125 0.82763671875 0.72705078125 0.82763671875 0.70556640625
0 0.84912109375 0.71484375 0.82373046875 0.71484375 0.82373046875 0.740234375 0.84912109375 0.740234375 0.84912109375 0.71484375
0 0.85498046875 0.8154296875 0.83154296875 0.8154296875 0.83154296875 0.84375 0.85498046875 0.84375 0.85498046875 0.8154296875
0 0.89013671875 0.36962890625 0.82763671875 0.36962890625 0.82763671875 0.42431640625 0.89013671875 0.42431640625 0.89013671875 0.36962890625
0 0.47314453125 0.07958984375 0.43798828125 0.07958984375 0.43798828125 0.10986328125 0.47314453125 0.10986328125 0.47314453125 0.07958984375
0 0.49755859375 0.0966796875 0.47021484375 0.0966796875 0.47021484375 0.1259765625 0.49755859375 0.1259765625 0.49755859375 0.0966796875
0 0.19970703125 0.01806640625 0.17333984375 0.01806640625 0.17333984375 0.03564453125 0.19970703125 0.03564453125 0.19970703125 0.01806640625
0 0.193359375 0.033203125 0.17578125 0.033203125 0.17578125 0.0556640625 0.193359375 0.0556640625 0.193359375 0.033203125
0 0.2333984375 0.04248046875 0.1904296875 0.04248046875 0.1904296875 0.07666015625 0.2333984375 0.07666015625 0.2333984375 0.04248046875