0 0.4990234375 0.48828125 0.4765625 0.48828125 0.4765625 0.509765625 0.4990234375 0.509765625 0.4990234375 0.48828125
0 0.51708984375 0.4873046875 0.50439453125 0.4873046875 0.50439453125 0.5048828125 0.51708984375 0.5048828125 0.51708984375 0.4873046875
0 0.53173828125 0.34716796875 0.47412109375 0.34716796875 0.47412109375 0.39404296875 0.53173828125 0.39404296875 0.53173828125 0.34716796875
0 0.650390625 0.3134765625 0.5966796875 0.3134765625 0.5966796875 0.341796875 0.650390625 0.341796875 0.650390625 0.3134765625
0 0.62548828125 0.3876953125 0.58349609375 0.3876953125 0.58349609375 0.43359375 0.62548828125 0.43359375 0.62548828125 0.3876953125
0 0.64453125 0.43994140625 0.603515625 0.43994140625 0.603515625 0.46435546875 0.64453125 0.46435546875 0.64453125 0.43994140625
0 0.78857421875 0.353515625 0.76416015625 0.353515625 0.76416015625 0.373046875 0.78857421875 0.373046875 0.78857421875 0.353515625
0 0.880859375 0.275390625 0.8505859375 0.275390625 0.8505859375 0.306640625 0.880859375 0.306640625 0.880859375 0.275390625
0 0.91796875 0.24609375 0.9033203125 0.24609375 0.9033203125 0.263671875 0.91796875 0.263671875 0.91796875 0.24609375
0 0.9580078125 0.29541015625 0.9306640625 0.29541015625 0.9306640625 0.31689453125 0.9580078125 0.31689453125 0.9580078125 0.29541015625
0 0.9404296875 0.498046875 0.9189453125 0.498046875 0.9189453125 0.5263671875 0.9404296875 0.5263671875 0.9404296875 0.498046875
0 0.89599609375 0.4970703125 0.86376953125 0.4970703125 0.86376953125 0.5322265625 0.89599609375 0.5322265625 0.89599609375 0.4970703125
0 0.814453125 0.5009765625 0.771484375 0.5009765625 0.771484375 0.521484375 0.814453125 0.521484375 0.814453125 0.5009765625
0 0.79736328125 0.44189453125 0.77685546875 0.44189453125 0.77685546875 0.46044921875 0.79736328125 0.46044921875 0.79736328125 0.44189453125
0 0.70654296875 0.51611328125 0.68017578125 0.51611328125 0.68017578125 0.54052734375 0.70654296875 0.54052734375 0.70654296875 0.51611328125
0 0.64404296875 0.51953125 0.62744140625 0.51953125 0.62744140625 0.5341796875 0.64404296875 0.5341796875 0.64404296875 0.51953125
0 0.59375 0.56396484375 0.56640625 0.56396484375 0.56640625 0.58349609375 0.59375 0.58349609375 0.59375 0.56396484375
0 0.646484375 0.59326171875 0.630859375 0.59326171875 0.630859375 0.60888671875 0.646484375 0.60888671875 0.646484375 0.59326171875
0 0.72021484375 0.60302734375 0.70458984375 0.60302734375 0.70458984375 0.62451171875 0.72021484375 0.62451171875 0.72021484375 0.60302734375
0 0.7421875 0.62744140625 0.7265625 0.62744140625 0.7265625 0.64306640625 0.7421875 0.64306640625 0.7421875 0.62744140625
0 0.71630859375 0.6279296875 0.66943359375 0.6279296875 0.66943359375 0.6669921875 0.71630859375 0.6669921875 0.71630859375 0.6279296875
0 0.95751953125 0.59033203125 0.92724609375 0.59033203125 0.92724609375 0.62060546875 0.95751953125 0.62060546875 0.95751953125 0.59033203125
0 0.95166015625 0.611328125 0.92724609375 0.611328125 0.92724609375 0.634765625 0.95166015625 0.634765625 0.95166015625 0.611328125
0 0.96240234375 0.64892578125 0.93505859375 0.64892578125 0.93505859375 0.67431640625 0.96240234375 0.67431640625 0.96240234375 0.64892578125
0 0.80322265625 0.73828125 0.76220703125 0.73828125 0.76220703125 0.783203125 0.80322265625 0.783203125 0.80322265625 0.73828125
0 0.6474609375 0.73828125 0.6181640625 0.73828125 0.6181640625 0.759765625 0.6474609375 0.759765625 0.6474609375 0.73828125
0 0.57568359375 0.6767578125 0.56689453125 0.6767578125 0.56689453125 0.6962890625 0.57568359375 0.6962890625 0.57568359375 0.6767578125
0 0.5458984375 0.6103515625 0.5234375 0.6103515625 0.5234375 0.6376953125 0.5458984375 0.6376953125 0.5458984375 0.6103515625
0 0.45263671875 0.5615234375 0.42529296875 0.5615234375 0.42529296875 0.5859375 0.45263671875 0.5859375 0.45263671875 0.5615234375
0 0.458984375 0.52490234375 0.404296875 0.52490234375 0.404296875 0.56591796875 0.458984375 0.56591796875 0.458984375 0.52490234375
0 0.34814453125 0.578125 0.33251953125 0.578125 0.33251953125 0.59765625 0.34814453125 0.59765625 0.34814453125 0.578125
0 0.400390625 0.6015625 0.373046875 0.6015625 0.373046875 0.62890625 0.400390625 0.62890625 0.400390625 0.6015625
0 0.31103515625 0.5771484375 0.27587890625 0.5771484375 0.27587890625 0.6044921875 0.31103515625 0.6044921875 0.31103515625 0.5771484375
0 0.29052734375 0.5126953125 0.26708984375 0.5126953125 0.26708984375 0.53515625 0.29052734375 0.53515625 0.29052734375 0.5126953125
0 0.31787109375 0.63818359375 0.28271484375 0.63818359375 0.28271484375 0.67041015625 0.31787109375 0.67041015625 0.31787109375 0.63818359375
0 0.29638671875 0.7587890625 0.28173828125 0.7587890625 0.28173828125 0.7724609375 0.29638671875 0.7724609375 0.29638671875 0.7587890625
0 0.36083984375 0.74560546875 0.35009765625 0.74560546875 0.35009765625 0.76025390625 0.36083984375 0.76025390625 0.36083984375 0.74560546875
0 0.4501953125 0.828125 0.42578125 0.828125 0.42578125 0.8447265625 0.4501953125 0.8447265625 0.4501953125 0.828125
0 0.57275390625 0.880859375 0.52197265625 0.880859375 0.52197265625 0.9052734375 0.57275390625 0.9052734375 0.57275390625 0.880859375
0 0.62939453125 0.82421875 0.56884765625 0.82421875 0.56884765625 0.8740234375 0.62939453125 0.8740234375 0.62939453125 0.82421875
0 0.650390625 0.80029296875 0.6298828125 0.80029296875 0.6298828125 0.82177734375 0.650390625 0.82177734375 0.650390625 0.80029296875
0 0.73779296875 0.85693359375 0.70361328125 0.85693359375 0.70361328125 0.90087890625 0.73779296875 0.90087890625 0.73779296875 0.85693359375
0 0.779296875 0.85791015625 0.763671875 0.85791015625 0.763671875 0.87158203125 0.779296875 0.87158203125 0.779296875 0.85791015625
0 0.5283203125 0.72119140625 0.5 0.72119140625 0.5 0.74267578125 0.5283203125 0.74267578125 0.5283203125 0.72119140625
0 0.49658203125 0.7744140625 0.46923828125 0.7744140625 0.46923828125 0.7978515625 0.49658203125 0.7978515625 0.49658203125 0.7744140625
0 0.466796875 0.71923828125 0.4462890625 0.71923828125 0.4462890625 0.73974609375 0.466796875 0.73974609375 0.466796875 0.71923828125
0 0.46875 0.662109375 0.439453125 0.662109375 0.439453125 0.69140625 0.46875 0.69140625 0.46875 0.662109375
0 0.48828125 0.6875 0.4443359375 0.6875 0.4443359375 0.7177734375 0.48828125 0.7177734375 0.48828125 0.6875
0 0.34130859375 0.8349609375 0.31103515625 0.8349609375 0.31103515625 0.8701171875 0.34130859375 0.8701171875 0.34130859375 0.8349609375
0 0.30029296875 0.86376953125 0.28564453125 0.86376953125 0.28564453125 0.88330078125 0.30029296875 0.88330078125 0.30029296875 0.86376953125
0 0.35791015625 0.91796875 0.32470703125 0.91796875 0.32470703125 0.9501953125 0.35791015625 0.9501953125 0.35791015625 0.91796875
0 0.24951171875 1 0.24951171875 0.9833984375 0.21533203125 0.9833984375 0.21533203125 1 0.24951171875 1
0 0.19775390625 0.90283203125 0.17333984375 0.90283203125 0.17333984375 0.92822265625 0.19775390625 0.92822265625 0.19775390625 0.90283203125
0 0.1220703125 0.97998046875 0.1044921875 0.97998046875 0.1044921875 0.99267578125 0.1220703125 0.99267578125 0.1220703125 0.97998046875
0 0.1044921875 0.94921875 0.09765625 0.94921875 0.09765625 0.9609375 0.1044921875 0.9609375 0.1044921875 0.94921875
0 0.078125 1 0.078125 0.98828125 0.0595703125 0.98828125 0.0595703125 1 0.078125 1
0 0.2041015625 0.76611328125 0.1826171875 0.76611328125 0.1826171875 0.77880859375 0.2041015625 0.77880859375 0.2041015625 0.76611328125
0 0.234375 0.76416015625 0.224609375 0.76416015625 0.224609375 0.77197265625 0.234375 0.77197265625 0.234375 0.76416015625
0 0.17822265625 0.62890625 0.14208984375 0.62890625 0.14208984375 0.6669921875 0.17822265625 0.6669921875 0.17822265625 0.62890625
0 0.21044921875 0.61865234375 0.19580078125 0.61865234375 0.19580078125 0.63037109375 0.21044921875 0.63037109375 0.21044921875 0.61865234375
0 0.18896484375 0.57373046875 0.15283203125 0.57373046875 0.15283203125 0.59228515625 0.18896484375 0.59228515625 0.18896484375 0.57373046875
0 0.0908203125 0.5625 0.0576171875 0.5625 0.0576171875 0.6015625 0.0908203125 0.6015625 0.0908203125 0.5625
0 0.13330078125 0.5146484375 0.11279296875 0.5146484375 0.11279296875 0.529296875 0.13330078125 0.529296875 0.13330078125 0.5146484375
0 0.1708984375 0.48681640625 0.15234375 0.48681640625 0.15234375 0.50341796875 0.1708984375 0.50341796875 0.1708984375 0.48681640625
0 0.162109375 0.41796875 0.12890625 0.41796875 0.12890625 0.458984375 0.162109375 0.458984375 0.162109375 0.41796875
0 0.08447265625 0.4296875 0.06396484375 0.4296875 0.06396484375 0.447265625 0.08447265625 0.447265625 0.08447265625 0.4296875
0 0.25390625 0.3779296875 0.2373046875 0.3779296875 0.2373046875 0.39453125 0.25390625 0.39453125 0.25390625 0.3779296875
0 0.2353515625 0.37060546875 0.228515625 0.37060546875 0.228515625 0.38037109375 0.2353515625 0.38037109375 0.2353515625 0.37060546875
0 0.34765625 0.3662109375 0.30859375 0.3662109375 0.30859375 0.400390625 0.34765625 0.400390625 0.34765625 0.3662109375
0 0.33154296875 0.33447265625 0.31103515625 0.33447265625 0.31103515625 0.34912109375 0.33154296875 0.34912109375 0.33154296875 0.33447265625
0 0.3935546875 0.32373046875 0.3681640625 0.32373046875 0.3681640625 0.34130859375 0.3935546875 0.34130859375 0.3935546875 0.32373046875
0 0.4072265625 0.29296875 0.396484375 0.29296875 0.396484375 0.302734375 0.4072265625 0.302734375 0.4072265625 0.29296875
0 0.34326171875 0.25048828125 0.30517578125 0.25048828125 0.30517578125 0.29150390625 0.34326171875 0.29150390625 0.34326171875 0.25048828125
0 0.33203125 0.21875 0.3125 0.21875 0.3125 0.2421875 0.33203125 0.2421875 0.33203125 0.21875
0 0.31689453125 0.20166015625 0.29541015625 0.20166015625 0.29541015625 0.22021484375 0.31689453125 0.22021484375 0.31689453125 0.20166015625
0 0.36376953125 0.17626953125 0.33642578125 0.17626953125 0.33642578125 0.19873046875 0.36376953125 0.19873046875 0.36376953125 0.17626953125
0 0.39794921875 0.1962890625 0.36474609375 0.1962890625 0.36474609375 0.2294921875 0.39794921875 0.2294921875 0.39794921875 0.1962890625
0 0.48583984375 0.16748046875 0.45166015625 0.16748046875 0.45166015625 0.18994140625 0.48583984375 0.18994140625 0.48583984375 0.16748046875
0 0.5126953125 0.1826171875 0.486328125 0.1826171875 0.486328125 0.203125 0.5126953125 0.203125 0.5126953125 0.1826171875
0 0.55859375 0.19677734375 0.533203125 0.19677734375 0.533203125 0.21826171875 0.55859375 0.21826171875 0.55859375 0.19677734375
0 0.48291015625 0.21142578125 0.46435546875 0.21142578125 0.46435546875 0.23876953125 0.48291015625 0.23876953125 0.48291015625 0.21142578125
0 0.48779296875 0.10498046875 0.45361328125 0.10498046875 0.45361328125 0.13232421875 0.48779296875 0.13232421875 0.48779296875 0.10498046875
0 0.431640625 0.04833984375 0.416015625 0.04833984375 0.416015625 0.06787109375 0.431640625 0.06787109375 0.431640625 0.04833984375
0 0.3681640625 0 0.3681640625 0.029296875 0.392578125 0.029296875 0.392578125 0 0.3681640625 0
0 0.28564453125 0.02392578125 0.26220703125 0.02392578125 0.26220703125 0.04541015625 0.28564453125 0.04541015625 0.28564453125 0.02392578125
0 0.17041015625 0.08837890625 0.15185546875 0.08837890625 0.15185546875 0.10595703125 0.17041015625 0.10595703125 0.17041015625 0.08837890625
0 0.095703125 0.123046875 0.0751953125 0.123046875 0.0751953125 0.1376953125 0.095703125 0.1376953125 0.095703125 0.123046875
0 0.10986328125 0.17822265625 0.08935546875 0.17822265625 0.08935546875 0.20361328125 0.10986328125 0.20361328125 0.10986328125 0.17822265625
0 0.19775390625 0.166015625 0.18310546875 0.166015625 0.18310546875 0.1826171875 0.19775390625 0.1826171875 0.19775390625 0.166015625
0 0.291015625 0.14892578125 0.2646484375 0.14892578125 0.2646484375 0.18798828125 0.291015625 0.18798828125 0.291015625 0.14892578125
0 0.220703125 0.1943359375 0.2060546875 0.1943359375 0.2060546875 0.2119140625 0.220703125 0.2119140625 0.220703125 0.1943359375
0 0.11181640625 0.2763671875 0.10009765625 0.2763671875 0.10009765625 0.2880859375 0.11181640625 0.2880859375 0.11181640625 0.2763671875
0 0.10302734375 0.27880859375 0.09228515625 0.27880859375 0.09228515625 0.28759765625 0.10302734375 0.28759765625 0.10302734375 0.27880859375
0 0.1826171875 0.28466796875 0.15625 0.28466796875 0.15625 0.30517578125 0.1826171875 0.30517578125 0.1826171875 0.28466796875
0 0.09716796875 0.3046875 0.07275390625 0.3046875 0.07275390625 0.3251953125 0.09716796875 0.3251953125 0.09716796875 0.3046875
0 0.052734375 0.2822265625 0.0439453125 0.2822265625 0.0439453125 0.294921875 0.052734375 0.294921875 0.052734375 0.2822265625
0 0.072265625 0.23388671875 0.0517578125 0.23388671875 0.0517578125 0.25830078125 0.072265625 0.25830078125 0.072265625 0.23388671875
0 0.537109375 0.06494140625 0.5166015625 0.06494140625 0.5166015625 0.07861328125 0.537109375 0.07861328125 0.537109375 0.06494140625
0 0.56884765625 0.0576171875 0.54833984375 0.0576171875 0.54833984375 0.072265625 0.56884765625 0.072265625 0.56884765625 0.0576171875
0 0.5908203125 0.07373046875 0.576171875 0.07373046875 0.576171875 0.08740234375 0.5908203125 0.08740234375 0.5908203125 0.07373046875
0 0.53955078125 0.0859375 0.52392578125 0.0859375 0.52392578125 0.103515625 0.53955078125 0.103515625 0.53955078125 0.0859375
0 0.70556640625 0.10546875 0.66943359375 0.10546875 0.66943359375 0.158203125 0.70556640625 0.158203125 0.70556640625 0.10546875
0 0.64697265625 0.19140625 0.61474609375 0.19140625 0.61474609375 0.220703125 0.64697265625 0.220703125 0.64697265625 0.19140625
0 0.65283203125 0.2216796875 0.62548828125 0.2216796875 0.62548828125 0.2509765625 0.65283203125 0.2509765625 0.65283203125 0.2216796875
0 0.580078125 0.00732421875 0.560546875 0.00732421875 0.560546875 0.03369140625 0.580078125 0.03369140625 0.580078125 0.00732421875
0 0.93701171875 0.1337890625 0.91650390625 0.1337890625 0.91650390625 0.15625 0.93701171875 0.15625 0.93701171875 0.1337890625
0 1 0.13671875 0.9775390625 0.13671875 0.9775390625 0.1865234375 1 0.1865234375 1 0.13671875
0 0.91064453125 0.033203125 0.89208984375 0.033203125 0.89208984375 0.0537109375 0.91064453125 0.0537109375 0.91064453125 0.033203125
0 0.8828125 0.0712890625 0.8583984375 0.0712890625 0.8583984375 0.099609375 0.8828125 0.099609375 0.8828125 0.0712890625
0 0.853515625 0.1875 0.8291015625 0.1875 0.8291015625 0.2158203125 0.853515625 0.2158203125 0.853515625 0.1875
0 0.91943359375 0.18408203125 0.88525390625 0.18408203125 0.88525390625 0.21435546875 0.91943359375 0.21435546875 0.91943359375 0.18408203125
0 0.79052734375 0.21533203125 0.77490234375 0.21533203125 0.77490234375 0.23583984375 0.79052734375 0.23583984375 0.79052734375 0.21533203125
0 0.76025390625 0.234375 0.74560546875 0.234375 0.74560546875 0.2470703125 0.76025390625 0.2470703125 0.76025390625 0.234375
0 0.93505859375 0.74072265625 0.89404296875 0.74072265625 0.89404296875 0.78955078125 0.93505859375 0.78955078125 0.93505859375 0.74072265625
0 0.982421875 0.7802734375 0.9609375 0.7802734375 0.9609375 0.8076171875 0.982421875 0.8076171875 0.982421875 0.7802734375
0 0.953125 0.85009765625 0.9189453125 0.85009765625 0.9189453125 0.88818359375 0.953125 0.88818359375 0.953125 0.85009765625
0 0.8720703125 1 0.8720703125 0.966796875 0.8359375 0.966796875 0.8359375 1 0.8720703125 1
0 0.7626953125 0.90771484375 0.748046875 0.90771484375 0.748046875 0.92431640625 0.7626953125 0.92431640625 0.7626953125 0.90771484375
0 0.68359375 0.11083984375 0.669921875 0.11083984375 0.669921875 0.13818359375 0.68359375 0.13818359375 0.68359375 0.11083984375
0 0.0458984375 0.03564453125 0.0322265625 0.03564453125 0.0322265625 0.04345703125 0.0458984375 0.04345703125 0.0458984375 0.03564453125
0 0.04345703125 0.001953125 0.03076171875 0.001953125 0.03076171875 0.0146484375 0.04345703125 0.0146484375 0.04345703125 0.001953125
0 0.04052734375 0.01220703125 0.01904296875 0.01220703125 0.01904296875 0.03662109375 0.04052734375 0.03662109375 0.04052734375 0.01220703125
0 0 0.052734375 0.02734375 0.052734375 0.02734375 0.025390625 0 0.025390625 0 0.052734375
0 0.04638671875 0.1435546875 0.03564453125 0.1435546875 0.03564453125 0.1572265625 0.04638671875 0.1572265625 0.04638671875 0.1435546875
0 0.0400390625 0.1787109375 0.02734375 0.1787109375 0.02734375 0.1953125 0.0400390625 0.1953125 0.0400390625 0.1787109375
0 0.234375 0.29248046875 0.193359375 0.29248046875 0.193359375 0.33837890625 0.234375 0.33837890625 0.234375 0.29248046875
0 0.22705078125 0.27099609375 0.21923828125 0.27099609375 0.21923828125 0.28173828125 0.22705078125 0.28173828125 0.22705078125 0.27099609375
0 0 0.64208984375 0.0224609375 0.64208984375 0.0224609375 0.60986328125 0 0.60986328125 0 0.64208984375
0 0 0.70166015625 0.009765625 0.70166015625 0.009765625 0.67138671875 0 0.67138671875 0 0.70166015625
0 0.03466796875 1 0.03466796875 0.986328125 0.02001953125 0.986328125 0.02001953125 1 0.03466796875 1
0 0 0.998046875 0.005859375 0.998046875 0.005859375 0.982421875 0 0.982421875 0 0.998046875
0 0.43115234375 0.8701171875 0.41748046875 0.8701171875 0.41748046875 0.89453125 0.43115234375 0.89453125 0.43115234375 0.8701171875
0 0.419921875 0.8740234375 0.4052734375 0.8740234375 0.4052734375 0.884765625 0.419921875 0.884765625 0.419921875 0.8740234375
0 0.45947265625 0.8466796875 0.39697265625 0.8466796875 0.39697265625 0.8828125 0.45947265625 0.8828125 0.45947265625 0.8466796875
0 0.11083984375 0.8603515625 0.09619140625 0.8603515625 0.09619140625 0.8779296875 0.11083984375 0.8779296875 0.11083984375 0.8603515625