0 0.10935718593749999 0 0.08608207031250001 0.09335139375 0.15051577031250002 0.1094165203125 0.177796371875 0 0.10935718593749999 0
0 0.333797459375 0 0.32420129062499997 0.03848813125 0.55540456875 0.09613358281249999 0.5783209984375 0.004220803125 0.5613922812500001 0 0.333797459375 0
0 0.7500926171875 0.0903259984375 0.760251446875 0.049581159375 0.6370693734375 0.018868418749999998 0.62691054375 0.0596132578125 0.7500926171875 0.0903259984375
0 0.790381509375 0.1285519890625 0.807155390625 0.061275625 0.72187549375 0.040012959375000004 0.7051016125 0.1072893234375 0.790381509375 0.1285519890625
0 0.9344441671875 0.21881960937499997 0.9639756484375 0.10037530624999999 0.8332131374999999 0.0677725515625 0.80368165625 0.1862168546875 0.9344441671875 0.21881960937499997
0 1 0.14810584375 0.9837803609375 0.144061834375 0.9665339765625 0.21323330624999998 1 0.22157732343749997 1 0.14810584375
0 1 0.26485504375 0.9615866953125 0.25527753125 0.9209513781249999 0.4182568921875 1 0.43796592656250005 1 0.26485504375
0 0.9503278015625 0.24190255781249997 0.837568825 0.2137885875 0.8106361140624999 0.3218097921875 0.9233950906249999 0.3499237625 0.9503278015625 0.24190255781249997
0 0.7923415671875 0.231699465625 0.692848353125 0.20689302187499997 0.66686065 0.3111240078125 0.7663538640625001 0.335930453125 0.7923415671875 0.231699465625
0 0.6282570484375001 0.1288913953125 0.4292706203125 0.07927850625 0.39903038281250003 0.20056547187499998 0.5980168109374999 0.2501783609375 0.6282570484375001 0.1288913953125
0 0.4344047953125 0.14547518125 0.34343957187499996 0.122795003125 0.323594415625 0.202389575 0.414559640625 0.22506975312500002 0.4344047953125 0.14547518125
0 0.327925596875 0.12244954062499999 0.24454080781249998 0.101659378125 0.223278140625 0.18693927500000002 0.3066629296875 0.20772943906250002 0.327925596875 0.12244954062499999
0 0.29661076406250003 0.2298813890625 0.0928865640625 0.179087240625 0.0465812015625 0.36480790625 0.25030540156250003 0.4156020546875 0.29661076406250003 0.2298813890625
0 0.1259175609375 0.163671015625 0.071906959375 0.150204659375 0.0291453734375 0.321712009375 0.0831559765625 0.335178365625 0.1259175609375 0.163671015625
0 0.26569360937500003 0.4043418859375 0.0837631609375 0.35898153125 0.041001576562499996 0.5304888812499999 0.22293202499999998 0.5758492359375 0.26569360937500003 0.4043418859375
0 0.3609190078125 0.42204549374999994 0.2491075875 0.394167775 0.21555982343750002 0.528720503125 0.3273712453125 0.5565982203125001 0.3609190078125 0.42204549374999994
0 0.5855893921875001 0.2616735078125 0.3998687265625 0.21536814531249998 0.3630134375 0.363186634375 0.5487341031249999 0.40949199687500004 0.5855893921875001 0.2616735078125
0 0.74551658125 0.3448255546875 0.6213869515625 0.3138765625 0.590437959375 0.4380061921875 0.7145675890625001 0.46895518437500006 0.74551658125 0.3448255546875
0 0.4151028078125 0.7093117765625 0.31276692968750003 0.6837965765625 0.2912680109375 0.7700240296875001 0.3936038890625 0.7955392296875 0.4151028078125 0.7093117765625
0 0.4923816703125 0.6254175531249999 0.3483533984375 0.589507271875 0.3197669234375 0.70416135625 0.4637951953125 0.7400716375 0.4923816703125 0.6254175531249999
0 0.6022075640625 0.5098830984375 0.42311977812499996 0.4652314984375 0.3822482078125 0.6291584140625 0.56133599375 0.6738100140625 0.6022075640625 0.5098830984375
0 0.625379346875 0.4472212875 0.5211483609374999 0.421233584375 0.5036657234375 0.4913526109375 0.6078967109375 0.5173403140625 0.625379346875 0.4472212875
0 0.3351955734375 0.569620090625 0.1911673015625 0.533709809375 0.1528945015625 0.6872136249999999 0.2969227734375 0.72312390625 0.3351955734375 0.569620090625
0 0.454343 1 0.46972345156250006 0.9383123781249999 0.21672642187500002 0.875233134375 0.20042504375 0.9406143890625 0.43860772187499997 1 0.454343 1
0 0.593109940625 0.9177466953125 0.5078300421875 0.8964840296875 0.49341867968750003 0.9542848484374999 0.578698578125 0.975547515625 0.593109940625 0.9177466953125
0 0.6853252546874999 1 0.70029916875 0.9399429078124999 0.6311276968749999 0.9226965234375 0.614353815625 0.9899728859374999 0.654570371875 1 0.6853252546874999 1
0 0.6950045312500001 0.620078653125 0.6428890390625 0.6070848 0.6310764453125 0.654462521875 0.6831919390625 0.6674563734375 0.6950045312500001 0.620078653125
0 0.7713740453125 0.59634521875 0.70694034375 0.58028009375 0.6800076328125 0.688301296875 0.7444413328125 0.7043664234375 0.7713740453125 0.59634521875
0 0.9367324796875 0.6536770453125 0.9746346562499999 0.6631271187500001 0.9944798109375 0.5835325484375 0.9565776343750001 0.5740824734375 0.9367324796875 0.6536770453125
0 0.929202984375 0.732316421875 0.9557345078124999 0.7389314734375 0.9689646109375 0.685868425 0.9424330875000001 0.6792533734374999 0.929202984375 0.732316421875
0 0.8759979234375 0.8690132453125001 0.780294928125 0.8451518078125 0.7566697421875 0.9399072500000001 0.8523727390625 0.9637686875 0.8759979234375 0.8690132453125001
0 0.8382861531250001 0.7861391640625001 0.6743592375 0.74526759375 0.62403759375 0.9470966859375001 0.7879645078124999 0.98796825625 0.8382861531250001 0.7861391640625001
0 0.863579109375 0.7068964234374999 0.7621907859375 0.6816174765625 0.736439334375 0.7849009078125 0.8378276578125 0.8101798562500001 0.863579109375 0.7068964234374999
0 0.9150367875000001 0.8032623296875 0.8164911281249999 0.7786921375 0.7952284609375 0.8639720343749999 0.8937741203125 0.8885422281249999 0.9150367875000001 0.8032623296875
0 0.9554817 0.713706975 0.8569360406250001 0.6891367828125 0.8352008703125 0.7763117890625 0.9337465296874999 0.8008819828125 0.9554817 0.713706975
0 0.8831790984375001 0.6141567640625001 0.783685884375 0.58935031875 0.7602969515625 0.6831582078125 0.859790165625 0.7079646515625 0.8831790984375001 0.6141567640625001
0 0.95123395 0.551111284375 0.8962757937499999 0.5374086765625 0.879029409375 0.6065801484375 0.933987565625 0.62028275625 0.95123395 0.551111284375
0 1 0.3811010140625 0.7959566625 0.330227296875 0.7624088984374999 0.46478002500000004 0.9689757625000001 0.516282928125 1 0.39185150625 1 0.3811010140625
0 0.8825044171875 0.4836521546875 0.8067000640625 0.4647520078125 0.7937062125 0.5168675 0.869510565625 0.5357676484375 0.8825044171875 0.4836521546875
0 0.8940314015625 0.5464104437499999 0.8277025921875 0.5298728140625 0.8175437625 0.570617653125 0.883872571875 0.5871552828125 0.8940314015625 0.5464104437499999
0 0.942205440625 0.5065889609374999 0.86545353125 0.48745256093749995 0.8586022281250001 0.5149316390625 0.9353541359375 0.5340680390625 0.942205440625 0.5065889609374999
0 0 0.8614555140625001 0.1338408796875 0.8948257921874999 0.2028264203125 0.6181399015625 0 0.5675695953125001 0 0.8614555140625001