0 0.47516204531249995 0.4237336046875 0.48429773281250005 0.4032145171875 0.46734718124999997 0.395667646875 0.4582114953125 0.416186734375 0.47516204531249995 0.4237336046875
0 0.2897605828125 0.47160320625 0.2973074546875 0.45465265468749994 0.2776805015625 0.44591417343749995 0.2701336296875 0.4628647234375 0.2897605828125 0.47160320625
0 0.2347303578125 0.394722115625 0.24227722968749998 0.3777715640625 0.2235424109375 0.3694302859375 0.2159955390625 0.3863808359375 0.2347303578125 0.394722115625
0 0.3675525734375 0.23685528437499997 0.37509944375000004 0.21990473437500002 0.356364625 0.21156345468749999 0.34881775312499996 0.22851400625 0.3675525734375 0.23685528437499997
0 0.3649502203125 0.1982823171875 0.373688703125 0.1786553640625 0.358522421875 0.1719029 0.3497839390625 0.19152985312499998 0.3649502203125 0.1982823171875
0 0.30505746093749997 0.2031512734375 0.315384759375 0.17995578437499998 0.2984342078125 0.17240891249999998 0.28810691093749996 0.195604403125 0.30505746093749997 0.2031512734375
0 0.2376966671875 0.25600632343749996 0.24484633437499997 0.23994790781250003 0.22878791875 0.2327982390625 0.22163824999999998 0.24885665625 0.2376966671875 0.25600632343749996
0 0.1898949453125 0.19410235781250001 0.196647409375 0.1789360765625 0.181481128125 0.1721836125 0.1747286640625 0.18734989375 0.1898949453125 0.19410235781250001
0 0 0.5104234578125 0.016409846875000002 0.51772959375 0.0231623109375 0.5025633109375 0.006211759375 0.495016440625 0 0.5089682828125001 0 0.5104234578125
0 0.15944148281249998 0.743896453125 0.1677827609375 0.725161634375 0.1526164796875 0.7184091703125 0.1442752 0.7371439890625 0.15944148281249998 0.743896453125
0 0.103954234375 0.759278715625 0.11428153125 0.7360832265624999 0.0893017734375 0.7249615203124999 0.078974475 0.7481570109375 0.103954234375 0.759278715625
0 0.0656176484375 0.7037268625 0.0711785015625 0.6912369828125 0.05779648750000001 0.6852789265625 0.052235635937500004 0.69776880625 0.0656176484375 0.7037268625
0 0.2703483515625 0.8921560906250001 0.27789522187500004 0.8752055406249999 0.259160403125 0.8668642609375 0.2516135328125 0.8838148125 0.2703483515625 0.8921560906250001
0 0.2338811671875 0.8588161624999999 0.24063363125 0.84364988125 0.226359484375 0.8372946203125 0.2196070203125 0.852460903125 0.2338811671875 0.8588161624999999
0 0.36047745937500003 0.8205756671875 0.366435515625 0.8071936546874999 0.349484965625 0.7996467828125 0.343526909375 0.8130287968750001 0.36047745937500003 0.8205756671875
0 0.4478923828125 0.8055117718749999 0.45702807031250003 0.7849926843749999 0.4418617875 0.7782402203125 0.4327261015625 0.7987593078125 0.4478923828125 0.8055117718749999
0 0.539124946875 0.8659072703125 0.545083003125 0.8525252562500001 0.526348184375 0.844183978125 0.5203901281250001 0.8575659921875 0.539124946875 0.8659072703125
0 0.5402362109375 0.9102302468750001 0.5461942671875 0.8968482328125 0.5274594484375 0.8885069546875 0.5215013921875 0.90188896875 0.5402362109375 0.9102302468750001
0 0.5451653328125 1 0.5479155671875 0.9938228718750001 0.536317821875 0.9886592234375 0.5312685828125 1 0.5451653328125 1
0 0.39802757031249997 0.9415196765625 0.40517723749999995 0.9254612609375 0.389118821875 0.9183115921875 0.38196915468750003 0.934370009375 0.39802757031249997 0.9415196765625
0 0.37775594843750004 0.9330286593749999 0.3837140046875 0.9196466453125 0.3649791859375 0.9113053671875001 0.3590211296875 0.92468738125 0.37775594843750004 0.9330286593749999
0 0.6362508359375 0.7846142453125 0.643400503125 0.7685558296874999 0.6273420875 0.7614061624999999 0.6201924203125 0.777464578125 0.6362508359375 0.7846142453125
0 0.686282515625 0.39372872812500004 0.6934321828125001 0.3776703125 0.6746973640625 0.36932903281249996 0.6675476953125 0.38538744999999996 0.686282515625 0.39372872812500004
0 0.7205728859375 0.34432245 0.727722553125 0.32826403437499996 0.7134484062500001 0.3219087734375 0.7062987374999999 0.337967190625 0.7205728859375 0.34432245
0 0.9650947390625 0.2597050796875 0.9722444078124999 0.2436466625 0.956185990625 0.2364969953125 0.9490363234375 0.2525554125 0.9650947390625 0.2597050796875
0 0.940275928125 0.4571062765625 0.950603225 0.4339107875 0.9256234671874999 0.42278908125000003 0.91529616875 0.44598457187499996 0.940275928125 0.4571062765625
0 1 0.3960407265625 0.9964881921875 0.39447716875 0.9905301359375001 0.4078591828125 1 0.4120754375 1 0.3960407265625
0 0.9872799671875001 0.3743426921875 0.9944296343750001 0.35828427500000004 0.9739105468749999 0.3491485890625 0.9667608796874999 0.3652070046875 0.9872799671875001 0.3743426921875
0 0.8922647734375 0.639371165625 0.9010032562499999 0.6197442125 0.8858369749999999 0.6129917484375 0.8770984921875 0.6326187015625 0.8922647734375 0.639371165625
0 0.9511360625 0.5287528171875 0.9578885265625001 0.513586534375 0.9427222437499999 0.5068340703125 0.9359697812500001 0.5220003531249999 0.9511360625 0.5287528171875
0 1 0.5777674515625 0.989182615625 0.5729512421875 0.9824301515625 0.588117525 0.997596434375 0.5948699890625 1 0.5894714921875 1 0.5777674515625
0 0.8084923109375 0.4673816890625 0.8128615531250001 0.4575682125 0.792342465625 0.448432525 0.7879732234375 0.4582460015625 0.8084923109375 0.4673816890625
0 0.8129592796875 0.459749684375 0.820108946875 0.44369126718749996 0.7995898593749999 0.43455558125 0.7924401921875 0.45061399843750005 0.8129592796875 0.459749684375
0 0.53183750625 0.10796228906250001 0.5389871734375 0.0919038734375 0.525605159375 0.0859458171875 0.5184554921875 0.1020042328125 0.53183750625 0.10796228906250001
0 0.47422492656250004 0 0.4870368515625 0.0057042359375 0.489576540625 0 0.47422492656250004 0
0 0.2647001 0.0536983875 0.2718497671875 0.037639971875 0.25757561875 0.0312847109375 0.25042595156249997 0.047343128125 0.2647001 0.0536983875
0 0.22689005468749998 0.1026065875 0.2344369265625 0.0856560359375 0.22283918125 0.0804923875 0.21529230937500002 0.0974429390625 0.22689005468749998 0.1026065875
0 0.34894217968749996 0.11418846406250001 0.3537086234375 0.10348285312500001 0.3385423421875 0.0967303890625 0.33377589687500003 0.107436 0.34894217968749996 0.11418846406250001
0 0.2780996171875 0.26009812656250003 0.2832632671875 0.24850038125 0.26898911875 0.242145121875 0.2638254703125 0.2537428671875 0.2780996171875 0.26009812656250003
0 0.21412273750000002 0.066456259375 0.221669609375 0.049505709375 0.2073954609375 0.04315045 0.1998485890625 0.060101 0.21412273750000002 0.066456259375
0 0.155554075 0.169191990625 0.1623065375 0.1540257078125 0.148032390625 0.1476704484375 0.1412799265625 0.16283672968750001 0.155554075 0.169191990625
0 0.1368603109375 0.24959439218749999 0.14281836718750002 0.236212378125 0.127652084375 0.2294599140625 0.121694028125 0.242841928125 0.1368603109375 0.24959439218749999
0 0.2923580234375 0.2904984453125 0.2999048953125 0.27354789375 0.287415015625 0.2679870421875 0.27986814375 0.28493759218750003 0.2923580234375 0.2904984453125
0 0.368824909375 0.6409619953125001 0.3743857609375 0.6284721156249999 0.3592194796875 0.6217196515625 0.3536586265625 0.63420953125 0.368824909375 0.6409619953125001
0 0.397034309375 0.64122835 0.40060914375 0.6331991421875001 0.3899035328125 0.628432696875 0.3863286984375 0.63646190625 0.397034309375 0.64122835
0 0.254611325 0.6970089046875 0.26017217812500004 0.684519025 0.2494665671875 0.67975258125 0.2439057140625 0.692242459375 0.254611325 0.6970089046875
0 0.2534621546875 0.5591332359375001 0.258625803125 0.547535490625 0.24613592343750001 0.5419746390625 0.24097227499999999 0.553572384375 0.2534621546875 0.5591332359375001
0 0.36459898281249997 0.5075958609375 0.36896822500000004 0.49778238437500005 0.3555862109375 0.491824328125 0.3512169703125 0.5016378046875001 0.36459898281249997 0.5075958609375
0 0.3721395578125 0.5002633328125 0.3780976140625 0.4868813203125 0.370960540625 0.4837036890625 0.365002484375 0.49708570312499994 0.3721395578125 0.5002633328125
0 0.46180685625000006 0.45252936562499996 0.465381690625 0.44450015781249996 0.44664687187499996 0.4361588796875 0.4430720375 0.4441880875 0.46180685625000006 0.45252936562499996
0 0.343053765625 0.47555471562499996 0.3498062296875 0.460388434375 0.33553208125 0.4540331734375 0.32877961718750004 0.46919945625 0.343053765625 0.47555471562499996
0 0.4664694046875 0.6005211375 0.47361907187499996 0.5844627203125 0.4602370578125 0.5785046640625 0.45308739062500003 0.59456308125 0.4664694046875 0.6005211375
0 0.4242823109375 0.7468957578125 0.4330207921875 0.7272688031250001 0.4223151828125 0.722502359375 0.4135767 0.7421293125 0.4242823109375 0.7468957578125
0 0.7985987390625 0.8125334890625 0.807337221875 0.7929065359374999 0.7939552078125 0.7869484796874999 0.785216725 0.8065754328124999 0.7985987390625 0.8125334890625
0 0.7469369375 0.8157222015625001 0.75289499375 0.8023401874999999 0.7368365781249999 0.7951905203125 0.730878521875 0.8085725328125 0.7469369375 0.8157222015625001
0 0.7478401546875 0.8749182796874999 0.7534010078125 0.8624284 0.7355583218749999 0.8544843249999999 0.7299974703125 0.8669742046875 0.7478401546875 0.8749182796874999
0 0.6585574656250001 0.9409961593749999 0.6661043375 0.9240456078125 0.6500459203125 0.916895940625 0.64249905 0.9338464906249999 0.6585574656250001 0.9409961593749999
0 0.783514315625 0.6807467234375 0.7898695765625 0.6664725765624999 0.775595428125 0.660117315625 0.76924016875 0.6743914640625001 0.783514315625 0.6807467234375
0 0.7626230859375001 0.4827702484375 0.76937555 0.4676039671875 0.752425 0.46005709531249994 0.7456725359374999 0.4752233765625 0.7626230859375001 0.4827702484375
0 0.685144553125 0.465912765625 0.6903082015625001 0.45431502031250004 0.680494725 0.44994577812500003 0.6753310765625 0.4615435234375 0.685144553125 0.465912765625
0 0.6776052375 0.092688709375 0.68356329375 0.0793066953125 0.6639363406250001 0.0705682140625 0.657978284375 0.0839502265625 0.6776052375 0.092688709375
0 0.712947053125 0.17897662812499998 0.7204939234375 0.162026078125 0.7035433734375001 0.15447920625 0.6959965015625 0.17142975625 0.712947053125 0.17897662812499998
0 0.8918860828125 0.1576267375 0.8986385468750001 0.14246045624999998 0.8834722656249999 0.13570799218750002 0.8767198015625001 0.15087427343749998 0.8918860828125 0.1576267375
0 0.756124259375 0.3377023453125 0.7620823156250001 0.32432033125 0.7469160328125 0.31756786875 0.7409579765625 0.33094988125 0.756124259375 0.3377023453125
0 0.0868363140625 0.401566134375 0.0919999625 0.3899683890625 0.0812943515625 0.38520194375 0.076130703125 0.39679968906249996 0.0868363140625 0.401566134375
0 0.09021733125 0.4623998921875 0.094586571875 0.452586415625 0.0847730953125 0.4482171734375 0.0804038546875 0.45803065 0.09021733125 0.4623998921875
0 0.26477931250000003 0.538516421875 0.2691485546875 0.5287029453125001 0.255766540625 0.5227448890625 0.2513973 0.532558365625 0.26477931250000003 0.538516421875
0 0.46845353437500004 0.22031289375 0.4767948125 0.20157807499999997 0.45805999374999995 0.193236796875 0.449718715625 0.211971615625 0.46845353437500004 0.22031289375
0 0.5252321359375001 0.7314441031250001 0.530395784375 0.7198463578125 0.5179059046875001 0.7142855046875 0.5127422562499999 0.72588325 0.5252321359375001 0.7314441031250001
0 0.556204834375 0.9788063296875 0.5613684828125 0.967208584375 0.55155500625 0.9628393421875 0.5463913578125 0.9744370874999999 0.556204834375 0.9788063296875
0 0.5042008640625 0.8230990578125 0.5097617171875 0.8106091781250001 0.49548756875000005 0.80425391875 0.48992671562499995 0.8167437968750001 0.5042008640625 0.8230990578125
0 0.5708270703125 0.6806570562500001 0.5755935156249999 0.6699514468750001 0.56131936875 0.6635961859374999 0.5565529234375 0.674301796875 0.5708270703125 0.6806570562500001
0 0.410864153125 0.8718717484375 0.416822209375 0.8584897359375001 0.4025480609375 0.8521344750000001 0.3965900046875 0.8655164890625 0.410864153125 0.8718717484375