0 0.803939234375 0.1287957140625 0.8119337734375 0.10264675625 0.78204925 0.093510140625 0.7740547109375 0.1196590984375 0.803939234375 0.1287957140625
0 0.8312302703125001 0.1330546875 0.839224809375 0.1069057296875 0.8112080687500001 0.0983401515625 0.8032135296874999 0.1244891109375 0.8312302703125001 0.1330546875
0 0.848718390625 0.11593530781250001 0.8569984484375001 0.088852459375 0.8336511640625 0.081714478125 0.8253711062500001 0.10879732812500001 0.848718390625 0.11593530781250001
0 0.79626580625 0.09377184375 0.8034037875 0.070424559375 0.7791226124999999 0.063001059375 0.7719846312499999 0.08634834375 0.79626580625 0.09377184375
0 0.82549005 0.0950477171875 0.8306293968749999 0.078237671875 0.8044804390625 0.070243134375 0.7993410921875 0.08705317812499999 0.82549005 0.0950477171875
0 0.8097925125 0.189813875 0.8146463390625 0.173937721875 0.80063796875 0.1696549328125 0.795784140625 0.1855310859375 0.8097925125 0.189813875
0 0.7956532890625 0.19263936406249998 0.80164919375 0.17302764531249998 0.782971365625 0.1673172609375 0.7769754625 0.1869289796875 0.7956532890625 0.19263936406249998
0 0.77933695 0.1825450421875 0.7839052578125 0.16760277968749998 0.7614918640624999 0.16075031875 0.7569235562500001 0.17569257968750002 0.77933695 0.1825450421875
0 0.7085693921875 0.1568244953125 0.714850815625 0.136278884375 0.6905696390625 0.128855384375 0.684288215625 0.1494009953125 0.7085693921875 0.1568244953125
0 0.730102675 0.31352183437500003 0.7378116953125 0.28830676718750003 0.7088610625 0.2794556703125 0.70115204375 0.3046707375 0.730102675 0.31352183437500003
0 0.7037693468749999 0.32283104375 0.7080521359375 0.30882267343750003 0.6912420906250001 0.303683328125 0.686959303125 0.3176916984375 0.7037693468749999 0.32283104375
0 0.6672523234375001 0.258565134375 0.6721061500000001 0.24268898125 0.6543622140625 0.237264115625 0.6495083875 0.25314027031249997 0.6672523234375001 0.258565134375
0 0.5482078015625 0.1369007625 0.554489225 0.11635515156250001 0.5330097234375 0.109788209375 0.5267283 0.13033382031250001 0.5482078015625 0.1369007625
0 0.5966450562500001 0.04193230625 0.605781671875 0.012047782812500001 0.5796327125 0.004053243749999999 0.570496096875 0.0339377671875 0.5966450562500001 0.04193230625
0 0.5584058796875 0 0.5549470734375 0.011313245312500001 0.5848315984375 0.0204498609375 0.589685425 0.004573707812499999 0.5747255 0 0.5584058796875 0
0 0.5242954984375 0.175032696875 0.530291403125 0.155420978125 0.5190847062499999 0.151994746875 0.5130888015624999 0.17160646562499998 0.5242954984375 0.175032696875
0 0.573310075 0.281924459375 0.5778783828125 0.266982196875 0.555464990625 0.2601297359375 0.5508966828124999 0.275071996875 0.573310075 0.281924459375
0 0.6637963890624999 0.2932499671875 0.6692212546875 0.27550603125 0.6486756437500001 0.2692246078125 0.643250778125 0.28696854374999997 0.6637963890624999 0.2932499671875
0 0.8386155000000001 0.34771871718749997 0.846039 0.3234375421875 0.813352803125 0.31344436875000004 0.805929303125 0.33772554375 0.8386155000000001 0.34771871718749997
0 0.853081984375 0.40728546562499995 0.8593634078125 0.38673985625 0.8378839062500001 0.3801729140625 0.8316024828125 0.40071852343750003 0.853081984375 0.40728546562499995
0 0.8380862046875001 0.41291262968750003 0.8437965890625 0.394234803125 0.8176476312500001 0.3862402640625 0.8119372468750001 0.404918090625 0.8380862046875001 0.41291262968750003
0 0.8346896765625 0.40064119062500003 0.8401145421875 0.3828972546875 0.8242383890625 0.3780434265625 0.8188135234375 0.3957873625 0.8346896765625 0.40064119062500003
0 1 0.511431446875 0.9775394640625 0.504564571875 0.96868836875 0.533515203125 0.9957712171875001 0.5417952609375 1 0.5279635359375 1 0.511431446875
0 1 0.48998659531250005 0.9826014765625001 0.4846673328125 0.9771766109375 0.50241126875 1 0.509389078125 1 0.48998659531250005
0 0.9253485843749999 0.46818455156249994 0.9299168921875 0.45324228906249997 0.9140407390625 0.4483884625 0.90947243125 0.4633307234375 0.9253485843749999 0.46818455156249994
0 0.9613004578125001 0.4975574421875 0.9652977281249999 0.4844829625 0.949421575 0.4796291359375 0.9454243046874999 0.492703615625 0.9613004578125001 0.4975574421875
0 0.9085208765624999 0.57332760625 0.9156588578125 0.549980321875 0.8923115734374999 0.5428423421875 0.88517359375 0.566189625 0.9085208765624999 0.57332760625
0 0.861487271875 0.5701810078125 0.8669121375 0.552437071875 0.8501020921875 0.547297725 0.8446772265625 0.5650416609375 0.861487271875 0.5701810078125
0 0.9097492515625 0.5977009671875 0.916030675 0.5771553578125 0.8982867390625 0.5717304921874999 0.8920053156250001 0.5922761015625 0.9097492515625 0.5977009671875
0 0.889762771875 0.582910428125 0.8983283500000001 0.5548936875 0.8721793906249999 0.5468991484375 0.8636138140625 0.574915890625 0.889762771875 0.582910428125
0 0.89129165 0.6747737640625 0.8967165156249999 0.657029828125 0.8789725796875001 0.6516049625 0.8735477140624999 0.6693488984375 0.89129165 0.6747737640625
0 0.87331276875 0.67846771875 0.88045075 0.655120434375 0.857103465625 0.647982453125 0.849965484375 0.6713297375 0.87331276875 0.67846771875
0 0.8745827546875 0.6860042749999999 0.8791510625000001 0.6710620140625 0.8632749093750001 0.6662081859375 0.8587066015625 0.6811504484375 0.8745827546875 0.6860042749999999
0 0.95990885 0.6824767640625 0.965619234375 0.6637989359375001 0.9441397328125 0.65723199375 0.9384293484375 0.6759098203125 0.95990885 0.6824767640625
0 0.9546148359375 0.693112421875 0.9630198578125 0.6956820953125 0.9678736859375 0.6798059421875 0.9594686625 0.67723626875 0.9546148359375 0.693112421875
0 0.9651522890625 0.6636561765625 0.9700061156249999 0.6477800234375 0.9541299625 0.642926196875 0.9492761359375 0.65880235 0.9651522890625 0.6636561765625
0 0.9558014671875 0.6541596515625 0.958085621875 0.6466885203125 0.9450111421875 0.6426912515625001 0.9427269890625001 0.6501623828125 0.9558014671875 0.6541596515625
0 0.7464166 0.6626482921875 0.75355458125 0.6393010078125 0.72647173125 0.63102095 0.71933375 0.6543682343749999 0.7464166 0.6626482921875
0 0.7841232 0.66958103125 0.789548065625 0.6518370953125 0.7708702374999999 0.6461267109375 0.7654453718750001 0.663870646875 0.7841232 0.66958103125
0 0.785060034375 0.65148615 0.7904848999999999 0.6337422140625 0.765269834375 0.6260331953125 0.75984496875 0.64377713125 0.785060034375 0.65148615
0 0.7622837890625 0.6424803859375 0.7697072890625 0.6181992109375 0.747293896875 0.6113467484374999 0.739870396875 0.635627925 0.7622837890625 0.6424803859375
0 0.7726692546875 0.42814348750000003 0.778950678125 0.4075978765625 0.764008415625 0.40302956874999996 0.7577269921875 0.4235751796875 0.7726692546875 0.42814348750000003
0 0.7590118296874999 0.4193726671875 0.7644366953125 0.40162873125000004 0.7457588671875001 0.395918346875 0.7403340015625 0.41366228281249995 0.7590118296874999 0.4193726671875
0 0.719547559375 0.45326048124999996 0.726685540625 0.429913196875 0.70613993125 0.42363177343749997 0.69900195 0.4469790578125 0.719547559375 0.45326048124999996
0 0.7035940734375 0.4453194609375 0.7093044578125001 0.42664163281249995 0.6934283046874999 0.42178780624999995 0.6877179203125 0.4404656328125 0.7035940734375 0.4453194609375
0 0.6356580234375 0.47714026875000004 0.6410828890625 0.4593963328125 0.623338953125 0.45397146718750003 0.6179140875 0.471715403125 0.6356580234375 0.47714026875000004
0 0.610398403125 0.504648453125 0.6172508640625 0.4822350609375 0.58643245 0.47281292500000005 0.5795799875000001 0.49522631875 0.610398403125 0.504648453125
0 0.6261140015625 0.54008869375 0.62954023125 0.5288819984375001 0.616465753125 0.524884728125 0.613039521875 0.5360914250000001 0.6261140015625 0.54008869375
0 0.6279134140625 0.562594271875 0.634765875 0.5401808796875 0.614220265625 0.53389945625 0.607367803125 0.5563128484375001 0.6279134140625 0.562594271875
0 0.6161086546875 0.4058076921875 0.623817675 0.380592625 0.5986026078125 0.37288360625 0.5908935890625 0.39809867187500003 0.6161086546875 0.4058076921875
0 0.61746788125 0.42307277499999996 0.6234637859375 0.40346105625 0.60105039375 0.39660859375 0.5950544890625 0.41622031249999997 0.61746788125 0.42307277499999996
0 0.5927554828125 0.4354305125 0.5978948296875 0.4186204671875 0.5801508937500001 0.41319560156249996 0.5750115484375 0.43000564687500004 0.5927554828125 0.4354305125
0 0.569333809375 0.4068249375 0.5761862718749999 0.38441154375000003 0.5500373140625 0.37641700624999996 0.5431848515625 0.3988303984375 0.569333809375 0.4068249375
0 0.573429284375 0.428500715625 0.5802817453125 0.40608732343750004 0.5560005703125 0.3986638234375 0.549148109375 0.421077215625 0.573429284375 0.428500715625
0 0.583886459375 0.414337678125 0.58902580625 0.397527634375 0.5750174359375 0.39324484531250004 0.5698780890624999 0.410054890625 0.583886459375 0.414337678125
0 0.5955601015624999 0.41790666875 0.5989863328125 0.4066999734375 0.5849779625 0.40241718437499996 0.58155173125 0.41362388125000005 0.5955601015624999 0.41790666875
0 0.5449307453125 0.43153144687499995 0.5546384 0.39977914062500003 0.5228860937500001 0.3900714875 0.5131784390624999 0.42182379374999995 0.5449307453125 0.43153144687499995
0 0.512565790625 0.44052837968749997 0.5197037718749999 0.4171810953125 0.495422596875 0.4097575953125 0.48828461562500003 0.4331048796875 0.512565790625 0.44052837968749997
0 0.5072122390625 0.41795737656250004 0.515206778125 0.3918084171875 0.4899917109375 0.38409939843749996 0.48199717187499996 0.41024835625 0.5072122390625 0.41795737656250004
0 0.49208854999999996 0.4123124171875 0.496942378125 0.3964362640625 0.481066225 0.39158243593750003 0.476212396875 0.40745858906250004 0.49208854999999996 0.4123124171875
0 0.4783746625 0.43211747031250003 0.4857981640625 0.40783629374999997 0.45871531406250005 0.3995562359375 0.45129181406249996 0.4238374109375 0.4783746625 0.43211747031250003
0 0.5101062296875 0.49032499218750003 0.5200994031249999 0.45763879531249996 0.4827437484375 0.446218025 0.47275057499999995 0.47890422343749994 0.5101062296875 0.49032499218750003
0 0.4973410859375 0.49867649687500004 0.50190939375 0.48373423437499996 0.4813637828125 0.47745281093749997 0.476795475 0.49239507343750005 0.4973410859375 0.49867649687500004
0 0.47347039375 0.519971628125 0.48003733593750003 0.4984921265625 0.4566900515625 0.4913541453125 0.45012310937500005 0.512833646875 0.47347039375 0.519971628125
0 0.47528158125 0.4689556046875 0.481848525 0.44747610312499997 0.4566334578125 0.43976708281250004 0.450066515625 0.461246584375 0.47528158125 0.4689556046875
0 0.5240640265625001 0.48642285156250004 0.5283468140625 0.47241448124999996 0.51433844375 0.46813169375 0.5100556562499999 0.4821400640625 0.5240640265625001 0.48642285156250004
0 0.473961021875 0.45323411875 0.48081348437500004 0.43082072499999996 0.45279674375 0.4222551484375 0.44594428124999996 0.44466854062500005 0.473961021875 0.45323411875
0 0.46460136875 0.49887879375 0.4703117546875 0.4802009671875 0.45163392656249995 0.4744905828125 0.4459235421875 0.49316840937500006 0.46460136875 0.49887879375
0 0.510941915625 0.455860253125 0.51636678125 0.43811631718750005 0.500490628125 0.43326249062500005 0.4950657625 0.4510064265625 0.510941915625 0.455860253125
0 0.4226268328125 0.4942153578125 0.426909621875 0.4802069875 0.40543012031250003 0.47364004375 0.40114733124999996 0.487648415625 0.4226268328125 0.4942153578125
0 0.3932063109375 0.5036019015625001 0.396347021875 0.493329096875 0.3851403265625 0.48990286562499996 0.3819996140625 0.5001756703125 0.3932063109375 0.5036019015625001
0 0.5209730953125 0.0239029828125 0.5241138078125 0.013630178125 0.5110393281250001 0.009632909375 0.5078986171875 0.0199057140625 0.5209730953125 0.0239029828125
0 0.49328361718749997 0.0777296453125 0.49728088593750003 0.064655165625 0.482338625 0.060086857812500005 0.4783413546875 0.0731613375 0.49328361718749997 0.0777296453125
0 0.1447399734375 0.018654184375 0.12606214531249998 0.0129438 0.11606897187500001 0.0456299984375 0.1347468 0.051340382812499995 0.1447399734375 0.018654184375
0 0.5076312890625 0.2312089390625 0.5124851171875 0.215332784375 0.5012784203125 0.2119065546875 0.49642459375000003 0.2277827078125 0.5076312890625 0.2312089390625
0 0.48368326406250006 0.2494168765625 0.492248840625 0.221400134375 0.4623643171875 0.21226351875 0.45379874062500003 0.24028026093750002 0.48368326406250006 0.2494168765625
0 0.47587898281249996 0.221501284375 0.480447290625 0.20655902187500003 0.4617694640625 0.20084863749999998 0.45720115625 0.21579089843750002 0.47587898281249996 0.221501284375
0 0.4956840359375 0.23521517187500002 0.501679940625 0.215603453125 0.4839360046875 0.2101785875 0.4779401 0.22979030625000002 0.4956840359375 0.23521517187500002
0 0.46181709375 0.2274139671875 0.46866955624999995 0.2050005734375 0.4462561640625 0.1981481125 0.43940370156249997 0.22056150468750002 0.46181709375 0.2274139671875
0 0.44419210312499996 0.20823949062499997 0.4499024875 0.1895616640625 0.43402633437500004 0.1847078359375 0.42831595 0.20338566406249997 0.44419210312499996 0.20823949062499997
0 0.47179554843749993 0.2866297703125 0.47664937500000004 0.2707536171875 0.46077322187499997 0.265899790625 0.4559193953125 0.28177594375 0.47179554843749993 0.2866297703125
0 0.46829198437499997 0.2947492734375 0.4717182140625 0.283542578125 0.45770984375 0.27925978906250004 0.4542836140625 0.2904664859375 0.46829198437499997 0.2947492734375
0 0.4992144921875 0.3021608671875 0.502069684375 0.292821953125 0.4908629875 0.28939572187499996 0.48800779531250005 0.2987346359375 0.4992144921875 0.3021608671875
0 0.40605441249999996 0.3012509234375 0.41033720156250003 0.2872425515625 0.39632883125 0.2829597640625 0.3920460421875 0.296968134375 0.40605441249999996 0.3012509234375
0 0.3605791234375 0.2061636546875 0.36543295 0.19028750156250002 0.3476890140625 0.18486263593750002 0.3428351875 0.2007387890625 0.3605791234375 0.2061636546875
0 0.375134715625 0.1952959953125 0.3808451015625 0.17661816875 0.356563925 0.16919466875 0.350853540625 0.1878724953125 0.375134715625 0.1952959953125
0 0.403850403125 0.2132659125 0.4115594234375 0.1880508453125 0.38727824843750003 0.1806273453125 0.379569228125 0.20584241250000002 0.403850403125 0.2132659125
0 0.38824491875 0.2192172625 0.3928132265625 0.20427499999999998 0.3769370734375 0.19942117343750002 0.372368765625 0.214363434375 0.38824491875 0.2192172625
0 0.4204165390625 0.20250234687500002 0.42384277031249995 0.19129564999999998 0.413569965625 0.1881549390625 0.41014373437499996 0.199361634375 0.4204165390625 0.20250234687500002
0 0.42008940937499994 0.22027304218750002 0.425514275 0.20252910625 0.40683644843750005 0.1968187203125 0.4014115828125 0.21456265624999998 0.42008940937499994 0.22027304218750002
0 0.40843958281250003 0.229986715625 0.41329341093750005 0.2141105625 0.3927478 0.2078291390625 0.3878939734375 0.22370529218750002 0.40843958281250003 0.229986715625
0 0.3892532 0.240970375 0.3935359875 0.2269620046875 0.3795276171875 0.222679215625 0.3752448296875 0.2366875859375 0.3892532 0.240970375
0 0.1408470609375 0.1900439890625 0.1494126375 0.1620272484375 0.1148586578125 0.1514630359375 0.10629307968749999 0.179479778125 0.1408470609375 0.1900439890625
0 0.11163766875 0.1770290484375 0.11534941875 0.1648884609375 0.0985393734375 0.1597491140625 0.0948276234375 0.1718897015625 0.11163766875 0.1770290484375
0 0.1536389640625 0.17659475 0.1562086375 0.168189728125 0.14406805 0.16447797656250002 0.1414983765625 0.172883 0.1536389640625 0.17659475
0 0.20188020468749998 0.252614578125 0.20759059062500002 0.2339367515625 0.1889127625 0.228226365625 0.183202378125 0.24690419375 0.20188020468749998 0.252614578125
0 0.1980762703125 0.273407040625 0.20492873125000002 0.2509936484375 0.184383121875 0.244712225 0.177530659375 0.2671256171875 0.1980762703125 0.273407040625
0 0.17196905468749998 0.32873863281250004 0.1791070359375 0.30539134843750004 0.15389196875 0.297682328125 0.1467539875 0.3210296125 0.17196905468749998 0.32873863281250004
0 0.12142292031249999 0.308689803125 0.1282753828125 0.2862764109375 0.10679588124999999 0.2797094671875 0.09994341875 0.3021228609375 0.12142292031249999 0.308689803125
0 0.13840555937500001 0.37004700156250003 0.1458290609375 0.3457658265625 0.1224817765625 0.3386278453125 0.11505827500000002 0.3629090203125 0.13840555937500001 0.37004700156250003
0 0.23566098124999998 0.312469790625 0.2390872125 0.3012630953125 0.22788051562499997 0.2978368640625 0.224454284375 0.309043559375 0.23566098124999998 0.312469790625
0 0.2388969546875 0.3553276453125 0.2426087046875 0.3431870578125 0.22486476875 0.3377621921875 0.22115301875 0.3499027796875 0.2388969546875 0.3553276453125
0 0.4160090515625 0.3471840625 0.42371807031250003 0.3219689953125 0.40223856874999997 0.315402053125 0.39452955 0.3406171203125 0.4160090515625 0.3471840625
0 0.4362751625 0.397801509375 0.4436986625 0.373520334375 0.4184835953125 0.365811315625 0.4110600953125 0.390092490625 0.4362751625 0.397801509375
0 0.3766190390625 0.32237653437499997 0.384328059375 0.29716146875 0.360980775 0.2900234875 0.3532717546875 0.31523855312500004 0.3766190390625 0.32237653437499997
0 0.3097744921875 0.3422768484375 0.316055915625 0.3217312390625 0.29551030625 0.31544981562499996 0.2892288828125 0.335995425 0.3097744921875 0.3422768484375
0 0.3387755671875 0.279149940625 0.3444859515625 0.26047211406250004 0.325808125 0.254761728125 0.32009774062499996 0.27343955625 0.3387755671875 0.279149940625
0 0.36216151875 0.28783151875 0.36644430625 0.2738231484375 0.350568153125 0.2689693203125 0.346285365625 0.282977690625 0.36216151875 0.28783151875
0 0.367919534375 0.2957190203125 0.37134576406250003 0.2845123234375 0.3582712859375 0.28051505468750004 0.3548450546875 0.2917217515625 0.367919534375 0.2957190203125
0 0.3544614625 0.33806831718749997 0.3693084625 0.2895059671875 0.33662226562500003 0.27951279375000004 0.3217752640625 0.32807514375 0.3544614625 0.33806831718749997
0 0.35155863906249996 0.32084190156250003 0.3541283125 0.3124368796875 0.342921615625 0.30901064843750004 0.34035194375 0.31741567187499997 0.35155863906249996 0.32084190156250003
0 0.3549848703125 0.30963520624999996 0.3569835046875 0.303097965625 0.3439090265625 0.29910069687499996 0.341910390625 0.3056379359375 0.3549848703125 0.30963520624999996
0 0.3347218359375 0.320800290625 0.337862546875 0.3105274859375 0.328523634375 0.30767229375 0.325382921875 0.31794509843749996 0.3347218359375 0.320800290625
0 0.335774671875 0.3073362 0.3383443453125 0.29893117812500003 0.3318071046875 0.29693254375 0.32923743125 0.30533756562500003 0.335774671875 0.3073362
0 0.31095818125 0.3217044796875 0.31552648906249997 0.3067622171875 0.2996503359375 0.301908390625 0.295082028125 0.316850653125 0.31095818125 0.3217044796875
0 0.9105437234375 0.8205618328125001 0.9188237812500001 0.793478984375 0.8814681265625 0.7820582140625 0.87318806875 0.8091410640625 0.9105437234375 0.8205618328125001
0 0.877429246875 0.811969496875 0.8857093046875001 0.784886646875 0.8576925640624999 0.7763210703125 0.84941250625 0.8034039203125 0.877429246875 0.811969496875
0 0.8736579578124999 0.7909034234375001 0.8785117859374999 0.7750272703125 0.8598339578124999 0.769316884375 0.8549801312499999 0.7851930375 0.8736579578124999 0.7909034234375001
0 0.8683936484375 0.7780609453125 0.875246109375 0.7556475515625001 0.8537666078124999 0.749080609375 0.8469141468749999 0.7714940015625 0.8683936484375 0.7780609453125
0 0.8528922546875 0.7820017515625 0.8594591984375001 0.76052225 0.837979696875 0.7539553078125001 0.8314127546875 0.775434809375 0.8528922546875 0.7820017515625
0 0.8532193859375001 0.76423105625 0.859786328125 0.7427515546875 0.8345712609374999 0.7350425359375 0.82800431875 0.7565220375 0.8532193859375001 0.76423105625
0 0.8322335890625 0.7527091375 0.8422267625 0.720022940625 0.8095405640625 0.7100297671875 0.799547390625 0.7427159640625 0.8322335890625 0.7527091375
0 0.8191977765624999 0.750255465625 0.8249081609375001 0.7315776375 0.8043625515624999 0.7252962140625 0.7986521671875 0.7439740421875001 0.8191977765624999 0.750255465625
0 0.804716571875 0.7825907171875001 0.818992534375 0.7358961500000001 0.7685624015625 0.7204781109375 0.7542864390624999 0.767172678125 0.804716571875 0.7825907171875001
0 0.7938192109375 0.7915132609375 0.7986730375 0.7756371078125001 0.7734579703125 0.7679280875 0.76860414375 0.783804240625 0.7938192109375 0.7915132609375
0 0.6778767343750001 0.6580324859375 0.685014715625 0.6346852015625 0.657931865625 0.62640514375 0.650793884375 0.649752428125 0.6778767343750001 0.6580324859375
0 0.6656915921875 0.6895379390625 0.675684765625 0.6568517421875 0.6467341328125 0.6480006453125 0.636740959375 0.68068684375 0.6656915921875 0.6895379390625
0 0.678299125 0.6933924499999999 0.6831529515625 0.677516296875 0.6644751249999999 0.6718059109375 0.6596212968749999 0.6876820640625 0.678299125 0.6933924499999999
0 0.7508095015625 0.6900315124999999 0.757090925 0.6694859015625 0.733743640625 0.662347921875 0.7274622171875 0.68289353125 0.7508095015625 0.6900315124999999
0 0.7630006640625 0.7019281921875 0.7672834515625 0.6879198203125 0.7504734078124999 0.682780475 0.74619061875 0.6967888453125 0.7630006640625 0.7019281921875
0 0.742285534375 0.70121145 0.7517076703125001 0.670393034375 0.7236909296875 0.6618274578125 0.71426879375 0.692645871875 0.742285534375 0.70121145
0 0.7204581640625001 0.7609150703124999 0.7238843953125 0.749708375 0.7117438078125 0.745996625 0.7083175765624999 0.7572033203124999 0.7204581640625001 0.7609150703124999
0 0.6870434484375 0.845158628125 0.693324871875 0.8246130171875 0.673713153125 0.8186171140624999 0.6674317296875001 0.8391627234374999 0.6870434484375 0.845158628125
0 0.6932476703125 0.9016887578125001 0.7020987671875 0.8727381265625 0.6750159171875 0.8644580671875 0.666164821875 0.8934087 0.6932476703125 0.9016887578125001
0 0.605779653125 0.5915687203125 0.609776921875 0.578494240625 0.5967024421875 0.574496971875 0.5927051734375001 0.58757145 0.605779653125 0.5915687203125
0 0.5923928953125001 0.593603078125 0.5995308765625 0.57025579375 0.5771174828125 0.56340333125 0.5699795015625 0.586750615625 0.5923928953125001 0.593603078125
0 0.5744556249999999 0.580460228125 0.57845289375 0.56738575 0.5672461984375 0.56395951875 0.5632489281249999 0.5770339984375 0.5744556249999999 0.580460228125
0 0.5313093078125 0.60301049375 0.53759073125 0.5824648828125001 0.5170451218750001 0.5761834593749999 0.5107636984374999 0.5967290703125 0.5313093078125 0.60301049375
0 0.544746640625 0.6091610640625 0.5510280640625 0.5886154546875 0.533284128125 0.5831905890625 0.5270027046875 0.6037361984375 0.544746640625 0.6091610640625
0 0.5287783015625 0.6129591125 0.532775571875 0.5998846328125 0.5187672 0.59560184375 0.51476993125 0.6086763234375 0.5287783015625 0.6129591125
0 0.541180725 0.6826172406250001 0.549460784375 0.655534390625 0.5242457171875 0.6478253703125 0.515965659375 0.6749082203125 0.541180725 0.6826172406250001
0 0.50791746875 0.631089715625 0.512771296875 0.6152135624999999 0.49502736093750005 0.609788696875 0.4901735328125 0.6256648499999999 0.50791746875 0.631089715625
0 0.5485418765625 0.7236727375 0.556821934375 0.6965898875 0.5316068671874999 0.68888086875 0.523326809375 0.7159637171875 0.5485418765625 0.7236727375
0 0.508771215625 0.7268313765625 0.5136250421875 0.7109552234375001 0.499616671875 0.7066724343749999 0.4947628453125 0.7225485875000001 0.508771215625 0.7268313765625
0 0.48918331249999997 0.7341181375 0.494893696875 0.715440309375 0.478083653125 0.7103009625000001 0.4723732671875 0.728978790625 0.48918331249999997 0.7341181375
0 0.5199928953125 0.7986814734375 0.5234191265625 0.7874747765625 0.5131463218750001 0.784334065625 0.509720090625 0.7955407609375 0.5199928953125 0.7986814734375
0 0.5857756421875 0.7672235171875 0.59005843125 0.753215146875 0.5713806031249999 0.7475047625 0.5670978156250001 0.7615131328125 0.5857756421875 0.7672235171875
0 0.43448818593749994 0.702589 0.43934201249999993 0.686712846875 0.41973029375 0.6807169421875 0.4148764671875 0.6965930953125 0.43448818593749994 0.702589
0 0.4328227 0.734757678125 0.43938964374999995 0.7132781765625 0.4188440328125 0.706996753125 0.41227709062500006 0.7284762546875 0.4328227 0.734757678125
0 0.76720023125 0.721593428125 0.7743382125 0.6982461437499999 0.7379164484375 0.68711089375 0.7307784671875 0.710458178125 0.76720023125 0.721593428125
0 0.3036062578125 0.4659965828125 0.311886315625 0.4389137328125 0.28667125000000004 0.43120471406250005 0.2783911921875 0.4582875640625 0.3036062578125 0.4659965828125
0 0.2907934828125 0.4477827578125 0.295076271875 0.4337743875 0.27920011875 0.428920559375 0.2749173296875 0.44292893125 0.2907934828125 0.4477827578125
0 0.2835336140625 0.503260053125 0.29010055625 0.48178055156250005 0.26862105468749997 0.4752136078125 0.2620541125 0.49669310937500005 0.2835336140625 0.503260053125
0 0.2806635703125 0.524338034375 0.2878015515625 0.5009907499999999 0.267255940625 0.4947093265625 0.260117959375 0.5180566109375 0.2806635703125 0.524338034375
0 0.29785131875 0.5198916140625001 0.303561703125 0.5012137875 0.28768555 0.496359959375 0.28197516562499997 0.5150377875000001 0.29785131875 0.5198916140625001
0 0.29535897968749997 0.5313838296875 0.30021280625 0.5155076765625 0.2862044359375 0.5112248875 0.281350609375 0.5271010406250001 0.29535897968749997 0.5313838296875
0 0.3542386890625 0.5141543375000001 0.361947709375 0.48893927187499997 0.338600425 0.481801290625 0.33089140625 0.5070163578125 0.3542386890625 0.5141543375000001
0 0.3254874109375 0.5564233578125 0.33490954687499996 0.52560494375 0.3050250234375 0.516468328125 0.29560288749999997 0.5472867421875 0.3254874109375 0.5564233578125
0 0.3107533359375 0.547833965625 0.3147506046875 0.5347594859375 0.3035439078125 0.53133325625 0.2995466390625 0.544407734375 0.3107533359375 0.547833965625
0 0.301699940625 0.54404488125 0.3059827296875 0.5300365109375 0.289172684375 0.524897165625 0.284889896875 0.5389055359375 0.301699940625 0.54404488125
0 0.32271249687500003 0.5504690640625001 0.326424246875 0.5383284765624999 0.3161514421875 0.535187765625 0.3124396921875 0.547328353125 0.32271249687500003 0.5504690640625001
0 0.33141494531250004 0.558746178125 0.3351266953125 0.546605590625 0.3220522171875 0.542608321875 0.3183404671875 0.554748909375 0.33141494531250004 0.558746178125
0 0.31971454375 0.5602749234375 0.3237118140625 0.5472004453125 0.3143729 0.544345253125 0.31037563125 0.55741973125 0.31971454375 0.5602749234375
0 0.28126444375 0.5791550484375 0.2872603484375 0.55954333125 0.26858252031249996 0.5538329453124999 0.26258661562499996 0.5734446640625 0.28126444375 0.5791550484375
0 0.297869246875 0.5699350796875 0.3027230734375 0.5540589265625 0.28497913750000003 0.5486340609375 0.28012531093750004 0.5645102140625 0.297869246875 0.5699350796875
0 0.312534953125 0.6004590125 0.320243971875 0.5752439453125 0.2931611234375 0.5669638875 0.285452103125 0.592178953125 0.312534953125 0.6004590125
0 0.2982916375 0.60529504375 0.30400202187500003 0.586617215625 0.2853241953125 0.58090683125 0.27961381093750004 0.5995846593749999 0.2982916375 0.60529504375
0 0.32291479375 0.58320878125 0.3294817375 0.5617292796875 0.30146499531250004 0.5531637015624999 0.294898053125 0.5746432031250001 0.32291479375 0.58320878125
0 0.34011739531249996 0.5670232937499999 0.344685703125 0.55208103125 0.3278756578125 0.546941684375 0.32330735 0.561883946875 0.34011739531249996 0.5670232937499999
0 0.353504153125 0.5649889359375 0.357786940625 0.550980565625 0.3437785703125 0.5466977765625 0.33949578125 0.5607061468750001 0.353504153125 0.5649889359375
0 0.34803165625 0.5561675421875 0.3528854828125 0.5402913890625001 0.3398110046875 0.53629411875 0.3349571765625 0.552170271875 0.34803165625 0.5561675421875
0 0.3567341046875 0.56444465625 0.3635865671875 0.5420312640625 0.341173175 0.5351788015625 0.3343207125 0.55759219375 0.3567341046875 0.56444465625
0 0.4054302515625 0.553802978125 0.4108551171875 0.5360590421875 0.3949789640625 0.531205215625 0.3895540984375 0.5489491515625 0.4054302515625 0.553802978125
0 0.41637524375 0.5714457656249999 0.4223711484375 0.551834046875 0.39995775624999996 0.544981584375 0.39396185156249997 0.564593303125 0.41637524375 0.5714457656249999
0 0.394815465625 0.5801720296874999 0.4062362359375 0.542816375 0.37821949374999997 0.5342507984375 0.366798725 0.571606453125 0.394815465625 0.5801720296874999
0 0.376051340625 0.54635271875 0.38347484062500004 0.52207154375 0.36292923125 0.5157901203125 0.35550573124999996 0.5400712953125 0.376051340625 0.54635271875
0 0.40724464843749997 0.644732421875 0.4158102265625 0.61671568125 0.3924629421875 0.6095777 0.38389736406249997 0.637594440625 0.40724464843749997 0.644732421875
0 0.3568115703125 0.6476947828124999 0.36452059062500003 0.6224797171875001 0.33650385 0.6139141390625 0.32879482968749996 0.63912920625 0.3568115703125 0.6476947828124999
0 0.3459499328125 0.6765413234375 0.3502327203125 0.6625329515625 0.33622435 0.6582501640625 0.3319415625 0.6722585343749999 0.3459499328125 0.6765413234375
0 0.3770924015625 0.6064102296875 0.3825172671875 0.58866629375 0.36570722187500004 0.583526946875 0.36028235625 0.6012708828125 0.3770924015625 0.6064102296875
0 0.396897453125 0.6201241171875 0.403749915625 0.5977107234375 0.3785348484375 0.5900017046875 0.37168238750000004 0.6124150968750001 0.396897453125 0.6201241171875
0 0.3779936453125 0.6485542843750001 0.3828474734375 0.6326781312499999 0.3651035375 0.6272532656250001 0.360249709375 0.64312941875 0.3779936453125 0.6485542843750001
0 0.3699544203125 0.6297575140625 0.3753792859375 0.612013578125 0.361370915625 0.6077307890625 0.35594605 0.625474725 0.3699544203125 0.6297575140625
0 0.377788403125 0.6341949687499999 0.3817856734375 0.621120490625 0.3696450859375 0.617408740625 0.365647815625 0.63048321875 0.377788403125 0.6341949687499999
0 0.34360022031250004 0.607403659375 0.3470264515625 0.5961969625 0.33301808125 0.5919141734375 0.32959185 0.6031208703125001 0.34360022031250004 0.607403659375
0 0.3355074765625 0.5988023578125 0.340075784375 0.583860096875 0.3260674140625 0.5795773078125 0.32149910625 0.5945195703125 0.3355074765625 0.5988023578125
0 0.321808440625 0.60686834375 0.329231940625 0.5825871671875 0.309620221875 0.5765912640625 0.302196721875 0.6008724390625 0.321808440625 0.60686834375
0 0.31094974531249997 0.6173344828125 0.31580357187499997 0.6014583296875 0.29992741875 0.5966045015625 0.29507359218749996 0.6124806546875 0.31094974531249997 0.6173344828125
0 0.373734540625 0.5956823859375 0.381158040625 0.5714012109375 0.35407519062500004 0.563121153125 0.346651690625 0.587402328125 0.373734540625 0.5956823859375
0 0.41898064062499996 0.582964740625 0.422977909375 0.5698902609375 0.4089695390625 0.565607471875 0.4049722703125 0.5786819515625 0.41898064062499996 0.582964740625
0 0.27646119062499996 0.6032161312500001 0.2816005375 0.5864060875 0.265724384375 0.581552259375 0.2605850375 0.5983623046875 0.27646119062499996 0.6032161312500001
0 0.3636728640625 0.5701401890625 0.3685266921875 0.5542640359375001 0.35545221250000003 0.5502667671875 0.35059838593750003 0.5661429203125 0.3636728640625 0.5701401890625
0 0.3242563578125 0.7107562656249999 0.3319653765625 0.6855411984375 0.3039486359375 0.676975621875 0.2962396171875 0.7021906890625 0.3242563578125 0.7107562656249999
0 0.2679785703125 0.43723339687499996 0.271975840625 0.42415891875 0.26170303437500003 0.42101820625 0.257705765625 0.4340926859375 0.2679785703125 0.43723339687499996
0 0.23545613593749998 0.5385992765625 0.24316515625 0.5133842093750001 0.2207517625 0.5065317484375 0.21304274374999999 0.531746815625 0.23545613593749998 0.5385992765625
0 0.2203978734375 0.5294001796875001 0.22525170156250002 0.5135240265625 0.21124333125 0.5092412375 0.20638950312499998 0.525117390625 0.2203978734375 0.5294001796875001
0 0.21494919375000002 0.5338614500000001 0.2189464625 0.520786971875 0.20026863437500003 0.5150765859375 0.196271365625 0.528151065625 0.21494919375000002 0.5338614500000001
0 0.13824219375 0.49917675 0.1445236171875 0.478631140625 0.12397800625 0.47234971718749996 0.11769658281249999 0.4928953265625 0.13824219375 0.49917675
0 0.1008211125 0.49131011874999997 0.103961825 0.4810373140625 0.092755128125 0.4776110828125 0.089614415625 0.4878838890625 0.1008211125 0.49131011874999997
0 0.118862475 0.5024424265625 0.12714253281250001 0.47535957656249994 0.1150019453125 0.4716478265625 0.1067218875 0.498730675 0.118862475 0.5024424265625
0 0.112262753125 0.48561752968749994 0.115688984375 0.47441083281249996 0.10541617968749999 0.47127012187500006 0.1019899484375 0.48247681875000004 0.112262753125 0.48561752968749994
0 0.146361696875 0.5026803140625 0.1509300046875 0.487738053125 0.1397233078125 0.484311821875 0.135155 0.49925408281249994 0.146361696875 0.5026803140625
0 0.0868424453125 0.46354919531250005 0.091125234375 0.44954082343749996 0.0799185375 0.44611459375000007 0.07563574843750001 0.46012296406250003 0.0868424453125 0.46354919531250005
0 0.11431811562500001 0.6108302859375 0.118600903125 0.596821915625 0.1045925328125 0.5925391265625 0.10030974374999999 0.606547496875 0.11431811562500001 0.6108302859375
0 0.07375632343750001 0.6132364609375001 0.076611515625 0.6038975468750001 0.0663387109375 0.6007568359375 0.0634835171875 0.6100957484375 0.07375632343750001 0.6132364609375001
0 0.364130978125 0.62542415 0.37269655625000003 0.5974074093749999 0.3437459234375 0.5885563125 0.335180346875 0.616573053125 0.364130978125 0.62542415
0 0.129099821875 0.6459850078125 0.13252605312500002 0.6347783125 0.12131935625000001 0.63135208125 0.117893125 0.6425587765625 0.129099821875 0.6459850078125
0 0.11811321875 0.645179025 0.1221104875 0.6321045453125 0.10903600937499999 0.6281072765625 0.10503873906250001 0.64118175625 0.11811321875 0.645179025
0 0.021785404687500003 0.49931375468750006 0.025211634375000003 0.48810705781249997 0.0140049390625 0.48468082656249994 0.010578707812500001 0.49588752343750003 0.021785404687500003 0.49931375468750006
0 0.030883353125000002 0.46788563437499997 0.034309584375 0.4566789375 0.0231028875 0.45325270624999997 0.01967665625 0.46445940312499995 0.030883353125000002 0.46788563437499997
0 0.0376912609375 0.4806894453125 0.04225956875 0.4657471828125 0.0245156328125 0.46032231718750005 0.019947325 0.4752645796875 0.0376912609375 0.4806894453125
0 0.036314239062499996 0.49354383124999995 0.0405970265625 0.4795354609375 0.020985309375 0.47353955625 0.0167025203125 0.48754792656249996 0.036314239062499996 0.49354383124999995
0 0.17934237656250002 0.5367613296875 0.1864803578125 0.5134140453125 0.168736421875 0.5079891796875 0.161598440625 0.5313364640625 0.17934237656250002 0.5367613296875
0 0.21188287031250003 0.5656018484375 0.21445254375 0.5571968265625 0.201378065625 0.5531995578125 0.1988083921875 0.5616045796875 0.21188287031250003 0.5656018484375
0 0.203799090625 0.58202228125 0.20722532187499998 0.570815584375 0.1969525171875 0.5676748734375 0.19352628593750001 0.5788815703125 0.203799090625 0.58202228125
0 0.1929939140625 0.5822929484375 0.1967056640625 0.5701523609375 0.186432859375 0.56701165 0.182721109375 0.5791522375 0.1929939140625 0.5822929484375
0 0.20382585 0.5769245453125 0.2086796765625 0.5610483921875 0.19467130625 0.556765603125 0.1898174796875 0.5726417578125 0.20382585 0.5769245453125
0 0.14161209375 0.596708859375 0.145038325 0.5855021625 0.133831628125 0.58207593125 0.130405396875 0.593282628125 0.14161209375 0.596708859375
0 0.1525600296875 0.5959712453125 0.1596980109375 0.5726239609375 0.1326151625 0.5643439031249999 0.12547718125000001 0.5876911875 0.1525600296875 0.5959712453125
0 0.13892334374999998 0.5387005578124999 0.14206405625000001 0.528427753125 0.13365903437499999 0.5258580796875 0.130518321875 0.536130884375 0.13892334374999998 0.5387005578124999
0 0.15181639687499998 0.5416211765625001 0.1560991859375 0.52761280625 0.1411569234375 0.5230444984375 0.136874134375 0.53705286875 0.15181639687499998 0.5416211765625001
0 0.1574822265625 0.558160553125 0.16347813125 0.538548834375 0.14199862968750002 0.5319818921875 0.1360027265625 0.5515936109374999 0.1574822265625 0.558160553125
0 0.16697580781250002 0.5671901328125 0.171544115625 0.5522478703125 0.154734071875 0.5471085234374999 0.15016576406249998 0.5620507859375 0.16697580781250002 0.5671901328125
0 0.15099556249999999 0.564346846875 0.1547073125 0.552206259375 0.143500615625 0.548780028125 0.13978886562499998 0.5609206171875 0.15099556249999999 0.564346846875
0 0.1533154390625 0.5767997140625 0.157883746875 0.5618574515625 0.141073703125 0.5567181046874999 0.13650539374999998 0.5716603671875 0.1533154390625 0.5767997140625
0 0.19410026875 0.5586333859375 0.1975265 0.5474266906249999 0.18165034687499998 0.5425728624999999 0.178224115625 0.553779559375 0.19410026875 0.5586333859375
0 0.1778464109375 0.563365325 0.1827002375 0.547489171875 0.16682408437500001 0.5426353453125 0.16197025781250002 0.5585114984375 0.1778464109375 0.563365325
0 0.1769541296875 0.5462430031250001 0.1806658796875 0.5341024156249999 0.16665750937499998 0.5298196265625 0.162945759375 0.5419602140625 0.1769541296875 0.5462430031250001
0 0.3588071296875 0.5793750109375 0.365088553125 0.5588294 0.3482785078125 0.5536900546875 0.3419970859375 0.5742356640625 0.3588071296875 0.5793750109375
0 0.244952925 0.6895743234375 0.2495212328125 0.6746320609375 0.23177729687499998 0.6692071953125 0.22720898906250003 0.6841494578125 0.244952925 0.6895743234375
0 0.22365779375 0.66570363125 0.229082659375 0.6479596953125 0.209470940625 0.641963790625 0.204046075 0.6597077265625 0.22365779375 0.66570363125
0 0.2186612078125 0.6820467296875 0.22437159218749997 0.6633689031250001 0.20382598281250003 0.6570874796874999 0.198115596875 0.67576530625 0.2186612078125 0.6820467296875
0 0.22933553281250002 0.688884340625 0.23561695624999998 0.66833873125 0.21880691093750002 0.663199384375 0.2125254875 0.68374499375 0.22933553281250002 0.688884340625
0 0.217724371875 0.7001416109374999 0.2225782 0.6842654578125 0.20856982968749999 0.67998266875 0.2037160015625 0.6958588234375 0.217724371875 0.7001416109374999
0 0.23431432343749997 0.702660709375 0.23916814999999997 0.68678455625 0.223291996875 0.6819307296875 0.2184381703125 0.6978068828125 0.23431432343749997 0.702660709375
0 0.031843871875 0.3829104828125 0.035555621875 0.3707698953125 0.023415034374999998 0.36705814531250003 0.019703284374999998 0.3791987328125 0.031843871875 0.3829104828125
0 0.021583239062500002 0.5467369718749999 0.02443843125 0.5373980578124999 0.017901190625 0.5353994234375 0.0150459984375 0.5447383375 0.021583239062500002 0.5467369718749999
0 0.0592749875 0.5654087796875 0.061273621874999996 0.5588715390625 0.0519347078125 0.556016346875 0.0499360734375 0.5625535859374999 0.0592749875 0.5654087796875
0 0.8138208062500001 0.9548905984375 0.8203877484375001 0.933411096875 0.8026438125 0.92798623125 0.7960768703125 0.9494657328124999 0.8138208062500001 0.9548905984375
0 0.8536865953125 0.924699684375 0.858540421875 0.90882353125 0.8426642687499999 0.903969703125 0.8378104421874999 0.91984585625 0.8536865953125 0.924699684375
0 0.82494428125 0.9919904374999999 0.8326532999999999 0.9667753703124999 0.8055704499999999 0.9584953125 0.7978614312500001 0.9837103781250001 0.82494428125 0.9919904374999999
0 0.8480250953124999 1 0.852003315625 0.9869878296874999 0.8202510078125 0.9772801765624999 0.8133048609375001 1 0.8480250953124999 1
0 0.8652889234375 0.9685836140624999 0.87356898125 0.941500765625 0.8483539140625 0.9337917453125 0.8400738562500001 0.9608745953125 0.8652889234375 0.9685836140624999
0 0.8764479890624999 0.945444515625 0.8857869031250001 0.9482997078125001 0.89178280625 0.9286879890625 0.88244389375 0.9258327968750001 0.8764479890624999 0.945444515625
0 0.8635638999999999 0.9675456296875 0.8785061625000001 0.9721139375 0.8862151812500001 0.946898871875 0.8712729203125 0.9423305640624999 0.8635638999999999 0.9675456296875
0 0.8632100109374999 0.9904140609375001 0.8703479921874999 0.9670667765625 0.8507362734375 0.9610708734375001 0.8435982921875 0.98441815625 0.8632100109374999 0.9904140609375001
0 0.8611608015625001 0.9887663718749999 0.8723674984375 0.9921926031250001 0.8780778828125 0.9735147749999999 0.8668711874999999 0.97008854375 0.8611608015625001 0.9887663718749999
0 0.7737913859375001 0.95388539375 0.780643846875 0.931472 0.763833803125 0.9263326546874999 0.756981340625 0.948746046875 0.7737913859375001 0.95388539375
0 0.76218316875 0.9467622640625001 0.7667514765625 0.9318200015625001 0.7471397578125 0.9258240984375 0.74257145 0.940766359375 0.76218316875 0.9467622640625001
0 0.769966578125 0.9430147906249999 0.7765335203125 0.9215352890625 0.7550540203125 0.9149683468750001 0.7484870765625 0.9364478484375001 0.769966578125 0.9430147906249999
0 0.7670816828125 0.975831840625 0.7727920671875 0.9571540125 0.750378675 0.9503015515625 0.7446682906250001 0.968979378125 0.7670816828125 0.975831840625
0 0.7599972203124999 0.9889836531249999 0.7648510468749999 0.9731075 0.7443054375 0.9668260765625 0.7394516109375 0.9827022296875001 0.7599972203124999 0.9889836531249999
0 0.7261986484375 0.959247909375 0.7299103984374999 0.947107321875 0.7140342453125 0.94225349375 0.7103224953125 0.95439408125 0.7261986484375 0.959247909375
0 0.731037625 0.9551108234375001 0.7364624890625 0.9373668875 0.7196524453124999 0.9322275421875 0.7142275796875001 0.949971478125 0.731037625 0.9551108234375001
0 0.750351915625 0.9553992875 0.7546347046874999 0.9413909171875 0.740626334375 0.937108128125 0.7363435453125 0.9511164984375 0.750351915625 0.9553992875
0 0.756629184375 1 0.7601399796874999 0.9885167078125001 0.7367926953125 0.9813787265625 0.7310996000000001 1 0.756629184375 1
0 0.7265042765625 1 0.73030603125 0.9875650203124999 0.698553725 0.977857365625 0.6917840421875 1 0.7265042765625 1
0 0.7017688265625 0.9890521546875 0.7057660953125 0.9759776765625 0.6945593984375 0.9725514453124999 0.6905621296875 0.9856259234375001 0.7017688265625 0.9890521546875
0 0.7141056921875 0.9821014874999999 0.71895951875 0.966225334375 0.7058850390625 0.962228065625 0.7010312125 0.9781042187500001 0.7141056921875 0.9821014874999999
0 0.7252082953125 0.9875382609375001 0.7292055640624999 0.9744637828125 0.714263303125 0.9698954750000001 0.7102660328125 0.982969953125 0.7252082953125 0.9875382609375001
0 0.729996696875 0.9752162468750001 0.7348505234375 0.9593400937500001 0.7171065875 0.9539152281250001 0.7122527609375 0.96979138125 0.729996696875 0.9752162468750001
0 0.7406442609375 0.98715159375 0.7509229546875 0.9535315046875 0.724773996875 0.9455369656249999 0.714495303125 0.9791570546875 0.7406442609375 0.98715159375
0 0.6744658828125 0.97815185 0.6784631531249999 0.9650773703125 0.659785325 0.9593669859375 0.65578805625 0.9724414640625 0.6744658828125 0.97815185
0 0.64838375 1 0.6522963984375 0.9872023000000001 0.6382880281250001 0.9829195109375 0.634290759375 0.9959939906249999 0.647393825 1 0.64838375 1
0 0.5987164578125 0.8768723984375001 0.6058544390625 0.853525115625 0.5825071546875 0.846387134375 0.5753691734374999 0.86973441875 0.5987164578125 0.8768723984375001
0 0.559335409375 0.8770866046875 0.566473390625 0.8537393203124999 0.544059996875 0.8468868593750001 0.5369220171875 0.8702341421875 0.559335409375 0.8770866046875
0 0.5704768125 0.9642299078125 0.5753306390625 0.9483537546875 0.56132226875 0.9440709671875 0.556468440625 0.9599471203125001 0.5704768125 0.9642299078125
0 0.5625357906249999 0.9801833953125 0.565962021875 0.9689766984375 0.55288754375 0.9649794296875 0.5494613125 0.9761861265625 0.5625357906249999 0.9801833953125
0 0.5536667671875 0.9590905624999999 0.55852059375 0.9432144093750001 0.542644440625 0.9383605812500001 0.5377906140625 0.954236734375 0.5536667671875 0.9590905624999999
0 0.4788673125 1 0.48385102812499997 0.983699 0.4614376359375 0.9768465375 0.45435891093749997 1 0.4788673125 1
0 0.4758037625 1 0.47733760312499995 0.9949830296875 0.465197015625 0.9912712796875001 0.46252837968750005 1 0.4758037625 1
0 0.4391342234375 0.9312227328124999 0.4431314921875 0.9181482531249999 0.431924796875 0.9147220234375 0.42792752656250005 0.9277965015625 0.4391342234375 0.9312227328124999
0 0.43492876875 0.948318296875 0.43892603750000003 0.9352438171875 0.4249176671875 0.9309610296875 0.42092039843749995 0.9440355078125 0.43492876875 0.948318296875
0 0.4491661953125 0.980243065625 0.457446253125 0.9531602156250001 0.42942951249999994 0.9445946390625 0.4211494546875 0.9716774890625001 0.4491661953125 0.980243065625
0 0.4604650765625 0.9750174218750001 0.464747865625 0.9610090515625 0.452607278125 0.9572973015624999 0.44832448906250005 0.9713056718749999 0.4604650765625 0.9750174218750001
0 0.455019340625 0.9610982921875 0.4595876484375 0.9461560312499999 0.445579278125 0.9418732421874999 0.44101097031250003 0.9568155046875001 0.455019340625 0.9610982921875
0 0.4069595265625 0.886155115625 0.41409750624999997 0.8628078312499999 0.3907502234375 0.85566985 0.3836122421875 0.879017134375 0.4069595265625 0.886155115625
0 0.39765031562500003 0.8598217859374999 0.4007910265625 0.8495489812500001 0.38865043906249996 0.84583723125 0.385509728125 0.8561100359375 0.39765031562500003 0.8598217859374999
0 0.364544803125 0.8762511828124999 0.3679710328125 0.8650444859374999 0.35769822812499996 0.861903775 0.354271996875 0.8731104703125 0.364544803125 0.8762511828124999
0 0.3704098546875 0.8637477421875 0.373550565625 0.8534749375 0.36421165312500003 0.8506197453125001 0.361070940625 0.86089255 0.3704098546875 0.8637477421875
0 0.37672405625 0.8815065296875 0.3810068453125 0.867498159375 0.3679323671875 0.8635008890625 0.363649578125 0.8775092593749999 0.37672405625 0.8815065296875
0 0.38762141875 0.8725839875 0.3924752453125 0.856707834375 0.374731309375 0.85128296875 0.3698774828125 0.8671591218750001 0.38762141875 0.8725839875
0 0.33962408593750004 0.8124670703125 0.3444779140625 0.7965909171875001 0.3286017609375 0.7917370906250001 0.3237479328125 0.80761324375 0.33962408593750004 0.8124670703125
0 0.2375208578125 0.9293225671875 0.241803646875 0.915314196875 0.22686138437499997 0.9107458890625001 0.2225785953125 0.924754259375 0.2375208578125 0.9293225671875
0 0.32035729375 0.758581003125 0.3252111203125 0.74270485 0.302797728125 0.7358523875 0.29794390000000004 0.751728540625 0.32035729375 0.758581003125
0 0.29013373124999997 0.76057375 0.29555859687499997 0.7428298140625 0.27781466093749996 0.7374049484375 0.27238979531249996 0.7551488843749999 0.29013373124999997 0.76057375
0 0.2957103203125 0.7673846015625 0.3011351859375 0.749640665625 0.28712681562500003 0.7453578765625 0.28170195 0.7631018125 0.2957103203125 0.7673846015625
0 0.299877109375 0.748745440625 0.3041598984375 0.7347370703125 0.2882837453125 0.72988324375 0.28400095625 0.7438916140625 0.299877109375 0.748745440625
0 0.325960640625 0.76029411875 0.3302434296875 0.7462857484375001 0.31436727656249996 0.7414319203125 0.3100844875 0.7554402921875 0.325960640625 0.76029411875
0 0.2804171140625 0.7673043234375 0.2866985375 0.7467587140624999 0.268020709375 0.741048328125 0.2617392859375 0.7615939390625 0.2804171140625 0.7673043234375
0 0.2538398765625 0.760710621875 0.2595502625 0.7420327953125 0.23713686875 0.7351803328125001 0.23142648437500002 0.753858159375 0.2538398765625 0.760710621875
0 0.25843802031249996 0.8024531578125 0.26329184687499996 0.7865770046875 0.25208515 0.7831507734375001 0.2472313234375 0.7990269265625 0.25843802031249996 0.8024531578125
0 0.2501757578125 0.7994165390625 0.255029584375 0.7835403859375 0.24102121406250002 0.779257596875 0.23616738750000002 0.79513375 0.2501757578125 0.7994165390625
0 0.2533730640625 0.8407307968750001 0.2559427359375 0.8323257734375 0.24286825781250002 0.8283285046875 0.24029858437499999 0.8367335265625 0.2533730640625 0.8407307968750001
0 0 0.6734027421875 0.013273609375 0.677460890625 0.016985359375000002 0.665320303125 0.00110920625 0.6604664765625 0 0.6640945265625 0 0.6734027421875
0 0 0.686167534375 0.0078368359375 0.6885634953124999 0.01183410625 0.675489015625 0 0.6718709671875 0 0.686167534375
0 0.0419835421875 0.8123545421875 0.045409771875 0.801147846875 0.0314014015625 0.7968650578124999 0.0279751703125 0.8080717546875 0.0419835421875 0.8123545421875
0 0.016429437499999998 0.8157748859374999 0.020141187499999998 0.8036342984375 0.005198925 0.799065990625 0.0014871749999999999 0.811206578125 0.016429437499999998 0.8157748859374999
0 0 0.835260303125 0.003973626562500001 0.8364751625 0.00682881875 0.82713625 0 0.8250484703125001 0 0.835260303125
0 0 0.8296437953125 0.004143145312500001 0.8309104812499999 0.008711453125000001 0.8159682203124999 0 0.8133048609375001 0 0.8296437953125
0 0 0.8699805375 0.0124768546875 0.8737950953125001 0.0144754890625 0.8672578546875 0 0.8628322531249999 0 0.8699805375
0 0.10513105625000001 0.7126928140625 0.1108414421875 0.6940149875 0.09309750624999999 0.688590121875 0.0873871203125 0.7072679484375 0.10513105625000001 0.7126928140625
0 0.1016989375 0.7606603125 0.1085514 0.73824691875 0.0861380078125 0.7313944578125 0.07928554531250001 0.7538078500000001 0.1016989375 0.7606603125
0 0.10197857031249999 0.796487221875 0.10883103125 0.7740738281249999 0.08454985625 0.766650328125 0.07769739375 0.7890637203125 0.10197857031249999 0.796487221875
0 0.0798090859375 0.805537671875 0.0838063546875 0.7924631921875 0.069797984375 0.7881804046875 0.06580071562499999 0.8012548828125 0.0798090859375 0.805537671875
0 0.10596393125 0.776771409375 0.111674315625 0.7580935828124999 0.09299648906249999 0.752383196875 0.0872861046875 0.7710610250000001 0.10596393125 0.776771409375
0 0.12128095312500001 0.7901343515625 0.1272768578125 0.7705226328125 0.1067312484375 0.764241209375 0.10073534375 0.783852928125 0.12128095312500001 0.7901343515625
0 0.11604045781250001 0.7905745390625001 0.119752209375 0.7784339499999999 0.1066777296875 0.77443668125 0.10296597968750001 0.78657726875 0.11604045781250001 0.7905745390625001
0 0.139135003125 0.8369508078125 0.1479860984375 0.8080001765624999 0.117167684375 0.798578040625 0.10831658749999999 0.8275286734374999 0.139135003125 0.8369508078125
0 0.145657390625 0.8506885109375 0.1487981015625 0.84041570625 0.13759140625 0.836989475 0.13445069375000002 0.8472622796874999 0.145657390625 0.8506885109375
0 0.1375615703125 0.7803046765625 0.1427009171875 0.7634946328125001 0.1268247640625 0.7586408062500001 0.12168541718749999 0.77545085 0.1375615703125 0.7803046765625
0 0.1266433375 0.7575641546874999 0.1309261265625 0.743555784375 0.1197194296875 0.740129553125 0.115436640625 0.7541379234375001 0.1266433375 0.7575641546874999
0 0.1441017546875 0.7639229109375 0.1503831765625 0.7433773015625 0.13170535 0.7376669171875 0.1254239265625 0.7582125265624999 0.1441017546875 0.7639229109375
0 0.1611318921875 0.77168250625 0.16655675781249998 0.7539385703125 0.1478789296875 0.748228184375 0.1424540640625 0.7659721203125 0.1611318921875 0.77168250625
0 0.1472246703125 0.783769575 0.15150745937500001 0.7697612046875 0.1374990890625 0.765478415625 0.1332163 0.7794867859375 0.1472246703125 0.783769575
0 0.1511535703125 0.7926296359375 0.1551508390625 0.77955515625 0.14114246875 0.7752723671874999 0.1371452 0.788346846875 0.1511535703125 0.7926296359375
0 0.183542340625 0.7969153671875 0.19267895625 0.76703084375 0.164662215625 0.7584652671875001 0.15552559999999999 0.788349790625 0.183542340625 0.7969153671875
0 0.1992400109375 0.78231214375 0.20495039531249998 0.763634315625 0.185338678125 0.7576384125 0.1796282921875 0.7763162390625 0.1992400109375 0.78231214375
0 0.147129540625 0.81080185 0.1516978484375 0.7958595890625 0.1367555875 0.7912912796875 0.1321872796875 0.8062335421875 0.147129540625 0.81080185
0 0.1587377578125 0.8179249796875 0.16187846875 0.807652175 0.150671771875 0.80422594375 0.14753106093749999 0.8144987484374999 0.1587377578125 0.8179249796875
0 0.1822039859375 0.81131335 0.1876288515625 0.7935694140625 0.1689510234375 0.7878590296875 0.1635261578125 0.8056029656250001 0.1822039859375 0.81131335
0 0.1790365140625 0.8266838906249999 0.1838903421875 0.8108077375 0.16708029687499998 0.8056683921875001 0.16222647031249998 0.8215445453125 0.1790365140625 0.8266838906249999
0 0.1929913671875 0.8411621515625001 0.197559675 0.8262198890624999 0.1770140640625 0.8199384656250001 0.17244575625 0.834880728125 0.1929913671875 0.8411621515625001
0 0.195120853125 0.8275166328125 0.198261565625 0.8172438281250001 0.1879887609375 0.8141031171875 0.1848480484375 0.824375921875 0.195120853125 0.8275166328125
0 0.2063156421875 0.82430153125 0.212311546875 0.8046898140625001 0.1908320453125 0.7981228703125 0.184836140625 0.8177345890625001 0.2063156421875 0.82430153125
0 0.199727828125 0.81411796875 0.203154059375 0.802911271875 0.191013471875 0.799199521875 0.187587240625 0.8104062187500001 0.199727828125 0.81411796875
0 0.225579359375 0.8164050656249999 0.229291109375 0.8042644781250001 0.2152827390625 0.7999816890625 0.2115709890625 0.8121222781249999 0.225579359375 0.8164050656249999
0 0.22914835 0.8047314234374999 0.23257458125000002 0.793524728125 0.21763231875 0.7889564203125 0.2142060890625 0.800163115625 0.22914835 0.8047314234374999
0 0.2222750171875 0.7954817515625 0.225415728125 0.785208946875 0.21234125 0.7812116765625 0.20920053749999998 0.7914844828125001 0.2222750171875 0.7954817515625
0 0.2147712390625 0.835056134375 0.2173409125 0.8266511124999999 0.21173756406250002 0.824937996875 0.209167890625 0.8333430187499999 0.2147712390625 0.835056134375
0 0.213322771875 0.8080625265625001 0.217320040625 0.794988046875 0.1995761046875 0.7895631812499999 0.1955788359375 0.8026376609374999 0.213322771875 0.8080625265625001