0 0.5400359734375 0.12728751875 0.551234971875 0.0981131296875 0.5138552875 0.0837644125 0.5026562890624999 0.1129388015625 0.5400359734375 0.12728751875
0 0.3452942421875 0.33757908125 0.360342896875 0.298375996875 0.3320802078125 0.2875269671875 0.3170315546875 0.3267300515625 0.3452942421875 0.33757908125
0 0.37629104999999996 0.1873414359375 0.3892398921875 0.1536085484375 0.35368360625 0.13995976875 0.340734765625 0.17369265625000002 0.37629104999999996 0.1873414359375
0 0.40884588749999995 0.1679338453125 0.4228446359375 0.131465859375 0.38455325 0.116767175 0.370554503125 0.153235159375 0.40884588749999995 0.1679338453125
0 0.6244649875 0.3610594875 0.63461408125 0.334620196875 0.608174790625 0.3244711046875 0.5980256984375 0.35091039375 0.6244649875 0.3610594875
0 0.6264076265625 0.383249015625 0.6341069375 0.363191625 0.6058442484375 0.3523425953125 0.5981449375000001 0.3723999859375 0.6264076265625 0.383249015625
0 0.6418229015625 0.422116646875 0.6684205234375 0.352827475 0.6046015484375 0.328329665625 0.5780039265625 0.3976188375 0.6418229015625 0.422116646875
0 0.5041125328125 0.6773133796875 0.5237107796875 0.6262582 0.45715670625 0.600710484375 0.43755845937500004 0.6517656640625 0.5041125328125 0.6773133796875
0 0.47086336875 0.6535668 0.4813624296875 0.6262158109375 0.45948163906249995 0.6178165625 0.44898257812500003 0.6451675515625 0.47086336875 0.6535668
0 0.4994069234375 0.6650466640625 0.511305859375 0.6340488765625001 0.49124846718750004 0.626349565625 0.47934953125 0.657347353125 0.4994069234375 0.6650466640625
0 0.41480488437499996 0.7560037078125 0.42215422656249996 0.736858015625 0.40300853437499995 0.7295086734375 0.3956591921875 0.748654365625 0.41480488437499996 0.7560037078125
0 0.44344096093749996 0.7481673484375 0.4532400859375 0.7226397578125 0.423153996875 0.7110907906249999 0.4133548734375 0.73661838125 0.44344096093749996 0.7481673484375
0 0.7197341265625 0.552966828125 0.7305831578124999 0.5247041390625 0.6986736703124999 0.512455234375 0.6878246406249999 0.5407179234374999 0.7197341265625 0.552966828125
0 0.6878033578125 0.6688496578125 0.7007521984375 0.6351167703125 0.6724895109375 0.624267740625 0.65954066875 0.658000628125 0.6878033578125 0.6688496578125
0 0.568206584375 0.9613347078125001 0.575555928125 0.9421890156250001 0.5472932390625 0.9313399859375 0.539943896875 0.950485678125 0.568206584375 0.9613347078125001
0 0.7694293265625001 0.8513357156250001 0.7799283875 0.8239847265625 0.757135896875 0.815235509375 0.7466368359375 0.8425864984375 0.7694293265625001 0.8513357156250001
0 0.8844896859375 0.8050207875 0.898488434375 0.7685528015624999 0.8556385515624999 0.7521042734375001 0.8416398031250001 0.7885722578125 0.8844896859375 0.8050207875
0 0.9008166609374999 0.8442383859374999 0.9190150328125 0.79683000625 0.8798119484375 0.7817813515625 0.8616135765624999 0.8291897328125 0.9008166609374999 0.8442383859374999
0 0.822261065625 0.90718128125 0.8362598125 0.8707132968750001 0.7952333296874999 0.8549647046875 0.78123458125 0.8914326906250001 0.822261065625 0.90718128125
0 0.8365223015625001 1 0.777539784375 0.9773587328125 0.7688486171875 1 0.8365223015625001 1
0 0.836128196875 0.9909573765624999 0.8546765374999999 0.942637296875 0.8200319515625001 0.9293384859374999 0.8014836109375001 0.9776585671875001 0.836128196875 0.9909573765624999
0 0.8431376328125 0.9345467859375001 0.85433663125 0.9053723984375001 0.81057505 0.8885738999999999 0.7993760515624999 0.9177482890625001 0.8431376328125 0.9345467859375001
0 0.43840746875000003 0.9847322984375 0.44645674843750005 0.96376320625 0.41728235937499997 0.9525642078125 0.4092330796875 0.9735333 0.43840746875000003 0.9847322984375
0 0.32338735937499996 0.8783408328125001 0.3349363265625 0.8482547453124999 0.3048502390625 0.836705778125 0.293301271875 0.866791865625 0.32338735937499996 0.8783408328125001
0 0.1786957828125 0.7511451984375 0.19409440625000002 0.7110304140625 0.155803021875 0.6963317296875 0.14040439843750002 0.7364465140625 0.1786957828125 0.7511451984375
0 0.127958246875 0.734807003125 0.14965630624999998 0.6782816265625 0.08766073125 0.6544837546875 0.065962671875 0.71100913125 0.127958246875 0.734807003125
0 0.100874765625 0.7045358687500001 0.1173232953125 0.6616859859375 0.09088400625000001 0.65153689375 0.0744354765625 0.6943867765625 0.100874765625 0.7045358687500001
0 0.2445512546875 0.5128226578125 0.2753485 0.4325930890625 0.1486222515625 0.38394744062499997 0.11782500625 0.4641770078125 0.2445512546875 0.5128226578125
0 0.2550056125 0.6313770937500001 0.2861528265625 0.550235825 0.1785722703125 0.50893951875 0.14742505625 0.5900807859375 0.2550056125 0.6313770937500001
0 0.21154056875 0.5320552625 0.22203962968750002 0.5047042734375 0.18010144687500002 0.4886057140625 0.16960238593750002 0.515956703125 0.21154056875 0.5320552625
0 0.19985571093750001 0.46166934375 0.208954896875 0.43796515312500006 0.1797805078125 0.4267661546875 0.170681321875 0.45047034531249996 0.19985571093750001 0.46166934375
0 0.24795067187500003 0.45764140937500003 0.2577497953125 0.43211381875 0.2322222046875 0.4223146953125 0.22242308125000002 0.4478422859375 0.24795067187500003 0.45764140937500003
0 0.2097940203125 0.59519326875 0.22029308125 0.5678422796875 0.1938537921875 0.5576931859375 0.18335473124999999 0.5850441749999999 0.2097940203125 0.59519326875
0 0.1775390171875 0.5906570328125 0.189437953125 0.5596592453125 0.156616765625 0.547060371875 0.1447178296875 0.578058159375 0.1775390171875 0.5906570328125
0 0.25952403749999997 0.5719182125 0.2749226609375 0.531803428125 0.25395356874999997 0.5237541484375 0.23855494687499998 0.56386893125 0.25952403749999997 0.5719182125
0 0.240810775 0.5825175437500001 0.2565593671875 0.5414910609375 0.22829667812499999 0.53064203125 0.21254808593750002 0.5716685140625 0.240810775 0.5825175437500001
0 0.2417381484375 0.499713346875 0.251887240625 0.47327405625 0.22727135 0.4638249015625 0.2171222578125 0.49026419218750006 0.2417381484375 0.499713346875
0 0.2163855421875 0.4894583734375 0.224084853125 0.46940098125 0.20493916093750003 0.4620516390625 0.19723985 0.4821090296875 0.2163855421875 0.4894583734375
0 0.210492978125 0.4312332875 0.2157425078125 0.41755779375 0.19112661875 0.4081086375 0.1858770875 0.4217841328125 0.210492978125 0.4312332875
0 0.197044740625 0.5589180765624999 0.2033441765625 0.542507484375 0.18237508593750001 0.534458203125 0.1760756484375 0.550868796875 0.197044740625 0.5589180765624999