0 0.68269581875 0.14334555 0.6689677859375001 0.0954702125 0.6229699109375 0.108659890625 0.63669794375 0.156535228125 0.68269581875 0.14334555
0 0.41912829687500003 0.093964478125 0.40782285937499996 0.0545377296875 0.368396109375 0.0658431671875 0.37970154843750004 0.1052699171875 0.41912829687500003 0.093964478125
0 0.4141562171875 0.22542762968750002 0.3920836953125 0.14845159531250002 0.332943571875 0.16540975156249998 0.35501609375 0.2423857859375 0.4141562171875 0.22542762968750002
0 0.2508654890625 0.2529480609375 0.2352532171875 0.198501596875 0.16954196875 0.21734399531249998 0.18515424062500002 0.2717904578125 0.2508654890625 0.2529480609375
0 0.107987259375 0.16388030468749998 0.0953359359375 0.1197598953125 0.05215425781250001 0.1321420421875 0.06480558125 0.1762624515625 0.107987259375 0.16388030468749998
0 0.057761703124999994 0.17472654062499998 0.047263796875 0.1381159875 0.0059595828125 0.14995977968750002 0.0164574890625 0.1865703328125 0.057761703124999994 0.17472654062499998
0 0 0.3142154484375 0.022743420312500002 0.307693878125 0.015744815625 0.28328684375 0 0.287801596875 0 0.3142154484375
0 0.050072904687499996 0.34100193125 0.04065170625 0.30814630625 0.0059186171875 0.318105859375 0.015339815625 0.3509614828125 0.050072904687499996 0.34100193125
0 0.1512366921875 0.2225929484375 0.14504561875 0.201002109375 0.12533224375000002 0.20665482812499997 0.13152331718750002 0.2282456671875 0.1512366921875 0.2225929484375
0 0.0850899546875 0.27711732968749997 0.07943723593749999 0.2574039546875 0.061601325 0.2625183203125 0.06725404375 0.28223169531250003 0.0850899546875 0.27711732968749997
0 0.133647165625 0.34548308437499997 0.1250334984375 0.31544365625 0.0884229453125 0.32594156406249997 0.0970366125 0.3559809921875 0.133647165625 0.34548308437499997
0 0.09358350625 0.46262656562500004 0.0720493375 0.38752799531250004 0.0391937125 0.39694919375 0.060727881250000004 0.4720477640625 0.09358350625 0.46262656562500004
0 0.1338334921875 0.5409937593749999 0.119297928125 0.49030222500000004 0.0733000546875 0.503491903125 0.0878356171875 0.5541834375 0.1338334921875 0.5409937593749999
0 0.21221423593750002 0.51496273125 0.178836275 0.3985599484375 0.0999827765625 0.421170825 0.1333607375 0.5375736078125 0.21221423593750002 0.51496273125
0 0.2601517875 0.49613727343749997 0.24077103593750002 0.42854855937499997 0.1975893578125 0.44093070624999997 0.216970109375 0.5085194203125 0.2601517875 0.49613727343749997
0 0.1672986125 0.6080995546875 0.1603000078125 0.5836925203125001 0.1358929734375 0.590691125 0.142891578125 0.615098159375 0.1672986125 0.6080995546875
0 0.2828837015625 0.5612411796875 0.276154275 0.5377728765625001 0.246114846875 0.54638654375 0.2528442734375 0.569854846875 0.2828837015625 0.5612411796875
0 0.35724835 0.47337486875 0.3445970265625 0.42925445937499995 0.3014153484375 0.44163660625 0.314066671875 0.48575701562500007 0.35724835 0.47337486875
0 0.381141978125 0.4202992390625 0.36983654062500004 0.38087248906250004 0.330409790625 0.392177928125 0.3417152296875 0.4316046765625 0.381141978125 0.4202992390625
0 0.2700811625 0.2880747515625 0.2630825578125 0.26366771718750004 0.22834947031250002 0.27362726875 0.23534807500000002 0.2980343046875 0.2700811625 0.2880747515625
0 0.27778380937499997 0.6993444421875 0.25894141249999997 0.6336331937499999 0.209188609375 0.64789958125 0.22803100625 0.7136108296875 0.27778380937499997 0.6993444421875
0 0.307107175 0.783892546875 0.29095654843749996 0.72756861875 0.22806149687500002 0.745603484375 0.24421212187500002 0.8019274125000001 0.307107175 0.783892546875
0 0.3534059484375 0.73455151875 0.3369861453125 0.677288859375 0.28441714687499997 0.6923627765625 0.30083695 0.7496254359375001 0.3534059484375 0.73455151875
0 0.3962685546875 0.8096297625 0.38119463750000004 0.7570607625 0.304218603125 0.7791332859375 0.3192925203125 0.8317022843749999 0.3962685546875 0.8096297625
0 0.41534194218750004 0.6954573921875 0.3889625859375 0.60346164375 0.3251288015625 0.6217656875 0.3515081578125 0.7137614359375 0.41534194218750004 0.6954573921875
0 0.40604732343750005 0.7250443921875 0.396626125 0.69218876875 0.359076840625 0.702955853125 0.3684980390625 0.7358114765625 0.40604732343750005 0.7250443921875
0 0.3860884859375 0.75464155625 0.3739755171875 0.7123986109375 0.29136708906250003 0.736086196875 0.303480059375 0.7783291421875 0.3860884859375 0.75464155625
0 0.4098881796875 0.7437534343750001 0.4039662828125 0.723101328125 0.3814367125 0.729561578125 0.38735860781250003 0.7502136859374999 0.4098881796875 0.7437534343750001
0 0.553838496875 0.90210411875 0.5376878703125 0.845780190625 0.48793506718749996 0.8600465765624999 0.50408569375 0.9163705046875 0.553838496875 0.90210411875
0 0.6145530296875 0.8481214781249999 0.6078236031250001 0.8246531750000001 0.5862327640625 0.8308442484375 0.5929621921875 0.8543125515625001 0.6145530296875 0.8481214781249999
0 0.6752854234375001 0.9536327531250001 0.6655950484375001 0.9198383968750001 0.6318006921875 0.929528771875 0.6414910671875 0.963323128125 0.6752854234375001 0.9536327531250001
0 0.88416810625 0.8388770671874999 0.8682866562499999 0.783491871875 0.777229640625 0.8096020515625 0.7931110890624999 0.8649872468750001 0.88416810625 0.8388770671874999
0 0.8679180015625001 0.7485484312499999 0.8528440843749999 0.69597943125 0.8021525484375 0.7105149953125001 0.8172264671875 0.76308399375 0.8679180015625001 0.7485484312499999
0 0.8488110484375 0.6163704515624999 0.8310453593749999 0.5544141312499999 0.76815030625 0.5724489968750001 0.7859159953125 0.6344053171875 0.8488110484375 0.6163704515624999
0 0.46709786875 0.6013750609375 0.4582150234375 0.5703969 0.41972700625000003 0.5814331625 0.42860985156250003 0.612411321875 0.46709786875 0.6013750609375
0 0.23245149375000002 0.355248303125 0.2276063046875 0.33835112500000003 0.20883166250000001 0.3437346671875 0.21367685 0.36063184531250003 0.23245149375000002 0.355248303125
0 0.80172876875 0.47697550624999996 0.79042333125 0.4375487578125 0.747241653125 0.4499309046875 0.758547090625 0.489357653125 0.80172876875 0.47697550624999996
0 0.588373253125 0.402529240625 0.57276098125 0.3480827765625 0.5032948046875 0.3680018828125 0.5189070765625 0.422448346875 0.588373253125 0.402529240625
0 0.7421627109375 0.18775669687500002 0.7278963234375 0.13800389531249999 0.6772047890625 0.1525394578125 0.6914711765625 0.20229226093750002 0.7421627109375 0.18775669687500002
0 0.8059749359374999 0.2172069546875 0.7884784234375 0.1561893671875 0.7274608359375 0.173685878125 0.7449573468749999 0.2347034671875 0.8059749359374999 0.2172069546875
0 0.7685931953125 0.122270584375 0.7642863609375 0.1072508703125 0.7398793265625 0.114249475 0.744186159375 0.1292691890625 0.7685931953125 0.122270584375
0 0.871297203125 0.1420926796875 0.8524548046874999 0.07638143124999999 0.7604590578125 0.10276078749999999 0.7793014546875 0.1684720359375 0.871297203125 0.1420926796875
0 0.147960059375 0.303282025 0.139077215625 0.272303865625 0.106221590625 0.28172506406250003 0.1151044359375 0.3127032234375 0.147960059375 0.303282025
0 0.10759796562499999 0.3184113796875 0.10194524687499999 0.29869800625 0.08129314062500001 0.3046199015625 0.086945859375 0.3243332765625 0.10759796562499999 0.3184113796875
0 0 0.49758854374999995 0.0187608890625 0.49220894531250003 0.010954753125 0.46498571406250006 0 0.4681269390625 0 0.49758854374999995