0 0.1376953125 0.36376953125 0.1064453125 0.36376953125 0.1064453125 0.40380859375 0.1376953125 0.40380859375 0.1376953125 0.36376953125
0 0.40380859375 0.26708984375 0.36181640625 0.26708984375 0.36181640625 0.29736328125 0.40380859375 0.29736328125 0.40380859375 0.26708984375
0 0.25244140625 0.234375 0.21630859375 0.234375 0.21630859375 0.2724609375 0.25244140625 0.2724609375 0.25244140625 0.234375
0 0.22265625 0.2548828125 0.18359375 0.2548828125 0.18359375 0.2958984375 0.22265625 0.2958984375 0.22265625 0.2548828125
0 0.32568359375 0.5380859375 0.29736328125 0.5380859375 0.29736328125 0.56640625 0.32568359375 0.56640625 0.32568359375 0.5380859375
0 0.345703125 0.5458984375 0.32421875 0.5458984375 0.32421875 0.576171875 0.345703125 0.576171875 0.345703125 0.5458984375
0 0.37646484375 0.5361328125 0.30224609375 0.5361328125 0.30224609375 0.6044921875 0.37646484375 0.6044921875 0.37646484375 0.5361328125
0 0.6640625 0.49609375 0.609375 0.49609375 0.609375 0.5673828125 0.6640625 0.5673828125 0.6640625 0.49609375
0 0.65380859375 0.50439453125 0.62451171875 0.50439453125 0.62451171875 0.52783203125 0.65380859375 0.52783203125 0.65380859375 0.50439453125
0 0.654296875 0.537109375 0.62109375 0.537109375 0.62109375 0.55859375 0.654296875 0.55859375 0.654296875 0.537109375
0 0.76953125 0.49169921875 0.7490234375 0.49169921875 0.7490234375 0.51220703125 0.76953125 0.51220703125 0.76953125 0.49169921875
0 0.751953125 0.50390625 0.724609375 0.50390625 0.724609375 0.5361328125 0.751953125 0.5361328125 0.751953125 0.50390625
0 0.470703125 0.68994140625 0.4404296875 0.68994140625 0.4404296875 0.72412109375 0.470703125 0.72412109375 0.470703125 0.68994140625
0 0.59033203125 0.70556640625 0.55419921875 0.70556640625 0.55419921875 0.73583984375 0.59033203125 0.73583984375 0.59033203125 0.70556640625
0 0.90625 0.69873046875 0.8857421875 0.69873046875 0.8857421875 0.72900390625 0.90625 0.72900390625 0.90625 0.69873046875
0 0.7314453125 0.85302734375 0.7021484375 0.85302734375 0.7021484375 0.87744140625 0.7314453125 0.87744140625 0.7314453125 0.85302734375
0 0.64697265625 0.92236328125 0.60791015625 0.92236328125 0.60791015625 0.96826171875 0.64697265625 0.96826171875 0.64697265625 0.92236328125
0 0.677734375 0.95556640625 0.626953125 0.95556640625 0.626953125 0.99755859375 0.677734375 0.99755859375 0.677734375 0.95556640625
0 0.7646484375 0.90283203125 0.7255859375 0.90283203125 0.7255859375 0.94677734375 0.7646484375 0.94677734375 0.7646484375 0.90283203125
0 0.90380859375 0.93017578125 0.84619140625 0.93017578125 0.84619140625 0.99365234375 0.90380859375 0.99365234375 0.90380859375 0.93017578125
0 0.837890625 0.95263671875 0.7861328125 0.95263671875 0.7861328125 0.98974609375 0.837890625 0.98974609375 0.837890625 0.95263671875
0 0.78271484375 0.92919921875 0.75146484375 0.92919921875 0.75146484375 0.97607421875 0.78271484375 0.97607421875 0.78271484375 0.92919921875
0 0.974609375 0.5849609375 0.9521484375 0.5849609375 0.9521484375 0.6162109375 0.974609375 0.6162109375 0.974609375 0.5849609375
0 0.91650390625 0.4384765625 0.88427734375 0.4384765625 0.88427734375 0.470703125 0.91650390625 0.470703125 0.91650390625 0.4384765625
0 0.849609375 0.2490234375 0.806640625 0.2490234375 0.806640625 0.2900390625 0.849609375 0.2900390625 0.849609375 0.2490234375
0 0.8525390625 0.17041015625 0.7919921875 0.17041015625 0.7919921875 0.23681640625 0.8525390625 0.23681640625 0.8525390625 0.17041015625
0 0.833984375 0.17236328125 0.7880859375 0.17236328125 0.7880859375 0.20068359375 0.833984375 0.20068359375 0.833984375 0.17236328125
0 0.603515625 0.13037109375 0.517578125 0.13037109375 0.517578125 0.26611328125 0.603515625 0.26611328125 0.603515625 0.13037109375
0 0.71044921875 0.203125 0.62353515625 0.203125 0.62353515625 0.318359375 0.71044921875 0.318359375 0.71044921875 0.203125
0 0.63330078125 0.197265625 0.60400390625 0.197265625 0.60400390625 0.2421875 0.63330078125 0.2421875 0.63330078125 0.197265625
0 0.57177734375 0.1748046875 0.54638671875 0.1748046875 0.54638671875 0.2060546875 0.57177734375 0.2060546875 0.57177734375 0.1748046875
0 0.55078125 0.22216796875 0.5234375 0.22216796875 0.5234375 0.24951171875 0.55078125 0.24951171875 0.55078125 0.22216796875
0 0.69287109375 0.23486328125 0.66357421875 0.23486328125 0.66357421875 0.26318359375 0.69287109375 0.26318359375 0.69287109375 0.23486328125
0 0.7001953125 0.1962890625 0.6669921875 0.1962890625 0.6669921875 0.2314453125 0.7001953125 0.2314453125 0.7001953125 0.1962890625
0 0.6533203125 0.27880859375 0.6103515625 0.27880859375 0.6103515625 0.30126953125 0.6533203125 0.30126953125 0.6533203125 0.27880859375
0 0.669921875 0.25732421875 0.6259765625 0.25732421875 0.6259765625 0.28759765625 0.669921875 0.28759765625 0.669921875 0.25732421875
0 0.041015625 1 0.041015625 0.9833984375 0.009765625 0.9833984375 0.009765625 1 0.041015625 1
0 0.59228515625 0.232421875 0.56396484375 0.232421875 0.56396484375 0.2587890625 0.59228515625 0.2587890625 0.59228515625 0.232421875
0 0.591796875 0.2109375 0.5703125 0.2109375 0.5703125 0.2314453125 0.591796875 0.2314453125 0.591796875 0.2109375
0 0.53955078125 0.1787109375 0.52490234375 0.1787109375 0.52490234375 0.205078125 0.53955078125 0.205078125 0.53955078125 0.1787109375
0 0.66357421875 0.2158203125 0.64599609375 0.2158203125 0.64599609375 0.23828125 0.66357421875 0.23828125 0.66357421875 0.2158203125