0 0.1821180203125 0.441116090625 0.16456605 0.47710296249999995 0.18563153593749998 0.4873772859375 0.20318350624999998 0.45139041406249997 0.1821180203125 0.441116090625
0 0.18718703750000001 0.180106021875 0.17348793906249999 0.20819333593749997 0.2077193515625 0.22488911250000002 0.22141845 0.1968017984375 0.18718703750000001 0.180106021875
0 0.115867146875 0.3441551234375 0.1021680484375 0.3722424375 0.12498899062499999 0.3833729546875 0.13868808906250002 0.355285640625 0.115867146875 0.3441551234375
0 0.075779753125 0.30939184062499997 0.045812975 0.370832840625 0.09408804531250001 0.394378165625 0.1240548234375 0.33293716562500003 0.075779753125 0.30939184062499997
0 0.303473640625 0.3905661234375 0.2931993171875 0.411631609375 0.3107538890625 0.4201935453125 0.3210282125 0.399128059375 0.303473640625 0.3905661234375
0 0.297802009375 0.4133332296875 0.27725336093749997 0.45546420000000004 0.3088515890625 0.47087568593749995 0.32940023749999997 0.4287447140625 0.297802009375 0.4133332296875
0 0.3308111359375 0.3946640453125 0.31283106875 0.4315286453125 0.3470624828125 0.4482244203125 0.36504254999999997 0.411359821875 0.3308111359375 0.3946640453125
0 0.3047402984375 0.4525725953125 0.2841916515625 0.49470356562499995 0.3087680515625 0.5066902765625 0.3293166984375 0.46455930624999997 0.3047402984375 0.4525725953125
0 0.319010071875 0.48234946093750003 0.3134448140625 0.49375993281249997 0.3345103 0.50403425625 0.3400755578125 0.492623784375 0.319010071875 0.48234946093750003
0 0.330590221875 0.46083434375000004 0.3224563828125 0.4775111859375 0.344399596875 0.48821360625 0.3525334359375 0.4715367640625 0.330590221875 0.46083434375000004
0 0.3387765984375 0.4273419828125 0.31737175624999997 0.4712284109375 0.361258184375 0.4926332515625 0.3826630265625 0.4487468234375 0.3387765984375 0.4273419828125
0 0.31848340625 0.6282302453125 0.3009314359375 0.6642171171875 0.328141021875 0.67748811875 0.3456929921875 0.641501246875 0.31848340625 0.6282302453125
0 0.21381019218750003 0.5989082156250001 0.1945458359375 0.638406 0.22526633437500002 0.6533893890625 0.24453069218749998 0.613891603125 0.21381019218750003 0.5989082156250001
0 0.2580036734375 0.5628769734375 0.21091302343749999 0.659427115625 0.2986858796875 0.7022367968750001 0.3457765296875 0.60568665625 0.2580036734375 0.5628769734375
0 0.3168963265625 0.578019271875 0.308334390625 0.59557384375 0.3241335046875 0.6032795859375 0.332695440625 0.585725015625 0.3168963265625 0.578019271875
0 0.5120897609374999 0.7737250640625 0.5022435328125 0.793912821875 0.5197981046875 0.8024747578125 0.52964433125 0.7822870015625 0.5120897609374999 0.7737250640625
0 0.5916723375 0.783203896875 0.5317387828125 0.9060858953125001 0.6396993953125001 0.9587418046874999 0.6996329515624999 0.83585980625 0.5916723375 0.783203896875
0 0.533047571875 0.77308161875 0.5236294406249999 0.792391646875 0.540306284375 0.8005254859375001 0.5497244140624999 0.7812154578125 0.533047571875 0.77308161875
0 0.51991264375 0.74766109375 0.5079259328125 0.77223749375 0.53513551875 0.7855084953125 0.5471222296875 0.7609320953125 0.51991264375 0.74766109375
0 0.539819146875 0.706846715625 0.5175581125 0.7524886000000001 0.5596890828125 0.7730372484375 0.5819501171875 0.7273953625 0.539819146875 0.706846715625
0 0.6331993921875 0.543235178125 0.622496971875 0.5651783921875 0.64356245625 0.575452715625 0.654264878125 0.5535095015625 0.6331993921875 0.543235178125
0 0.7533525984375 0.614332853125 0.746074953125 0.6292542390625 0.76538498125 0.63867236875 0.7726626265625 0.6237509828125 0.7533525984375 0.614332853125
0 0.7620101406249999 0.584329871875 0.7491672359375 0.610661728125 0.780765465625 0.6260732140624999 0.7936083703125 0.59974135625 0.7620101406249999 0.584329871875
0 0.7494096859375 0.5466749828124999 0.7378510703125001 0.5703736546875 0.772082484375 0.58706943125 0.7836410984375 0.5633707593749999 0.7494096859375 0.5466749828124999
0 0.774231134375 0.5392237578125 0.75881965 0.5708219859375 0.7833960484375 0.582808696875 0.7988075343750001 0.55121046875 0.774231134375 0.5392237578125
0 0.7905767874999999 0.55806131875 0.7811586578124999 0.5773713468749999 0.7978354999999999 0.5855051859375 0.80725363125 0.5661951578125 0.7905767874999999 0.55806131875
0 0.7380758875 0.5710265671875 0.72694536875 0.593847509375 0.75152176875 0.6058342203125 0.7626522859375 0.5830132781249999 0.7380758875 0.5710265671875
0 0.7151270359375 0.5690691296875 0.70399651875 0.591890071875 0.723306546875 0.601308203125 0.7344370640625 0.578487259375 0.7151270359375 0.5690691296875
0 0.7342191140625001 0.5121029125 0.7076771109375 0.5665220843750001 0.7533189953125 0.58878311875 0.7798609984375 0.5343639484375 0.7342191140625001 0.5121029125
0 0.706956990625 0.51564743125 0.6864083437499999 0.5577784015625 0.7083515578124999 0.5684808218749999 0.7289002046874999 0.5263498515625 0.706956990625 0.51564743125
0 0.6073710046875 0.5371569828125 0.5996652609375 0.552956096875 0.6172198328125 0.5615180343749999 0.624925575 0.5457189203125 0.6073710046875 0.5371569828125
0 0.631728153125 0.46048494375000004 0.5884903734375 0.549135528125 0.67363004375 0.5906609203125 0.7168678234375 0.5020103359375 0.631728153125 0.46048494375000004
0 0.7961977625000001 0.9508654453125001 0.7850672453125 0.9736863874999999 0.8078881875 0.9848169046875 0.8190187046874999 0.9619959625 0.7961977625000001 0.9508654453125001
0 0.8108048875 1 0.8213637703125001 0.9783510828124999 0.8038092000000001 0.9697891453124999 0.7890743812500001 1 0.8108048875 1
0 0.4356813421875 0.8646681781250001 0.42369463124999995 0.889244578125 0.443004659375 0.8986627078125 0.45499137031250003 0.8740863078125001 0.4356813421875 0.8646681781250001
0 0.40420415781249996 0.905815046875 0.397354609375 0.9198587046875 0.41052053749999995 0.92628015625 0.41737008593749997 0.9122365 0.40420415781249996 0.905815046875
0 0.412593353125 1 0.42454526093749995 0.975494959375 0.3885583890625 0.9579429890625001 0.3731469046875 0.9895412171875 0.39459058593749996 1 0.412593353125 1
0 0 0.8124346765625001 0.01091289375 0.81775725 0.01605005625 0.8072245078125 0 0.799396371875 0 0.8124346765625001
0 0.336658371875 0.0797072734375 0.30540730312500003 0.1437814578125 0.3712369453125 0.1758887203125 0.4024880140625 0.111814534375 0.336658371875 0.0797072734375
0 0.24182191875 0.0513801125 0.23668475625 0.0619128546875 0.24897295625 0.0679062109375 0.25411011875 0.057373467187500006 0.24182191875 0.0513801125
0 0.271516546875 0.095199334375 0.26680748125 0.1048543484375 0.27821795312500003 0.11041960625 0.2829270171875 0.1007645921875 0.271516546875 0.095199334375
0 0.287218753125 0.093079084375 0.2799411078125 0.1080004703125 0.2887183921875 0.1122814375 0.2959960390625 0.09736005156250001 0.287218753125 0.093079084375
0 0.31008963125 0.042845275 0.303668178125 0.056011203125 0.31244546406249996 0.060292171875 0.3188669171875 0.047126243750000005 0.31008963125 0.042845275
0 0.3185895640625 0.06328885 0.309171434375 0.082598878125 0.3284814625 0.0920170078125 0.3378995921875 0.07270697968749999 0.3185895640625 0.06328885
0 0.452565875 0.0303029203125 0.4444320359375 0.0469797625 0.46374206406249996 0.0563978921875 0.47187590312500005 0.03972105 0.452565875 0.0303029203125
0 0.4233413203125 0 0.419158353125 0.00857635625 0.437590653125 0.0175663890625 0.4448682984375 0.002645003125 0.43944523750000003 0 0.4233413203125 0
0 0.3586930640625 0 0.353448453125 0.010753045312499999 0.37451393906249997 0.02102736875 0.384769671875 0 0.3586930640625 0
0 0.362495903125 0 0.3622998109375 0.0004020484375 0.40091986718749995 0.0192383078125 0.4103030171875 0 0.362495903125 0
0 0.3409785078125 0.008473884375 0.33027608750000004 0.0304170984375 0.3530970296875 0.041547615625 0.36379945 0.019604401562500002 0.3409785078125 0.008473884375
0 0.32262288125 0.02940069375 0.3084956859375 0.058365735937499996 0.34448255625 0.07591770625000001 0.3586097515625 0.0469526625 0.32262288125 0.02940069375
0 0.347968034375 0.008623328125 0.31885745 0.0683088703125 0.3776652640625 0.0969913578125 0.406775846875 0.037305815625 0.347968034375 0.008623328125
0 0.38911577343750003 0 0.378024853125 0.02273975625 0.40435671093750003 0.035582660937499996 0.41719961562499996 0.009250803125 0.3982326578125 0 0.38911577343750003 0
0 0.2353724375 0 0.192608415625 0.0876792390625 0.30407994375 0.1420475359375 0.35802014375 0.0314537375 0.29353042500000004 0 0.2353724375 0
0 0.43040373593750003 0 0.41394712031249997 0.0337410640625 0.46309991874999995 0.057714485937500004 0.487929534375 0.0068062296875 0.47397469687499993 0 0.43040373593750003 0
0 0.41247606875000004 0 0.401391034375 0.0227276875 0.4180678765625 0.0308615265625 0.43312004843749996 0 0.41247606875000004 0
0 0.1696703328125 0.0868135796875 0.150405975 0.12631136406250001 0.1855151171875 0.1434352375 0.204779475 0.1039374515625 0.1696703328125 0.0868135796875
0 0.12293240624999999 0.174843553125 0.1062555640625 0.1667097140625 0.093412659375 0.1930415703125 0.1100895015625 0.2011754109375 0.12293240624999999 0.174843553125
0 0.1550909046875 0.0699239890625 0.1281208046875 0.1252208875 0.15006401875 0.1359233078125 0.17703411875 0.080626409375 0.1550909046875 0.0699239890625
0 0.15396942656249998 0.1112082328125 0.1372925828125 0.10307439375 0.106041515625 0.167148578125 0.1227183578125 0.17528241718749998 0.15396942656249998 0.1112082328125
0 1 0.49559525625 0.9730490843749999 0.48245041562499996 0.9576375984375 0.51404864375 0.9892358265625001 0.5294601296875 1 0.5073903046875 1 0.49559525625
0 0.8986441359375 0.422257140625 0.890510296875 0.4389339828125 0.9080648671875 0.44749592031249996 0.9161987078125 0.43081907656249996 0.8986441359375 0.422257140625
0 0.8218011187500001 0.4027059640625 0.795259115625 0.45712513593750004 0.852311471875 0.48495142812500003 0.878853475 0.4305322578125 0.8218011187500001 0.4027059640625
0 0.8759093328124999 0.4198608390625 0.8330996515625 0.5076336953125 0.893662921875 0.5371723765625 0.9364726046875 0.4493995203125 0.8759093328124999 0.4198608390625
0 0.9182112828125 0.4356035140625 0.8822511499999999 0.5093327140625 0.944569878125 0.5397275875 0.9805300109375 0.4659983890625 0.9182112828125 0.4356035140625
0 1 0.42660089687499997 0.9695127328125 0.41173126250000003 0.9489640843749999 0.453862234375 0.9946059703125 0.47612326875 1 0.46506386875 1 0.42660089687499997
0 1 0.4760378 0.9759273203125 0.46429676875 0.9669372859375001 0.48272906875 0.9941468718750001 0.4960000703125 1 0.48399937812499993 1 0.4760378
0 0.9601458375 0.39195136875 0.9494434171874999 0.4138945828125 0.9731420890625 0.42545319687500005 0.983844509375 0.40350998281250006 0.9601458375 0.39195136875
0 0.9262051453125 0.40473357187500003 0.9120779499999999 0.4336986140625 0.943676178125 0.44911009999999996 0.9578033734375 0.42014505625 0.9262051453125 0.40473357187500003
0 0.9272740875000001 0.38026484531250004 0.9101502140625 0.4153739890625 0.9522811843750001 0.43592263593749997 0.9694050578125 0.40081349375 0.9272740875000001 0.38026484531250004
0 0.8929901359375 0.3803845890625 0.8762943609375 0.414616003125 0.910525775 0.431311778125 0.92722155 0.39708036562500004 0.8929901359375 0.3803845890625
0 0.84026311875 0.370422521875 0.819714471875 0.41255349218750004 0.8679895421875001 0.43609881718750004 0.8885381890625 0.39396784687499997 0.84026311875 0.370422521875
0 0.8860423796875001 0.36232785 0.8706308937499999 0.39392607812499997 0.8978404796874999 0.4071970796875 0.913251965625 0.3755988515625 0.8860423796875001 0.36232785
0 0.875830059375 0.3453951890625 0.8685524125 0.36031657500000003 0.8808406124999999 0.3663099296875 0.8881182593749999 0.35138854531249997 0.875830059375 0.3453951890625
0 0.8062539187500001 0.30983085 0.780568109375 0.3624945640625 0.8305986375 0.3868960828125 0.856284446875 0.33423236875 0.8062539187500001 0.30983085
0 0.6986434296875 0.2041059671875 0.6913657828125 0.2190273515625 0.7089203546875 0.22758928906250003 0.7161980015625 0.212667903125 0.6986434296875 0.2041059671875
0 0.731664625 0.2088029625 0.72567126875 0.2210911625 0.7362040109375 0.22622832499999998 0.7421973671875 0.213940125 0.731664625 0.2088029625
0 0.7435018921875 0.1912160890625 0.7362242453125 0.20613747500000001 0.752023359375 0.21384321874999998 0.7593010062500001 0.1989218328125 0.7435018921875 0.1912160890625
0 0.7239347453125 0.177869715625 0.715372809375 0.19542428750000002 0.7346828375000001 0.2048424171875 0.7432447734375 0.1872878453125 0.7239347453125 0.177869715625
0 0.7478987 0.14989954375 0.7406210546875001 0.164820928125 0.7529092546875 0.170814284375 0.7601869 0.1558928984375 0.7478987 0.14989954375
0 0.7151130890624999 0.1469472359375 0.6984173124999999 0.18117865 0.7361596406250001 0.1995868140625 0.7528554171875 0.16535539999999999 0.7151130890624999 0.1469472359375
0 0.700557796875 0.1767900078125 0.6731596 0.23296463437499998 0.7223124000000001 0.2569380578125 0.749710596875 0.2007634296875 0.700557796875 0.1767900078125
0 0.7571915234375 0.184311403125 0.7199471 0.2606737875 0.7813880984375 0.290640565625 0.8186325234374999 0.21427817968750001 0.7571915234375 0.184311403125
0 0.7149365453125001 0.239759046875 0.6969564796875 0.2766236453125 0.7364542640625 0.295888003125 0.7544343312499999 0.259023403125 0.7149365453125001 0.239759046875
0 0.75408160625 0.2675435703125 0.7322486687499999 0.3123077265625 0.7743796390625 0.332856375 0.796212578125 0.28809221875 0.75408160625 0.2675435703125
0 0.7910525796875 0.274167003125 0.778209675 0.300498859375 0.7957642468749999 0.309060796875 0.8086071515625 0.28272893906249996 0.7910525796875 0.274167003125
0 0.776272471875 0.30335686093750003 0.7595766953124999 0.337588275 0.7885417390625 0.3517154703125 0.8052375140624999 0.31748405625 0.776272471875 0.30335686093750003
0 0.806231084375 0.2853728921875 0.7925319859375 0.31346020625 0.809208828125 0.321594046875 0.8229079265625 0.2935067328125 0.806231084375 0.2853728921875
0 0.8612626984375 0.3518717796875 0.8492759875000001 0.3764481796875 0.8764855734375001 0.38971918125 0.8884722843749999 0.36514278125 0.8612626984375 0.3518717796875
0 0.8445750890625 0.3426461625 0.82702311875 0.378633034375 0.8472108765625 0.38847926093749996 0.8647628453125 0.35249238906249997 0.8445750890625 0.3426461625
0 0.8597728874999999 0.134383346875 0.8323746906249999 0.1905579734375 0.8850384046875 0.21624378281249998 0.9124366015625001 0.16006915625 0.8597728874999999 0.134383346875
0 0.8207045000000001 0.1365156640625 0.8121425640625001 0.1540702359375 0.8332080484375 0.164344559375 0.8417699859375001 0.1467899875 0.8207045000000001 0.1365156640625
0 0.7791106015625 0.1482814609375 0.767980084375 0.1711024046875 0.7899232984375 0.181804825 0.801053815625 0.1589838828125 0.7791106015625 0.1482814609375
0 0.761782146875 0.1626468421875 0.754076403125 0.17844595624999998 0.7760196171875 0.1891483765625 0.7837253609375 0.1733492625 0.761782146875 0.1626468421875
0 0.831478028125 0.23249513125000001 0.8207756078124999 0.2544383453125 0.8488629218750001 0.26813744375000004 0.8595653421874999 0.24619422968750002 0.831478028125 0.23249513125000001
0 0.8495657703124999 0.20654830156249998 0.8388633499999999 0.22849151562499997 0.8669506640625 0.2421906125 0.8776530843750001 0.2202474 0.8495657703124999 0.20654830156249998
0 0.8253326281250001 0.20722405 0.8163425953125 0.2256563484375 0.8295085234374999 0.23207780156250002 0.83849855625 0.2136455015625 0.8253326281250001 0.20722405
0 0.80929923125 0.2200480203125 0.789606778125 0.260423534375 0.8203272765625 0.2754069234375 0.84001973125 0.23503140937500003 0.80929923125 0.2200480203125
0 0.8651577015624999 0.1489614734375 0.875860121875 0.127018259375 0.826707321875 0.1030448375 0.8160049015625 0.1249880515625 0.8651577015624999 0.1489614734375
0 0.8757684171875001 0.20628988124999997 0.8595007375 0.2396435671875 0.8858325953125 0.252486471875 0.9021002734374999 0.2191327859375 0.8757684171875001 0.20628988124999997
0 0.775023446875 0.1767107328125 0.7673177046874999 0.192509846875 0.7875054609375 0.2023560734375 0.7952112046875001 0.186556959375 0.775023446875 0.1767107328125
0 0.8029479484375001 0.1517587734375 0.7802588171875 0.1982783859375 0.8346779874999999 0.22482038906250001 0.85736711875 0.1783007765625 0.8029479484375001 0.1517587734375