0 0 0.64013671875 0.0380859375 0.64013671875 0.0380859375 0.59228515625 0 0.59228515625 0 0.64013671875
0 0.03466796875 0.53076171875 0.00048828125 0.53076171875 0.00048828125 0.56201171875 0.03466796875 0.56201171875 0.03466796875 0.53076171875
0 0.16748046875 0.48095703125 0.13037109375 0.48095703125 0.13037109375 0.51025390625 0.16748046875 0.51025390625 0.16748046875 0.48095703125
0 0.1767578125 0.51025390625 0.142578125 0.51025390625 0.142578125 0.53857421875 0.1767578125 0.53857421875 0.1767578125 0.51025390625
0 0.0859375 0.32861328125 0.060546875 0.32861328125 0.060546875 0.34912109375 0.0859375 0.34912109375 0.0859375 0.32861328125
0 0.04833984375 0.236328125 0.03662109375 0.236328125 0.03662109375 0.26171875 0.04833984375 0.26171875 0.04833984375 0.236328125
0 1 0.0009765625 0.9814453125 0.0009765625 0.9814453125 0.013671875 1 0.013671875 1 0.0009765625
0 0.716796875 0.00341796875 0.6982421875 0.00341796875 0.6982421875 0.01416015625 0.716796875 0.01416015625 0.716796875 0.00341796875
0 0.6552734375 0.0751953125 0.6328125 0.0751953125 0.6328125 0.095703125 0.6552734375 0.095703125 0.6552734375 0.0751953125
0 0.59521484375 0.03076171875 0.57080078125 0.03076171875 0.57080078125 0.05810546875 0.59521484375 0.05810546875 0.59521484375 0.03076171875
0 0.53759765625 0.06787109375 0.51318359375 0.06787109375 0.51318359375 0.09912109375 0.53759765625 0.09912109375 0.53759765625 0.06787109375
0 0.703125 0.1845703125 0.6845703125 0.1845703125 0.6845703125 0.1953125 0.703125 0.1953125 0.703125 0.1845703125
0 0.771484375 0.1875 0.7607421875 0.1875 0.7607421875 0.1962890625 0.771484375 0.1962890625 0.771484375 0.1875
0 0.7919921875 0.2060546875 0.78125 0.2060546875 0.78125 0.2158203125 0.7919921875 0.2158203125 0.7919921875 0.2060546875
0 0.8349609375 0.24267578125 0.828125 0.24267578125 0.828125 0.25341796875 0.8349609375 0.25341796875 0.8349609375 0.24267578125
0 0.9609375 0.21923828125 0.9384765625 0.21923828125 0.9384765625 0.23779296875 0.9609375 0.23779296875 0.9609375 0.21923828125
0 1 0.29541015625 0.9814453125 0.29541015625 0.9814453125 0.31201171875 1 0.31201171875 1 0.29541015625
0 0.93212890625 0.357421875 0.91552734375 0.357421875 0.91552734375 0.375 0.93212890625 0.375 0.93212890625 0.357421875
0 0.46728515625 0.15966796875 0.45751953125 0.15966796875 0.45751953125 0.17041015625 0.46728515625 0.17041015625 0.46728515625 0.15966796875
0 0.447265625 0.1064453125 0.3857421875 0.1064453125 0.3857421875 0.1728515625 0.447265625 0.1728515625 0.447265625 0.1064453125
0 0.83251953125 0.451171875 0.81494140625 0.451171875 0.81494140625 0.4697265625 0.83251953125 0.4697265625 0.83251953125 0.451171875
0 1 0.4248046875 0.98046875 0.4248046875 0.98046875 0.4658203125 1 0.4658203125 1 0.4248046875
0 0.62548828125 0.427734375 0.61083984375 0.427734375 0.61083984375 0.443359375 0.62548828125 0.443359375 0.62548828125 0.427734375
0 0.5390625 0.3955078125 0.5322265625 0.3955078125 0.5322265625 0.404296875 0.5390625 0.404296875 0.5390625 0.3955078125
0 0.455078125 0.46337890625 0.4375 0.46337890625 0.4375 0.47509765625 0.455078125 0.47509765625 0.455078125 0.46337890625
0 0.42041015625 0.51708984375 0.40869140625 0.51708984375 0.40869140625 0.53466796875 0.42041015625 0.53466796875 0.42041015625 0.51708984375
0 0.5029296875 0.47021484375 0.48046875 0.47021484375 0.48046875 0.48974609375 0.5029296875 0.48974609375 0.5029296875 0.47021484375
0 0.5166015625 0.478515625 0.4951171875 0.478515625 0.4951171875 0.5 0.5166015625 0.5 0.5166015625 0.478515625
0 0.580078125 0.47265625 0.5751953125 0.47265625 0.5751953125 0.482421875 0.580078125 0.482421875 0.580078125 0.47265625
0 0.56640625 0.51806640625 0.544921875 0.51806640625 0.544921875 0.53564453125 0.56640625 0.53564453125 0.56640625 0.51806640625
0 0.55078125 0.5546875 0.5234375 0.5546875 0.5234375 0.5830078125 0.55078125 0.5830078125 0.55078125 0.5546875
0 0.822265625 0.5068359375 0.794921875 0.5068359375 0.794921875 0.53125 0.822265625 0.53125 0.822265625 0.5068359375
0 0.91796875 0.49462890625 0.8916015625 0.49462890625 0.8916015625 0.51708984375 0.91796875 0.51708984375 0.91796875 0.49462890625
0 0.92236328125 0.46728515625 0.89697265625 0.46728515625 0.89697265625 0.48486328125 0.92236328125 0.48486328125 0.92236328125 0.46728515625
0 0.97900390625 0.48876953125 0.95947265625 0.48876953125 0.95947265625 0.50146484375 0.97900390625 0.50146484375 0.97900390625 0.48876953125
0 0.96533203125 0.47265625 0.95458984375 0.47265625 0.95458984375 0.486328125 0.96533203125 0.486328125 0.96533203125 0.47265625
0 0.95703125 0.470703125 0.912109375 0.470703125 0.912109375 0.5078125 0.95703125 0.5078125 0.95703125 0.470703125
0 0.8212890625 0.65185546875 0.802734375 0.65185546875 0.802734375 0.67138671875 0.8212890625 0.67138671875 0.8212890625 0.65185546875
0 0.7236328125 0.64013671875 0.7119140625 0.64013671875 0.7119140625 0.65087890625 0.7236328125 0.65087890625 0.7236328125 0.64013671875
0 0.6982421875 0.64404296875 0.6767578125 0.64404296875 0.6767578125 0.66943359375 0.6982421875 0.66943359375 0.6982421875 0.64404296875
0 0.82421875 0.765625 0.798828125 0.765625 0.798828125 0.787109375 0.82421875 0.787109375 0.82421875 0.765625
0 0.80078125 0.775390625 0.7802734375 0.775390625 0.7802734375 0.8017578125 0.80078125 0.8017578125 0.80078125 0.775390625
0 0.82861328125 0.78515625 0.80029296875 0.78515625 0.80029296875 0.8056640625 0.82861328125 0.8056640625 0.82861328125 0.78515625
0 0.98193359375 0.7744140625 0.97216796875 0.7744140625 0.97216796875 0.7822265625 0.98193359375 0.7822265625 0.98193359375 0.7744140625
0 0.99609375 0.81103515625 0.9873046875 0.81103515625 0.9873046875 0.82080078125 0.99609375 0.82080078125 0.99609375 0.81103515625
0 1 0.8603515625 0.990234375 0.8603515625 0.990234375 0.876953125 1 0.876953125 1 0.8603515625
0 1 0.90380859375 0.98828125 0.90380859375 0.98828125 0.93603515625 1 0.93603515625 1 0.90380859375
0 0.912109375 0.9208984375 0.8984375 0.9208984375 0.8984375 0.931640625 0.912109375 0.931640625 0.912109375 0.9208984375
0 0.8935546875 0.9375 0.8779296875 0.9375 0.8779296875 0.9482421875 0.8935546875 0.9482421875 0.8935546875 0.9375
0 0.849609375 0.935546875 0.830078125 0.935546875 0.830078125 0.951171875 0.849609375 0.951171875 0.849609375 0.935546875
0 0.71240234375 0.97119140625 0.70458984375 0.97119140625 0.70458984375 0.97705078125 0.71240234375 0.97705078125 0.71240234375 0.97119140625
0 0.04150390625 0.10205078125 0.02294921875 0.10205078125 0.02294921875 0.12353515625 0.04150390625 0.12353515625 0.04150390625 0.10205078125
0 0 0.11572265625 0.0205078125 0.11572265625 0.0205078125 0.09716796875 0 0.09716796875 0 0.11572265625
0 0.02880859375 0.11767578125 0.01123046875 0.11767578125 0.01123046875 0.13232421875 0.02880859375 0.13232421875 0.02880859375 0.11767578125
0 0.0244140625 0.23046875 0.01171875 0.23046875 0.01171875 0.255859375 0.0244140625 0.255859375 0.0244140625 0.23046875
0 0.01123046875 0.24658203125 0.00048828125 0.24658203125 0.00048828125 0.26220703125 0.01123046875 0.26220703125 0.01123046875 0.24658203125
0 0.1376953125 0.20556640625 0.12109375 0.20556640625 0.12109375 0.21533203125 0.1376953125 0.21533203125 0.1376953125 0.20556640625
0 0.19677734375 0.1494140625 0.18310546875 0.1494140625 0.18310546875 0.1640625 0.19677734375 0.1640625 0.19677734375 0.1494140625
0 0.275390625 0.138671875 0.251953125 0.138671875 0.251953125 0.1630859375 0.275390625 0.1630859375 0.275390625 0.138671875
0 0.25341796875 0.15576171875 0.24462890625 0.15576171875 0.24462890625 0.16357421875 0.25341796875 0.16357421875 0.25341796875 0.15576171875
0 0.369140625 0.15966796875 0.341796875 0.15966796875 0.341796875 0.18896484375 0.369140625 0.18896484375 0.369140625 0.15966796875
0 0.27197265625 0.27734375 0.25830078125 0.27734375 0.25830078125 0.2900390625 0.27197265625 0.2900390625 0.27197265625 0.27734375
0 0.1748046875 0.26953125 0.1572265625 0.26953125 0.1572265625 0.2880859375 0.1748046875 0.2880859375 0.1748046875 0.26953125
0 0.099609375 0.34228515625 0.0849609375 0.34228515625 0.0849609375 0.36083984375 0.099609375 0.36083984375 0.099609375 0.34228515625
0 0.06591796875 0.31640625 0.05908203125 0.31640625 0.05908203125 0.3251953125 0.06591796875 0.3251953125 0.06591796875 0.31640625
0 0.0595703125 0.396484375 0.0498046875 0.396484375 0.0498046875 0.4091796875 0.0595703125 0.4091796875 0.0595703125 0.396484375
0 0 0.4892578125 0.0146484375 0.4892578125 0.0146484375 0.474609375 0 0.474609375 0 0.4892578125
0 0.169921875 0.44873046875 0.158203125 0.44873046875 0.158203125 0.45556640625 0.169921875 0.45556640625 0.169921875 0.44873046875
0 0.26513671875 0.49609375 0.25439453125 0.49609375 0.25439453125 0.5078125 0.26513671875 0.5078125 0.26513671875 0.49609375
0 0.3525390625 0.42041015625 0.3447265625 0.42041015625 0.3447265625 0.43115234375 0.3525390625 0.43115234375 0.3525390625 0.42041015625
0 0.220703125 0.56201171875 0.2080078125 0.56201171875 0.2080078125 0.57666015625 0.220703125 0.57666015625 0.220703125 0.56201171875
0 0.3310546875 0.5908203125 0.3076171875 0.5908203125 0.3076171875 0.61328125 0.3310546875 0.61328125 0.3310546875 0.5908203125
0 0.04296875 0.81103515625 0.0224609375 0.81103515625 0.0224609375 0.82958984375 0.04296875 0.82958984375 0.04296875 0.81103515625
0 0.1279296875 0.87353515625 0.1123046875 0.87353515625 0.1123046875 0.89111328125 0.1279296875 0.89111328125 0.1279296875 0.87353515625
0 0.1923828125 0.931640625 0.1796875 0.931640625 0.1796875 0.9443359375 0.1923828125 0.9443359375 0.1923828125 0.931640625
0 0.21533203125 0.93896484375 0.20751953125 0.93896484375 0.20751953125 0.94775390625 0.21533203125 0.94775390625 0.21533203125 0.93896484375
0 0.3310546875 0.97900390625 0.31640625 0.97900390625 0.31640625 0.99267578125 0.3310546875 0.99267578125 0.3310546875 0.97900390625
0 0.34326171875 0.91796875 0.33056640625 0.91796875 0.33056640625 0.9306640625 0.34326171875 0.9306640625 0.34326171875 0.91796875
0 0.3662109375 0.8798828125 0.34765625 0.8798828125 0.34765625 0.8994140625 0.3662109375 0.8994140625 0.3662109375 0.8798828125
0 0.390625 0.869140625 0.3642578125 0.869140625 0.3642578125 0.8974609375 0.390625 0.8974609375 0.390625 0.869140625
0 0.3837890625 0.8388671875 0.3671875 0.8388671875 0.3671875 0.8525390625 0.3837890625 0.8525390625 0.3837890625 0.8388671875
0 0.38916015625 0.79736328125 0.37060546875 0.79736328125 0.37060546875 0.81591796875 0.38916015625 0.81591796875 0.38916015625 0.79736328125
0 0.3720703125 0.779296875 0.3447265625 0.779296875 0.3447265625 0.802734375 0.3720703125 0.802734375 0.3720703125 0.779296875
0 0.3046875 0.68212890625 0.29296875 0.68212890625 0.29296875 0.69873046875 0.3046875 0.69873046875 0.3046875 0.68212890625
0 0.326171875 0.69140625 0.29296875 0.69140625 0.29296875 0.712890625 0.326171875 0.712890625 0.326171875 0.69140625
0 0.14306640625 0.626953125 0.13623046875 0.626953125 0.13623046875 0.63671875 0.14306640625 0.63671875 0.14306640625 0.626953125
0 0.208984375 0.69873046875 0.1826171875 0.69873046875 0.1826171875 0.72509765625 0.208984375 0.72509765625 0.208984375 0.69873046875
0 0.2373046875 0.70166015625 0.216796875 0.70166015625 0.216796875 0.72216796875 0.2373046875 0.72216796875 0.2373046875 0.70166015625
0 0.22509765625 0.728515625 0.21435546875 0.728515625 0.21435546875 0.740234375 0.22509765625 0.740234375 0.22509765625 0.728515625
0 0.17041015625 0.7412109375 0.14697265625 0.7412109375 0.14697265625 0.7646484375 0.17041015625 0.7646484375 0.17041015625 0.7412109375
0 0.4697265625 0.89013671875 0.4462890625 0.89013671875 0.4462890625 0.90087890625 0.4697265625 0.90087890625 0.4697265625 0.89013671875
0 0.47314453125 0.81982421875 0.46142578125 0.81982421875 0.46142578125 0.83056640625 0.47314453125 0.83056640625 0.47314453125 0.81982421875
0 0.52978515625 0.77490234375 0.48876953125 0.77490234375 0.48876953125 0.79345703125 0.52978515625 0.79345703125 0.52978515625 0.77490234375
0 0.57373046875 0.77880859375 0.56689453125 0.77880859375 0.56689453125 0.79345703125 0.57373046875 0.79345703125 0.57373046875 0.77880859375
0 0.59033203125 0.80322265625 0.56005859375 0.80322265625 0.56005859375 0.83837890625 0.59033203125 0.83837890625 0.59033203125 0.80322265625
0 0.56591796875 0.93603515625 0.55029296875 0.93603515625 0.55029296875 0.94970703125 0.56591796875 0.94970703125 0.56591796875 0.93603515625
0 0.54248046875 0.95166015625 0.52099609375 0.95166015625 0.52099609375 0.97314453125 0.54248046875 0.97314453125 0.54248046875 0.95166015625
0 0.552734375 0.96142578125 0.5419921875 0.96142578125 0.5419921875 0.97705078125 0.552734375 0.97705078125 0.552734375 0.96142578125
0 0.44775390625 0.6513671875 0.42431640625 0.6513671875 0.42431640625 0.6748046875 0.44775390625 0.6748046875 0.44775390625 0.6513671875
0 0.41748046875 0.61767578125 0.39013671875 0.61767578125 0.39013671875 0.64404296875 0.41748046875 0.64404296875 0.41748046875 0.61767578125
0 0.396484375 0.61328125 0.380859375 0.61328125 0.380859375 0.6337890625 0.396484375 0.6337890625 0.396484375 0.61328125
0 0.41796875 0.60009765625 0.400390625 0.60009765625 0.400390625 0.61865234375 0.41796875 0.61865234375 0.41796875 0.60009765625
0 0.4365234375 0.623046875 0.4208984375 0.623046875 0.4208984375 0.638671875 0.4365234375 0.638671875 0.4365234375 0.623046875
0 0.4287109375 0.6396484375 0.4111328125 0.6396484375 0.4111328125 0.66015625 0.4287109375 0.66015625 0.4287109375 0.6396484375
0 0.4111328125 0.6416015625 0.396484375 0.6416015625 0.396484375 0.658203125 0.4111328125 0.658203125 0.4111328125 0.6416015625
0 0.39599609375 0.6474609375 0.37939453125 0.6474609375 0.37939453125 0.6689453125 0.39599609375 0.6689453125 0.39599609375 0.6474609375
0 0.43896484375 0.7080078125 0.39501953125 0.7080078125 0.39501953125 0.7490234375 0.43896484375 0.7490234375 0.43896484375 0.7080078125
0 0.40576171875 0.68603515625 0.37548828125 0.68603515625 0.37548828125 0.71923828125 0.40576171875 0.71923828125 0.40576171875 0.68603515625
0 0.42529296875 0.6875 0.40380859375 0.6875 0.40380859375 0.7060546875 0.42529296875 0.7060546875 0.42529296875 0.6875
0 0.40185546875 0.6689453125 0.37255859375 0.6689453125 0.37255859375 0.685546875 0.40185546875 0.685546875 0.40185546875 0.6689453125
0 0.375 0.6669921875 0.3544921875 0.6669921875 0.3544921875 0.689453125 0.375 0.689453125 0.375 0.6669921875
0 0.3759765625 0.68212890625 0.3603515625 0.68212890625 0.3603515625 0.70068359375 0.3759765625 0.70068359375 0.3759765625 0.68212890625
0 0.36669921875 0.6953125 0.35302734375 0.6953125 0.35302734375 0.708984375 0.36669921875 0.708984375 0.36669921875 0.6953125