0 0.317022046875 0.524236634375 0.3128087984375 0.494257815625 0.2683241 0.5005097328125 0.2725373484375 0.5304885515625 0.317022046875 0.524236634375
0 0.28563444375 0.4798329671875 0.2791107046875 0.4334141515625 0.2423624765625 0.438578778125 0.24888621562500002 0.48499759375 0.28563444375 0.4798329671875
0 0.19116587812500002 0.4812757421875 0.18355485 0.42712045625000006 0.14390544375 0.4326928171875 0.15151647343750002 0.4868481015625 0.19116587812500002 0.4812757421875
0 0.129872675 0.560893440625 0.1226693796875 0.50963933125 0.0849540921875 0.5149398703125 0.0921573875 0.566193978125 0.129872675 0.560893440625
0 0.1332966859375 0.9080335359375 0.1248701890625 0.8480758984375001 0.0939243125 0.8524250578125001 0.102350809375 0.9123826953125 0.1332966859375 0.9080335359375
0 0.1127426765625 0.5933787765625 0.10676258281249999 0.5508281953124999 0.0738825890625 0.555449178125 0.0798626828125 0.597999759375 0.1127426765625 0.5933787765625
0 0.3029579171875 0.6662479015625 0.29860875781249996 0.635302025 0.2724981734375 0.638971628125 0.27684733281249996 0.6699175046875 0.3029579171875 0.6662479015625
0 0.35447343125 0.787208634375 0.3495806265625 0.7523945234375 0.30122769374999997 0.759190084375 0.306120496875 0.794004196875 0.35447343125 0.787208634375
0 0.2891787125 0.9260652140625 0.2842859078125 0.891251103125 0.24947179687499998 0.8961439078125 0.25436460156249996 0.93095801875 0.2891787125 0.9260652140625
0 0.28477717343750003 1 0.28119657187499997 0.9745226984375 0.251217753125 0.9787359468749999 0.2542062203125 1 0.28477717343750003 1
0 0.35985763125000003 0.9097219015625001 0.3468101515625 0.8168842703125 0.2539725203125 0.8299317484375001 0.2670199984375 0.92276938125 0.35985763125000003 0.9097219015625001
0 0.0467578265625 0.3063113421875 0.043903690625000005 0.286003109375 0.0226284 0.28899315625 0.025482535937500002 0.3093013890625 0.0467578265625 0.3063113421875
0 0.1517882421875 0.306342675 0.1474390828125 0.2753967984375 0.1193943828125 0.27933822343750003 0.12374354218750001 0.3102841015625 0.1517882421875 0.306342675
0 0.1152543515625 0.3691675234375 0.10709967812500001 0.311144003125 0.042306746875 0.32025005625 0.050461421875 0.3782735765625 0.1152543515625 0.3691675234375
0 0.089439084375 0.27319348906249996 0.081963965625 0.22000526250000002 0.0258745640625 0.22788811406249998 0.03334968125 0.281076340625 0.089439084375 0.27319348906249996
0 0.193005809375 0.1575567625 0.19069531875 0.1411167640625 0.169420028125 0.1441068109375 0.17173051875 0.16054680937500002 0.193005809375 0.1575567625
0 0.168730028125 0.17428165625 0.1664195375 0.157841659375 0.1296713078125 0.1630062859375 0.1319817984375 0.17944628437500001 0.168730028125 0.17428165625
0 0.282220878125 0.097682734375 0.2786871859375 0.072539209375 0.23613660468750003 0.078519303125 0.23967029687500002 0.10366282812500001 0.282220878125 0.097682734375
0 0.273141003125 0.1734138875 0.26566588593749996 0.1202256609375 0.23085177343750002 0.125118465625 0.238326890625 0.1783066921875 0.273141003125 0.1734138875
0 0.31773283124999996 0.0591624234375 0.3125682046875 0.02241419375 0.2613140953125 0.029617489062500002 0.266478721875 0.06636571875 0.31773283124999996 0.0591624234375
0 0.30230440625 0.34583783125 0.2990425375 0.3226284234375 0.2661625421875 0.32724940625 0.2694244125 0.3504588140625 0.30230440625 0.34583783125
0 0.2530680515625 0.3463475125 0.25048573749999997 0.327973396875 0.224375153125 0.3316430015625 0.2269574671875 0.350017115625 0.2530680515625 0.3463475125
0 0.286915078125 0.250370846875 0.283245475 0.2242602625 0.2484313625 0.2291530671875 0.252100965625 0.2552636515625 0.286915078125 0.250370846875
0 0.24830592187499997 0.2843956421875 0.24341311718749997 0.2495815296875 0.1969943015625 0.2561052703125 0.20188710625 0.29091938125 0.24830592187499997 0.2843956421875
0 0.22628572500000002 0.2505093890625 0.2147332703125 0.168309403125 0.140269753125 0.1787745671875 0.1518222078125 0.260974553125 0.22628572500000002 0.2505093890625
0 0.5345266875 0.7737377171875 0.5305852625 0.745693015625 0.5054417375 0.7492267078125 0.5093831625 0.777271409375 0.5345266875 0.7737377171875
0 0.543000225 0.8129793875000001 0.5394665328125 0.7878358624999999 0.5046524203125 0.7927286671875 0.5081861125 0.8178721921875001 0.543000225 0.8129793875000001
0 0.5023916265625 0.9064547703124999 0.49885793593749994 0.8813112453124999 0.47564852812499997 0.8845731156250001 0.47918221875 0.909716640625 0.5023916265625 0.9064547703124999
0 0.5548558625 0.8833028484375 0.5488757671875 0.8407522671875001 0.4908522484375 0.8489069406249999 0.49683234218749994 0.891457521875 0.5548558625 0.8833028484375
0 0.61516895625 0.8703886765625001 0.6079656625000001 0.8191345671875 0.5451068484375 0.827968796875 0.55231014375 0.8792229062500001 0.61516895625 0.8703886765625001
0 0.718699140625 0.9228973203124999 0.7110881109375 0.8687420343750001 0.6646692953125 0.8752657749999999 0.672280325 0.929421059375 0.718699140625 0.9228973203124999
0 0.756775121875 0.9412139234374999 0.75310551875 0.9151033390625001 0.706686703125 0.9216270796874999 0.71035630625 0.9477376625 0.756775121875 0.9412139234374999
0 0.76043165 0.9426723515625 0.763965340625 0.9678158765625 0.803614746875 0.9622435156250001 0.8000810546875 0.937099990625 0.76043165 0.9426723515625
0 0.8540637796875 0.7317881859375001 0.8471323078124999 0.6824681953125 0.7658993796875 0.6938847375 0.772830853125 0.7432047296875 0.8540637796875 0.7317881859375001
0 0.7431003359374999 0.759710078125 0.73956664375 0.734566553125 0.70668665 0.739187534375 0.7102203421875 0.764331059375 0.7431003359374999 0.759710078125
0 0.7745689687499999 0.8292494296875 0.770219809375 0.798303553125 0.716064525 0.8059145828125001 0.720413684375 0.836860459375 0.7745689687499999 0.8292494296875
0 0.9814202078125 0.8134915406250001 0.9744887343749999 0.76417155 0.9232346250000001 0.7713748453125 0.9301660984375 0.8206948359374999 0.9814202078125 0.8134915406250001
0 0.83368233125 0.614834203125 0.829333171875 0.5838883265625 0.7983872937500001 0.5882374859375 0.8027364531250001 0.6191833625000001 0.83368233125 0.614834203125
0 0.9519849812500001 0.6391334796875 0.9487231109375 0.615924071875 0.9235795859374999 0.6194577640625 0.92684145625 0.642667171875 0.9519849812500001 0.6391334796875
0 0.5577203640625 0.5949416249999999 0.5524198250000001 0.5572263375000001 0.5214739484375001 0.561575496875 0.5267744859375 0.599290784375 0.5577203640625 0.5949416249999999
0 0.58912625 0.6008824921875 0.5855925578125001 0.5757389671875 0.5440090359374999 0.5815831499999999 0.547542728125 0.606726675 0.58912625 0.6008824921875
0 0.5653757749999999 0.477498878125 0.5598034140625 0.437849471875 0.524989303125 0.4427422765625 0.5305616640624999 0.48239168125000004 0.5653757749999999 0.477498878125
0 0.5281779546875 0.346143565625 0.5245083515625 0.32003298281250003 0.4964636515625 0.32397440781250003 0.5001332546875 0.3500849921875 0.5281779546875 0.346143565625
0 0.4642632125 0.3334306828125 0.45964223125 0.3005506890625 0.42966341249999995 0.3047639375 0.43428439374999994 0.33764393125000003 0.4642632125 0.3334306828125
0 0.4637535328125 0.284194328125 0.4600839296875 0.25808374375 0.4301051109375 0.2622969921875 0.4337747140625 0.288407575 0.4637535328125 0.284194328125
0 0.5716406890625 0.27297641562499997 0.5621269015625 0.20528230937499997 0.51087279375 0.21248560468750002 0.5203865796875 0.2801797109375 0.5716406890625 0.27297641562499997
0 0.6397529203125 0.048914121875 0.633501003125 0.0044294234375 0.5890163046875 0.010681340625 0.595268221875 0.055166039062500005 0.6397529203125 0.048914121875
0 0.727927765625 0.05180743125 0.72357860625 0.0208615546875 0.6935997875 0.025074803125 0.697948946875 0.0560206796875 0.727927765625 0.05180743125
0 0.7549296640625001 0.23341059375 0.745415878125 0.1657164875 0.7193052953125 0.169386090625 0.72881908125 0.23708019687499998 0.7549296640625001 0.23341059375
0 0.79274426875 0.214782940625 0.78526915 0.16159471406249998 0.7591585671875001 0.1652643171875 0.766633684375 0.21845254375 0.79274426875 0.214782940625
0 0.888023040625 0.0998179296875 0.8843534375000001 0.0737073453125 0.8514734421875 0.078328328125 0.8551430453125001 0.10443891093749999 0.888023040625 0.0998179296875
0 0.7451152750000001 0.05481576406250001 0.7425329609375 0.0364416484375 0.719323553125 0.03970351875 0.7219058671874999 0.0580776328125 0.7451152750000001 0.05481576406250001
0 0.8758798999999999 0.034465675 0.872889853125 0.013190384375 0.852581621875 0.016044520312499998 0.85557166875 0.037319810937499996 0.8758798999999999 0.034465675
0 0.9512033734375 0.2230839171875 0.9476696812500001 0.19794039218749998 0.9273614484375001 0.200794528125 0.9308951406249999 0.225938053125 0.9512033734375 0.2230839171875
0 0.9832862375 0.35663732812500004 0.972141515625 0.27733851875000004 0.9257227 0.28386225781249996 0.9368674218749999 0.36316106718749996 0.9832862375 0.35663732812500004
0 0.9300744125 0.10081111250000001 0.9484485265625 0.0982288 0.942876165625 0.05857939375 0.9245020515625001 0.0611617078125 0.9300744125 0.10081111250000001
0 0.3800794640625 0.39752840312500004 0.374507103125 0.35787899843750004 0.3300224046875 0.364130915625 0.335594765625 0.4037803203125 0.3800794640625 0.39752840312500004
0 0.3677141734375 0.369188359375 0.36186999062499997 0.32760483749999997 0.31545117500000003 0.3341285765625 0.3212953578125 0.37571209843750003 0.3677141734375 0.369188359375
0 0 0.42037413749999997 0.0103180421875 0.41892403125 0.0031147468750000002 0.367669921875 0 0.3681076703125 0 0.42037413749999997
0 0.7431499546875 0.6162168625 0.7324129671875 0.539819228125 0.6946976796875 0.545119765625 0.7054346671875 0.6215174 0.7431499546875 0.6162168625
0 0.8014609765625 0.603090984375 0.793578125 0.54700158125 0.75102754375 0.5529816765625 0.7589103953125 0.609071078125 0.8014609765625 0.603090984375
0 0.7546971484375 0.5790922593750001 0.746134740625 0.5181675640625001 0.7229253328125 0.521429434375 0.7314877390625 0.5823541296875 0.7546971484375 0.5790922593750001
0 0.6868409796875 0.538334675 0.683579109375 0.5151252671875 0.658435584375 0.518658959375 0.6616974546875001 0.5418683671875 0.6868409796875 0.538334675
0 0.7053300890624999 0.5155199265625 0.7020682203125 0.49231051875 0.6720894015625001 0.496523765625 0.6753512703125 0.519733175 0.7053300890624999 0.5155199265625
0 0.6745645328125 0.44045788437500005 0.6713026640625 0.41724847656249997 0.6461591375 0.42078216875 0.6494210078125 0.4439915765625 0.6745645328125 0.44045788437500005
0 1 0.46503659218750004 0.9930953656250001 0.4159075703125 0.9679518406250001 0.4194412609375 0.97705789375 0.48423419218749997 1 0.48100988906250003 1 0.46503659218750004