0 0.56494140625 0.36865234375 0.52099609375 0.36865234375 0.52099609375 0.40576171875 0.56494140625 0.40576171875 0.56494140625 0.36865234375
0 0.6640625 0.4677734375 0.6123046875 0.4677734375 0.6123046875 0.529296875 0.6640625 0.529296875 0.6640625 0.4677734375
0 0.72021484375 0.53125 0.69677734375 0.53125 0.69677734375 0.556640625 0.72021484375 0.556640625 0.72021484375 0.53125
0 0.55029296875 0.4921875 0.49951171875 0.4921875 0.49951171875 0.556640625 0.55029296875 0.556640625 0.55029296875 0.4921875
0 0.6142578125 0.5458984375 0.5751953125 0.5458984375 0.5751953125 0.5712890625 0.6142578125 0.5712890625 0.6142578125 0.5458984375
0 0.59033203125 0.57470703125 0.56787109375 0.57470703125 0.56787109375 0.59326171875 0.59033203125 0.59326171875 0.59033203125 0.57470703125
0 0.56640625 0.57666015625 0.5478515625 0.57666015625 0.5478515625 0.59033203125 0.56640625 0.59033203125 0.56640625 0.57666015625
0 0.57275390625 0.59130859375 0.52197265625 0.59130859375 0.52197265625 0.62353515625 0.57275390625 0.62353515625 0.57275390625 0.59130859375
0 0.5361328125 0.6044921875 0.4599609375 0.6044921875 0.4599609375 0.6513671875 0.5361328125 0.6513671875 0.5361328125 0.6044921875
0 0.498046875 0.3154296875 0.4716796875 0.3154296875 0.4716796875 0.3359375 0.498046875 0.3359375 0.498046875 0.3154296875
0 0.6474609375 0.26611328125 0.62890625 0.26611328125 0.62890625 0.28466796875 0.6474609375 0.28466796875 0.6474609375 0.26611328125
0 0.60009765625 0.2568359375 0.56982421875 0.2568359375 0.56982421875 0.287109375 0.60009765625 0.287109375 0.60009765625 0.2568359375
0 0.55517578125 0.23681640625 0.53076171875 0.23681640625 0.53076171875 0.26025390625 0.55517578125 0.26025390625 0.55517578125 0.23681640625
0 0.55517578125 0.19580078125 0.50830078125 0.19580078125 0.50830078125 0.24658203125 0.55517578125 0.24658203125 0.55517578125 0.19580078125
0 0.52734375 0.13623046875 0.5 0.13623046875 0.5 0.16552734375 0.52734375 0.16552734375 0.52734375 0.13623046875
0 0.59423828125 0.0654296875 0.57275390625 0.0654296875 0.57275390625 0.08203125 0.59423828125 0.08203125 0.59423828125 0.0654296875
0 0.5615234375 0.0478515625 0.5361328125 0.0478515625 0.5361328125 0.08203125 0.5615234375 0.08203125 0.5615234375 0.0478515625
0 0.65478515625 0 0.65478515625 0.095703125 0.71923828125 0.095703125 0.71923828125 0 0.65478515625 0
0 0.92626953125 0.216796875 0.79736328125 0.216796875 0.79736328125 0.373046875 0.92626953125 0.373046875 0.92626953125 0.216796875
0 0.9296875 0.15283203125 0.8779296875 0.15283203125 0.8779296875 0.20751953125 0.9296875 0.20751953125 0.9296875 0.15283203125
0 0.80126953125 0.1435546875 0.63818359375 0.1435546875 0.63818359375 0.4453125 0.80126953125 0.4453125 0.80126953125 0.1435546875
0 0.87109375 0.37841796875 0.7841796875 0.37841796875 0.7841796875 0.45068359375 0.87109375 0.45068359375 0.87109375 0.37841796875
0 0.98291015625 0.35595703125 0.92919921875 0.35595703125 0.92919921875 0.39501953125 0.98291015625 0.39501953125 0.98291015625 0.35595703125
0 0.9892578125 0.0361328125 0.8857421875 0.0361328125 0.8857421875 0.1005859375 0.9892578125 0.1005859375 0.9892578125 0.0361328125
0 0.91064453125 0.220703125 0.86865234375 0.220703125 0.86865234375 0.2587890625 0.91064453125 0.2587890625 0.91064453125 0.220703125
0 0.9189453125 0.529296875 0.8984375 0.529296875 0.8984375 0.5556640625 0.9189453125 0.5556640625 0.9189453125 0.529296875
0 0.91259765625 0.87646484375 0.88525390625 0.87646484375 0.88525390625 0.90869140625 0.91259765625 0.90869140625 0.91259765625 0.87646484375
0 0.94873046875 0.93212890625 0.91845703125 0.93212890625 0.91845703125 0.97021484375 0.94873046875 0.97021484375 0.94873046875 0.93212890625
0 0.8564453125 0.9697265625 0.833984375 0.9697265625 0.833984375 0.9931640625 0.8564453125 0.9931640625 0.8564453125 0.9697265625
0 0.537109375 0.865234375 0.509765625 0.865234375 0.509765625 0.89453125 0.537109375 0.89453125 0.537109375 0.865234375
0 0.48876953125 0.943359375 0.45849609375 0.943359375 0.45849609375 0.970703125 0.48876953125 0.970703125 0.48876953125 0.943359375
0 0.39453125 1 0.39453125 0.9765625 0.359375 0.9765625 0.359375 1 0.39453125 1
0 0.5380859375 0.95263671875 0.4931640625 0.95263671875 0.4931640625 0.99560546875 0.5380859375 0.99560546875 0.5380859375 0.95263671875
0 0.72705078125 0.93408203125 0.66650390625 0.93408203125 0.66650390625 0.99951171875 0.72705078125 0.99951171875 0.72705078125 0.93408203125
0 0.43212890625 0.73291015625 0.38232421875 0.73291015625 0.38232421875 0.83154296875 0.43212890625 0.83154296875 0.43212890625 0.73291015625
0 0.38720703125 0.75439453125 0.36376953125 0.75439453125 0.36376953125 0.77294921875 0.38720703125 0.77294921875 0.38720703125 0.75439453125
0 0.33447265625 0.70654296875 0.29541015625 0.70654296875 0.29541015625 0.74755859375 0.33447265625 0.74755859375 0.33447265625 0.70654296875
0 0.28857421875 0.8076171875 0.26513671875 0.8076171875 0.26513671875 0.837890625 0.28857421875 0.837890625 0.28857421875 0.8076171875
0 0.31640625 0.8544921875 0.296875 0.8544921875 0.296875 0.87109375 0.31640625 0.87109375 0.31640625 0.8544921875
0 0.24951171875 0.83935546875 0.22119140625 0.83935546875 0.22119140625 0.86767578125 0.24951171875 0.86767578125 0.24951171875 0.83935546875
0 0.267578125 1 0.267578125 0.9921875 0.2421875 0.9921875 0.2421875 1 0.267578125 1
0 0.27001953125 0.669921875 0.24853515625 0.669921875 0.24853515625 0.6904296875 0.27001953125 0.6904296875 0.27001953125 0.669921875
0 0.2255859375 0.63671875 0.2109375 0.63671875 0.2109375 0.650390625 0.2255859375 0.650390625 0.2255859375 0.63671875
0 0.14404296875 0.70849609375 0.11376953125 0.70849609375 0.11376953125 0.73876953125 0.14404296875 0.73876953125 0.14404296875 0.70849609375
0 0.1904296875 0.83740234375 0.029296875 0.83740234375 0.029296875 0.92919921875 0.1904296875 0.92919921875 0.1904296875 0.83740234375
0 0.08203125 0.6025390625 0.0087890625 0.6025390625 0.0087890625 0.6669921875 0.08203125 0.6669921875 0.08203125 0.6025390625
0 0.20947265625 0.26220703125 0.15380859375 0.26220703125 0.15380859375 0.31201171875 0.20947265625 0.31201171875 0.20947265625 0.26220703125
0 0.17041015625 0.3603515625 0.15087890625 0.3603515625 0.15087890625 0.3896484375 0.17041015625 0.3896484375 0.17041015625 0.3603515625
0 0 0.34521484375 0.0302734375 0.34521484375 0.0302734375 0.30029296875 0 0.30029296875 0 0.34521484375
0 0.16259765625 0.076171875 0.11181640625 0.076171875 0.11181640625 0.1357421875 0.16259765625 0.1357421875 0.16259765625 0.076171875
0 0.07861328125 0.0966796875 0.03564453125 0.0966796875 0.03564453125 0.1455078125 0.07861328125 0.1455078125 0.07861328125 0.0966796875
0 0 0.11474609375 0.01171875 0.11474609375 0.01171875 0.09326171875 0 0.09326171875 0 0.11474609375
0 0.06103515625 0.02587890625 0.00146484375 0.02587890625 0.00146484375 0.05712890625 0.06103515625 0.05712890625 0.06103515625 0.02587890625
0 0.37646484375 0.12744140625 0.33642578125 0.12744140625 0.33642578125 0.17626953125 0.37646484375 0.17626953125 0.37646484375 0.12744140625
0 0.30322265625 0.03759765625 0.26904296875 0.03759765625 0.26904296875 0.08447265625 0.30322265625 0.08447265625 0.30322265625 0.03759765625
0 0.25048828125 0.060546875 0.21142578125 0.060546875 0.21142578125 0.1103515625 0.25048828125 0.1103515625 0.25048828125 0.060546875
0 0.3125 0.08544921875 0.251953125 0.08544921875 0.251953125 0.16552734375 0.3125 0.16552734375 0.3125 0.08544921875
0 0.46533203125 0.07275390625 0.32275390625 0.07275390625 0.32275390625 0.33251953125 0.46533203125 0.33251953125 0.46533203125 0.07275390625
0 0.4140625 0.26708984375 0.375 0.26708984375 0.375 0.31103515625 0.4140625 0.31103515625 0.4140625 0.26708984375
0 0.3642578125 0.251953125 0.33203125 0.251953125 0.33203125 0.3017578125 0.3642578125 0.3017578125 0.3642578125 0.251953125
0 0.427734375 0.1572265625 0.3740234375 0.1572265625 0.3740234375 0.208984375 0.427734375 0.208984375 0.427734375 0.1572265625
0 0.3037109375 0.1884765625 0.2568359375 0.1884765625 0.2568359375 0.2451171875 0.3037109375 0.2451171875 0.3037109375 0.1884765625
0 0.2421875 0.193359375 0.22265625 0.193359375 0.22265625 0.220703125 0.2421875 0.220703125 0.2421875 0.193359375
0 0 0.2890625 0.1298828125 0.2890625 0.1298828125 0.1689453125 0 0.1689453125 0 0.2890625
0 0.32470703125 0.35791015625 0.15576171875 0.35791015625 0.15576171875 0.60498046875 0.32470703125 0.60498046875 0.32470703125 0.35791015625
0 0.39599609375 0.3994140625 0.36181640625 0.3994140625 0.36181640625 0.4287109375 0.39599609375 0.4287109375 0.39599609375 0.3994140625
0 0.35888671875 0.376953125 0.32666015625 0.376953125 0.32666015625 0.470703125 0.35888671875 0.470703125 0.35888671875 0.376953125
0 0.32666015625 0.296875 0.28955078125 0.296875 0.28955078125 0.322265625 0.32666015625 0.322265625 0.32666015625 0.296875
0 0.34912109375 0.32470703125 0.29931640625 0.32470703125 0.29931640625 0.36669921875 0.34912109375 0.36669921875 0.34912109375 0.32470703125
0 0.41650390625 0.32421875 0.39111328125 0.32421875 0.39111328125 0.349609375 0.41650390625 0.349609375 0.41650390625 0.32421875