0 0.249602878125 0.6264888921875 0.16714376875 0.504238234375 0.056227609375 0.5790521281250001 0.13868671875 0.7013027859375 0.249602878125 0.6264888921875
0 0.170778909375 0.675533515625 0.063910784375 0.747616975 0.1480081546875 0.8722964531249999 0.25487627968750004 0.80021299375 0.170778909375 0.675533515625
0 0.27040843593749997 1 0.3661160953125 0.9354443671875 0.2781961171875 0.8050976406249999 0.1575646734375 0.8864645765624999 0.2341452828125 1 0.27040843593749997 1
0 0.78562728125 0.8527315265625001 0.7446707703125 0.7920110015625 0.6831406375 0.8335136000000001 0.7240971484375 0.894234125 0.78562728125 0.8527315265625001
0 1 0.7103813999999999 0.8941100578125001 0.5533931046875 0.721663765625 0.669709596875 0.8303350421875001 0.8308213921875 1 0.7163809328124999 1 0.7103813999999999
0 1 0.6203782343750001 0.9793250406249999 0.6343236703125 1 0.6649755578125001 1 0.6203782343750001
0 0.48470330937500006 0.37603176562499996 0.46668244375 0.349314734375 0.443203840625 0.36515125312499996 0.46122470625 0.391868284375 0.48470330937500006 0.37603176562499996
0 0.6368949421875 0.49600923750000003 0.6035836453125001 0.44662320937500005 0.5882011125 0.45699885937499996 0.6215124078125001 0.5063848875 0.6368949421875 0.49600923750000003
0 0.59456995 0.532803434375 0.5678116953125001 0.4931326921875 0.542713878125 0.5100613828125 0.5694721328125001 0.5497321265624999 0.59456995 0.532803434375
0 0.5452157546875 0.4718574828125 0.532109671875 0.4524269140625 0.4997253921875 0.4742703875 0.512831475 0.4937009546875 0.5452157546875 0.4718574828125
0 0.5618857546875 0.4240970625 0.5465953234375001 0.40142806562500005 0.5328320046874999 0.4107115421875 0.5481224359375 0.4333805375 0.5618857546875 0.4240970625
0 0.42909415624999997 0.710972284375 0.3602872171875 0.6089618015625 0.2631343765625 0.6744922203125 0.331941315625 0.776502703125 0.42909415624999997 0.710972284375
0 0.20253009375 0.31133443125000004 0.1610274953125 0.24980429843750002 0.101926184375 0.2896686359375 0.1434287828125 0.35119876875 0.20253009375 0.31133443125000004
0 0.3288940171875 0.0629551984375 0.305412284375 0.028142096875 0.20583062187499998 0.0953107765625 0.2293123546875 0.13012387812499998 0.3288940171875 0.0629551984375
0 0.757427890625 0.49657606875000004 0.7383148515625 0.46823982343750004 0.7091689984375 0.48789894843750004 0.7282820375 0.51623519375 0.757427890625 0.49657606875000004
0 0.7005454906249999 0.9466362828125 0.6732411484374999 0.9061559328125 0.6505721531249999 0.9214463640625 0.67787649375 0.9619267140625001 0.7005454906249999 0.9466362828125
0 0 0.6528653390625 0.021316012500000002 0.684467628125 0.044794615625 0.6686311109374999 0 0.6022203609375001 0 0.6528653390625