0 0.8627841593750001 0.254451903125 0.9355167609375 0.296444090625 0.9589542609375 0.25584915 0.8862216593750001 0.21385696250000003 0.8627841593750001 0.254451903125
0 0.8331768046875 0.15729584531250002 0.8695431062500001 0.17829193906250002 0.8841915437500001 0.1529201015625 0.8478252421875 0.1319240078125 0.8331768046875 0.15729584531250002
0 0.6996900875 0.5115484984374999 0.7470508515625001 0.5388922484374999 0.7924610078125001 0.4602395515625 0.74510024375 0.4328958015625 0.6996900875 0.5115484984374999
0 0.497305396875 0.32986250156249997 0.58272391875 0.37917890781249997 0.61983329375 0.3149035859375 0.5344147718750001 0.2655871796875 0.497305396875 0.32986250156249997
0 0.3705257140625 0.21156072812499999 0.40942920000000005 0.23402166562499999 0.42993701250000005 0.1985010921875 0.3910335265625 0.1760401546875 0.3705257140625 0.21156072812499999
0 0.3716700109375 0.4986412484375 0.432562421875 0.5337974984375 0.458929609375 0.488128190625 0.3980371984375 0.452971940625 0.3716700109375 0.4986412484375
0 0.632265003125 0.76016810625 0.6973860546874999 0.7977657625 0.7427962109374999 0.7191130640625001 0.677675159375 0.6815154078125001 0.632265003125 0.76016810625
0 0.71812735625 0.8458251499999999 0.7730996718750001 0.8775634312499999 0.7955606093750001 0.8386599468749999 0.74058829375 0.8069216656249999 0.71812735625 0.8458251499999999
0 0.705612946875 0.96320386875 0.7605852625 0.99494215 0.79720635625 0.9315125546875 0.742234040625 0.8997742734375 0.705612946875 0.96320386875
0 0.6302426859375 0.9287099265625001 0.6979009203125 0.9677724265625001 0.7433110765625 0.889119728125 0.6756528421875 0.850057228125 0.6302426859375 0.9287099265625001
0 0.15358609375 0.7279361718749999 0.3590979828125 0.8465885156249999 0.45235970156249994 0.68505448125 0.24684781249999999 0.5664021375 0.15358609375 0.7279361718749999
0 0.43008649062500004 1 0.43555559375 0.9905272359374999 0.3738174546875 0.9548827046874999 0.3523330796875 0.9920947328124999 0.3660254046875 1 0.43008649062500004 1