0 0.39483344374999996 0.9348631765625001 0.37497325625 0.8902564640625 0.329474409375 0.91051385625 0.349334596875 0.95512056875 0.39483344374999996 0.9348631765625001
0 0.16929563593750002 0.6167731171875 0.152215875 0.5784113453125 0.11563837187499999 0.5946967 0.1327181328125 0.633058471875 0.16929563593750002 0.6167731171875
0 0.1363497640625 0.5763890578125 0.1295973 0.561222775 0.1188916890625 0.5659892203125 0.125644153125 0.5811555015625001 0.1363497640625 0.5763890578125
0 0.069691946875 0.537117771875 0.061350668750000004 0.5183829531249999 0.050645057812500005 0.5231493984375 0.0589863359375 0.5418842171875 0.069691946875 0.537117771875
0 0.0848944984375 0.510038525 0.075361609375 0.488627303125 0.05573465625 0.49736578593749997 0.0652675453125 0.5187770078125 0.0848944984375 0.510038525
0 0.11457294843750002 0.48185909843749997 0.1070260765625 0.464908546875 0.079369915625 0.4772218640625 0.08691678750000001 0.4941724140625 0.11457294843750002 0.48185909843749997
0 0.091554021875 0.45896938125000003 0.0732826484375 0.41793120625 0.0367051453125 0.4342165609375 0.0549765171875 0.4752547359375 0.091554021875 0.45896938125000003
0 0.0461071875 0.4829450484375 0.034588278125 0.45707315625 0.015853459375 0.46541443437499996 0.027372368749999997 0.4912863265625 0.0461071875 0.4829450484375
0 0.0710428671875 0.40449718125 0.0623043859375 0.384870228125 0.043569565625 0.39321150781249997 0.0523080484375 0.4128384609375 0.0710428671875 0.40449718125
0 0.11013129375 0.3614383546875 0.09265432812499999 0.3221844484375 0.047155482812499996 0.342441840625 0.064632446875 0.381695746875 0.11013129375 0.3614383546875
0 0.138890784375 0.36840994843749997 0.1281662828125 0.3443223234375 0.0996179875 0.35703284375 0.1103424890625 0.38112046875 0.138890784375 0.36840994843749997
0 0.1051647359375 0.27225175625000003 0.0714024171875 0.19642034531250002 0.0027080796875 0.227005034375 0.0364704 0.3028364453125 0.1051647359375 0.27225175625000003
0 0.32430332968750003 0.357480675 0.2861717703125 0.27183578750000004 0.23710438749999999 0.29368199375000004 0.27523594687499997 0.37932688125 0.32430332968750003 0.357480675
0 0.381373096875 0.3668134515625 0.349596796875 0.2954427125 0.308558621875 0.31371408437500004 0.340334921875 0.3850848234375 0.381373096875 0.3668134515625
0 0.5004081609375 0.593354090625 0.4773703421875 0.5416103046875 0.42384228906250004 0.5654425296875 0.44688010624999996 0.6171863156249999 0.5004081609375 0.593354090625
0 0.669013596875 0.5818904671875 0.6487562062500001 0.536391621875 0.601473090625 0.5574434203124999 0.6217304828125 0.6029422656250001 0.669013596875 0.5818904671875
0 0.54408483125 0.6674437984375 0.5154861609375 0.6032101328125 0.4182435296875 0.6465053421875 0.4468422 0.7107390078125 0.54408483125 0.6674437984375
0 0.6075351703125 0.578261984375 0.5614595359375001 0.47477441249999996 0.4954416015625 0.504167490625 0.5415172375 0.6076550625 0.6075351703125 0.578261984375
0 0.646875846875 0.46614159062500005 0.6238380296875 0.41439780624999994 0.5810155859374999 0.4334635859375 0.6040534046875 0.48520737187499996 0.646875846875 0.46614159062500005
0 0.586737259375 0.38869139375 0.5644938500000001 0.3387318765625 0.498475915625 0.3681249546875 0.5207193265625001 0.41808447187500003 0.586737259375 0.38869139375
0 0.5077442140625 0.136840034375 0.49145885937499995 0.10026253125 0.45755775937500004 0.11535627343749999 0.4738431125 0.151933778125 0.5077442140625 0.136840034375
0 0.5523414796874999 0.10255281249999999 0.525728828125 0.04277981875 0.465955834375 0.0693924703125 0.4925684859375 0.1291654640625 0.5523414796874999 0.10255281249999999
0 0.6625798781250001 0.14486936875 0.646294525 0.108291865625 0.6070406171875 0.1257688296875 0.623325971875 0.16234633437499998 0.6625798781250001 0.14486936875
0 0.6940141343749999 0.22387526093750001 0.6805092078125 0.193542696875 0.645715971875 0.2090336421875 0.6592209 0.23936620625 0.6940141343749999 0.22387526093750001
0 0.7915547328125 0.1056187359375 0.7697085265625 0.056551353125 0.7251018140625 0.076411540625 0.7469480203125001 0.1254789234375 0.7915547328125 0.1056187359375
0 0.715672946875 0.062436870312500004 0.6886630921875 0.0017717421875 0.6333507703125 0.026398375 0.660360625 0.087063503125 0.715672946875 0.062436870312500004
0 1 0.39372171875 0.9555811171874999 0.29395527499999996 0.84584860625 0.34281133750000004 0.91456485625 0.4971505609375 1 0.4591123828125 1 0.39372171875
0 0.9735813484375001 0.37520094843749996 0.9465714937499999 0.3145358203125 0.882337828125 0.343134490625 0.909347684375 0.40379961875000003 0.9735813484375001 0.37520094843749996