0 0.4462133640625 0 0.44107309062500005 0.0096674484375 0.651462946875 0.12153371875 0.6959343734375001 0.0378951296875 0.624664 0 0.4462133640625 0
0 0.8417729093749999 0.16299794843749998 0.861487046875 0.125921046875 0.749394090625 0.06632016562500001 0.729679953125 0.10339706562499999 0.8417729093749999 0.16299794843749998
0 0.8716173453125 0.209835228125 0.9041685953125 0.14861522968750002 0.8265657796875001 0.1073530796875 0.7940145296875001 0.1685730796875 0.8716173453125 0.209835228125
0 1 0.19956969062500002 0.9278805671875 0.1612231078125 0.8705720265625001 0.269004796875 0.9895630109375 0.332273425 1 0.312644303125 1 0.19956969062500002
0 1 0.38752903125 0.9282227703125001 0.5225223671875 1 0.560686996875 1 0.38752903125
0 0.9993905640625 0.3585133109375 0.8967823953125 0.30395557968750003 0.8445170078125 0.40225247968750005 0.947125175 0.4568102109375 0.9993905640625 0.3585133109375
0 0.848565546875 0.310392965625 0.7580289296875 0.262253790625 0.7075974140625 0.3571016765625 0.79813403125 0.4052408515625 0.848565546875 0.310392965625
0 0.7142265625 0.17094309531250002 0.5331533265624999 0.074664746875 0.47446938125000004 0.185033196875 0.6555426171875001 0.28131154375 0.7142265625 0.17094309531250002
0 0.5221205703125 0.1401371671875 0.4393442328125 0.096124209375 0.40083289375 0.168553503125 0.48360923125 0.21256646250000003 0.5221205703125 0.1401371671875
0 0.4243746640625 0.0920358375 0.34849635625 0.051690625000000004 0.30723420625000003 0.12929344062499998 0.38311251562500004 0.16963865312499998 0.4243746640625 0.0920358375
0 0.3679999 0.18870075625 0.182615396875 0.0901300671875 0.0927556046875 0.2591317546875 0.278140109375 0.35770244375 0.3679999 0.18870075625
0 0.21839475312499998 0.08316269062500001 0.169246303125 0.057029996875 0.0862635375 0.21309788125 0.1354119875 0.23923057499999997 0.21839475312499998 0.08316269062500001
0 0.295795303125 0.3504994953125 0.1302426296875 0.26247357656250003 0.0472598625 0.4185414625 0.2128125359375 0.5065673796875 0.295795303125 0.3504994953125
0 0.3839092109375 0.3907143375 0.28216329687499997 0.3366150765625 0.21706079374999998 0.45905507500000003 0.3188067078125 0.5131543359374999 0.3839092109375 0.3907143375
0 0.64070341875 0.289458771875 0.47170173125000003 0.1995989796875 0.400180671875 0.3341105265625 0.5691823609375 0.42397031875 0.64070341875 0.289458771875
0 0.7757637859375001 0.4088307359375 0.6628085765625 0.3487713859375 0.6027492249999999 0.4617265953125 0.7157044359375 0.5217859453125 0.7757637859375001 0.4088307359375
0 0.366987515625 0.6825558328125 0.2738641359375 0.6330412546875 0.23214351875 0.7115063234375001 0.325266896875 0.7610209015625 0.366987515625 0.6825558328125
0 0.46226671406250003 0.6198490750000001 0.33120418125 0.5501618890625 0.2757295140625 0.6544945640625001 0.406792046875 0.7241817484374999 0.46226671406250003 0.6198490750000001
0 0.5967806234374999 0.5343157765625001 0.4338147109375 0.4476652625 0.35449969062500003 0.5968351203125 0.5174656046874999 0.6834856328125001 0.5967806234374999 0.5343157765625001
0 0.634423371875 0.47912105 0.5395754859374999 0.428689534375 0.5056488296875 0.49249629375000004 0.6004967156250001 0.542927809375 0.634423371875 0.47912105
0 0.3232483453125 0.5276822765625 0.1921858125 0.45799509218749995 0.11791394375 0.5976801593750001 0.2489764765625 0.6673673453125 0.3232483453125 0.5276822765625
0 0.134363746875 0.795557025 0.1027294328125 0.8550525171875 0.33295111875 0.9774635593750001 0.3645854328125 0.9179680671874999 0.134363746875 0.795557025
0 0.48928210468750005 0.9278631671875001 0.41167928906249995 0.8866010171875001 0.383712721875 0.93919848125 0.4613155375 0.98046063125 0.48928210468750005 0.9278631671875001
0 0.5748011203125001 1 0.58791760625 0.975331478125 0.5249731 0.941863290625 0.4940612625 1 0.5748011203125001 1
0 0.6601624078125 0.66368766875 0.612738465625 0.6384719109375 0.5898150484375 0.6815845875 0.6372389921875 0.7068003453125 0.6601624078125 0.66368766875
0 0.7400050578124999 0.659134678125 0.68137181875 0.62795883125 0.6291064296875 0.72625573125 0.68773966875 0.7574315781250001 0.7400050578124999 0.659134678125
0 0.886581815625 0.7547673296874999 0.9210719562499999 0.7731060624999999 0.9595832953125001 0.7006767671875 0.9250931546875 0.6823380343750001 0.886581815625 0.7547673296874999
0 0.8602513921874999 0.8292492296875 0.884394490625 0.8420863437499999 0.910068715625 0.793800146875 0.88592561875 0.780963034375 0.8602513921874999 0.8292492296875
0 0.7484471140625 1 0.7755567953125 0.9490141046874999 0.688469190625 0.9027088046875 0.6426223578125 0.9889341546875 0.6634341859374999 1 0.7484471140625 1
0 0.6842976390625 1 0.7590142796875 0.8594784359375 0.609844421875 0.7801634156249999 0.51219066875 0.9638234140625 0.5802289328125 1 0.6842976390625 1
0 0.80272648125 0.7887084640625 0.7104653562500001 0.739652353125 0.6604923078125 0.8336379859375 0.752753434375 0.8826940953125 0.80272648125 0.7887084640625
0 0.8293426234375 0.8946606296875 0.7396682578125 0.8469799234375 0.698406109375 0.9245827390624999 0.788080475 0.9722634453125 0.8293426234375 0.8946606296875
0 0.89025155 0.8175499609375001 0.8005771859375 0.76986925625 0.7583981 0.849196578125 0.8480724640625 0.8968772843749999 0.89025155 0.8175499609375001
0 0.8441800203125001 0.7034652343750001 0.753643403125 0.655326059375 0.7082550390625 0.7406891578125 0.7987916578125 0.78882833125 0.8441800203125001 0.7034652343750001
0 0.9254654359375 0.6587564328125 0.87545473125 0.6321652703125 0.84198654375 0.6951097765625 0.891997246875 0.7217009390625 0.9254654359375 0.6587564328125
0 1 0.498196559375 0.82823721875 0.40686866874999994 0.7631347171875 0.5293086671875 0.9511059812499999 0.6292547609375 1 0.5372984859375001 1 0.498196559375
0 0.875097303125 0.57667395 0.806117021875 0.539996484375 0.7809012640625 0.5874204265625 0.8498815453124999 0.62409789375 0.875097303125 0.57667395
0 0.8710992828125 0.6403566781250001 0.8107415375 0.6082638953124999 0.7910273984375 0.645340796875 0.8513851453125 0.6774335796875001 0.8710992828125 0.6403566781250001
0 0.9274760343749999 0.61337241875 0.8576335 0.5762364843750001 0.84433791875 0.6012418359375 0.914180453125 0.6383777703125 0.9274760343749999 0.61337241875
0 0 0.768355571875 0.049200367187499996 0.7945158703125 0.1830731171875 0.5427378468749999 0 0.44539614375000003 0 0.768355571875