0 0.7090557390625001 0.4053189171875 0.6967424234374999 0.3776627546875 0.6557042484375 0.395934128125 0.668017565625 0.42359028906249996 0.7090557390625001 0.4053189171875
0 0.705006503125 0.35420720625 0.6859407234375 0.3113847625 0.652039621875 0.32647850625 0.6711054015625 0.3693009484375 0.705006503125 0.35420720625
0 0.788561346875 0.3041784234375 0.7663179375 0.25421890625 0.729740434375 0.2705042609375 0.7519838437499999 0.32046377812500004 0.788561346875 0.3041784234375
0 0.880947615625 0.3400120203125 0.8598958171875 0.29272890625 0.82510258125 0.308219853125 0.8461543796875001 0.35550296718749996 0.880947615625 0.3400120203125
0 0.9082286125 0.3604696515625 0.890751646875 0.3212157453125 0.8604190828125 0.334720671875 0.8778960484375 0.373974578125 0.9082286125 0.3604696515625
0 0.779286753125 0.5258453203125 0.7665762328125 0.49729702500000006 0.7424886093749999 0.5080215265625 0.7551991296875 0.536569821875 0.779286753125 0.5258453203125
0 0.8202176296875001 0.6465892156249999 0.8059182953124999 0.6144723828124999 0.7613115828125 0.6343325703125 0.77561091875 0.666449403125 0.8202176296875001 0.6465892156249999
0 0.9366835890624999 0.735306196875 0.9223842531249999 0.703189365625 0.8902674218750001 0.7174887 0.90456675625 0.7496055328125 0.9366835890624999 0.735306196875
0 0.9817504734375 0.812518375 0.9646707109375001 0.774156603125 0.93701455 0.7864699203125001 0.9540943109375 0.8248316921875001 0.9817504734375 0.812518375
0 0.9216118859375 0.7350681781249999 0.8834803250000001 0.6494232906249999 0.7978354390625 0.6875548515625 0.8359669984375 0.7731997374999999 0.9216118859375 0.7350681781249999
0 0.8013587640625 0.0868224609375 0.793017484375 0.06808764218749999 0.77339053125 0.0768261234375 0.7817318109375 0.09556094375 0.8013587640625 0.0868224609375
0 0.7185494640625001 0.139726246875 0.70583894375 0.11117795156250002 0.67996705 0.12269686093750001 0.6926775703125 0.15124515624999998 0.7185494640625001 0.139726246875
0 0.816725159375 0.15855098437499998 0.792892934375 0.10502293124999999 0.7331199390625 0.1316355828125 0.756952165625 0.18516363593750002 0.816725159375 0.15855098437499998
0 0.7797300500000001 0.06705521406250001 0.75788384375 0.01798783125 0.7061400578125 0.0410256484375 0.7279862640625 0.09009303125 0.7797300500000001 0.06705521406250001
0 0.5985055234375001 0.0381710453125 0.591753059375 0.0230047640625 0.57212610625 0.031743246875 0.57887856875 0.046909528125 0.5985055234375001 0.0381710453125
0 0.6422295453125 0.033135096875 0.63547708125 0.017968814062499998 0.60157598125 0.0330625578125 0.6083284453125 0.0482288390625 0.6422295453125 0.033135096875
0 0.51074540625 0.025933292187500002 0.500418109375 0.0027378015625 0.46116420312499995 0.0202147671875 0.47149150000000006 0.04341025625 0.51074540625 0.025933292187500002
0 0.5514399 0.08852298125 0.52959369375 0.0394555984375 0.49747686093750004 0.0537549328125 0.51932306875 0.10282231718749998 0.5514399 0.08852298125
0 0.4078013078125 0 0.4209630015625 0.029561648437499997 0.46824611562499996 0.00850985 0.46445728593749996 0 0.4078013078125 0
0 0.6162944328125 0.2509954359375 0.6067615421875 0.2295842140625 0.5764289781249999 0.24308914218750002 0.58596186875 0.2645003640625 0.6162944328125 0.2509954359375
0 0.6520743812500001 0.2281168015625 0.644527509375 0.2111662515625 0.620439884375 0.221890753125 0.62798675625 0.238841303125 0.6520743812500001 0.2281168015625
0 0.5805397984375 0.16108533125 0.569815296875 0.1369977078125 0.5376984640625 0.1512970421875 0.548422965625 0.1753846671875 0.5805397984375 0.16108533125
0 0.6420182234375 0.16471381406250002 0.6277188890625001 0.13259698125 0.5848964453125001 0.1516627625 0.59919578125 0.18377959375 0.6420182234375 0.16471381406250002
0 0.668607325 0.11278880625000001 0.6348450062500001 0.0369573953125 0.5661506703125 0.067542084375 0.5999129890625 0.14337349531250002 0.668607325 0.11278880625000001
0 0.6389740875000001 0.740111809375 0.627455178125 0.714239915625 0.6042596890625 0.7245672140625 0.615778596875 0.75043910625 0.6389740875000001 0.740111809375
0 0.66150438125 0.7739088859375001 0.6511770828125 0.7507133968749999 0.61906025 0.76501273125 0.6293875484375 0.788208221875 0.66150438125 0.7739088859375001
0 0.7347712203125 0.8364276734375 0.7244439218750001 0.8132321843750001 0.7030327 0.8227650734375 0.7133599984375001 0.8459605640625 0.7347712203125 0.8364276734375
0 0.7101272078124999 0.8302962031250001 0.6926502421875 0.7910422968749999 0.6391221890625001 0.814874521875 0.656599153125 0.854128428125 0.7101272078124999 0.8302962031250001
0 0.6565960046875 0.8493194171875 0.63554420625 0.8020363015624999 0.57755548125 0.827854546875 0.5986072796874999 0.8751376609375001 0.6565960046875 0.8493194171875
0 0.581456490625 0.955464375 0.5592130796875 0.9055048578125 0.5163906375 0.9245706374999999 0.538634046875 0.9745301546875 0.581456490625 0.955464375
0 0.53905111875 1 0.5588725484375 0.99117493125 0.548148046875 0.9670873062500001 0.505325603125 0.9861530875 0.511490646875 1 0.53905111875 1
0 0.3975051859375 0.8508276328125 0.3772477953125 0.8053287859375 0.30230851875 0.8386939015625 0.3225659109375 0.8841927484375001 0.3975051859375 0.8508276328125
0 0.461797159375 0.8355652609374999 0.45146986250000004 0.8123697703125 0.42113729843750003 0.8258746984374999 0.4314645953125 0.8490701890624999 0.461797159375 0.8355652609374999
0 0.49158744218750006 0.902475328125 0.478876921875 0.8739270328125001 0.4289174046875 0.89617044375 0.441627925 0.9247187390624999 0.49158744218750006 0.902475328125
0 0.304956540625 1 0.30514083125 0.9999179484375 0.284883440625 0.9544191015625 0.237600325 0.9754709 0.248521384375 1 0.304956540625 1
0 0.3064224875 0.761499103125 0.29371196718750003 0.7329508078125 0.265163671875 0.745661328125 0.2778741921875 0.7742096234375 0.3064224875 0.761499103125
0 0.2136199984375 0.8471801343750001 0.204087109375 0.8257689125000001 0.18089161874999998 0.8360962093750001 0.190424509375 0.85750743125 0.2136199984375 0.8471801343750001
0 0.529910046875 0.5983916765624999 0.5144191 0.5635984406250001 0.4858708046875 0.5763089609375001 0.5013617515625 0.611102196875 0.529910046875 0.5983916765624999
0 0.5162380015625 0.6157031609375 0.5059107046875 0.5925076703125 0.4675489328125 0.6095874328125 0.4778762296875 0.632782921875 0.5162380015625 0.6157031609375
0 0.46475125312500004 0.5012625140625 0.44846589843749995 0.464685009375 0.41634906562499996 0.4789843453125 0.4326344203125 0.5155618484375 0.46475125312500004 0.5012625140625
0 0.42044414375 0.37293547656250003 0.4097196421875 0.348847853125 0.38384775000000004 0.3603667609375 0.39457225 0.3844543859375 0.42044414375 0.37293547656250003
0 0.46969438593749996 0.3274902796875 0.456189459375 0.297157715625 0.42853329687499997 0.30947103125000003 0.442038225 0.3398035953125 0.46969438593749996 0.3274902796875
0 0.4440353265625 0.2854653921875 0.43331082500000007 0.2613777671875 0.4056546640625 0.273691084375 0.4163791640625 0.297778709375 0.4440353265625 0.2854653921875
0 0.36622419375000004 0.3243850625 0.33841993125 0.2619356671875 0.2911368171875 0.282987465625 0.31894107968749996 0.3454368625 0.36622419375000004 0.3243850625
0 0.18348187968750002 0.173243871875 0.1652105078125 0.132205696875 0.1241723328125 0.1504770703125 0.1424437046875 0.1915152453125 0.18348187968750002 0.173243871875
0 0.09685657812500001 0.22838114375 0.0841460578125 0.1998328484375 0.056489896875 0.21214616406250003 0.0692004171875 0.240694459375 0.09685657812500001 0.22838114375
0 0.1666241453125 0.398287 0.1388198828125 0.335837603125 0.1147322578125 0.3465621046875 0.1425365203125 0.4090115015625 0.1666241453125 0.398287
0 0.124684390625 0.4025285421875 0.102838184375 0.353461159375 0.078750559375 0.3641856609375 0.10059676718749999 0.41325304375 0.124684390625 0.4025285421875
0 0.07762997656250001 0.242820771875 0.07008310625 0.225870221875 0.048671884375 0.23540311093750002 0.056218754687500004 0.2523536609375 0.07762997656250001 0.242820771875
0 0 0.602676825 0.0141793859375 0.6345242468750001 0.057001828125 0.6154584671875 0.0244311203125 0.542303459375 0 0.5531808953125 0 0.602676825
0 0.588434884375 0.33127958281250003 0.5721495296875 0.2947020796875 0.5311113546875 0.3129734515625 0.547396709375 0.34955095625 0.588434884375 0.33127958281250003
0 0.5856875796875001 0.29989885 0.5686078171875 0.26153707812500004 0.525785375 0.2806028578125 0.5428651359375001 0.3189646296875 0.5856875796875001 0.29989885
0 0.872310134375 0.1717517765625 0.8963977578125 0.161027275 0.8753459593749999 0.113744159375 0.851258334375 0.1244686609375 0.872310134375 0.1717517765625
0 0.39017593281249996 0.7119163875 0.3587968375 0.6414377828125 0.32400360156249997 0.6569287296875 0.35538269843750003 0.7274073343749999 0.39017593281249996 0.7119163875
0 0.338230396875 0.7296991265624999 0.31519257968750003 0.677955340625 0.2759386734375 0.6954323062500001 0.298976490625 0.7471760921875 0.338230396875 0.7296991265624999
0 0.34732830312499996 0.6925100750000001 0.322304465625 0.63630561875 0.30089324375 0.645838509375 0.32591708124999996 0.702042965625 0.34732830312499996 0.6925100750000001
0 0.3850596359375 0.6211929859375 0.375526746875 0.5997817640625 0.35233125625 0.6101090609375001 0.361864146875 0.6315202828125 0.3850596359375 0.6211929859375
0 0.361750678125 0.609656696875 0.3522177875 0.588245475 0.3245616265625 0.6005587921875 0.33409451562500003 0.6219700140625 0.361750678125 0.609656696875
0 0.34360385625 0.5316832328125 0.334070965625 0.5102720109375001 0.31087547656250003 0.520599309375 0.32040836562499997 0.54201053125 0.34360385625 0.5316832328125
0 0.0604647046875 0.6796590109375 0.037269215625000005 0.6899863078124999 0.063881865625 0.7497593015625 0.08707735625 0.7394320046875 0.0604647046875 0.6796590109375