0 0.48897226250000003 0.47762453281250006 0.48330221875 0.5003658390625 0.504148415625 0.5055633796875 0.5098184609375 0.4828220734375 0.48897226250000003 0.47762453281250006
0 0.5031753906249999 0.4650624328125 0.5017578796875 0.470747759375 0.511233425 0.47311027812499995 0.5126509359375 0.4674249515625 0.5031753906249999 0.4650624328125
0 0.49439459374999994 0.43771166875 0.489905809375 0.455715203125 0.5050666796875001 0.45949523281250004 0.509555465625 0.4414916984375 0.49439459374999994 0.43771166875
0 0.5046855578125 0.418638634375 0.5018505359375001 0.4300092875 0.5084834171875 0.43166304999999994 0.5113184390625001 0.42029239687500003 0.5046855578125 0.418638634375
0 0.5057410499999999 0.40229522968750003 0.4977084875 0.43451208125 0.5280302296875 0.442072140625 0.5360627921875001 0.4098552890625 0.5057410499999999 0.40229522968750003
0 0.49618940624999996 0.4668432359375 0.49453564375000003 0.47347611718750005 0.502116078125 0.4753661328125 0.5037698421875 0.4687332515625 0.49618940624999996 0.4668432359375
0 0.4675061453125 0.4284914796875 0.4618361015625 0.451232784375 0.4826822984375 0.456430325 0.4883523421875 0.4336890203125 0.4675061453125 0.4284914796875
0 0.4505835734375 0.44792398593750005 0.44585853750000004 0.4668750734375 0.46859984375 0.47254511875 0.47332487968750003 0.4535940296875 0.4505835734375 0.44792398593750005
0 0.49729329218749996 0.5270027546875 0.49351326249999994 0.5421636249999999 0.5153070140625 0.5475974171875 0.51908704375 0.532436546875 0.49729329218749996 0.5270027546875
0 0.47337709375000003 0.5361366546874999 0.4691245609375 0.553192634375 0.49281342187500005 0.55909893125 0.4970659546875 0.5420429515625 0.47337709375000003 0.5361366546874999
0 0.445422965625 0.527153990625 0.44117043125000005 0.5442099703125 0.45254108437499996 0.5470449921875 0.45679361875 0.5299890140625 0.445422965625 0.527153990625
0 0.5559958203125 0.46917391718749996 0.5529245453125 0.48149212500000005 0.5709280796875 0.485980909375 0.573999353125 0.4736627015625 0.5559958203125 0.46917391718749996
0 0.53477486875 0.4331859515625 0.530522334375 0.45024193125 0.559896521875 0.45756573906250003 0.5641490546875 0.440509759375 0.53477486875 0.4331859515625
0 0.5399685890625 0.40630005 0.5352435515625 0.4252511390625 0.5466142046875 0.4280861609375 0.5513392421875001 0.40913507187500003 0.5399685890625 0.40630005
0 0.44933736562500004 0.349986784375 0.44390357343750003 0.3717805359375 0.47612042343749994 0.3798131 0.481554215625 0.35801934687500003 0.44933736562500004 0.349986784375
0 0.43597894843749996 0.38741773125 0.4336164296875 0.396893275 0.44498708281250005 0.3997282984375 0.4473496015625 0.390252753125 0.43597894843749996 0.38741773125
0 0.4200192125 0.43124530625 0.4167116875 0.44451106874999996 0.4290298953125 0.4475823421875 0.4323374203125 0.43431658124999994 0.4200192125 0.43124530625
0 0.399400353125 0.41100756875 0.3951478203125 0.4280635484375 0.407466028125 0.431134821875 0.41171856093750003 0.4140788421875 0.399400353125 0.41100756875
0 0.3659248703125 0.4726100671875 0.3564747953125 0.51051224375 0.3858489828125 0.5178360515625 0.3952990578125 0.47993387500000007 0.3659248703125 0.4726100671875
0 0.3281395453125 0.46067298125 0.3217607453125 0.48625695 0.343554496875 0.49169074375 0.349933296875 0.4661067734375 0.3281395453125 0.46067298125
0 0.3352933234375 0.5369345562500001 0.3324583015625 0.5483052093749999 0.34477650937500004 0.551376484375 0.34761153125 0.54000583125 0.3352933234375 0.5369345562500001
0 0.3183338203125 0.49798325468750004 0.31337253125000003 0.5178818984375 0.33327117500000003 0.5228431859375 0.3382324625 0.50294454375 0.3183338203125 0.49798325468750004
0 0.2991655828125 0.52440429375 0.291841775 0.55377848125 0.3070026453125 0.5575585109375 0.31432645312499996 0.5281843234375 0.2991655828125 0.52440429375
0 0.3160321203125 0.41638945781250003 0.3108345796875 0.43723565468750003 0.324100340625 0.44054318124999997 0.32929788125 0.4196969828125 0.3160321203125 0.41638945781250003
0 0.29293006875 0.4020745703125 0.28915003906250003 0.4172354421875 0.3071535734375 0.42172422656249997 0.31093360312499996 0.40656335625000006 0.29293006875 0.4020745703125
0 0.312193509375 0.3389415296875 0.3077047234375 0.3569450625 0.3162327140625 0.3590713296875 0.32072149843750003 0.3410677953125 0.312193509375 0.3389415296875
0 0.3611043203125 0.3405685484375 0.35378051250000003 0.3699427359375 0.371784046875 0.37443152031250004 0.3791078546875 0.3450573328125 0.3611043203125 0.3405685484375
0 0.3652731125 0.378343684375 0.35275176406250003 0.42856406874999997 0.38402105937500003 0.4363603796875 0.3965424078125 0.3861399953125 0.3652731125 0.378343684375
0 0.4102364109375 0.50479380625 0.40692888437499997 0.51805956875 0.41924709218749995 0.5211308421874999 0.42255461875 0.5078650812500001 0.4102364109375 0.50479380625
0 0.38046613125 0.62015919375 0.3755048421875 0.6400578359375 0.39256082187499997 0.6443103703124999 0.3975221109375 0.6244117265625 0.38046613125 0.62015919375
0 0.3289514546875 0.620902334375 0.325171425 0.6360632046875 0.340332296875 0.639843234375 0.3441123265625 0.6246823640625 0.3289514546875 0.620902334375
0 0.2732195953125 0.5073674171875 0.2692033125 0.5234758421875 0.28246907499999996 0.52678336875 0.28648535625 0.5106749421875 0.2732195953125 0.5073674171875
0 0.2722809546875 0.5212238078125 0.2668471625 0.543017559375 0.287693359375 0.5482151015625 0.2931271515625 0.5264213484375 0.2722809546875 0.5212238078125
0 0.265450990625 0.3952232671875 0.26261596875 0.40659392031249997 0.2758817296875 0.409901446875 0.27871675156250003 0.39853079375 0.265450990625 0.3952232671875
0 0.2606966625 0.36786995624999996 0.2564441296875 0.3849259359375 0.2772903265625 0.3901234765625 0.281542859375 0.37306749687499996 0.2606966625 0.36786995624999996
0 0.20408983749999998 0.36885316874999996 0.1991285484375 0.3887518109375 0.21618452812500003 0.3930043453125 0.22114581718749998 0.3731057015625 0.20408983749999998 0.36885316874999996
0 0.15322819375000002 0.4658759265625 0.14306936406249998 0.5066207671875 0.18760442187499998 0.517724603125 0.19776325156250002 0.4769797640625 0.15322819375000002 0.4658759265625
0 0.174096040625 0.5052984578124999 0.1707885140625 0.5185642203125 0.1812116125 0.5211629906249999 0.1845191390625 0.507897228125 0.174096040625 0.5052984578124999
0 0.21319985312499998 0.542222515625 0.2106010828125 0.552645615625 0.2153388546875 0.5538268734375 0.21793762499999997 0.543403775 0.21319985312499998 0.542222515625
0 0.2396285328125 0.5734701624999999 0.23183222187500002 0.6047394578125 0.254573528125 0.610409503125 0.2623698390625 0.57914020625 0.2396285328125 0.5734701624999999
0 0.262136134375 0.58411423125 0.25552108125 0.6106457546875 0.27447217031250004 0.6153707921875 0.281087221875 0.5888392687499999 0.262136134375 0.58411423125
0 0.09893931406249999 0.386920378125 0.091143003125 0.4181896734375 0.116726971875 0.4245684734375 0.1245232828125 0.39329917812500004 0.09893931406249999 0.386920378125
0 0.11524833281249999 0.33361853125 0.1105232953125 0.3525696203125 0.127579275 0.356822153125 0.13230431250000002 0.337871065625 0.11524833281249999 0.33361853125
0 0.121268934375 0.3034161890625 0.1153626375 0.32710505 0.13810394374999999 0.3327750953125 0.144010240625 0.309086234375 0.121268934375 0.3034161890625
0 0.1583709734375 0.358460634375 0.1548271953125 0.37267395 0.169988065625 0.3764539796875 0.17353184375 0.3622406640625 0.1583709734375 0.358460634375
0 0.18145010156250002 0.3365372953125 0.17648881249999998 0.3564359375 0.18691191093749998 0.3590347078125 0.19187320000000002 0.339136065625 0.18145010156250002 0.3365372953125
0 0.193768309375 0.33960856875 0.18880702031250002 0.3595072125 0.2049154453125 0.36352349375 0.209876734375 0.34362485 0.193768309375 0.33960856875
0 0.17644933437500002 0.294025659375 0.1698342828125 0.320557184375 0.22479243906250002 0.334259790625 0.23140749062500002 0.3077282671875 0.17644933437500002 0.294025659375
0 0.19139178125 0.32693853125 0.1890292640625 0.336414075 0.21935100468750002 0.343974134375 0.2217135234375 0.334498590625 0.19139178125 0.32693853125
0 0.024778534375 0.3452814703125 0.019817246875 0.3651801140625 0.0311879 0.3680151359375 0.0361491875 0.34811649375 0.024778534375 0.3452814703125
0 0.07103454218750001 0.268749259375 0.067727015625 0.2820150203125 0.0781501140625 0.28461379062500003 0.08145764062500001 0.2713480296875 0.07103454218750001 0.268749259375
0 0.0180771953125 0.42261764062499996 0.014060914062499999 0.43872606562499994 0.03395955625 0.4436873546875 0.0379758375 0.4275789296875 0.0180771953125 0.42261764062499996
0 0.0408299625 0.44640679843750003 0.0382311921875 0.456829896875 0.0514969546875 0.4601374234375 0.054095725 0.44971432343749995 0.0408299625 0.44640679843750003
0 0.027096790625 0.4530473203125 0.022844257812499998 0.4701033 0.0427429 0.4750645890625 0.046995434375 0.45800860937500004 0.027096790625 0.4530473203125
0 0.0915215765625 0.455019803125 0.0896315625 0.46260023749999996 0.10194977031250001 0.4656715125 0.10383978437500001 0.45809107656250003 0.0915215765625 0.455019803125
0 0 0.517246665625 0.016126362499999998 0.52126741875 0.020615146875 0.503263884375 0 0.49812395 0 0.517246665625
0 0.3165087546875 0.6082386640624999 0.3141462359375 0.6177142078125 0.32930710625000004 0.6214942375 0.331669625 0.61201869375 0.3165087546875 0.6082386640624999
0 0.5007622421875 0.581713196875 0.494855946875 0.6054020578125 0.5232825796875 0.6124896125 0.529188875 0.588800753125 0.5007622421875 0.581713196875
0 0.524208484375 0.5785008734375 0.52231846875 0.586081309375 0.5317940140624999 0.588443828125 0.5336840281249999 0.5808633921874999 0.524208484375 0.5785008734375
0 0.47414570468750006 0.6279160265625 0.4689481640625 0.6487622234375 0.486951696875 0.653251009375 0.49214923906249997 0.6324048109375 0.47414570468750006 0.6279160265625
0 0.54378968125 0.643267303125 0.5393008953125 0.6612708359374999 0.5601470921875 0.6664683765625 0.564635878125 0.64846484375 0.54378968125 0.643267303125
0 0.438000134375 0.5872004765625001 0.429258815625 0.622259990625 0.4576854484375 0.6293475453124999 0.4664267671875 0.5942880328125 0.438000134375 0.5872004765625001
0 0.4091188265625 0.6101933171875 0.4039212859375 0.6310395140625 0.4257150375 0.63647330625 0.43091257812499995 0.615627109375 0.4091188265625 0.6101933171875
0 0.4125355640625 0.5823611343749999 0.4049755046875 0.6126828765625 0.42676925624999995 0.61811666875 0.434329315625 0.5877949265625 0.4125355640625 0.5823611343749999
0 0.438995771875 0.47623503906250003 0.43308947499999995 0.49992390000000003 0.4501454546875 0.5041764328125 0.45605175156250005 0.480487571875 0.438995771875 0.47623503906250003
0 0.42183185468750006 0.4885621609375 0.41403554375 0.5198314578125001 0.4339341859375 0.5247927453125001 0.441730496875 0.49352345 0.42183185468750006 0.4885621609375
0 0.47249672499999995 0.4548972359375 0.468007940625 0.4729007703125 0.47558837499999995 0.474790784375 0.4800771609375 0.45678725 0.47249672499999995 0.4548972359375
0 0.4854042890625 0.45358638906250004 0.4802067484375 0.47443258593750004 0.493472509375 0.4777401125 0.49867005000000003 0.456893915625 0.4854042890625 0.45358638906250004
0 0.574292603125 0.37560610156249996 0.5681500546875 0.40024251718750004 0.5975242421875 0.407566325 0.603666790625 0.382929909375 0.574292603125 0.37560610156249996
0 0.61823703125 0.389078825 0.6109132234375 0.4184530125 0.6298643125 0.4231780484375 0.6371881187499999 0.3938038625 0.61823703125 0.389078825
0 0.64772934375 0.3959288546875 0.6444218187499999 0.40919461718749994 0.66053024375 0.4132108984375 0.66383776875 0.39994513593750003 0.64772934375 0.3959288546875
0 0.6375921640625 0.4708986859375 0.6342846375 0.4841644484375 0.6447077375 0.48676321875 0.6480152625 0.47349745624999995 0.6375921640625 0.4708986859375
0 0.6396104921875 0.47895035156250004 0.6367754703124999 0.49032100468750006 0.6490936781250001 0.4933922796875 0.6519287 0.48202162656249997 0.6396104921875 0.47895035156250004
0 0.6344218671874999 0.5138891921875001 0.6259167999999999 0.5480011515625 0.6429727796875 0.552253684375 0.651477846875 0.518141725 0.6344218671874999 0.5138891921875001
0 0.593364675 0.5715884421874999 0.5858046156250001 0.6019101828125 0.611388584375 0.6082889828125 0.61894864375 0.5779672421875001 0.593364675 0.5715884421874999
0 0.5629031578125 0.53027716875 0.5536893359375 0.567231790625 0.5925390671875 0.5769181171875 0.6017528890625 0.5399634953125 0.5629031578125 0.53027716875
0 0.58018010625 0.5094233296875 0.5742738109375 0.533112190625 0.5922773453125 0.5376009765624999 0.5981836406250001 0.5139121156249999 0.58018010625 0.5094233296875
0 0.5845724156250001 0.5261185640625 0.5779573640625 0.5526500890625 0.606383996875 0.55973764375 0.6129990484375 0.5332061203125 0.5845724156250001 0.5261185640625
0 0.6757649781249999 0.5337585453125 0.6717486953125 0.5498669703125 0.6878571203125 0.5538832515625 0.691873403125 0.5377748265625 0.6757649781249999 0.5337585453125
0 0.7665051015625 0.3878007796875 0.7622525671875 0.404856759375 0.7821512109375 0.409818046875 0.78640374375 0.39276206875 0.7665051015625 0.3878007796875
0 0.741778578125 0.42642317343749997 0.733037259375 0.4614826859375 0.75672611875 0.46738898281249996 0.7654674375 0.43232946875 0.741778578125 0.42642317343749997
0 0.7110047078124999 0.45296997968749997 0.7020271375 0.488977046875 0.731401325 0.49630085468749996 0.7403788953125 0.46029378593750003 0.7110047078124999 0.45296997968749997
0 0.73601205625 0.48386324687500004 0.7341220421875 0.4914436828125 0.7502304671875 0.49545996406250004 0.75212048125 0.487879528125 0.73601205625 0.48386324687500004
0 0.7387429609375 0.49511195468749997 0.736852946875 0.5026923890624999 0.7453809359375 0.50481865625 0.7472709515625 0.4972382203125 0.7387429609375 0.49511195468749997
0 0.7261999640625 0.511107346875 0.721711178125 0.52911088125 0.741609821875 0.5340721703125 0.74609860625 0.5160686359375 0.7261999640625 0.511107346875
0 0.6935258921874999 0.5291287109375 0.6880921 0.5509224625 0.7193613953125 0.5587187734375 0.7247951875 0.536925021875 0.6935258921874999 0.5291287109375
0 0.7008929984375001 0.5682045046875001 0.6952229546875001 0.5909458109375 0.7094362703125 0.5944895890625 0.715106315625 0.5717482828125 0.7008929984375001 0.5682045046875001
0 0.7175882328125 0.5638121968750001 0.7135719515625001 0.579920621875 0.7230474953125 0.582283140625 0.7270637765625 0.566174715625 0.7175882328125 0.5638121968750001
0 0.7250530890625 0.5702024578125 0.7222180671875 0.5815731109375 0.73074605625 0.5836993781250001 0.7335810796875 0.572328725 0.7250530890625 0.5702024578125
0 0.7007621375 0.548545934375 0.6953283453125 0.5703396859375001 0.72185986875 0.5769547390625 0.7272936609375 0.5551609875 0.7007621375 0.548545934375
0 0.7033723703125 0.5562419484375 0.70171860625 0.5628748296875 0.7092990421875001 0.5647648453125 0.7109528046875 0.5581319640625 0.7033723703125 0.5562419484375
0 0.6499587640625 0.5504728812499999 0.6461787359375 0.5656337515625001 0.6670249328125 0.5708312921875 0.6708049625 0.555670421875 0.6499587640625 0.5504728812499999
0 0.626648478125 0.5813967140625 0.6223959453125001 0.59845269375 0.6413470343750001 0.60317773125 0.6455995671875 0.5861217515625 0.626648478125 0.5813967140625
0 0.645130884375 0.5940565640625 0.638752084375 0.6196405328125 0.6785493703125 0.6295631109375 0.6849281703125001 0.6039791421875 0.645130884375 0.5940565640625
0 0.6356324171875001 0.5554558203125 0.6290173640625001 0.58198734375 0.6479684531250001 0.58671238125 0.6545835046875 0.5601808562499999 0.6356324171875001 0.5554558203125
0 0.6448831703125 0.57688500625 0.6408668890625 0.59299343125 0.6531850968749999 0.5960647046875 0.657201378125 0.5799562796875 0.6448831703125 0.57688500625
0 0.672835715625 0.396149825 0.6643306484375 0.430261784375 0.6955999453125 0.43805809531250006 0.7041050109375 0.4039461359375 0.672835715625 0.396149825
0 0.6993430421875 0.364513415625 0.69627176875 0.3768316234375 0.71238019375 0.3808479046875 0.7154514671875 0.3685296984375 0.6993430421875 0.364513415625
0 0.604466928125 0.3373355390625 0.60021439375 0.35439151875 0.6239032546875001 0.3602978140625 0.6281557890625 0.343241834375 0.604466928125 0.3373355390625
0 0.5084120999999999 0.318921903125 0.505577078125 0.33029255625 0.5226330578125 0.3345450890625 0.5254680796875 0.3231744359375 0.5084120999999999 0.318921903125
0 0.4932461359375 0.30708893437499996 0.486631084375 0.3336204578125 0.50463461875 0.33810924375 0.5112496703125 0.31157771875 0.4932461359375 0.30708893437499996
0 0.4445817640625 0.32062023906250003 0.44127423906249996 0.333886 0.4592777734375 0.33837478593750003 0.4625852984375 0.3251090234375 0.4445817640625 0.32062023906250003
0 0.431563715625 0.33448427187499996 0.428256190625 0.3477500328125 0.44246950625 0.3512938109375 0.44577703281250003 0.3380280484375 0.431563715625 0.33448427187499996
0 0.420532159375 0.3060691 0.41344460312500003 0.3344957328125 0.4447139 0.34229204375 0.45180145468750005 0.3138654109375 0.420532159375 0.3060691
0 0.3770513203125 0.276608625 0.372562534375 0.294612159375 0.395303840625 0.300282203125 0.3997926265625 0.28227866874999996 0.3770513203125 0.276608625
0 0.3373848953125 0.28634461718750004 0.3357311328125 0.2929774984375 0.34520667656250004 0.29534001718749997 0.34686043906249997 0.2887071359375 0.3373848953125 0.28634461718750004
0 0.32908296875 0.26716491875 0.3255391921875 0.281378234375 0.352070715625 0.2879932859375 0.35561449375 0.2737799703125 0.32908296875 0.26716491875
0 0.2694886109375 0.225635221875 0.2586210265625 0.2692227265625 0.283257440625 0.2753652734375 0.2941250265625 0.2317777703125 0.2694886109375 0.225635221875
0 0.2170251078125 0.22412887656249997 0.2097013 0.2535030640625 0.24381325937499998 0.2620081296875 0.2511370671875 0.23263394218750003 0.2170251078125 0.22412887656249997
0 0.10829642187499999 0.2020520640625 0.102390125 0.2257409234375 0.11944610468750001 0.22999345781249997 0.1253524015625 0.206304596875 0.10829642187499999 0.2020520640625
0 0.1930414140625 0.12656133593750002 0.1847726 0.159725740625 0.21035656875000003 0.166104540625 0.2186253828125 0.1329401359375 0.1930414140625 0.12656133593750002
0 0.2284425703125 0.113748975 0.22584379999999998 0.1241720734375 0.2410046703125 0.127952103125 0.243603440625 0.11752900468750001 0.2284425703125 0.113748975
0 0.279630884375 0.15871833125 0.27585085625 0.1738792015625 0.292906834375 0.17813173437500002 0.2966868640625 0.1629708640625 0.279630884375 0.15871833125
0 0.241176284375 0.21203418593749998 0.2385775140625 0.22245728437499998 0.2575286015625 0.22718232187499998 0.260127371875 0.216759221875 0.241176284375 0.21203418593749998
0 0.22152153437500002 0.2182047515625 0.218450259375 0.2305229578125 0.2402440109375 0.23595675156249998 0.2433152859375 0.22363854375 0.22152153437500002 0.2182047515625
0 0.13029968125 0.164260371875 0.125810896875 0.1822639046875 0.1476046484375 0.1876976984375 0.1520934328125 0.16969416406249999 0.13029968125 0.164260371875
0 0.12872201875 0.103982728125 0.1244694859375 0.1210387078125 0.13963035625 0.12481873750000001 0.1438828890625 0.1077627578125 0.12872201875 0.103982728125
0 0.1046026796875 0.1664082875 0.10035014687499999 0.1834642671875 0.11077324531249999 0.1860630375 0.11502577968750001 0.1690070578125 0.1046026796875 0.1664082875
0 0.0892272078125 0.19780080312499998 0.08591968125 0.211066565625 0.10581832499999999 0.2160278546875 0.10912585 0.20276209218750002 0.0892272078125 0.19780080312499998
0 0.114479721875 0.2418391609375 0.1114084484375 0.25415736875 0.121831546875 0.2567561390625 0.1249028203125 0.24443793125000002 0.114479721875 0.2418391609375
0 0.088736875 0.171510625 0.067890678125 0.166313084375 0.0638743953125 0.18242150937499998 0.08472059374999999 0.18761905 0.088736875 0.171510625
0 0.3501374015625 0.22712374062500001 0.34446735624999997 0.24986504531249998 0.359628228125 0.253645075 0.365298271875 0.23090376875000002 0.3501374015625 0.22712374062500001
0 0.371080075 0.1976225125 0.3684813046875 0.20804561093750001 0.37700929375 0.210171878125 0.37960806406250003 0.1997487796875 0.371080075 0.1976225125
0 0.3136731109375 0.2442000953125 0.31060183750000003 0.256518303125 0.32292004531249996 0.2595895765625 0.32599131875 0.24727137031250002 0.3136731109375 0.2442000953125
0 0.36891178281250003 0.1397137546875 0.3663130125 0.150136853125 0.377683665625 0.152971875 0.3802824359375 0.1425487765625 0.36891178281250003 0.1397137546875
0 0.5160278843749999 0.18947788125 0.5094128312499999 0.2160094046875 0.5331016921875 0.2219157015625 0.53971674375 0.1953841765625 0.5160278843749999 0.18947788125
0 0.530957596875 0.202258403125 0.5264688109375 0.22026193749999998 0.5454199 0.22498697499999998 0.5499086859375 0.20698344062500001 0.530957596875 0.202258403125
0 0.529757234375 0.1767976546875 0.5269222124999999 0.1881683078125 0.540187975 0.1914758328125 0.543022996875 0.1801051796875 0.529757234375 0.1767976546875
0 0.524412278125 0.1518132296875 0.5218135078125 0.162236328125 0.53223660625 0.1648350984375 0.5348353765625 0.154412 0.524412278125 0.1518132296875
0 0.5141999609375 0.108002209375 0.507584909375 0.1345337328125 0.523693334375 0.1385500140625 0.5303083859375 0.112018490625 0.5141999609375 0.108002209375
0 0.5720934359375 0.0816751 0.5661871390625 0.10536395937500001 0.5898760000000001 0.11127025625 0.5957822968750001 0.0875813953125 0.5720934359375 0.0816751
0 0.5911486421875 0.0637807765625 0.5871323609375 0.0798892015625 0.60229323125 0.08366923125 0.6063095125 0.06756080625000001 0.5911486421875 0.0637807765625
0 0.56379309375 0.2522132453125 0.5611943234375001 0.26263634375 0.5706698671875 0.26499886250000004 0.5732686375 0.25457576406250004 0.56379309375 0.2522132453125
0 0.5881120625 0.3181609328125 0.5838595296875 0.3352169125 0.597125290625 0.3385244390625 0.6013778249999999 0.321468459375 0.5881120625 0.3181609328125
0 0.573493428125 0.235509096875 0.570185903125 0.24877485937500002 0.5834516640625 0.252082384375 0.586759190625 0.2388166234375 0.573493428125 0.235509096875
0 0.6069485359375 0.1416948421875 0.6022234984375 0.1606459296875 0.6221221406249999 0.16560721875 0.626847178125 0.14665613125000002 0.6069485359375 0.1416948421875
0 0.6114653375 0.16798247187499998 0.607921559375 0.1821957890625 0.6192922125 0.1850308109375 0.622835990625 0.17081749531249998 0.6114653375 0.16798247187499998
0 0.6260228437500001 0.153999040625 0.6212978062500001 0.1729501296875 0.6288782421875 0.17484014375 0.6336032796875 0.1558890546875 0.6260228437500001 0.153999040625
0 0.6655240234375001 0.07024713906249999 0.6615077406250001 0.0863555640625 0.6766686125 0.09013559374999999 0.68068489375 0.07402716875000001 0.6655240234375001 0.07024713906249999
0 0.690189728125 0.1226940859375 0.6852284390625 0.1425927296875 0.7070221906249999 0.148026521875 0.7119834796875 0.1281278796875 0.690189728125 0.1226940859375
0 0.6331119828125 0.31529025312500003 0.62885945 0.33234623281250003 0.6364398859375 0.33423624687500003 0.6406924187499999 0.31718026718750003 0.6331119828125 0.31529025312500003
0 0.6552346421874999 0.27903801875 0.64909209375 0.303674434375 0.6708858453125 0.3091082265625 0.67702839375 0.2844718109375 0.6552346421874999 0.27903801875
0 0.6989708359375 0.33774946093749997 0.6942457984375 0.35670055 0.7122493328124999 0.361189334375 0.7169743703125 0.342238246875 0.6989708359375 0.33774946093749997
0 0.7185151015625 0.34413208125 0.7142625671875 0.3611880609375 0.7275283296875 0.3644955875 0.7317808625 0.3474396078125 0.7185151015625 0.34413208125
0 0.716205759375 0.25045887499999997 0.7095907078125 0.27699039999999997 0.7294893499999999 0.2819516875 0.7361044015625 0.2554201640625 0.716205759375 0.25045887499999997
0 0.7453436953125 0.2587302375 0.7410911609374999 0.27578621718749996 0.7600422499999999 0.2805112546875 0.7642947828125 0.263455275 0.7453436953125 0.2587302375
0 0.792943659375 0.24744969375 0.790581140625 0.2569252375 0.80479445625 0.260469015625 0.807156975 0.25099347031249997 0.792943659375 0.24744969375
0 0.81571935 0.3074770765625 0.8105218093750001 0.3283232734375 0.83136800625 0.3335208140625 0.8365655468750001 0.3126746171875 0.81571935 0.3074770765625
0 0.7936017843750001 0.35178224999999996 0.791948021875 0.35841513125 0.7976333484375 0.3598326421875 0.7992871109374999 0.3531997609375 0.7936017843750001 0.35178224999999996
0 0.7984701078125 0.18491746874999998 0.793981321875 0.202921003125 0.8091421921874999 0.2067010328125 0.8136309781250001 0.1886974984375 0.7984701078125 0.18491746874999998
0 0.7789653203125 0.2409451265625 0.7773115578125 0.2475780078125 0.7877346562499999 0.250176778125 0.78938841875 0.24354389687500003 0.7789653203125 0.2409451265625
0 0.7100160921875001 0.2006056046875 0.706708565625 0.21387136562500003 0.7142890015625001 0.21576138125000002 0.7175965265625 0.20249561875 0.7100160921875001 0.2006056046875
0 0.744093665625 0.1547533328125 0.7355886 0.188865290625 0.78012365625 0.199969128125 0.7886287234375 0.16585716875 0.744093665625 0.1547533328125
0 0.8213091625000001 0.1579019796875 0.8180016374999999 0.1711677421875 0.8274771812499999 0.17353026093749999 0.8307847078125 0.16026449843749999 0.8213091625000001 0.1579019796875
0 0.8383498609375 0.1379956953125 0.8352785859375 0.15031390312499998 0.8438065765625 0.15244017031249998 0.84687785 0.1401219625 0.8383498609375 0.1379956953125
0 0.8543363390625001 0.13644605 0.85173756875 0.1468691484375 0.8574228953125 0.14828665937500002 0.8600216656249999 0.13786356093750002 0.8543363390625001 0.13644605
0 0.876892334375 0.2235930390625 0.8735848078125 0.2368588015625 0.8840079062499999 0.239457571875 0.8873154328125 0.2261918109375 0.876892334375 0.2235930390625
0 0.8922665328124999 0.1901872890625 0.8882502515624999 0.2062957140625 0.90530623125 0.2105482484375 0.9093225125 0.194439821875 0.8922665328124999 0.1901872890625
0 0.8664921578125 0.2572324953125 0.8634208843750001 0.269550703125 0.870053765625 0.271204465625 0.8731250390625 0.2588862578125 0.8664921578125 0.2572324953125
0 0.8578549578124999 0.2696726484375 0.851712409375 0.2943090640625 0.8716110515625 0.299270353125 0.8777535999999999 0.2746339375 0.8578549578124999 0.2696726484375
0 0.8803523703125 0.2642108390625 0.8772810968750001 0.276529046875 0.8962321843750001 0.281254084375 0.899303459375 0.2689358765625 0.8803523703125 0.2642108390625
0 0.8967935234375 0.23258079843749999 0.8925409906249999 0.24963677812500001 0.910544525 0.25412556249999996 0.9147970578125 0.2370695828125 0.8967935234375 0.23258079843749999
0 0.8986784437500001 0.2169474234375 0.8944259109375 0.234003403125 0.9171672171875 0.2396734484375 0.9214197499999999 0.22261746875 0.8986784437500001 0.2169474234375
0 0.9686309515625 0.1584009171875 0.9646146703125 0.1745093421875 0.97503776875 0.1771081125 0.9790540515625 0.1609996875 0.9686309515625 0.1584009171875
0 0.9405271703125001 0.2872657703125 0.9376921484375 0.29863642343749996 0.9566432359375 0.3033614609375 0.9594782578125001 0.29199080781250003 0.9405271703125001 0.2872657703125
0 0.9311837609375001 0.3065750578125 0.928584990625 0.31699815625 0.93995564375 0.319833178125 0.9425544140625 0.3094100796875 0.9311837609375001 0.3065750578125
0 0.8875303453125 0.37872387500000004 0.8854040781249999 0.387251865625 0.8920369593749999 0.38890562812499996 0.8941632265624999 0.3803776375 0.8875303453125 0.37872387500000004
0 0.884949403125 0.4173322609375 0.8811693734375 0.43249313125000005 0.8953826906250001 0.436036909375 0.8991627203125001 0.4208760390625 0.884949403125 0.4173322609375
0 0.852045446875 0.44636735156249996 0.8414141140625 0.4890073015625 0.8679456374999999 0.495622353125 0.8785769718750001 0.45298240312500004 0.852045446875 0.44636735156249996
0 0.8500602296875 0.490659790625 0.847461459375 0.5010828890625 0.8540943406249999 0.5027366515625 0.8566931109375 0.49231355312499997 0.8500602296875 0.490659790625
0 0.881813490625 0.5146801046875 0.878505965625 0.5279458671875 0.89271928125 0.5314896453125 0.8960268078125001 0.5182238828125 0.881813490625 0.5146801046875
0 0.914398728125 0.54343691875 0.9117999578125 0.5538600171875 0.9279083828125 0.5578762984375001 0.930507153125 0.5474532 0.914398728125 0.54343691875
0 0.8567376843750001 0.5627767703125001 0.8534301578125 0.5760425312499999 0.8657483656249999 0.57911380625 0.8690558906250001 0.56584804375 0.8567376843750001 0.5627767703125001
0 0.85935555625 0.5825521921875 0.8551030234375 0.599608171875 0.8892149828125 0.6081132390625 0.893467515625 0.5910572593750001 0.85935555625 0.5825521921875
0 0.90378395 0.6122489203125 0.8959876390625 0.643518215625 0.9092534000000001 0.6468257421875 0.9170497125000001 0.6155564453125 0.90378395 0.6122489203125
0 0.8821223328125001 0.6284869328125 0.8778698 0.6455429125000001 0.8949257796874999 0.6497954453125 0.8991783124999999 0.632739465625 0.8821223328125001 0.6284869328125
0 0.8467084421875001 0.6211669453125 0.84221965625 0.6391704796875 0.8554854187500001 0.64247800625 0.8599742031250001 0.6244744718749999 0.8467084421875001 0.6211669453125
0 0.8424610015624999 0.6462758640625 0.8391534765625 0.6595416265625 0.8533667921875001 0.6630854046875 0.85667431875 0.6498196421875 0.8424610015624999 0.6462758640625
0 0.8190185812499999 0.6555278921875 0.8150023 0.6716363171874999 0.835848496875 0.6768338578125 0.839864778125 0.6607254328125001 0.8190185812499999 0.6555278921875
0 0.7952217828125 0.6662012515625 0.7904967468749999 0.6851523390625001 0.8085002796874999 0.689641125 0.8132253171875 0.6706900359375 0.7952217828125 0.6662012515625
0 0.7522452859375 0.6851765359375 0.7496465156250001 0.6955996343749999 0.7667024953125 0.6998521671875 0.769301265625 0.68942906875 0.7522452859375 0.6851765359375
0 0.7590039328125 0.6984359296875 0.7561689109375 0.7098065828125 0.7665920093749999 0.7124053531250001 0.7694270328124999 0.7010347 0.7590039328125 0.6984359296875
0 0.7375900296875 0.7318455015625001 0.7323924890625 0.7526916984375001 0.754186240625 0.758125490625 0.7593837812500001 0.73727929375 0.7375900296875 0.7318455015625001
0 0.746224684375 0.715378878125 0.7412633953125 0.7352775203124999 0.7611620375 0.740238809375 0.7661233265625 0.7203401671874999 0.746224684375 0.715378878125
0 0.7644581015624999 0.708853934375 0.76020556875 0.7259099140624999 0.7819993203125 0.73134370625 0.7862518546875 0.714287728125 0.7644581015624999 0.708853934375
0 0.7734662375 0.7211645015625 0.7692137031249999 0.7382204812500001 0.7862696828125 0.7424730140625 0.790522215625 0.725417034375 0.7734662375 0.7211645015625
0 0.769225165625 0.75633959375 0.7663901421875 0.767710246875 0.7777607953125 0.7705452687500001 0.78059581875 0.759174615625 0.769225165625 0.75633959375
0 0.748267209375 0.7616820046874999 0.7440146765625 0.778737984375 0.7620182093750001 0.78322676875 0.76627074375 0.7661707890625 0.748267209375 0.7616820046874999
0 0.7455554078125 0.78063181875 0.742720384375 0.792002471875 0.7531434828125 0.7946012421875001 0.75597850625 0.7832305890625 0.7455554078125 0.78063181875
0 0.757045459375 0.7850062984374999 0.7509029109375 0.8096427140625 0.767958890625 0.813895246875 0.7741014390625 0.7892588328125 0.757045459375 0.7850062984374999
0 0.7909097046875 0.77633980625 0.7857121640625 0.7971860046875 0.7989779265625 0.8004935296875001 0.8041754671874999 0.7796473328125 0.7909097046875 0.77633980625
0 0.8053287093750001 0.7306183953125001 0.7980049015625 0.7599925828125 0.8273790890624999 0.767316390625 0.8347028968749999 0.737942203125 0.8053287093750001 0.7306183953125001
0 0.8449989546875001 0.7269221078125 0.839328909375 0.7496634140625 0.859227553125 0.754624703125 0.8648975968749999 0.731883396875 0.8449989546875001 0.7269221078125
0 0.84466240625 0.7565287265625 0.8422998875 0.7660042703125 0.8527229859375 0.768603040625 0.8550855046875 0.7591274968749999 0.84466240625 0.7565287265625
0 0.8736516515625 0.7169562296875001 0.8703441249999999 0.7302219921875001 0.8836098874999999 0.7335295187499999 0.8869174125000001 0.7202637562499999 0.8736516515625 0.7169562296875001
0 0.8545480515625 0.6583476312500001 0.842026703125 0.7085680156249999 0.88277154375 0.7187268453125 0.8952928921875 0.6685064609375 0.8545480515625 0.6583476312500001
0 0.898169940625 0.7235725562499999 0.8936811546874999 0.7415760890625 0.920212678125 0.7481911421875 0.9247014640625 0.7301876078125 0.898169940625 0.7235725562499999
0 0.8960513140625 0.7441799546875 0.892271284375 0.759340825 0.9093272640625001 0.7635933578125 0.9131072937500001 0.7484324875 0.8960513140625 0.7441799546875
0 0.9454827124999999 0.6327101749999999 0.93839515625 0.6611368078125001 0.9554511359375001 0.665389340625 0.9625386921875 0.6369627078125 0.9454827124999999 0.6327101749999999
0 0.9450445937499999 0.6889626234375 0.9668383453124999 0.694396415625 0.9722721375000001 0.6726026640625 0.9504783859374999 0.667168871875 0.9450445937499999 0.6889626234375
0 0.9638622734375 0.6700026203125 0.9723902624999999 0.6721288859375 0.9771153 0.6531777984375 0.9685873109375001 0.65105153125 0.9638622734375 0.6700026203125
0 0.8593682921875001 0.602684540625 0.8466106921875 0.6538524796875 0.8816702046874999 0.6625937984375 0.8944278046875 0.6114258593749999 0.8593682921875001 0.602684540625
0 0.8719214781250001 0.602795025 0.8690864546875 0.614165678125 0.879509553125 0.6167644484375 0.8823445765625 0.6053937953124999 0.8719214781250001 0.602795025
0 0.9079269609375 0.42205475000000003 0.90414693125 0.43721562187499996 0.9240455750000001 0.442176909375 0.9278256046875001 0.42701603906249996 0.9079269609375 0.42205475000000003
0 0.938718659375 0.42369323124999997 0.934702378125 0.43980165624999995 0.947968140625 0.4431091828125 0.951984421875 0.4270007578125 0.938718659375 0.42369323124999997
0 0.9615564421875 0.3946645078125 0.9575401609374999 0.4107729328125 0.9755436953125001 0.4152617171875 0.9795599765624999 0.3991532921875 0.9615564421875 0.3946645078125
0 0.9794380296874999 0.393587365625 0.9756579999999999 0.4087482359375 0.991766425 0.41276451718749996 0.9955464546874999 0.397603646875 0.9794380296874999 0.393587365625
0 0.9662206609374999 0.46678276093750004 0.9633856390625001 0.4781534140625 0.9747562921874999 0.4809884359375 0.9775913140625001 0.4696177828125 0.9662206609374999 0.46678276093750004
0 0.9752186078125 0.46298744843749995 0.970966075 0.480043428125 0.9842318359375 0.4833509546875 0.98848436875 0.466294975 0.9752186078125 0.46298744843749995
0 1 0.48476625156250003 0.9843486890625 0.4808639421875 0.98174991875 0.49128704062499995 1 0.495837296875 1 0.48476625156250003
0 1 0.4596047875 0.99215009375 0.4576475859375 0.9871888046875 0.477546228125 1 0.48074041875000006 1 0.4596047875
0 1 0.5280439734375 0.988403175 0.5251525609375001 0.9817881234374999 0.5516840843749999 0.9997916578125 0.5561728687499999 1 0.555337253125 1 0.5280439734375
0 0.984054165625 0.5769073078125 0.9802741359375 0.5920681796875 0.990697234375 0.5946669499999999 0.9944772640625 0.579506078125 0.984054165625 0.5769073078125
0 0.9624619703124999 0.3284640125 0.9579731859375 0.346467546875 0.9750291656250001 0.35072007968749996 0.97951795 0.3327165453125 0.9624619703124999 0.3284640125
0 1 0.3287651671875 0.9911197609375 0.32655107499999997 0.9854497171875 0.3492923796875 1 0.3529201734375 1 0.3287651671875
0 0.976188775 0.31175731562500003 0.9714637375 0.3307084046875 0.9866246078125 0.334488434375 0.9913496453124999 0.3155373453125 0.976188775 0.31175731562500003
0 1 0.288506821875 0.983040078125 0.28427823750000003 0.9771337828125001 0.3079670984375 0.995137315625 0.312455884375 1 0.2929527234375 1 0.288506821875
0 1 0.26435181406249997 0.99060523125 0.2620094359375 0.9884789656249999 0.270537425 1 0.2734099421875 1 0.26435181406249997
0 1 0.19641585781249998 0.9705451640625 0.1890719421875 0.9618038453125 0.22413145625 0.9959158046875001 0.232636521875 1 0.21625571093749998 1 0.19641585781249998
0 0.7092143703125 0.05648212968750001 0.7051980890625 0.0725905546875 0.7260442859375 0.0777880953125 0.7300605671875 0.061679670312500004 0.7092143703125 0.05648212968750001
0 0.7077398609375 0.1592765015625 0.7046685874999999 0.17159470937500002 0.7131965765625 0.17372097656250002 0.7162678515625001 0.16140276874999998 0.7077398609375 0.1592765015625
0 0.701714165625 0.1814259046875 0.6986428921875001 0.1937441125 0.7100135437499999 0.19657913437500002 0.71308481875 0.18426092656249998 0.701714165625 0.1814259046875
0 0.6783771359374999 0.1700718078125 0.6724708390624999 0.19376066875 0.6933170375000001 0.198958209375 0.6992233328124999 0.1752693484375 0.6783771359374999 0.1700718078125
0 0.6848817031250001 0.15609346875000002 0.68204668125 0.16746412187499998 0.70099776875 0.17218915937499998 0.703832790625 0.16081850625 0.6848817031250001 0.15609346875000002
0 0.8448365984375 0.09583207187500001 0.8420015765625 0.10720272500000001 0.8514771203124999 0.1095652421875 0.8543121421875 0.0981945890625 0.8448365984375 0.09583207187500001
0 0.7351402921875 0.22901186093749998 0.733250278125 0.2365922953125 0.7398831578125 0.23824605937499999 0.7417731734374999 0.23066562343750002 0.7351402921875 0.22901186093749998
0 0.4641338515625 0 0.46321096562499997 0.003701490625 0.4774242828125 0.0072452687500000005 0.47923073125000004 0 0.4641338515625 0
0 0.3755654921875 0 0.37344737656250004 0.008495296874999999 0.38955580156249997 0.012511578125 0.3926752890625 0 0.3755654921875 0
0 0.36600413593750003 0 0.36562686875 0.0015131328125 0.3732073046875 0.003403146875 0.3740558046875 0 0.36600413593750003 0
0 0.3752663859375 0.075878325 0.37314011874999997 0.0844063140625 0.3807205546875 0.08629632968749999 0.3828468203125 0.0777683390625 0.3752663859375 0.075878325
0 0.4164811828125 0.0801155765625 0.4152999234375 0.0848533484375 0.425723021875 0.08745211875 0.42690428125 0.082714346875 0.4164811828125 0.0801155765625
0 0.41799644375 0.041744715625 0.41492516874999996 0.0540629234375 0.42155804999999996 0.055716685937499996 0.424629325 0.043398479687500005 0.41799644375 0.041744715625
0 0.370207346875 0.1284625015625 0.3671360734375 0.140780709375 0.377559171875 0.1433794796875 0.3806304453125 0.131061271875 0.370207346875 0.1284625015625
0 0.23372003125 0.03203195625 0.22970375 0.0481403828125 0.2486548390625 0.052865418750000004 0.2526711203125 0.03675699375 0.23372003125 0.03203195625
0 0.1457232375 0.021666165625 0.1419432078125 0.0368270375 0.1552089703125 0.0401345625 0.158989 0.0249736921875 0.1457232375 0.021666165625
0 0.01663325 0.5737296484375001 0.013325725 0.5869954093749999 0.02280126875 0.589357928125 0.0261087953125 0.576092165625 0.01663325 0.5737296484375001
0 0.0236243296875 0.5800017828125 0.0212618109375 0.589477328125 0.0373702359375 0.5934936093750001 0.039732754687499997 0.584018065625 0.0236243296875 0.5800017828125
0 0.012975167187500001 0.5944564453125001 0.0094313890625 0.6086697625 0.0255398140625 0.61268604375 0.0290835921875 0.5984727265625 0.012975167187500001 0.5944564453125001
0 0.022468540625 0.6250042515625001 0.0175072515625 0.64490289375 0.03172056875 0.648446671875 0.0366818578125 0.628548028125 0.022468540625 0.6250042515625001
0 0 0.6621767046875 0.00010962968750000001 0.6622040390625 0.0060159265625 0.6385151796875 0 0.637015240625 0 0.6621767046875
0 0.013040426562499999 0.8848360296875001 0.010914159375 0.89336401875 0.02891769375 0.8978528046875001 0.031043960937499997 0.8893248140625 0.013040426562499999 0.8848360296875001
0 0.059471867187500006 0.8984256046875 0.057818103125 0.9050584859375 0.073926528125 0.9090747671875 0.0755802921875 0.9024418859375001 0.059471867187500006 0.8984256046875
0 0.0853541796875 0.81480074375 0.0818104015625 0.829014059375 0.094128609375 0.8320853343750001 0.0976723875 0.8178720171875 0.0853541796875 0.81480074375
0 0.0829687375 0.7880380609375 0.0810787234375 0.795618496875 0.0886591578125 0.7975085125 0.09054917343749999 0.7899280765625 0.0829687375 0.7880380609375
0 0.0553638921875 0.7695811265625 0.051111359375 0.7866371062499999 0.07006244843750001 0.79136214375 0.07431498125 0.7743061640625 0.0553638921875 0.7695811265625
0 0.0811752 0.760919728125 0.07786767343749999 0.7741854906250001 0.0939760984375 0.778201771875 0.097283625 0.7649360109375001 0.0811752 0.760919728125
0 0.06149497968749999 0.7268255984375 0.0584237046875 0.73914380625 0.079269903125 0.744341346875 0.0823411765625 0.7320231390624999 0.06149497968749999 0.7268255984375
0 0.0124482125 0.6974870703125 0.006305665625 0.722123484375 0.045155396874999996 0.7318098109375 0.05129794375 0.7071733953125 0.0124482125 0.6974870703125
0 0.08514818125 0.676361321875 0.0813681515625 0.6915221921875 0.09842413125 0.6957747249999999 0.1022041609375 0.6806138546875 0.08514818125 0.676361321875
0 0.15006839375 0.712676921875 0.1417995796875 0.7458413265625 0.1759115390625 0.7543463921875 0.184180353125 0.7211819875 0.15006839375 0.712676921875
0 0.15281076093749998 0.742044740625 0.15139324999999998 0.7477300671875 0.15802613125 0.7493838296875001 0.1594436421875 0.743698503125 0.15281076093749998 0.742044740625
0 0.129275684375 0.792035240625 0.12266063281249999 0.8185667640625001 0.13876905781249999 0.8225830453125 0.145384109375 0.7960515218750001 0.129275684375 0.792035240625
0 0.1674494609375 0.6692037234375 0.16343317968749999 0.6853121484375 0.180489159375 0.68956468125 0.18450544062500002 0.6734562562499999 0.1674494609375 0.6692037234375
0 0.12503302968750002 0.6374924875 0.12219800624999999 0.648863140625 0.137358878125 0.6526431703125 0.1401939 0.6412725171875 0.12503302968750002 0.6374924875
0 0.08425125781250001 0.56894985 0.0724386640625 0.6163275703125 0.11697372187499999 0.6274314078125001 0.128786315625 0.5800536875 0.08425125781250001 0.56894985
0 0.1516495671875 0.5912896578125 0.147397034375 0.6083456375 0.1691907859375 0.61377943125 0.17344331875000002 0.5967234515625 0.1516495671875 0.5912896578125
0 0.16588325937499998 0.6270451921875 0.1616307265625 0.6441011718749999 0.18152936875 0.6490624609375 0.185781903125 0.63200648125 0.16588325937499998 0.6270451921875
0 0.20734195 0.6424142984375 0.20474317968750003 0.6528373968750001 0.2170613859375 0.6559086703125 0.21966015625000002 0.645485571875 0.20734195 0.6424142984375
0 0.22357104687499998 0.6499832718749999 0.21931851406249997 0.6670392515625 0.25058780937499997 0.6748355625 0.25484034375000003 0.6577795828124999 0.22357104687499998 0.6499832718749999
0 0.1797880453125 0.7044867531250001 0.177661778125 0.71301474375 0.1861897671875 0.715141009375 0.188316034375 0.7066130203125 0.1797880453125 0.7044867531250001
0 0.23927064374999998 0.7565564 0.23643562187499997 0.767927053125 0.247806275 0.770762075 0.250641296875 0.759391421875 0.23927064374999998 0.7565564
0 0.2490130046875 0.8062889984374999 0.24641423437499999 0.816712096875 0.2549422234375 0.8188383640625 0.25754099375 0.808415265625 0.2490130046875 0.8062889984374999
0 0.2900574609375 0.7284574015625 0.28296990625 0.756884034375 0.303816103125 0.7620815750000001 0.310903659375 0.7336549421874999 0.2900574609375 0.7284574015625
0 0.30609584375 0.621745771875 0.3027883171875 0.6350115328125 0.32173940624999997 0.6397365703125 0.32504693281249997 0.6264708078125001 0.30609584375 0.621745771875
0 0.336704778125 0.7088876671875 0.33056222968750004 0.73352408125 0.3561461984375 0.73990288125 0.362288746875 0.7152664671875 0.336704778125 0.7088876671875
0 0.34988807187500004 0.76903954375 0.34634429375 0.783252859375 0.3615051640625 0.7870328890625 0.3650489421875 0.7728195734375001 0.34988807187500004 0.76903954375
0 0.34330485781250003 0.8459019359375001 0.33834356875 0.8658005796875001 0.356347103125 0.8702893640625 0.3613083921875 0.850390721875 0.34330485781250003 0.8459019359375001
0 0.3814964625 0.75125570625 0.379370196875 0.7597836953125 0.3897932953125 0.762382465625 0.3919195625 0.7538544765624999 0.3814964625 0.75125570625
0 0.39631187031250004 0.770549709375 0.39418560468749997 0.7790777 0.40555625781250004 0.781912721875 0.4076825234375 0.7733847328125 0.39631187031250004 0.770549709375
0 0.40766469531249994 0.7451994453124999 0.40293965781249996 0.7641505343749999 0.4199956375 0.7684030671875 0.42472067343750003 0.7494519796875 0.40766469531249994 0.7451994453124999
0 0.42088970468750003 0.684083459375 0.4180546828125 0.6954541125 0.43605821562499997 0.699942896875 0.43889323750000003 0.68857224375 0.42088970468750003 0.684083459375
0 0.4153008546875 0.6479671796875001 0.41152082500000003 0.66312805 0.42004881406249994 0.6652543171875 0.42382884374999996 0.6500934468749999 0.4153008546875 0.6479671796875001
0 0.44333139375 0.7777439296875001 0.43577133437500004 0.8080656718749999 0.4916770453125 0.82200453125 0.49923710468750004 0.7916827890625 0.44333139375 0.7777439296875001
0 0.43316874375000003 0.812449065625 0.4317512328125 0.8181343921875 0.45070232031249996 0.8228594296875 0.45211983125 0.817174103125 0.43316874375000003 0.812449065625
0 0.46502866875000004 0.817876490625 0.461484890625 0.8320898078125 0.4766457625 0.8358698375 0.4801895390625 0.8216565203125 0.46502866875000004 0.817876490625
0 0.45298619218749997 0.8762679406249999 0.44967866562500003 0.8895337015625 0.4638919828125 0.8930774796875 0.46719950781249997 0.8798117171875001 0.45298619218749997 0.8762679406249999
0 0.523190234375 0.8409326953124999 0.5163389296875 0.8684117734375001 0.542870453125 0.8750268265625 0.5497217578125 0.8475477484375 0.523190234375 0.8409326953124999
0 0.5303185421875 0.8769295765624999 0.5272472671874999 0.8892477828124999 0.5357752578125 0.8913740499999999 0.53884653125 0.8790558421875 0.5303185421875 0.8769295765624999
0 0.5489773437500001 0.7940198374999999 0.5444885578124999 0.8120233718750001 0.556806765625 0.8150946453125 0.5612955515625 0.7970911109375 0.5489773437500001 0.7940198374999999
0 0.5213432078125 0.729258503125 0.5161456671875 0.7501047 0.53793941875 0.7555384921875 0.5431369593750001 0.7346922953125 0.5213432078125 0.729258503125
0 0.5444032328125 0.6771366421875 0.5384969374999999 0.700825503125 0.5602906890625 0.7062592953125 0.5661969859375 0.682570434375 0.5444032328125 0.6771366421875
0 0.5543716578125 0.7098158078125001 0.5527178953125 0.7164486890624999 0.5621934390625001 0.7188112078125 0.5638472015625 0.7121783265625 0.5543716578125 0.7098158078125001
0 0.5890640578124999 0.6998461109375 0.5826852578125 0.7254300796875001 0.6092167828124999 0.73204513125 0.61559558125 0.7064611625 0.5890640578124999 0.6998461109375
0 0.5746476015625 0.749593990625 0.5715763265625 0.7619121984375 0.587684753125 0.7659284796875 0.5907560265625 0.7536102734375 0.5746476015625 0.749593990625
0 0.6116124125 0.7749136921875001 0.6045248562500001 0.8033403234375 0.6433745875 0.81302665 0.65046214375 0.7846000171874999 0.6116124125 0.7749136921875001
0 0.61314168125 0.7586884140625 0.6081803921875 0.77858705625 0.62713148125 0.78331209375 0.6320927703125 0.7634134515625 0.61314168125 0.7586884140625
0 0.6793052453125 0.701210134375 0.6750527109375 0.7182661140625 0.6911611375 0.7222823953125 0.6954136703125 0.705226415625 0.6793052453125 0.701210134375
0 0.69114458125 0.69611034375 0.689254565625 0.703690778125 0.6987301109375 0.706053296875 0.700620125 0.6984728625 0.69114458125 0.69611034375
0 0.6813643265625 0.7736853124999999 0.672150503125 0.810639934375 0.7005771359375 0.817727490625 0.709790959375 0.78077286875 0.6813643265625 0.7736853124999999
0 0.6483307828125 0.78507506875 0.6452595078125001 0.797393275 0.659472825 0.800937053125 0.6625440984375001 0.7886188453125 0.6483307828125 0.78507506875
0 0.5935073078124999 0.7970707359375 0.5916172921875 0.8046511703125001 0.6077257171875 0.8086674515625001 0.6096157328125 0.8010870171875 0.5935073078124999 0.7970707359375
0 0.649307628125 0.8316157203125 0.6436375828124999 0.854357025 0.66732644375 0.860263321875 0.6729964875000001 0.8375220156250001 0.649307628125 0.8316157203125
0 0.567027996875 0.872998309375 0.563720471875 0.8862640703125001 0.58456666875 0.8914616109375 0.5878741953125 0.87819585 0.567027996875 0.872998309375
0 0.6079011515625 0.8987892390625 0.6043573734375001 0.91300255625 0.6223609078125001 0.917491340625 0.6259046859375 0.903278025 0.6079011515625 0.8987892390625
0 0.6378570531250001 0.8896515171875 0.633840771875 0.9057599421875 0.649949196875 0.9097762234375001 0.653965478125 0.8936677984375001 0.6378570531250001 0.8896515171875
0 0.6085236187499999 0.9467512234375001 0.60686985625 0.9533841031250001 0.6135027375 0.9550378671875001 0.6151565 0.9484049859375 0.6085236187499999 0.9467512234375001
0 0.5503938921875 0.9740258875000001 0.5473226171875 0.98634409375 0.5520603890625 0.9875253531249999 0.5551316640625 0.9752071453125 0.5503938921875 0.9740258875000001
0 0.526115675 0.9725017109375 0.5235169046875 0.9829248093749999 0.5348875578125 0.9857598328125 0.537486328125 0.9753367328125 0.526115675 0.9725017109375
0 0.6123570046875 1 0.6144732140625 0.99151234375 0.5964696796875 0.987023559375 0.593234290625 1 0.6123570046875 1
0 0.599069725 0.9786136953125 0.5976522125 0.984299021875 0.6099704203125 0.9873702953124999 0.61138793125 0.98168496875 0.599069725 0.9786136953125
0 0.61573439375 0.9259037515624999 0.61077310625 0.9458023953125 0.6306717484375 0.9507636843749999 0.6356330375 0.9308650406250001 0.61573439375 0.9259037515624999
0 0.6538588140625 0.9122606890625 0.6498425328125 0.9283691140625001 0.6631082953125 0.931676640625 0.6671245765625 0.915568215625 0.6538588140625 0.9122606890625
0 0.6645207125 0.917938375 0.662630696875 0.925518809375 0.6740013499999999 0.9283538328125 0.675891365625 0.920773396875 0.6645207125 0.917938375
0 0.6592951546875 0.89449340625 0.6550426203125 0.9115493859375 0.6683083828124999 0.9148569125 0.672560915625 0.8978009328125 0.6592951546875 0.89449340625
0 0.6820810328125 0.9706266687499999 0.6778285000000001 0.9876826484375 0.6977271421875 0.9926439359374999 0.701979675 0.9755879578125001 0.6820810328125 0.9706266687499999
0 0.7307237546875001 0.9228703734374999 0.7278887328125 0.9342410265625001 0.7354691671875 0.9361310406250001 0.7383041890625 0.9247603874999999 0.7307237546875001 0.9228703734374999
0 0.7001581203125 0.904178459375 0.69519683125 0.9240771015625 0.7141479203125 0.9288021390625 0.7191092078125 0.9089034968749999 0.7001581203125 0.904178459375
0 0.67016910625 0.8609720781249999 0.6649715656249999 0.881818275 0.699083525 0.890323340625 0.704281065625 0.86947714375 0.67016910625 0.8609720781249999
0 0.6895799640625 0.8436696578125 0.6862724375 0.8569354203125 0.7004857546875 0.8604791984375 0.7037932796875 0.8472134359375 0.6895799640625 0.8436696578125
0 0.6860349125 0.8558697390625 0.683199890625 0.8672403921875 0.7040460875 0.8724379328125 0.706881109375 0.8610672796875001 0.6860349125 0.8558697390625
0 0.722979346875 0.8489776843750001 0.717309303125 0.8717189890625001 0.736260390625 0.8764440265625 0.7419304359375001 0.8537027203124999 0.722979346875 0.8489776843750001
0 0.7355478140625 0.8732469859374999 0.7322402890624999 0.886512746875 0.74929626875 0.89076528125 0.75260379375 0.87749951875 0.7355478140625 0.8732469859374999
0 0.7493787359375 0.8339209296875 0.7453624546875 0.8500293546875 0.7633659890625 0.854518140625 0.7673822703125001 0.838409715625 0.7493787359375 0.8339209296875
0 0.8119746359375 0.9401091171875 0.807013346875 0.9600077593749999 0.8231217718750001 0.9640240406249999 0.8280830609375001 0.9441253984375001 0.8119746359375 0.9401091171875
0 0.8272243421875001 0.8971109703125 0.8236805640625 0.9113242859374999 0.838841434375 0.9151043156249999 0.8423852125 0.900891 0.8272243421875001 0.8971109703125
0 0.8029563124999999 0.9116926718749999 0.796813765625 0.9363290875000001 0.8148172984375 0.940817871875 0.820959846875 0.9161814578125 0.8029563124999999 0.9116926718749999
0 0.747060790625 0.9138596906249999 0.7402094859374999 0.94133876875 0.7733738906250001 0.949607584375 0.7802251953125 0.92212850625 0.747060790625 0.9138596906249999
0 0.7491160515625 0.9802951656250001 0.7467535328125 0.989770709375 0.75717663125 0.9923694796874999 0.7595391499999999 0.9828939359375 0.7491160515625 0.9802951656250001
0 0.758796734375 1 0.7599024421875 0.9955652468749999 0.7371611359375 0.9898952031249999 0.7346417265625 1 0.758796734375 1
0 0.86648780625 1 0.8683783203125 0.9924175625 0.8437419046875 0.9862750140625 0.8403198812499999 1 0.86648780625 1
0 0.8721354265624999 0.9410184656249999 0.865520375 0.967549990625 0.8958421156249999 0.9751100484374999 0.90245716875 0.948578525 0.8721354265624999 0.9410184656249999
0 0.9027886234375 0.9109189671875001 0.901134859375 0.9175518484375 0.907767740625 0.9192056125000001 0.909421503125 0.91257273125 0.9027886234375 0.9109189671875001
0 0.9059754765625 0.8941005140625 0.916398575 0.8966992843750001 0.9213598640624999 0.8768006406250001 0.9109367640625001 0.8742018703125 0.9059754765625 0.8941005140625
0 0.8755101390625001 0.8467495359375 0.8679500796875 0.877071278125 0.901114484375 0.8853400921875 0.9086745437499999 0.8550183515625 0.8755101390625001 0.8467495359375
0 0.829684609375 0.8549498921875 0.8242508171875 0.87674364375 0.84320190625 0.88146868125 0.8486356984375 0.8596749296875 0.829684609375 0.8549498921875
0 0.8264837484375 0.8496227640624999 0.823176221875 0.862888525 0.8402322015625 0.867141059375 0.8435397281249999 0.853875296875 0.8264837484375 0.8496227640624999
0 0.833086065625 0.8029588921874999 0.821982228125 0.8474939499999999 0.8485137515625001 0.8541090015625 0.8596175890625 0.80957394375 0.833086065625 0.8029588921874999
0 0.8587958015625 0.8209433234375 0.8571420390625001 0.8275762046875 0.8666175828125 0.8299387234375001 0.8682713453125 0.8233058421875 0.8587958015625 0.8209433234375
0 0.8499223484374999 0.8343310328125 0.8470873265625001 0.845701684375 0.862248196875 0.8494817140625001 0.86508321875 0.8381110609375 0.8499223484374999 0.8343310328125
0 0.847442978125 0.8462935874999999 0.84153668125 0.8699824484375 0.85764510625 0.8739987296875 0.863551403125 0.8503098703124999 0.847442978125 0.8462935874999999
0 0.8707357453125001 0.9748890796874999 0.8657744562499999 0.994787721875 0.8790402171875 0.9980952484375001 0.88400150625 0.9781966046875 0.8707357453125001 0.9748890796874999
0 0.8862535406250001 0.9812742468750001 0.882237259375 0.9973826718750001 0.8888701390625 0.999036434375 0.892886421875 0.982928009375 0.8862535406250001 0.9812742468750001
0 0.9049540578125 0.7770966453125 0.898811509375 0.8017330609375 0.9225003703124999 0.8076393562499999 0.9286429187499999 0.7830029421875 0.9049540578125 0.7770966453125
0 0.94532414375 0.75646505 0.9510094703125 0.7578825609375001 0.9545532484375 0.7436692453125 0.948867921875 0.742251734375 0.94532414375 0.75646505
0 0.9324305890625 0.7799214796875 0.944748796875 0.782992753125 0.9494738343750001 0.764041665625 0.9371556265625 0.760970390625 0.9324305890625 0.7799214796875
0 0.9189451312499999 0.8037335593750001 0.9139838421875 0.823632203125 0.9300922671875 0.8276484843749999 0.93505355625 0.8077498421874999 0.9189451312499999 0.8037335593750001
0 0.9046429796875 0.8469679593749999 0.9273842859375 0.8526380031249999 0.9335268343750001 0.8280015890625 0.910785528125 0.8223315437500001 0.9046429796875 0.8469679593749999
0 0.7898437140625 0.588872721875 0.78724494375 0.5992958203125001 0.8005107062500001 0.602603346875 0.8031094765625 0.5921802484375001 0.7898437140625 0.588872721875
0 0.8017569140624999 0.700540546875 0.7993943953125 0.7100160921875001 0.8126601578124999 0.7133236171874999 0.8150226765624999 0.7038480734375 0.8017569140624999 0.700540546875
0 0.7653152375000001 0.56615051875 0.76129895625 0.58225894375 0.77456471875 0.58556646875 0.778581 0.56945804375 0.7653152375000001 0.56615051875
0 0.8044989703125 0.54220375625 0.8009551921875 0.556417071875 0.8142209546875 0.5597245984375 0.8177647328125 0.5455112828125 0.8044989703125 0.54220375625
0 0.799757378125 0.5349827921875 0.7938510812499999 0.558671653125 0.8222777140625 0.565759209375 0.8281840109375 0.5420703484375 0.799757378125 0.5349827921875
0 0.789091659375 0.523265403125 0.7864928890625 0.5336885015624999 0.8026013140625 0.5377047828125 0.8052000843749999 0.527281684375 0.789091659375 0.523265403125
0 0.7636219953125 0.5103731218750001 0.75700694375 0.5369046453124999 0.77311536875 0.5409209265625 0.779730421875 0.514389403125 0.7636219953125 0.5103731218750001
0 0.7522246 0.46526016875 0.747972065625 0.48231614843750004 0.7830315796875 0.4910574671875 0.7872841125 0.4740014875 0.7522246 0.46526016875
0 0.7735547625 0.4866817140625 0.7662309546875 0.5160559015625 0.7984478046875 0.5240884640625 0.8057716125000001 0.4947142765625 0.7735547625 0.4866817140625
0 0.79977648125 0.5651813140625 0.795523946875 0.58223729375 0.8135274812500001 0.5867260796875 0.8177800140624999 0.5696701 0.79977648125 0.5651813140625
0 0.8104332843750001 0.5628060609375 0.8083070171875001 0.57133405 0.8253629968749999 0.575586584375 0.8274892640625 0.56705859375 0.8104332843750001 0.5628060609375
0 0.81647935625 0.5728684140625 0.810573059375 0.596557275 0.83141925625 0.601754815625 0.8373255531250001 0.5780659546875 0.81647935625 0.5728684140625
0 0.8046527546875 0.598100553125 0.8022902359374999 0.607576096875 0.809870671875 0.6094661109375 0.812233190625 0.5999905671875 0.8046527546875 0.598100553125
0 0.8111831015625001 0.8120915203125 0.8088205828125 0.8215670640624999 0.81640101875 0.8234570796874999 0.8187635375 0.8139815359375 0.8111831015625001 0.8120915203125
0 0.6240904609375 0.6562433249999999 0.6217279421875 0.66571886875 0.6321510406249999 0.6683176390625001 0.634513559375 0.6588420953125 0.6240904609375 0.6562433249999999
0 0.5173686421875 0.6240990656250001 0.514769871875 0.6345221640625 0.5251929703125 0.6371209343750001 0.527791740625 0.6266978359375 0.5173686421875 0.6240990656250001
0 0.00324330625 0.7485343359375001 0.0015895421875 0.7551672171875 0.0101175328125 0.7572934828125 0.011771295312500001 0.7506606031249999 0.00324330625 0.7485343359375001
0 0.1803458734375 0.8374783734375001 0.17538458437499999 0.8573770171874999 0.1924405640625 0.86162955 0.197401853125 0.8417309078124999 0.1803458734375 0.8374783734375001
0 0.21067016249999998 0.8490649031249999 0.2080713921875 0.8594880015624999 0.2251273703125 0.863740534375 0.22772614062500002 0.8533174359375 0.21067016249999998 0.8490649031249999
0 0.205477715625 0.8779640390625 0.2019339375 0.8921773546875 0.22088502499999998 0.8969023921874999 0.224428803125 0.8826890765625001 0.205477715625 0.8779640390625
0 0.21850213125 0.8741661796875 0.2159033609375 0.8845892796875001 0.2215886875 0.886006790625 0.2241874578125 0.8755836921875 0.21850213125 0.8741661796875
0 0.19871779375 0.8626914093750001 0.193520253125 0.8835376078125 0.22384199374999997 0.8910976671874999 0.2290395359375 0.87025146875 0.19871779375 0.8626914093750001
0 0.26173525625 0.886455096875 0.25512020468749996 0.9129866203124999 0.272176184375 0.9172391546875 0.2787912359375 0.8907076296875 0.26173525625 0.886455096875
0 0.29098495 0.8841865078125 0.288149928125 0.8955571609374999 0.301415690625 0.8988646875 0.3042507125 0.887494034375 0.29098495 0.8841865078125
0 0.2850697390625 0.893782725 0.2817622140625 0.9070484875 0.2921853125 0.9096472578125001 0.2954928375 0.8963814953125 0.2850697390625 0.893782725
0 0.385509234375 0.9168121859375 0.383146715625 0.9262877312500001 0.3935698140625 0.9288865015625 0.3959323328125 0.9194109562499999 0.385509234375 0.9168121859375
0 0.41983961562500005 0.8961844125 0.41771335 0.9047124015625 0.42718889375 0.9070749203125 0.4293151609375 0.89854693125 0.41983961562500005 0.8961844125
0 0.42886430625000005 0.9346670296875 0.4265017875 0.9441425750000001 0.435029778125 0.946268840625 0.437392296875 0.9367932968750001 0.42886430625000005 0.9346670296875
0 0.4475689546875 0.92423374375 0.4452064359375 0.9337092874999999 0.45752464374999996 0.9367805625000001 0.4598871625 0.9273050171874999 0.4475689546875 0.92423374375
0 0.42781518125 0.9610766078124999 0.423326396875 0.9790801421875001 0.43943482187500005 0.9830964234374999 0.44392360625 0.9650928890625 0.42781518125 0.9610766078124999
0 0.3610011328125 0.9263017390625 0.3581661109375 0.9376723921875 0.3666941015625 0.939798659375 0.3695291234375 0.9284280062500001 0.3610011328125 0.9263017390625
0 0.4787698234375 0.26221478125000003 0.4754622984375 0.2754805421875 0.4839902875 0.27760680937500004 0.48729781406250006 0.264341046875 0.4787698234375 0.26221478125000003
0 0.585466171875 0.2540943453125 0.583812409375 0.26072722656249997 0.593287953125 0.26308974531249996 0.5949417171875 0.2564568640625 0.585466171875 0.2540943453125
0 0.6321679390625 0.1333890953125 0.6305141765625 0.14002197656249998 0.63714705625 0.1416757390625 0.6388008203125 0.1350428578125 0.6321679390625 0.1333890953125
0 0.647098925 0.14818285312499999 0.6463901703125 0.151025515625 0.654918159375 0.1531517828125 0.655626915625 0.15030912031250002 0.647098925 0.14818285312499999
0 0.613758434375 0.42318823749999995 0.611395915625 0.43266378124999993 0.6218190140625001 0.43526255156250004 0.6241815328125 0.4257870078125 0.613758434375 0.42318823749999995
0 0.37407779531249996 0.2562412984375 0.3719515296875 0.2647692890625 0.3814270734375 0.2671318078125 0.383553340625 0.2586038171875 0.37407779531249996 0.2562412984375
0 0.3625291625 0.1592580203125 0.36016664375 0.1687335640625 0.36774707812499996 0.1706235796875 0.370109596875 0.161148034375 0.3625291625 0.1592580203125
0 0.356883003125 0.0325461765625 0.35404798125000003 0.0439168296875 0.365418634375 0.0467518515625 0.36825365625 0.0353811984375 0.356883003125 0.0325461765625
0 0.58164380625 0.015113859375 0.5788087843749999 0.0264845125 0.587336775 0.028610778125000003 0.590171796875 0.017240125000000002 0.58164380625 0.015113859375
0 0.17207451093749998 0.8666163093750001 0.1699482453125 0.8751442984375 0.1794237890625 0.8775068171875 0.18155005625 0.8689788281249999 0.17207451093749998 0.8666163093750001