0 0.65234375 0.2138671875 0.5185546875 0.2138671875 0.5185546875 0.310546875 0.65234375 0.310546875 0.65234375 0.2138671875
0 0.71728515625 0.4775390625 0.63037109375 0.4775390625 0.63037109375 0.5341796875 0.71728515625 0.5341796875 0.71728515625 0.4775390625
0 0.763671875 0.5224609375 0.62890625 0.5224609375 0.62890625 0.630859375 0.763671875 0.630859375 0.763671875 0.5224609375
0 0.82763671875 0.4541015625 0.79931640625 0.4541015625 0.79931640625 0.4775390625 0.82763671875 0.4775390625 0.82763671875 0.4541015625
0 0.43994140625 0.1435546875 0.31005859375 0.1435546875 0.31005859375 0.251953125 0.43994140625 0.251953125 0.43994140625 0.1435546875
0 0.25146484375 0.0703125 0.10986328125 0.0703125 0.10986328125 0.228515625 0.25146484375 0.228515625 0.25146484375 0.0703125
0 0.3330078125 0.77490234375 0.146484375 0.77490234375 0.146484375 0.94970703125 0.3330078125 0.94970703125 0.3330078125 0.77490234375
0 0.30029296875 0.806640625 0.17822265625 0.806640625 0.17822265625 0.884765625 0.30029296875 0.884765625 0.30029296875 0.806640625
0 0.6591796875 0.8193359375 0.466796875 0.8193359375 0.466796875 0.9716796875 0.6591796875 0.9716796875 0.6591796875 0.8193359375
0 0.58740234375 0.8349609375 0.48876953125 0.8349609375 0.48876953125 0.919921875 0.58740234375 0.919921875 0.58740234375 0.8349609375
0 0.80224609375 0.79638671875 0.66552734375 0.79638671875 0.66552734375 0.93310546875 0.80224609375 0.93310546875 0.80224609375 0.79638671875
0 0.91259765625 0.8916015625 0.84619140625 0.8916015625 0.84619140625 0.9580078125 0.91259765625 0.9580078125 0.91259765625 0.8916015625
0 0.99462890625 1 0.99462890625 0.8544921875 0.82568359375 0.8544921875 0.82568359375 1 0.99462890625 1
0 0.91259765625 0.69970703125 0.82275390625 0.69970703125 0.82275390625 0.77783203125 0.91259765625 0.77783203125 0.91259765625 0.69970703125
0 0.8525390625 0.6494140625 0.7607421875 0.6494140625 0.7607421875 0.7314453125 0.8525390625 0.7314453125 0.8525390625 0.6494140625
0 0.9013671875 0.63427734375 0.720703125 0.63427734375 0.720703125 0.81494140625 0.9013671875 0.81494140625 0.9013671875 0.63427734375
0 0.962890625 0.60595703125 0.8876953125 0.60595703125 0.8876953125 0.70263671875 0.962890625 0.70263671875 0.962890625 0.60595703125
0 0.9462890625 0.70458984375 0.904296875 0.70458984375 0.904296875 0.76318359375 0.9462890625 0.76318359375 0.9462890625 0.70458984375
0 0.9677734375 0.5458984375 0.8740234375 0.5458984375 0.8740234375 0.7646484375 0.9677734375 0.7646484375 0.9677734375 0.5458984375
0 0.7138671875 0.677734375 0.560546875 0.677734375 0.560546875 0.8193359375 0.7138671875 0.8193359375 0.7138671875 0.677734375
0 0.53369140625 0.701171875 0.47705078125 0.701171875 0.47705078125 0.76953125 0.53369140625 0.76953125 0.53369140625 0.701171875
0 0.59033203125 0.52734375 0.50048828125 0.52734375 0.50048828125 0.6025390625 0.59033203125 0.6025390625 0.59033203125 0.52734375
0 0.51171875 0.53271484375 0.36328125 0.53271484375 0.36328125 0.67138671875 0.51171875 0.67138671875 0.51171875 0.53271484375
0 0.5087890625 0.47412109375 0.43359375 0.47412109375 0.43359375 0.52880859375 0.5087890625 0.52880859375 0.5087890625 0.47412109375
0 0.46337890625 0.35888671875 0.34326171875 0.35888671875 0.34326171875 0.47412109375 0.46337890625 0.47412109375 0.46337890625 0.35888671875
0 0.35009765625 0.34375 0.24951171875 0.34375 0.24951171875 0.4541015625 0.35009765625 0.4541015625 0.35009765625 0.34375
0 0.36328125 0.29052734375 0.2529296875 0.29052734375 0.2529296875 0.37353515625 0.36328125 0.37353515625 0.36328125 0.29052734375
0 0.1982421875 0.31689453125 0.1298828125 0.31689453125 0.1298828125 0.38720703125 0.1982421875 0.38720703125 0.1982421875 0.31689453125
0 0.06298828125 0.3037109375 0.02587890625 0.3037109375 0.02587890625 0.3369140625 0.06298828125 0.3369140625 0.06298828125 0.3037109375
0 0.11279296875 0.2890625 0.08154296875 0.2890625 0.08154296875 0.333984375 0.11279296875 0.333984375 0.11279296875 0.2890625
0 0.11474609375 0.21533203125 0.07763671875 0.21533203125 0.07763671875 0.26025390625 0.11474609375 0.26025390625 0.11474609375 0.21533203125
0 0 0.30712890625 0.0732421875 0.30712890625 0.0732421875 0.20068359375 0 0.20068359375 0 0.30712890625
0 0 0.37255859375 0.099609375 0.37255859375 0.099609375 0.12353515625 0 0.12353515625 0 0.37255859375
0 0.0830078125 0.13671875 0.0224609375 0.13671875 0.0224609375 0.2001953125 0.0830078125 0.2001953125 0.0830078125 0.13671875
0 0.15283203125 0.48583984375 0.12451171875 0.48583984375 0.12451171875 0.51416015625 0.15283203125 0.51416015625 0.15283203125 0.48583984375
0 0.201171875 0.31884765625 0.0595703125 0.31884765625 0.0595703125 0.47705078125 0.201171875 0.47705078125 0.201171875 0.31884765625
0 0 0.50390625 0.06640625 0.50390625 0.06640625 0.34375 0 0.34375 0 0.50390625
0 0.1181640625 0.505859375 0.0966796875 0.505859375 0.0966796875 0.537109375 0.1181640625 0.537109375 0.1181640625 0.505859375
0 0.0361328125 0.58251953125 0.0126953125 0.58251953125 0.0126953125 0.61083984375 0.0361328125 0.61083984375 0.0361328125 0.58251953125
0 0.3916015625 0.88671875 0.341796875 0.88671875 0.341796875 0.9267578125 0.3916015625 0.9267578125 0.3916015625 0.88671875
0 0.43212890625 0.82470703125 0.31982421875 0.82470703125 0.31982421875 0.92822265625 0.43212890625 0.92822265625 0.43212890625 0.82470703125
0 0.421875 0.6611328125 0.33984375 0.6611328125 0.33984375 0.7314453125 0.421875 0.7314453125 0.421875 0.6611328125
0 0.388671875 0.6611328125 0.2666015625 0.6611328125 0.2666015625 0.8349609375 0.388671875 0.8349609375 0.388671875 0.6611328125
0 0.5 0.7646484375 0.4169921875 0.7646484375 0.4169921875 0.8349609375 0.5 0.8349609375 0.5 0.7646484375
0 0.15625 0.62451171875 0.03125 0.62451171875 0.03125 0.75927734375 0.15625 0.75927734375 0.15625 0.62451171875
0 0.0615234375 0.6826171875 0.0029296875 0.6826171875 0.0029296875 0.8427734375 0.0615234375 0.8427734375 0.0615234375 0.6826171875
0 0.03955078125 1 0.03955078125 0.943359375 0.01123046875 0.943359375 0.01123046875 1 0.03955078125 1
0 0.212890625 1 0.212890625 0.91796875 0.0380859375 0.91796875 0.0380859375 1 0.212890625 1
0 1 0.14501953125 0.8408203125 0.14501953125 0.8408203125 0.30908203125 1 0.30908203125 1 0.14501953125
0 0.734375 0 0.734375 0.078125 0.8408203125 0.078125 0.8408203125 0 0.734375 0
0 0.68408203125 0.0302734375 0.61376953125 0.0302734375 0.61376953125 0.0869140625 0.68408203125 0.0869140625 0.68408203125 0.0302734375
0 0.3720703125 0 0.3720703125 0.158203125 0.525390625 0.158203125 0.525390625 0 0.3720703125 0
0 0.39208984375 0.03662109375 0.26318359375 0.03662109375 0.26318359375 0.18505859375 0.39208984375 0.18505859375 0.39208984375 0.03662109375
0 0.69384765625 0.0986328125 0.55224609375 0.0986328125 0.55224609375 0.2255859375 0.69384765625 0.2255859375 0.69384765625 0.0986328125
0 0.72705078125 0.1787109375 0.66064453125 0.1787109375 0.66064453125 0.220703125 0.72705078125 0.220703125 0.72705078125 0.1787109375
0 0.83251953125 0.30078125 0.67529296875 0.30078125 0.67529296875 0.4306640625 0.83251953125 0.4306640625 0.83251953125 0.30078125
0 0.75390625 0.33056640625 0.5439453125 0.33056640625 0.5439453125 0.46044921875 0.75390625 0.46044921875 0.75390625 0.33056640625
0 0.32666015625 0.39404296875 0.19970703125 0.39404296875 0.19970703125 0.53955078125 0.32666015625 0.53955078125 0.32666015625 0.39404296875
0 0.3115234375 0.53076171875 0.146484375 0.53076171875 0.146484375 0.66748046875 0.3115234375 0.66748046875 0.3115234375 0.53076171875
0 0.62744140625 0.9384765625 0.23681640625 0.9384765625 0.23681640625 0.9931640625 0.62744140625 0.9931640625 0.62744140625 0.9384765625
0 0.6171875 0.595703125 0.6005859375 0.595703125 0.6005859375 0.6328125 0.6171875 0.6328125 0.6171875 0.595703125
0 1 0.43115234375 0.87890625 0.43115234375 0.87890625 0.58935546875 1 0.58935546875 1 0.43115234375
0 0.859375 0.42431640625 0.7138671875 0.42431640625 0.7138671875 0.54248046875 0.859375 0.54248046875 0.859375 0.42431640625
0 0.9462890625 0.0068359375 0.7939453125 0.0068359375 0.7939453125 0.125 0.9462890625 0.125 0.9462890625 0.0068359375
0 0.076171875 0 0.076171875 0.0546875 0.2314453125 0.0546875 0.2314453125 0 0.076171875 0
0 0 0 0 0.10546875 0.0947265625 0.10546875 0.0947265625 0 0 0
0 0.51513671875 0.36376953125 0.35498046875 0.36376953125 0.35498046875 0.48779296875 0.51513671875 0.48779296875 0.51513671875 0.36376953125
0 0.27490234375 0.22998046875 0.13623046875 0.22998046875 0.13623046875 0.31884765625 0.27490234375 0.31884765625 0.27490234375 0.22998046875
0 0.8408203125 0.09521484375 0.7275390625 0.09521484375 0.7275390625 0.19189453125 0.8408203125 0.19189453125 0.8408203125 0.09521484375
0 0.79443359375 0.22705078125 0.74072265625 0.22705078125 0.74072265625 0.27685546875 0.79443359375 0.27685546875 0.79443359375 0.22705078125
0 0.734375 0.25732421875 0.6923828125 0.25732421875 0.6923828125 0.28857421875 0.734375 0.28857421875 0.734375 0.25732421875
0 0.9794921875 0.12841796875 0.6708984375 0.12841796875 0.6708984375 0.41259765625 0.9794921875 0.41259765625 0.9794921875 0.12841796875
0 0.70703125 0.0068359375 0.5537109375 0.0068359375 0.5537109375 0.11328125 0.70703125 0.11328125 0.70703125 0.0068359375
0 0.06982421875 0 0.06982421875 0.0498046875 0.35693359375 0.0498046875 0.35693359375 0 0.06982421875 0
0 0.19482421875 0.7197265625 0.04931640625 0.7197265625 0.04931640625 0.8515625 0.19482421875 0.8515625 0.19482421875 0.7197265625
0 0.82421875 1 0.82421875 0.837890625 0.65234375 0.837890625 0.65234375 1 0.82421875 1
0 1 0.65283203125 0.9560546875 0.65283203125 0.9560546875 0.87841796875 1 0.87841796875 1 0.65283203125
0 0.54541015625 0.6640625 0.45556640625 0.6640625 0.45556640625 0.78125 0.54541015625 0.78125 0.54541015625 0.6640625