0 0.20751953125 0.72607421875 0.15771484375 0.72607421875 0.15771484375 0.77392578125 0.20751953125 0.77392578125 0.20751953125 0.72607421875
0 0.08740234375 0.4931640625 0.04638671875 0.4931640625 0.04638671875 0.5341796875 0.08740234375 0.5341796875 0.08740234375 0.4931640625
0 0.21240234375 0.431640625 0.13232421875 0.431640625 0.13232421875 0.4931640625 0.21240234375 0.4931640625 0.21240234375 0.431640625
0 0.19384765625 0.26025390625 0.13720703125 0.26025390625 0.13720703125 0.32861328125 0.19384765625 0.32861328125 0.19384765625 0.26025390625
0 0.06884765625 0.1708984375 0.02294921875 0.1708984375 0.02294921875 0.2158203125 0.06884765625 0.2158203125 0.06884765625 0.1708984375
0 0.0654296875 0.12158203125 0.02734375 0.12158203125 0.02734375 0.16455078125 0.0654296875 0.16455078125 0.0654296875 0.12158203125
0 0.07421875 0.068359375 0.0361328125 0.068359375 0.0361328125 0.1044921875 0.07421875 0.1044921875 0.07421875 0.068359375
0 0.115234375 0.029296875 0.0634765625 0.029296875 0.0634765625 0.0615234375 0.115234375 0.0615234375 0.115234375 0.029296875
0 0.18359375 0.05517578125 0.158203125 0.05517578125 0.158203125 0.09423828125 0.18359375 0.09423828125 0.18359375 0.05517578125
0 0.22314453125 0.0751953125 0.18896484375 0.0751953125 0.18896484375 0.111328125 0.22314453125 0.111328125 0.22314453125 0.0751953125
0 0.13720703125 0.220703125 0.11474609375 0.220703125 0.11474609375 0.2412109375 0.13720703125 0.2412109375 0.13720703125 0.220703125
0 0.17138671875 0.14404296875 0.15087890625 0.14404296875 0.15087890625 0.16259765625 0.17138671875 0.16259765625 0.17138671875 0.14404296875
0 0.25048828125 0.15234375 0.21923828125 0.15234375 0.21923828125 0.1904296875 0.25048828125 0.1904296875 0.25048828125 0.15234375
0 0.35205078125 0.08544921875 0.27392578125 0.08544921875 0.27392578125 0.11962890625 0.35205078125 0.11962890625 0.35205078125 0.08544921875
0 0.4384765625 0.0888671875 0.3857421875 0.0888671875 0.3857421875 0.13671875 0.4384765625 0.13671875 0.4384765625 0.0888671875
0 0.43505859375 0.13720703125 0.31396484375 0.13720703125 0.31396484375 0.21923828125 0.43505859375 0.21923828125 0.43505859375 0.13720703125
0 0.43017578125 0.2255859375 0.35986328125 0.2255859375 0.35986328125 0.2705078125 0.43017578125 0.2705078125 0.43017578125 0.2255859375
0 0.51220703125 0.125 0.48681640625 0.125 0.48681640625 0.150390625 0.51220703125 0.150390625 0.51220703125 0.125
0 0.4990234375 0.2431640625 0.474609375 0.2431640625 0.474609375 0.2744140625 0.4990234375 0.2744140625 0.4990234375 0.2431640625
0 0.43505859375 0.3251953125 0.38916015625 0.3251953125 0.38916015625 0.3701171875 0.43505859375 0.3701171875 0.43505859375 0.3251953125
0 0.390625 0.36669921875 0.349609375 0.36669921875 0.349609375 0.40771484375 0.390625 0.40771484375 0.390625 0.36669921875
0 0.23291015625 0.30126953125 0.20751953125 0.30126953125 0.20751953125 0.33740234375 0.23291015625 0.33740234375 0.23291015625 0.30126953125
0 0.63037109375 0.1796875 0.56201171875 0.1796875 0.56201171875 0.2314453125 0.63037109375 0.2314453125 0.63037109375 0.1796875
0 0.7197265625 0.1708984375 0.6611328125 0.1708984375 0.6611328125 0.236328125 0.7197265625 0.236328125 0.7197265625 0.1708984375
0 0.68505859375 0.23974609375 0.62548828125 0.23974609375 0.62548828125 0.29443359375 0.68505859375 0.29443359375 0.68505859375 0.23974609375
0 0.76904296875 0.23486328125 0.71435546875 0.23486328125 0.71435546875 0.31494140625 0.76904296875 0.31494140625 0.76904296875 0.23486328125
0 0.66455078125 0.29833984375 0.56884765625 0.29833984375 0.56884765625 0.36474609375 0.66455078125 0.36474609375 0.66455078125 0.29833984375
0 0.6904296875 0.30859375 0.65625 0.30859375 0.65625 0.34765625 0.6904296875 0.34765625 0.6904296875 0.30859375
0 0.71337890625 0.234375 0.66943359375 0.234375 0.66943359375 0.3203125 0.71337890625 0.3203125 0.71337890625 0.234375
0 0.70947265625 0.32275390625 0.68798828125 0.32275390625 0.68798828125 0.34619140625 0.70947265625 0.34619140625 0.70947265625 0.32275390625
0 1 0.01904296875 0.9853515625 0.01904296875 0.9853515625 0.04248046875 1 0.04248046875 1 0.01904296875
0 0.98291015625 0.21240234375 0.95166015625 0.21240234375 0.95166015625 0.23876953125 0.98291015625 0.23876953125 0.98291015625 0.21240234375
0 0.98974609375 0.2685546875 0.96728515625 0.2685546875 0.96728515625 0.3203125 0.98974609375 0.3203125 0.98974609375 0.2685546875
0 0.9013671875 0.38916015625 0.8427734375 0.38916015625 0.8427734375 0.44091796875 0.9013671875 0.44091796875 0.9013671875 0.38916015625
0 0.8662109375 0.49169921875 0.841796875 0.49169921875 0.841796875 0.51416015625 0.8662109375 0.51416015625 0.8662109375 0.49169921875
0 0.984375 0.50830078125 0.94921875 0.50830078125 0.94921875 0.54345703125 0.984375 0.54345703125 0.984375 0.50830078125
0 0.931640625 0.68115234375 0.8740234375 0.68115234375 0.8740234375 0.77587890625 0.931640625 0.77587890625 0.931640625 0.68115234375
0 0.84033203125 0.732421875 0.78564453125 0.732421875 0.78564453125 0.78515625 0.84033203125 0.78515625 0.84033203125 0.732421875
0 0.7080078125 0.73779296875 0.6435546875 0.73779296875 0.6435546875 0.80322265625 0.7080078125 0.80322265625 0.7080078125 0.73779296875
0 0.58837890625 0.400390625 0.55615234375 0.400390625 0.55615234375 0.4404296875 0.58837890625 0.4404296875 0.58837890625 0.400390625
0 0.287109375 0.26318359375 0.26953125 0.26318359375 0.26953125 0.28271484375 0.287109375 0.28271484375 0.287109375 0.26318359375
0 0.56103515625 0.75146484375 0.52001953125 0.75146484375 0.52001953125 0.79638671875 0.56103515625 0.79638671875 0.56103515625 0.75146484375
0 0.4306640625 0.53955078125 0.3740234375 0.53955078125 0.3740234375 0.61181640625 0.4306640625 0.61181640625 0.4306640625 0.53955078125
0 0.2666015625 0.76611328125 0.21484375 0.76611328125 0.21484375 0.81884765625 0.2666015625 0.81884765625 0.2666015625 0.76611328125
0 0.3125 0.80859375 0.2490234375 0.80859375 0.2490234375 0.8720703125 0.3125 0.8720703125 0.3125 0.80859375
0 0.2109375 0.8369140625 0.1953125 0.8369140625 0.1953125 0.8623046875 0.2109375 0.8623046875 0.2109375 0.8369140625
0 0.25830078125 0.85986328125 0.18994140625 0.85986328125 0.18994140625 0.95556640625 0.25830078125 0.95556640625 0.25830078125 0.85986328125
0 0.2138671875 0.181640625 0.181640625 0.181640625 0.181640625 0.2158203125 0.2138671875 0.2158203125 0.2138671875 0.181640625
0 0.21728515625 0.1513671875 0.19677734375 0.1513671875 0.19677734375 0.1728515625 0.21728515625 0.1728515625 0.21728515625 0.1513671875
0 0.11767578125 0 0.11767578125 0.01171875 0.14599609375 0.01171875 0.14599609375 0 0.11767578125 0
0 0.35986328125 0.01123046875 0.33154296875 0.01123046875 0.33154296875 0.03955078125 0.35986328125 0.03955078125 0.35986328125 0.01123046875