0 0.44034656875 0.5207587609375001 0.457857803125 0.5222907953125 0.4596451765625 0.5018610203125 0.4421339421875 0.5003289859375 0.44034656875 0.5207587609375001
0 0.41131265937499994 0.4716547140625 0.42298681718750003 0.4726760703125 0.423837946875 0.46294760625000003 0.412163790625 0.46192625 0.41131265937499994 0.4716547140625
0 0.567187259375 0.5107795875 0.5749700296875 0.5114604921875 0.5759062734375 0.5007591812500001 0.5681235015625 0.5000782765625 0.567187259375 0.5107795875
0 0.6311900546875 0.6644033203124999 0.6594026000000001 0.6668715984375 0.661785765625 0.6396319 0.6335732203125 0.637163621875 0.6311900546875 0.6644033203124999
0 0.679442971875 0.6450978765625 0.697927053125 0.646715025 0.699884653125 0.6243395578125 0.681400571875 0.622722409375 0.679442971875 0.6450978765625
0 0.640012925 0.69801503125 0.6507142359375 0.698951275 0.6516504796875 0.6882499640625 0.64094916875 0.6873137203125 0.640012925 0.69801503125
0 0.6904673140625001 0.715173025 0.700195778125 0.7160241546874999 0.7013873609375 0.7024043062499999 0.691658896875 0.701553175 0.6904673140625001 0.715173025
0 0.585296490625 0.701560453125 0.592106415625 0.70215624375 0.593127771875 0.6904820875000001 0.586317846875 0.6898862953125 0.585296490625 0.701560453125
0 0.5419737359375 0.6365019015625 0.5604578171875 0.63811905 0.5619898515624999 0.6206078140625 0.5435057703124999 0.6189906671875 0.5419737359375 0.6365019015625
0 0.443314940625 0.6268900828125 0.4598533296875 0.6283370046875 0.46130025 0.6117986156249999 0.44476186249999994 0.61035169375 0.443314940625 0.6268900828125
0 0.49772113124999995 0.610083565625 0.512313828125 0.6113602609375001 0.5135054109375 0.5977404125 0.49891271406250004 0.5964637171875 0.49772113124999995 0.610083565625
0 0.52750826875 0.5945541859375 0.5421009640625 0.59583088125 0.543377659375 0.5812381859375 0.5287849640625 0.579961490625 0.52750826875 0.5945541859375
0 0.5237326453125 0.61530015625 0.5412438796875 0.6168321921875 0.542520575 0.6022394953125 0.525009340625 0.6007074609374999 0.5237326453125 0.61530015625
0 0.3745283953125 0.6007760375 0.393985321875 0.6024782984375 0.3956875828125 0.5830213703125 0.3762306546875 0.5813191093750001 0.3745283953125 0.6007760375
0 0.4015242203125 0.5443202968749999 0.42195399375 0.5461076703125001 0.4235711421875 0.5276235890625001 0.4031413671875 0.5258362156249999 0.4015242203125 0.5443202968749999
0 0.293539153125 0.6132962531249999 0.30813185 0.6145729484375 0.3094085453125 0.599980253125 0.29481585 0.5987035578125 0.293539153125 0.6132962531249999
0 0.2949929109375 0.6639085203125 0.3086127609375 0.665100103125 0.3096341171875 0.6534259453125 0.2960142671875 0.6522343640625 0.2949929109375 0.6639085203125
0 0.29804507343750003 0.65143174375 0.3077735375 0.6522828734375 0.3087097796875 0.6415815625 0.2989813171875 0.6407304328125 0.29804507343750003 0.65143174375
0 0.20098512500000001 0.61794263125 0.211686434375 0.6188788749999999 0.212792903125 0.606231871875 0.20209159375 0.605295628125 0.20098512500000001 0.61794263125
0 0.206608978125 0.581673675 0.22217452031249998 0.5830354828125001 0.2231107640625 0.572334171875 0.20754522187500002 0.5709723640625 0.206608978125 0.581673675
0 0.2627599875 0.54492380625 0.27735268281250003 0.5462005015625 0.27837403906249997 0.5345263453125 0.26378134375 0.53324965 0.2627599875 0.54492380625
0 0.3429832109375 0.5411592078125 0.351738828125 0.5419252250000001 0.3528452984375 0.5292782218750001 0.34408968125 0.5285122046875 0.3429832109375 0.5411592078125
0 0.3659549109375 0.5755186343750001 0.3766562203125 0.5764548781250001 0.37725201249999996 0.569644953125 0.36655070156249997 0.568708709375 0.3659549109375 0.5755186343750001
0 0.3276734484375 0.5760906109375 0.3490760703125 0.5779630984375 0.351374121875 0.5516962453125 0.3299715015625 0.5498237593749999 0.3276734484375 0.5760906109375
0 0.317263640625 0.5438105015625 0.32796495000000003 0.5447467453125 0.3291565328125 0.5311268953125 0.31845522187499997 0.5301906515625 0.317263640625 0.5438105015625
0 0.3635891640625 0.5297280421874999 0.3772090140625 0.530919625 0.37950706562500003 0.5046527734375 0.3658872171875 0.503461190625 0.3635891640625 0.5297280421874999
0 0.40070285781250004 0.4976845296875 0.41140416718750006 0.49862077187500004 0.412170184375 0.48986515468749997 0.40146887500000006 0.4889289109375 0.40070285781250004 0.4976845296875
0 0.3835869796875 0.50844074375 0.3942882890625 0.5093769874999999 0.3951394203125 0.4996485234375 0.384438109375 0.4987122796875 0.3835869796875 0.50844074375
0 0.20549897968750003 0.28062666875 0.223010215625 0.2821587046875 0.22394645781250003 0.27145739375 0.20643522343749998 0.269925359375 0.20549897968750003 0.28062666875
0 0.2291507015625 0.22877982187499998 0.23790631874999998 0.22954583906249998 0.2390127890625 0.2168988359375 0.23025717031249998 0.21613281875 0.2291507015625 0.22877982187499998
0 0.28313816406250003 0.2839881921875 0.29481232031250004 0.28500955 0.2957485640625 0.2743082390625 0.28407440624999997 0.2732868828125 0.28313816406250003 0.2839881921875
0 0.3227750390625 0.23991176875 0.3276392703125 0.240337334375 0.32883085312500004 0.226717484375 0.3239666203125 0.22629191875000002 0.3227750390625 0.23991176875
0 0.34561906875 0.2757304640625 0.357293225 0.2767518203125 0.3585699203125 0.262159125 0.3468957640625 0.26113776875 0.34561906875 0.2757304640625
0 0.33389684218750004 0.325680128125 0.34070676718750004 0.32627592031249997 0.3418132375 0.3136289171875 0.3350033125 0.31303312499999997 0.33389684218750004 0.325680128125
0 0.332408246875 0.4211284421875 0.34505525000000004 0.4222349125 0.3468426234375 0.40180513749999996 0.3341956203125 0.40069866875000004 0.332408246875 0.4211284421875
0 0.2781960953125 0.39089788125 0.28889740625 0.3918341234375 0.28991876250000004 0.3801599671875 0.2792174515625 0.3792237234375 0.2781960953125 0.39089788125
0 0.2015718734375 0.3479232953125 0.21324603125000002 0.348944653125 0.2142673875 0.3372704953125 0.20259322968750001 0.3362491390625 0.2015718734375 0.3479232953125
0 0.179178546875 0.3797842359375 0.185988471875 0.38038002656250003 0.1872651671875 0.36578733125 0.1804552421875 0.36519154062500003 0.179178546875 0.3797842359375
0 0.206947665625 0.42093528437499994 0.2215403625 0.4222119796875 0.22290217031249998 0.40664643749999996 0.208309475 0.40536974218750005 0.206947665625 0.42093528437499994
0 0.178163584375 0.419397296875 0.20443043749999998 0.4216953484375 0.20826052343749998 0.3779172609375 0.18199367187499998 0.37561920937500004 0.178163584375 0.419397296875
0 0.09280800156249999 0.369777059375 0.10837354375 0.37113886875 0.1092246734375 0.3614104046875 0.09365913125 0.360048596875 0.09280800156249999 0.369777059375
0 0.1289301046875 0.2930434703125 0.144495646875 0.29440527968749997 0.14602768125 0.27689404375 0.13046213906249998 0.2755322359375 0.1289301046875 0.2930434703125
0 0.137217159375 0.2599483921875 0.148891315625 0.2609697484375 0.149912671875 0.24929559218750003 0.138238515625 0.2482742359375 0.137217159375 0.2599483921875
0 0.15649151249999999 0.24693028749999998 0.1701113625 0.24812187031250002 0.171558284375 0.23158348125 0.157938434375 0.23039189843750002 0.15649151249999999 0.24693028749999998
0 0.1754560640625 0.2598628375 0.20075007031249997 0.26207577656250003 0.202196990625 0.24553738749999998 0.1769029859375 0.24332444999999997 0.1754560640625 0.2598628375
0 0.17121231875 0.2859594640625 0.190669246875 0.287661725 0.19228639375 0.26917764375000003 0.1728294671875 0.2674753828125 0.17121231875 0.2859594640625
0 0.1597573390625 0.310444896875 0.17532288125 0.3118067046875 0.1759186734375 0.3049967796875 0.16035313125 0.303634971875 0.1597573390625 0.310444896875
0 0.131800575 0.34426982968750003 0.1395833453125 0.344950734375 0.1400089109375 0.340086503125 0.132226140625 0.3394055984375 0.131800575 0.34426982968750003
0 0.0487289296875 0.0948696796875 0.071104396875 0.096827278125 0.0734875625 0.0695875796875 0.05111209531250001 0.0676299796875 0.0487289296875 0.0948696796875
0 0.0385387390625 0.1273081078125 0.05118574218750001 0.12841457812499998 0.052377324999999995 0.114794728125 0.039730321875 0.113688259375 0.0385387390625 0.1273081078125
0 0.07351909375 0.1700703515625 0.0890846359375 0.171432159375 0.09027621875 0.1578123109375 0.0747106765625 0.1564505015625 0.07351909375 0.1700703515625
0 0.106261371875 0.16558273437499998 0.11307129687499999 0.16617852500000002 0.11366708750000001 0.1593686 0.10685716406250001 0.158772809375 0.106261371875 0.16558273437499998
0 0.17262175468750002 0.18021115000000001 0.1872144515625 0.1814878453125 0.18815069375 0.17078653593749998 0.1735579984375 0.16950984062500002 0.17262175468750002 0.18021115000000001
0 0.198906909375 0.1879024140625 0.21252675937499999 0.189093996875 0.21363322812500002 0.17644699375 0.20001337812500003 0.1752554109375 0.198906909375 0.1879024140625
0 0.21679520000000002 0.1963294859375 0.2265236625 0.197180615625 0.22728968125 0.1884249984375 0.21756121718750002 0.18757386874999998 0.21679520000000002 0.1963294859375
0 0.24078097812500002 0.11265234843750001 0.25148228906250003 0.11358859218749999 0.25241853124999997 0.10288728124999999 0.24171722187500003 0.1019510390625 0.24078097812500002 0.11265234843750001
0 0.2670780390625 0.09779791875 0.283616428125 0.099244840625 0.284637784375 0.087570684375 0.26809939531250004 0.0861237625 0.2670780390625 0.09779791875
0 0.25087370781249996 0.0645207078125 0.26254786406249997 0.0655420640625 0.2634841078125 0.05484075468750001 0.25180995156249997 0.053819396875 0.25087370781249996 0.0645207078125
0 0.23132571406250002 0.075064140625 0.2478641015625 0.0765110609375 0.2486301203125 0.06775544375 0.23209173125000002 0.066308521875 0.23132571406250002 0.075064140625
0 0.306448109375 0.11839747812500001 0.32006795781249997 0.11958906093749999 0.321174428125 0.10694205781249999 0.30755457812500003 0.10575047500000001 0.306448109375 0.11839747812500001
0 0.27536002187499997 0.1543991890625 0.28995271875 0.155675884375 0.29114429999999997 0.1420560359375 0.2765516046875 0.1407793390625 0.27536002187499997 0.1543991890625
0 0.3949583875 0.0815378015625 0.40663254374999996 0.08255915781249999 0.407994353125 0.066993615625 0.3963201953125 0.065972259375 0.3949583875 0.0815378015625
0 0.4762281046875 0.1386429140625 0.4937393390625 0.1401749484375 0.49518626093749996 0.123636559375 0.4776750265625 0.12210452499999999 0.4762281046875 0.1386429140625
0 0.5100342953125 0.121994715625 0.5178170671875 0.12267562031250001 0.518583084375 0.11392000312499999 0.5108003140624999 0.11323909843749999 0.5100342953125 0.121994715625
0 0.4844721625 0.0668225078125 0.49614631875 0.06784386406250001 0.4970825609375 0.057142553124999995 0.4854084046875 0.056121196875 0.4844721625 0.0668225078125
0 0.41729769218749996 0.1119207296875 0.469831396875 0.1165168328125 0.474682840625 0.061064589062499994 0.422149134375 0.056468484375 0.41729769218749996 0.1119207296875
0 0.43797641093750006 0.082850659375 0.45159626093750005 0.084042240625 0.4527878421875 0.0704223921875 0.43916799375000004 0.06923080937500001 0.43797641093750006 0.082850659375
0 0.3919015953125 0.222922678125 0.413304215625 0.22479516406250002 0.415261815625 0.20241969843750002 0.3938591953125 0.2005472109375 0.3919015953125 0.222922678125
0 0.4230322390625 0.18643454375 0.4347063953125 0.1874559 0.43589797812500003 0.17383605156249998 0.4242238203125 0.17281469375 0.4230322390625 0.18643454375
0 0.4306635265625 0.23366610312499997 0.45693037812500004 0.23596415468749998 0.45931354375 0.20872445625 0.433046690625 0.2064264046875 0.4306635265625 0.23366610312499997
0 0.436676784375 0.2209582421875 0.45126947968750003 0.22223493749999998 0.4524610625 0.20861508906249998 0.437868365625 0.20733839375000002 0.436676784375 0.2209582421875
0 0.4584994578125 0.2684510953125 0.477956384375 0.2701533546875 0.4797437578125 0.24972358125 0.46028683125000003 0.2480213203125 0.4584994578125 0.2684510953125
0 0.4399366578125 0.2957456984375 0.45939358593749996 0.2974479578125 0.4620320890625 0.2672897203125 0.44257516093750005 0.265587459375 0.4399366578125 0.2957456984375
0 0.41638746875 0.27358940781249996 0.447518553125 0.276313025 0.449561265625 0.25296471249999997 0.41843018125000003 0.2502410953125 0.41638746875 0.27358940781249996
0 0.3756789625 0.1842522546875 0.3922173515625 0.18569917656249998 0.393408934375 0.1720793265625 0.37687054531249997 0.17063240468750002 0.3756789625 0.1842522546875
0 0.3883072234375 0.1407537609375 0.401927071875 0.14194534375 0.402778203125 0.1322168796875 0.38915835312499997 0.131025296875 0.3883072234375 0.1407537609375
0 0.3783174671875 0.1540940171875 0.3929101625 0.1553707125 0.3942719703125 0.1398051703125 0.379679275 0.138528475 0.3783174671875 0.1540940171875
0 0.34912612187500003 0.162813471875 0.3578817390625 0.1635794890625 0.35873286875 0.153851025 0.34997725156250004 0.1530850078125 0.34912612187500003 0.162813471875
0 0.3398657796875 0.1566116875 0.3505670890625 0.1575479296875 0.3515033328125 0.1468466203125 0.3408020234375 0.1459103765625 0.3398657796875 0.1566116875
0 0.2842863078125 0.1924312640625 0.3270915484375 0.1961762375 0.3317727640625 0.1426696875 0.2889675234375 0.1389247140625 0.2842863078125 0.1924312640625
0 0.2889194546875 0.189895734375 0.3083763828125 0.1915979953125 0.3092275125 0.18186953125 0.2897705859375 0.1801672703125 0.2889194546875 0.189895734375
0 0.29285934999999996 0.1784769171875 0.3084248921875 0.179838725 0.3092760234375 0.17011026093749998 0.29371048125 0.168748453125 0.29285934999999996 0.1784769171875
0 0.3417025453125 0.20284614531249998 0.3553223953125 0.204037728125 0.356599090625 0.18944503125 0.34297924062499996 0.18825345 0.3417025453125 0.20284614531249998
0 0.3311774140625 0.18869136250000001 0.3399330328125 0.1894573796875 0.34095438906250003 0.1777832234375 0.3321987703125 0.17701720625 0.3311774140625 0.18869136250000001
0 0.3731945890625 0.40313034375 0.4004342875 0.40551350781249995 0.40298767812499997 0.37632811718750003 0.3757479796875 0.3739449515625 0.3731945890625 0.40313034375
0 0.3887418296875 0.399098940625 0.39944314062499997 0.4000351828125 0.400975175 0.3825239484375 0.3902738640625 0.3815877046875 0.3887418296875 0.399098940625
0 0.34669621093749997 0.3586594453125 0.3544789828125 0.3593403484375 0.3550747734375 0.352530425 0.347292003125 0.3518495203125 0.34669621093749997 0.3586594453125
0 0.39323451875000004 0.34214487031249996 0.4029629828125 0.34299599999999997 0.4038141125 0.3332675359375 0.3940856484375 0.33241640625 0.39323451875000004 0.34214487031249996
0 0.4289136375 0.343305803125 0.43864210156250005 0.3441569328125 0.43957834531250006 0.3334556234375 0.42984988125 0.3326044921875 0.4289136375 0.343305803125
0 0.4506026875 0.40353077031250006 0.470059615625 0.40523303125 0.4718469890625 0.3848032578125 0.45239006249999997 0.383100996875 0.4506026875 0.40353077031250006
0 0.4727045140625 0.4030136984375 0.494107134375 0.404886184375 0.49521360468750003 0.39223918125 0.473810984375 0.3903666953125 0.4727045140625 0.4030136984375
0 0.47721638750000006 0.4298763421875 0.4918090828125 0.4311530375 0.49402202187500005 0.40585903125 0.4794293265625 0.40458233593750004 0.47721638750000006 0.4298763421875
0 0.48060944218749996 0.45271992968749997 0.49909352343749996 0.454337078125 0.5007106718750001 0.435852996875 0.482226590625 0.43423584843749996 0.48060944218749996 0.45271992968749997
0 0.4362474703125 0.43315407656250005 0.44694878125 0.43409031875000004 0.44805525 0.42144331562500004 0.437353940625 0.4205070734375 0.4362474703125 0.43315407656250005
0 0.3988963 0.43429758906249993 0.423217459375 0.43642541562500003 0.42526017187500004 0.4130771015625 0.4009390125 0.4109492765625 0.3988963 0.43429758906249993
0 0.3672787921875 0.431531415625 0.3915999515625 0.4336592421875 0.3929617609375 0.4180937 0.3686406 0.4159658734375 0.3672787921875 0.431531415625
0 0.5047603765625001 0.45679344843749997 0.52519015 0.45858082187500004 0.5271477499999999 0.43620535625 0.5067179765625001 0.4344179828125 0.5047603765625001 0.45679344843749997
0 0.5147190421875 0.3821821734375 0.5322302765625 0.3837142078125 0.5339325374999999 0.3642572796875 0.516421303125 0.3627252453125 0.5147190421875 0.3821821734375
0 0.5369851406249999 0.39099225312499997 0.550604990625 0.3921838359375 0.551711459375 0.3795368328125 0.538091609375 0.37834525 0.5369851406249999 0.39099225312499997
0 0.47618775468749996 0.3351880921875 0.5073188390625 0.33791170937500004 0.508595534375 0.3233190125 0.47746445 0.320595396875 0.47618775468749996 0.3351880921875
0 0.4885309078125 0.3509723703125 0.5128520671875 0.35310019531250003 0.5143841015625 0.3355889609375 0.4900629421875 0.33346113593750004 0.4885309078125 0.3509723703125
0 0.547181284375 0.34728097812500003 0.560801134375 0.3484725609375 0.56224805625 0.331934171875 0.54862820625 0.3307425890625 0.547181284375 0.34728097812500003
0 0.5834259875 0.3587844671875 0.6165027640625 0.3616783109375 0.6185454765625 0.338329996875 0.5854687000000001 0.3354361546875 0.5834259875 0.3587844671875
0 0.58891070625 0.3857322234375 0.5996120171875 0.3866684671875 0.6008035984375 0.3730486171875 0.5901022890625 0.372112375 0.58891070625 0.3857322234375
0 0.566048815625 0.3837320671875 0.5767501265625 0.3846683109375 0.5776863703124999 0.37396700156249996 0.566985059375 0.3730307578125 0.566048815625 0.3837320671875
0 0.5782702546875 0.38970276875 0.587025871875 0.3904687859375 0.588132340625 0.3778217828125 0.5793767234375 0.377055765625 0.5782702546875 0.38970276875
0 0.5745495359375 0.42662837500000006 0.5842780000000001 0.42747950625 0.5851291296875 0.4177510421875 0.5754006656249999 0.4168999109375 0.5745495359375 0.42662837500000006
0 0.5954231765625 0.428944728125 0.6187714890625 0.43098744062499994 0.620899315625 0.40666628125 0.5975510015625 0.40462356875000005 0.5954231765625 0.428944728125
0 0.6370487421875 0.4237638578125 0.6448315124999999 0.4244447625 0.645342190625 0.41860768437500007 0.6375594203125 0.4179267796875 0.6370487421875 0.4237638578125
0 0.624334928125 0.42902344687499994 0.6321176984375 0.4297043515625 0.632968828125 0.4199758875 0.6251860578125 0.4192949828125 0.624334928125 0.42902344687499994
0 0.589787415625 0.487759378125 0.6053529578125 0.4891211875 0.606714765625 0.47355564531249994 0.5911492234375 0.4721938359375 0.589787415625 0.487759378125
0 0.56131401875 0.5386942375 0.5768795609375 0.5400560453125001 0.5779860296875 0.5274090421875 0.5624204875000001 0.526047234375 0.56131401875 0.5386942375
0 0.5813424828125 0.5394662078125 0.5920437921875 0.5404024515625 0.5929800359375 0.5297011406250001 0.582278725 0.5287648968750001 0.5813424828125 0.5394662078125
0 0.5702947671875 0.553694196875 0.5878060015625 0.55522623125 0.589167809375 0.5396606890625 0.571656575 0.5381286546874999 0.5702947671875 0.553694196875
0 0.5568877 0.5500704984375 0.5656433171875 0.550836515625 0.5662391078125 0.5440265906249999 0.557483490625 0.5432605734375 0.5568877 0.5500704984375
0 0.5929804765625 0.5689128921875 0.5997904015625 0.5695086828125 0.60064153125 0.5597802187500001 0.5938316078125 0.559184428125 0.5929804765625 0.5689128921875
0 0.7496453484375001 0.5934025125 0.7681294296875001 0.5950196609375 0.769916803125 0.5745898859375 0.751432721875 0.5729727390625 0.7496453484375001 0.5934025125
0 0.736645103125 0.5403096203125 0.744427875 0.540990525 0.7454492312500001 0.5293163671875 0.737666459375 0.5286354640625001 0.736645103125 0.5403096203125
0 0.6525909109375 0.5094288031249999 0.6710749921875 0.5110459515625 0.6743944015625 0.47310494218750004 0.6559103187499999 0.47148779531249996 0.6525909109375 0.5094288031249999
0 0.8064832140625 0.537597028125 0.8239944484375 0.5391290625 0.82518603125 0.5255092125 0.807674796875 0.523977178125 0.8064832140625 0.537597028125
0 0.8588709484375 0.5382591890625 0.8793007218750001 0.5400465624999999 0.8805774171874999 0.5254538671875 0.8601476437500001 0.52366649375 0.8588709484375 0.5382591890625
0 0.8780116781249999 0.5379731999999999 0.891631528125 0.5391647828125 0.892737996875 0.5265177796875 0.8791181484375 0.525326196875 0.8780116781249999 0.5379731999999999
0 0.8452383093750001 0.48118979843750004 0.858858159375 0.4823813796875 0.8598795156250001 0.47070722343750004 0.846259665625 0.46951564062499995 0.8452383093750001 0.48118979843750004
0 0.9042721359374999 0.5123323484375 0.9120549078125 0.5130132515625 0.9129060375 0.5032847874999999 0.9051232671875 0.502603884375 0.9042721359374999 0.5123323484375
0 0.905475625 0.47616680625 0.91228555 0.476762596875 0.9130515671874999 0.46800697968750005 0.9062416421874999 0.46741118750000005 0.905475625 0.47616680625
0 0.940199759375 0.44342408593749993 0.9470096828125 0.4440198765625 0.9477757 0.43526425937499996 0.9409657765624999 0.43466846875 0.940199759375 0.44342408593749993
0 0.859264540625 0.393700434375 0.8728843890625001 0.3948920171875 0.8740759718750001 0.3812721671875 0.860456121875 0.3800805859375 0.859264540625 0.393700434375
0 0.92048065625 0.377489709375 0.946747509375 0.3797877609375 0.9495562390625001 0.3476838296875 0.9232893859375 0.345385778125 0.92048065625 0.377489709375
0 0.9232230156250001 0.39096358750000004 0.9348971718750001 0.39198494375 0.9360036421875 0.37933794062500004 0.9243294859375 0.378316584375 0.9232230156250001 0.39096358750000004
0 0.9638148765624999 0.380790815625 0.9754890328125001 0.381812171875 0.97625505 0.3730565546875 0.96458089375 0.3720351984375 0.9638148765624999 0.380790815625
0 0.946905828125 0.40038776093750006 0.9673356015625 0.402175134375 0.9693783140625 0.378826821875 0.9489485406249999 0.37703944843750004 0.946905828125 0.40038776093750006
0 0.9275706156249999 0.4084990765625 0.946054696875 0.410116225 0.946990940625 0.39941491406249996 0.9285068593749999 0.39779776718750004 0.9275706156249999 0.4084990765625
0 0.9341554109375 0.3948609265625 0.9487481062500001 0.396137621875 0.950195028125 0.3795992328125 0.9356023312499999 0.3783225375 0.9341554109375 0.3948609265625
0 0.9101142859375001 0.423146678125 0.9285983671875 0.424763825 0.9297048359375 0.41211682187500004 0.9112207546875 0.41049967499999995 0.9101142859375001 0.423146678125
0 0.934247359375 0.4610387359375 0.9644055968749999 0.46367723906249997 0.9661078578125 0.4442203125 0.9359496203125 0.44158180781249995 0.934247359375 0.4610387359375
0 0.9728811796875 0.4340296796875 0.986501028125 0.4352212625 0.9873521593750001 0.4254927984375 0.973732309375 0.424301215625 0.9728811796875 0.4340296796875
0 0.9866725781250001 0.550910821875 0.9973738890625 0.551847065625 0.998820809375 0.5353086765625 0.9881195 0.534372434375 0.9866725781250001 0.550910821875
0 0.9416118421874999 0.572946278125 0.9484217671874999 0.5735420687499999 0.9491877843750001 0.5647864515625 0.9423778593750001 0.5641906609375 0.9416118421874999 0.572946278125
0 0.9758938734375 0.6965215828125 0.984649490625 0.6972876 0.985585734375 0.686586290625 0.9768301156250001 0.6858202734375001 0.9758938734375 0.6965215828125
0 0.9697955015625 0.7102022906250001 0.9795239656250001 0.7110534203125 0.9802048703124999 0.70327065 0.9704764062500001 0.70241951875 0.9697955015625 0.7102022906250001
0 0.9345057859375 0.7326024531249999 0.9520170203125 0.7341344875 0.9545704125000001 0.704949096875 0.9370591765625 0.7034170625 0.9345057859375 0.7326024531249999
0 0.8845140062500001 0.7605784015625 0.8961881625 0.7615997578125 0.8969541796874999 0.7528441406249999 0.8852800234375 0.751822784375 0.8845140062500001 0.7605784015625
0 0.89449825 0.79772274375 0.9178465640625 0.7997654562500001 0.9205701812499999 0.7686343718749999 0.8972218671875 0.766591659375 0.89449825 0.79772274375
0 0.8499775187499999 0.7183451390625 0.8704072921874999 0.7201325125 0.8730457968750001 0.6899742734375 0.8526160218750001 0.6881869 0.8499775187499999 0.7183451390625
0 0.8730036812499999 0.7296724484375 0.8885692234375 0.73103425625 0.88976080625 0.7174144078125 0.8741952640624999 0.7160525984375 0.8730036812499999 0.7296724484375
0 0.9103425046875 0.7118628765625 0.9200709687499999 0.7127140062499999 0.9210072109375 0.702012696875 0.9112787484375 0.7011615671875 0.9103425046875 0.7118628765625
0 0.9073873625 0.7008211140625 0.9171158265624999 0.7016722453125 0.9179669562500001 0.69194378125 0.9082384921875001 0.6910926500000001 0.9073873625 0.7008211140625
0 0.924782834375 0.681266725 0.9345112984374999 0.68211785625 0.9357028812499999 0.66849800625 0.9259744171875001 0.6676468765625 0.924782834375 0.681266725
0 0.869714040625 0.711249225 0.91251928125 0.7149941984375 0.9173707234374999 0.6595419546875 0.8745654828125 0.65579698125 0.869714040625 0.711249225
0 0.8727534140625 0.6428946390625 0.8824818765625 0.64374576875 0.8832478937499999 0.6349901515624999 0.8735194312499999 0.634139021875 0.8727534140625 0.6428946390625
0 0.8096634875 0.5628727328124999 0.8223104906250001 0.5639792015625 0.8232467328125 0.553277890625 0.8105997296874999 0.552171421875 0.8096634875 0.5628727328124999
0 0.8127646000000001 0.5778484359375 0.8263844499999999 0.57904001875 0.8275760328124999 0.5654201703124999 0.8139561828125 0.5642285874999999 0.8127646000000001 0.5778484359375
0 0.8048299046875 0.5845064375 0.815531215625 0.5854426796875 0.8162972328125001 0.5766870625 0.8055959218750001 0.57575081875 0.8048299046875 0.5845064375
0 0.8093719859374999 0.5942165984375001 0.8220189890625 0.59532306875 0.8230403453124999 0.5836489125 0.8103933421875 0.5825424421875 0.8093719859374999 0.5942165984375001
0 0.8070803296875001 0.64842235625 0.8372385671875 0.651060859375 0.8403026359375 0.616038390625 0.8101443984375001 0.6133998859375 0.8070803296875001 0.64842235625
0 0.8193562296874999 0.631360940625 0.83589461875 0.6328078625 0.8370010875 0.620160859375 0.8204627 0.6187139375 0.8193562296874999 0.631360940625
0 0.8342472624999999 0.668444425 0.8614869609375001 0.670827590625 0.864210578125 0.63969650625 0.8369708796875001 0.637313340625 0.8342472624999999 0.668444425
0 0.75432149375 0.6295923109375 0.7766969609375 0.631549909375 0.7794205765625 0.600418825 0.7570451109375 0.5984612265625 0.75432149375 0.6295923109375
0 0.7742346359375001 0.648489609375 0.7985557953125 0.650617434375 0.8009389609375 0.6233777359375 0.7766178015625 0.621249909375 0.7742346359375001 0.648489609375
0 0.7211843 0.6610034296875 0.73285845625 0.6620247859374999 0.7337095859375 0.652296321875 0.7220354296875 0.651274965625 0.7211843 0.6610034296875
0 0.7572706828125 0.6519069187500001 0.7679719921875 0.6528431625 0.768567784375 0.6460332375 0.7578664734375 0.64509699375 0.7572706828125 0.6519069187500001
0 0.74314655 0.68449131875 0.7694134015625 0.686789371875 0.77205190625 0.6566311328125 0.745785053125 0.65433308125 0.74314655 0.68449131875
0 0.7636797375000001 0.6906990578125 0.7734082015625 0.6915501890625 0.77400399375 0.6847402640625 0.7642755296875 0.683889134375 0.7636797375000001 0.6906990578125
0 0.7887184046875 0.6958305359375 0.8072024859375 0.6974476843749999 0.808989859375 0.6770179093750001 0.790505778125 0.6754007625 0.7887184046875 0.6958305359375
0 0.8149367468750001 0.7098878578125001 0.8285565968749999 0.7110794406250001 0.8297481796874999 0.6974595906250001 0.8161283296875 0.6962680078125 0.8149367468750001 0.7098878578125001
0 0.808619640625 0.737273528125 0.8261308749999999 0.7388055625 0.8282587015624999 0.714484403125 0.810747465625 0.71295236875 0.808619640625 0.737273528125
0 0.7939903421875 0.725210409375 0.8124744234374999 0.7268275562500001 0.81383623125 0.7112620140625 0.79535215 0.7096448671875 0.7939903421875 0.725210409375
0 0.7815195187499999 0.7108854 0.8019492921875001 0.7126727734375 0.8032259875 0.6980800781250001 0.7827962140625 0.6962927046875 0.7815195187499999 0.7108854
0 0.7556182546875 0.7772398296875 0.7750751828125 0.778942090625 0.7771178953125 0.755593778125 0.7576609671875 0.7538915171875 0.7556182546875 0.7772398296875
0 0.7061065046875 0.77731943125 0.71875350625 0.7784259 0.71968975 0.767724590625 0.707042746875 0.7666181203125 0.7061065046875 0.77731943125
0 0.6721790375000001 0.823365803125 0.6809346546875 0.8241318203124999 0.6821262375 0.8105119703125 0.6733706203125001 0.809745953125 0.6721790375000001 0.823365803125
0 0.6372544703125 0.8752066968750001 0.6547657046875 0.87673873125 0.656382853125 0.8582546499999999 0.6388716171875 0.856722615625 0.6372544703125 0.8752066968750001
0 0.8225885421875001 0.958571384375 0.83912693125 0.96001830625 0.8402334 0.947371303125 0.8236950109375 0.94592438125 0.8225885421875001 0.958571384375
0 0.8989871921875 0.948100275 0.9242811984375001 0.9503132140625 0.9264090234375001 0.9259920546875 0.9011150171875 0.9237791156249999 0.8989871921875 0.948100275
0 0.6440350687499999 0.9713784703125 0.6605734578125 0.9728253921875 0.6614245875 0.9630969281249999 0.6448861984375001 0.96165000625 0.6440350687499999 0.9713784703125
0 0.7348076781249999 0.9758890203125 0.7523189125 0.9774210546875001 0.753765834375 0.960882665625 0.7362546 0.9593506312500001 0.7348076781249999 0.9758890203125
0 0.7679512671875 0.9724168046875 0.7796254234375 0.9734381609374999 0.780306328125 0.965655390625 0.7686321703125001 0.964634034375 0.7679512671875 0.9724168046875
0 0.75701291875 0.9797923125000001 0.77063276875 0.9809838953125001 0.771654125 0.9693097390625001 0.758034275 0.9681181562500001 0.75701291875 0.9797923125000001
0 0.7871588093749999 0.9657647578124999 0.8027243515625001 0.9671265671875 0.8040861593749999 0.951561025 0.7885206171875 0.9501992156249999 0.7871588093749999 0.9657647578124999
0 0.7949534875000001 0.9438999703125001 0.8124647218750001 0.9454320046875001 0.8138265296875 0.9298664625 0.7963152953125 0.9283344281250001 0.7949534875000001 0.9438999703125001
0 0.7601680546875 0.9325241500000001 0.7708693640625001 0.9334603937500001 0.771975834375 0.920813390625 0.7612745234375 0.919877146875 0.7601680546875 0.9325241500000001
0 0.745703028125 0.929788184375 0.7534858 0.9304690890625 0.75467738125 0.9168492390624999 0.7468946109375 0.9161683359374999 0.745703028125 0.929788184375
0 0.729754478125 0.9328041859375 0.7404557875 0.933740428125 0.74147714375 0.9220662718750001 0.7307758343749999 0.9211300281250001 0.729754478125 0.9328041859375
0 0.7183173578125001 0.923471078125 0.73582859375 0.9250031125 0.737360628125 0.907491878125 0.7198493921875 0.90595984375 0.7183173578125001 0.923471078125
0 0.7038523328124999 0.9207351125000001 0.7155264890625 0.92175646875 0.716888296875 0.9061909265624999 0.705214140625 0.9051695703125 0.7038523328124999 0.9207351125000001
0 0.6911508656249999 0.9426607593749999 0.6999064828125 0.9434267765625 0.7007576140625 0.9336983125 0.6920019953125001 0.9329322953125001 0.6911508656249999 0.9426607593749999
0 0.6659968765625 0.955654609375 0.6835081125 0.9571866437500001 0.6864019546875 0.9241098671874999 0.6688907203125 0.9225778328124999 0.6659968765625 0.955654609375
0 0.66531553125 0.9242256296875 0.696446615625 0.926949246875 0.69993625 0.8870625453125 0.668805165625 0.8843389281249999 0.66531553125 0.9242256296875
0 0.6290708296874999 0.9127221406249999 0.6426906796875 0.913913721875 0.6437120359375 0.902239565625 0.6300921859375 0.9010479828125 0.6290708296874999 0.9127221406249999
0 0.6404104875 0.9063620359375 0.6598674156250001 0.908064296875 0.6616547890625 0.887634521875 0.6421978609375001 0.8859322609375001 0.6404104875 0.9063620359375
0 0.6095594390625 0.9340519953124999 0.6163693640625 0.9346477875 0.6175609453125 0.9210279375000001 0.610751021875 0.9204321468750001 0.6095594390625 0.9340519953124999
0 0.5899199375 0.9176293703124999 0.6006212468750001 0.9185656124999999 0.6018979421874999 0.9039729171875001 0.5911966328125 0.9030366734375 0.5899199375 0.9176293703124999
0 0.5822767421874999 0.8929435031249999 0.5890866671875 0.89353929375 0.5901931359375 0.8808922906250001 0.5833832125 0.8802965 0.5822767421874999 0.8929435031249999
0 0.5626129859375 0.8824005125 0.5820699140625 0.8841027718750001 0.5836870609375 0.865618690625 0.5642301328125 0.8639164312500001 0.5626129859375 0.8824005125
0 0.4854240640625 0.907506871875 0.49709822031249995 0.9085282296875 0.498374915625 0.8939355328125 0.486700759375 0.8929141765624999 0.4854240640625 0.907506871875
0 0.4839043765625 0.941684165625 0.49071430156250007 0.9422799562499999 0.49148031875 0.9335243390624999 0.4846703953125 0.9329285484375 0.4839043765625 0.941684165625
0 0.5080068015625 0.957516953125 0.5138438796875 0.95802763125 0.5143545578125 0.9521905531250001 0.5085174796875 0.951679875 0.5080068015625 0.957516953125
0 0.54289520625 0.9341013874999999 0.550677978125 0.9347822921875 0.55135888125 0.9269995203124999 0.5435761109375 0.9263186171875001 0.54289520625 0.9341013874999999
0 0.53753815625 0.9056943625 0.545320928125 0.9063752656249999 0.5460018328125 0.8985924953125 0.5382190609374999 0.8979115906249999 0.53753815625 0.9056943625
0 0.562430853125 0.9068918968749999 0.5731321625 0.907828140625 0.57398329375 0.8980996765624999 0.5632819828125 0.8971634343750001 0.562430853125 0.9068918968749999
0 0.3604018375 0.9583272921875 0.3808316109375 0.960114665625 0.382533871875 0.9406577374999999 0.3621040984375 0.9388703640625 0.3604018375 0.9583272921875
0 0.43350533437500005 0.9799175578125 0.4480980296875 0.9811942531250001 0.44937472500000003 0.9666015578125 0.43478202968749996 0.9653248624999999 0.43350533437500005 0.9799175578125
0 0.42577570312499996 0.838569284375 0.437449859375 0.8395906406250001 0.43898189375 0.82207940625 0.42730773749999995 0.8210580500000001 0.42577570312499996 0.838569284375
0 0.443828265625 0.8563235109375 0.45452957656250004 0.857259753125 0.455891384375 0.8416942125 0.4451900734375 0.84075796875 0.443828265625 0.8563235109375
0 0.4443568046875 0.8166678921875 0.4570038078125 0.8177743625 0.45785493749999995 0.8080458984375 0.44520793437500006 0.8069394296875 0.4443568046875 0.8166678921875
0 0.450771371875 0.804975434375 0.4604998359375 0.8058265656250001 0.461265853125 0.797070946875 0.45153738906249996 0.7962198171875 0.450771371875 0.804975434375
0 0.5209503765625 0.8375832078125001 0.5374887640625 0.8390301296875 0.5398719296875 0.81179043125 0.523333540625 0.8103435093750001 0.5209503765625 0.8375832078125001
0 0.5014142890625 0.8255809468749999 0.51016990625 0.8263469640625001 0.5113614890625 0.812727115625 0.5026058718749999 0.8119610984375001 0.5014142890625 0.8255809468749999
0 0.5519473968749999 0.8138271906250001 0.5655672453125 0.815018771875 0.5671843937500001 0.7965346906249999 0.5535645437500001 0.7953431078125 0.5519473968749999 0.8138271906250001
0 0.5837836390625 0.8028884015625 0.600322028125 0.8043353218749999 0.601343384375 0.792661165625 0.584804996875 0.79121424375 0.5837836390625 0.8028884015625
0 0.6322557328125 0.8090897453125001 0.6449027359375 0.8101962140625 0.6459240921875 0.7985220578125001 0.6332770890625 0.7974155890625 0.6322557328125 0.8090897453125001
0 0.6527404109375 0.827056753125 0.6634417218750001 0.827992996875 0.66488864375 0.8114546078125 0.6541873328125 0.810518365625 0.6527404109375 0.827056753125
0 0.5898390124999999 0.750482365625 0.6005403234375 0.751418609375 0.6016467921875 0.73877160625 0.5909454828125 0.7378353625 0.5898390124999999 0.750482365625
0 0.5423942296875001 0.72133401875 0.5560140796875 0.7225256 0.556865209375 0.7127971375000001 0.543245359375 0.7116055546875 0.5423942296875001 0.72133401875
0 0.520991609375 0.71946153125 0.5336386125 0.7205680015625 0.5349153078125 0.7059753046874999 0.5222683046875 0.7048688359375 0.520991609375 0.71946153125
0 0.5045991921875 0.7219485515625 0.5162733484375 0.7229699078125 0.517039365625 0.714214290625 0.5053652093750001 0.7131929343750001 0.5045991921875 0.7219485515625
0 0.505438415625 0.7347657812499999 0.5180854187499999 0.73587225 0.5189365484375 0.7261437875000001 0.5062895453125 0.7250373171875 0.505438415625 0.7347657812499999
0 0.5614626359375 0.777898684375 0.577028178125 0.7792604937500001 0.5783048734375 0.7646677984375 0.56273933125 0.7633059890625 0.5614626359375 0.777898684375
0 0.5696165093750001 0.7967474734375 0.5754535875 0.7972581515625 0.5759642656249999 0.7914210734375 0.5701271875 0.7909103953125001 0.5696165093750001 0.7967474734375
0 0.5869570765625001 0.76101345 0.601549771875 0.7622901453125001 0.602486015625 0.751588834375 0.5878933203125001 0.7503121390625 0.5869570765625001 0.76101345
0 0.6517298578124999 0.1775243546875 0.673132478125 0.17939684218750002 0.675260303125 0.15507568124999999 0.6538576828125 0.15320319531249998 0.6517298578124999 0.1775243546875
0 0.5965997640625 0.163388315625 0.6073010734375 0.1643245578125 0.6081522046875001 0.15459609531250001 0.5974508937499999 0.1536598515625 0.5965997640625 0.163388315625
0 0.549276696875 0.1440535453125 0.5599780062499999 0.1449897875 0.5609993625 0.13331563125 0.550298053125 0.1323793875 0.549276696875 0.1440535453125
0 0.5931513625 0.08515334062499999 0.617472521875 0.0872811671875 0.6191747828125 0.0678242390625 0.5948536234375 0.0656964125 0.5931513625 0.08515334062499999
0 0.5990007890625 0.1023300765625 0.6048378671875 0.10284075468750001 0.605603884375 0.0940851375 0.59976680625 0.093574459375 0.5990007890625 0.1023300765625
0 0.5812758890625 0.02480665625 0.5880858140624999 0.025402446875 0.58893694375 0.015673984374999998 0.5821270203125 0.0150781921875 0.5812758890625 0.02480665625
0 0.60551833125 0.055846232812499993 0.6210838734374999 0.057208042187499995 0.6231265859375 0.033859728125 0.60756104375 0.0324979203125 0.60551833125 0.055846232812499993
0 0.6283193625 0.05293960156250001 0.6380478265625 0.05379073125 0.63872873125 0.046007959375000004 0.6290002671875 0.0451568296875 0.6283193625 0.05293960156250001
0 0.6190471140625 0.0692835078125 0.62780273125 0.070049525 0.6286538609375001 0.0603210625 0.61989824375 0.05955504375 0.6190471140625 0.0692835078125
0 0.6594806546875 0.0385107359375 0.6662905796875 0.039106528125 0.6671417109375 0.029378064062499997 0.6603317859375 0.028782271874999998 0.6594806546875 0.0385107359375
0 0.6857173000000001 0.0579612703125 0.6983643015625 0.0590677390625 0.700407015625 0.035719425 0.6877600125 0.03461295625 0.6857173000000001 0.0579612703125
0 0.7028638265625 0.069264325 0.7232936015625 0.0710516984375 0.7247405234375 0.054513309375 0.7043107484375 0.0527259359375 0.7028638265625 0.069264325
0 0.721207890625 0.0556746828125 0.7319092015625001 0.0566109265625 0.733356121875 0.0400725390625 0.7226548125 0.0391362953125 0.721207890625 0.0556746828125
0 0.7332527078125 0.035652173437500004 0.742008325 0.036418190625 0.742433890625 0.0315539578125 0.7336782734375 0.030787940625 0.7332527078125 0.035652173437500004
0 0.76330753125 0.0338703125 0.764414 0.021223309375 0.740092840625 0.0190954828125 0.738986371875 0.031742485937499995 0.76330753125 0.0338703125
0 0.8143211078125001 0.0334319578125 0.8150020124999999 0.025649185937500003 0.8004093171875001 0.024372490625 0.7997284125 0.0321552625 0.8143211078125001 0.0334319578125
0 0.8290721234375 0.055308653124999996 0.8417191265625 0.056415121874999995 0.8425702562499999 0.0466866578125 0.829923253125 0.0455801890625 0.8290721234375 0.055308653124999996
0 0.8163770515625 0.1051732046875 0.8475081359375001 0.107896821875 0.8498913 0.080657121875 0.8187602171874999 0.07793350624999999 0.8163770515625 0.1051732046875
0 0.813805359375 0.128965384375 0.8283980546875 0.13024207968749998 0.830185428125 0.10981230625 0.8155927328124999 0.108535609375 0.813805359375 0.128965384375
0 0.8477332671875001 0.12213076406250001 0.8584345765625001 0.12306700625 0.8593708203125001 0.112365696875 0.8486695093750001 0.11142945312500001 0.8477332671875001 0.12213076406250001
0 0.7446724078125 0.11801557031250001 0.7534280250000001 0.11878158750000001 0.7544493812499999 0.10710743125 0.7456937640625 0.1063414140625 0.7446724078125 0.11801557031250001
0 0.7293681578125 0.10246237656249998 0.7420151609375 0.10356884531249999 0.74312163125 0.0909218421875 0.730474628125 0.0898153734375 0.7293681578125 0.10246237656249998
0 0.71386986875 0.1339462609375 0.7284625640625 0.13522295625 0.729654146875 0.12160310781250001 0.7150614515625 0.1203264109375 0.71386986875 0.1339462609375
0 0.6821255734375 0.211062859375 0.6918540375 0.2119139890625 0.693215846875 0.196348446875 0.6834873828125 0.19549731718750002 0.6821255734375 0.211062859375
0 0.8807066296875 0.120604240625 0.9186476375 0.12392365000000001 0.9202647859375 0.10543956875 0.8823237765625 0.102120159375 0.8807066296875 0.120604240625
0 0.9060797953125 0.1331171796875 0.9187267968749999 0.13422365 0.9199183796874999 0.1206038 0.9072713765625 0.11949733124999999 0.9060797953125 0.1331171796875
0 0.9299634828125001 0.16265493125 0.9435833312499999 0.16384651249999999 0.944519575 0.153145203125 0.930899725 0.15195362031249998 0.9299634828125001 0.16265493125
0 0.8843678125000001 0.1964071 0.89604196875 0.19742845625 0.8972335515625 0.18380860625 0.8855593953125 0.18278725 0.8843678125000001 0.1964071
0 0.9202537609375 0.2064087625 0.9377649953124999 0.207940796875 0.9387012390624999 0.1972394875 0.9211900046875 0.19570745312499999 0.9202537609375 0.2064087625
0 0.927076034375 0.2236706125 0.9358316515625 0.2244366296875 0.9363423296875 0.21859955156250002 0.9275867124999999 0.21783353437500003 0.927076034375 0.2236706125
0 0.854392590625 0.2477007125 0.8621753609375 0.248381615625 0.8629413781249999 0.2396259984375 0.8551586078125 0.23894509375 0.854392590625 0.2477007125
0 0.9163934656249999 0.26733933125 0.941687471875 0.2695522703125 0.9442408625 0.240366878125 0.9189468578125 0.238153940625 0.9163934656249999 0.26733933125
0 0.9600676984375 0.22753730156250002 0.9775789328125001 0.2290693359375 0.9789407406249999 0.21350379375 0.96142950625 0.21197175937499999 0.9600676984375 0.22753730156250002
0 0.9621048984374999 0.2546735859375 0.9844803656250001 0.2566311859375 0.9868635296875 0.2293914875 0.9644880625000001 0.22743388750000001 0.9621048984374999 0.2546735859375
0 0.969316575 0.29549653125 0.9790450375 0.2963476609375 0.980491959375 0.2798092734375 0.9707634953125 0.2789581421875 0.969316575 0.29549653125
0 1 0.2859273234375 0.9927559546875001 0.2852935515625 0.9909685796875 0.305723325 1 0.306513471875 1 0.2859273234375
0 1 0.22858019375 0.9933572578125001 0.227999028125 0.989697396875 0.2698314234375 1 0.270732784375 1 0.22858019375
0 0.9701110359375 0.11274142812500001 0.983730884375 0.1139330109375 0.984667128125 0.1032317 0.9710472781249999 0.10204011718749999 0.9701110359375 0.11274142812500001
0 1 0.1026125671875 0.981918815625 0.10103066875 0.9769822593749999 0.157455759375 1 0.15946955000000002 1 0.1026125671875
0 0.9674593015624999 0.04781010625 0.9682253187500001 0.039054489062499996 0.9526597765625 0.0376926796875 0.951893759375 0.046448296875 0.9674593015624999 0.04781010625
0 0.8840745468750001 0.0709039625 0.895748703125 0.07192531875 0.8964296078125 0.0641425484375 0.8847554515624999 0.063121190625 0.8840745468750001 0.0709039625
0 0.8905499734375001 0.06411829218750001 0.9070883625 0.0655652140625 0.909131075 0.0422169015625 0.8925926859375 0.0407699796875 0.8905499734375001 0.06411829218750001
0 0.887783359375 0.056524050000000006 0.8899111843749999 0.032202889062500004 0.866562871875 0.030160176562500002 0.8644350453125 0.0544813359375 0.887783359375 0.056524050000000006
0 0.84880996875 0.1658479921875 0.87215828125 0.1678907046875 0.8750521250000001 0.13481392812499998 0.8517038109374999 0.132771215625 0.84880996875 0.1658479921875
0 0.87355669375 0.1631115859375 0.8969050062499999 0.1651542984375 0.8999690749999999 0.13013182968749998 0.8766207625 0.1280891171875 0.87355669375 0.1631115859375
0 0.8938587984374999 0.1663582296875 0.90164156875 0.167039134375 0.902152246875 0.16120205625 0.8943694765625001 0.1605211515625 0.8938587984374999 0.1663582296875
0 1 0.326119328125 0.9946169749999999 0.325648375 0.9934253921874999 0.3392682234375 1 0.339843428125 1 0.326119328125
0 1 0.3594492828125 0.996100940625 0.35910815937499996 0.99261130625 0.3989948625 1 0.39964128906249996 1 0.3594492828125
0 0.981952553125 0.3975721953125 0.9955724015625 0.398763778125 0.9969342109375001 0.3831982359375 0.9833143609375 0.38200665312500004 0.981952553125 0.3975721953125
0 0.9864456828125 0.3798298765625 0.9932556078125 0.38042566718750004 0.9942769640625 0.3687515109375 0.9874670390625001 0.3681557203125 0.9864456828125 0.3798298765625
0 0.8439836625 0.293844103125 0.8507935874999999 0.2944398953125 0.8517298312499999 0.283738584375 0.84491990625 0.28314279375 0.8439836625 0.293844103125
0 0.8187505156249999 0.296537953125 0.8459902140625 0.29892111875 0.8488840578125 0.265844340625 0.8216443578125 0.2634611765625 0.8187505156249999 0.296537953125
0 0.8006439296875 0.34102759531250004 0.8084267015625001 0.3417084984375 0.80919271875 0.33295288125 0.801409946875 0.3322719765625 0.8006439296875 0.34102759531250004
0 0.8278534203125 0.360563240625 0.837581884375 0.3614143703125 0.8384330140625 0.3516859078125 0.8287045515625 0.3508347765625 0.8278534203125 0.360563240625
0 0.903006025 0.3867440984375 0.9107887953124999 0.3874250015625 0.9117250390624999 0.3767236921875 0.9039422671875 0.3760427875 0.903006025 0.3867440984375
0 0.8498639625 0.8933174703125 0.8576467328125 0.893998375 0.85841275 0.88524275625 0.8506299796875 0.884561853125 0.8498639625 0.8933174703125
0 0.8250142640625 0.9308452624999999 0.8561453484375001 0.9335688796875001 0.8578476078125 0.9141119515625 0.8267165234375 0.911388334375 0.8250142640625 0.9308452624999999
0 0.8601946109374999 0.9152975796874999 0.8874343109374999 0.9176807453125001 0.8904132656250001 0.8836311218749999 0.8631735671874999 0.88124795625 0.8601946109374999 0.9152975796874999
0 0.890486471875 0.9052039687500001 0.8992420890625 0.9059699859375 0.8999229937500001 0.8981872140625 0.8911673765625 0.897421196875 0.890486471875 0.9052039687500001
0 0.8738876671875 0.9380620093750001 0.8982088265625 0.940189834375 0.900506878125 0.9139229828125 0.8761857187500001 0.91179515625 0.8738876671875 0.9380620093750001
0 0.931304346875 0.987688640625 0.9429785031250001 0.988709996875 0.9439147468750001 0.9780086875 0.9322405890625 0.9769873296875 0.931304346875 0.987688640625
0 0.8268633781249999 0.993745778125 0.8307547625 0.9940862312500001 0.8316058937499999 0.9843577671875 0.8277145078125001 0.9840173140624999 0.8268633781249999 0.993745778125
0 0.049277315625 0.7384798859374999 0.062897165625 0.73967146875 0.063918521875 0.7279973125 0.050298671875 0.7268057296875 0.049277315625 0.7384798859374999
0 0.0543419828125 0.719807278125 0.061151907812499996 0.72040306875 0.062003037500000004 0.7106746046875 0.055193112499999995 0.7100788140625001 0.0543419828125 0.719807278125
0 0.066271478125 0.7179100953125 0.07794563437499999 0.7189314515625 0.078796765625 0.7092029875 0.067122609375 0.70818163125 0.066271478125 0.7179100953125
0 0.044509662500000005 0.67532403125 0.0561838203125 0.6763453875 0.0572051765625 0.66467123125 0.04553101875 0.6636498750000001 0.044509662500000005 0.67532403125
0 0.024024984375 0.657357021875 0.0405633734375 0.65880394375 0.042350746875 0.6383741703125 0.0258123578125 0.6369272484375 0.024024984375 0.657357021875
0 0.0054919515625 0.62828739375 0.0123018765625 0.628883184375 0.01298278125 0.6211004140624999 0.00617285625 0.620504621875 0.0054919515625 0.62828739375
0 0 0.661136865625 0.002598109375 0.6613641703125 0.0032790125 0.6535814 0 0.6532945234375 0 0.661136865625
0 0 0.723385459375 0.0044897796875 0.7237782640625 0.0056813625 0.7101584140625 0 0.709661359375 0 0.723385459375
0 0.0938767671875 0.788945740625 0.1045780765625 0.789881984375 0.105684546875 0.77723498125 0.0949832359375 0.7762987375 0.0938767671875 0.788945740625
0 0.0767000296875 0.7947951671875 0.0854556484375 0.795561184375 0.086391890625 0.784859875 0.0776362734375 0.7840938578125 0.0767000296875 0.7947951671875
0 0.08290225625 0.8247465765625 0.08971218125 0.8253423671875 0.0905633125 0.8156139031249999 0.0837533875 0.8150181125 0.08290225625 0.8247465765625
0 0.035184715625 0.8715470578125 0.0488045640625 0.872738640625 0.0501663734375 0.8571730984375 0.0365465234375 0.8559815171875 0.035184715625 0.8715470578125
0 0.07058468125 0.9207179156249999 0.0929601484375 0.922675515625 0.09721579999999999 0.874033196875 0.0748403328125 0.872075596875 0.07058468125 0.9207179156249999
0 0.08934196250000001 0.8855979859374999 0.101988965625 0.8867044546875 0.103010321875 0.8750302984375 0.09036331875 0.8739238281249999 0.08934196250000001 0.8855979859374999
0 0.1188248078125 0.8455346625000001 0.128553271875 0.84638579375 0.129574628125 0.8347116359375001 0.1198461640625 0.83386050625 0.1188248078125 0.8455346625000001
0 0.1283592328125 0.8934228718749999 0.1390605421875 0.8943591156249999 0.140252125 0.880739265625 0.1295508140625 0.879803021875 0.1283592328125 0.8934228718749999
0 0.1252709078125 0.9343249765625 0.14570068281249998 0.9361123499999999 0.14748805625 0.9156825765625 0.12705828125000002 0.9138952031249999 0.1252709078125 0.9343249765625
0 0.2029586015625 0.9259272296875001 0.21755129687500002 0.9272039265625001 0.21908333125 0.9096926906249999 0.2044906359375 0.9084159953125001 0.2029586015625 0.9259272296875001
0 0.206862334375 0.9429337406249999 0.220482184375 0.9441253234375001 0.22209933125 0.9256412421875 0.2084794828125 0.924449659375 0.206862334375 0.9429337406249999
0 0.2277593484375 0.8609469578125 0.2511076609375 0.8629896703125001 0.25323548749999997 0.8386685109375 0.2298871734375 0.836625796875 0.2277593484375 0.8609469578125
0 0.177285775 0.75997225 0.191878471875 0.7612489453125 0.193921184375 0.7379006328125 0.1793284875 0.7366239375 0.177285775 0.75997225
0 0.1762218625 0.7721328296875 0.188868865625 0.7732392984375001 0.189975334375 0.760592296875 0.17732833125 0.7594858265625 0.1762218625 0.7721328296875
0 0.15837612968749998 0.763219334375 0.1758873640625 0.76475136875 0.17741939843750001 0.7472401343749999 0.1599081640625 0.7457081 0.15837612968749998 0.763219334375
0 0.13216418125 0.7771009171875 0.1399469515625 0.777781821875 0.14062785625000002 0.76999905 0.1328450859375 0.769318146875 0.13216418125 0.7771009171875
0 0.1950395609375 0.7027079359374999 0.20379517812499998 0.7034739531249999 0.20498675937500002 0.6898541046875 0.19623114218749999 0.6890880875 0.1950395609375 0.7027079359374999
0 0.1260150953125 0.6064821390625 0.133797865625 0.60716304375 0.13473410937500002 0.5964617328124999 0.1269513375 0.5957808296875 0.1260150953125 0.6064821390625
0 0.1009334296875 0.5626253343750001 0.118444665625 0.56415736875 0.1198915859375 0.5476189796875001 0.1023803515625 0.5460869453125 0.1009334296875 0.5626253343750001
0 0.11047292500000001 0.52081719375 0.14063116250000002 0.5234556984375 0.14250365 0.502053078125 0.1123454125 0.49941457343750006 0.11047292500000001 0.52081719375
0 0.1278743515625 0.489989959375 0.1414942 0.49118154062499997 0.1432815734375 0.4707517671875 0.129661725 0.46956018437499997 0.1278743515625 0.489989959375
0 0.1547859453125 0.5129305671875 0.1625687171875 0.513611471875 0.16333473437499998 0.5048558546875 0.1555519625 0.50417495 0.1547859453125 0.5129305671875
0 0.15124140625 0.536637634375 0.1609698703125 0.5374887640625 0.1617358875 0.528733146875 0.1520074234375 0.5278820171875 0.15124140625 0.536637634375
0 0.0774872140625 0.5056776578125 0.08624283125 0.506443675 0.08734930156250001 0.49379667187500004 0.078593684375 0.4930306546875 0.0774872140625 0.5056776578125
0 0.0613441828125 0.5165189859375 0.0788554171875 0.5180510203125 0.080472565625 0.49956693906250005 0.0629613296875 0.4980349046875 0.0613441828125 0.5165189859375
0 0.0014349703125 0.500984534375 0.01213628125 0.5019207781249999 0.0130725234375 0.4912194671875 0.0023712140625 0.49028322500000004 0.0014349703125 0.500984534375
0 0.052952390625 0.427558446875 0.062680853125 0.42840957656249995 0.0638724359375 0.414789728125 0.054143971874999995 0.413938596875 0.052952390625 0.427558446875
0 0.0392835890625 0.3989143828125 0.049012053124999996 0.39976551250000003 0.049948296875 0.389064203125 0.0402198328125 0.388213071875 0.0392835890625 0.3989143828125
0 0.0663411546875 0.42578893281249997 0.0741239265625 0.4264698375 0.0750601703125 0.4157685265625 0.0672773984375 0.41508762343749994 0.0663411546875 0.42578893281249997
0 0.04735874375 0.446674921875 0.07654413593750001 0.4492283125 0.078331509375 0.4287985390625 0.0491461171875 0.4262451484375 0.04735874375 0.446674921875
0 0.086546240625 0.45255411562500003 0.0933561640625 0.45314990625 0.0942072953125 0.44342144375 0.0873973703125 0.4428256515625 0.086546240625 0.45255411562500003
0 0.09995330625 0.4561778140625 0.11162746406249999 0.45719917031249996 0.1128190453125 0.443579321875 0.1011448890625 0.44255796406250003 0.09995330625 0.4561778140625
0 0.126232065625 0.4359301734375 0.139851915625 0.43712175625 0.1407030453125 0.4273932921875 0.127083196875 0.426201709375 0.126232065625 0.4359301734375
0 0.16140050625 0.44292818437500003 0.17502035625 0.4441197671875 0.1762119390625 0.4304999171875 0.1625920890625 0.42930833437500004 0.16140050625 0.44292818437500003
0 0.2043274640625 0.456486734375 0.2150287734375 0.457422978125 0.21605013125 0.445748821875 0.2053488203125 0.44481257812499997 0.2043274640625 0.456486734375
0 0.20491134843749997 0.47222250312499997 0.2156126578125 0.4731587453125 0.216634015625 0.4614845890625 0.2059327046875 0.4605483453125 0.20491134843749997 0.47222250312499997
0 0.227487690625 0.49429367968750004 0.24499892499999998 0.49582571406250003 0.24661607343749997 0.4773416328125 0.22910483906249998 0.47580959843750004 0.227487690625 0.49429367968750004
0 0.27052996875 0.4897269015625 0.283176971875 0.490833371875 0.2842834421875 0.47818636875 0.2716364390625 0.47707989843750004 0.27052996875 0.4897269015625
0 0.29707685625 0.52243853125 0.3155609375 0.524055678125 0.3172631984375 0.50459875 0.2987791171875 0.5029816031250001 0.29707685625 0.52243853125
0 0.292108328125 0.43916909843749996 0.29794540625 0.4396797765625 0.2987965359375 0.42995131249999996 0.2929594578125 0.429440634375 0.292108328125 0.43916909843749996
0 0.27382468125 0.41845377656249994 0.2825802984375 0.41921979374999996 0.283261203125 0.41143702343750005 0.27450558593749996 0.41067100625 0.27382468125 0.41845377656249994
0 0.1520299140625 0.365155378125 0.1637040703125 0.366176734375 0.1644700890625 0.3574211171875 0.15279593125 0.3563997609375 0.1520299140625 0.365155378125
0 0.0244891359375 0.2991006078125 0.0381089859375 0.300292190625 0.0393005671875 0.286672340625 0.025680718749999998 0.285480759375 0.0244891359375 0.2991006078125
0 0.071902828125 0.266977934375 0.083576984375 0.267999290625 0.0847685671875 0.25437944218749997 0.07309441093749999 0.25335808593750003 0.071902828125 0.266977934375
0 0.1046089453125 0.2909156453125 0.11628310156249999 0.2919370015625 0.1172193453125 0.281235690625 0.1055451875 0.280214334375 0.1046089453125 0.2909156453125
0 0.0334809078125 0.2131313734375 0.045155065625000004 0.21415272968750002 0.046261534375 0.2015057265625 0.034587378125 0.20048437031250002 0.0334809078125 0.2131313734375
0 0.0639370421875 0.2123649140625 0.0989595125 0.2154289828125 0.1013426765625 0.188189284375 0.06632020625 0.185125215625 0.0639370421875 0.2123649140625
0 0.0856366765625 0.1324089375 0.13136045624999998 0.1364092484375 0.13391384687500002 0.10722385781249999 0.0881900671875 0.1032235453125 0.0856366765625 0.1324089375
0 0.0464908546875 0.0476198171875 0.06594778125 0.049322078125 0.06782026875 0.0279194578125 0.048363340625 0.026217196874999998 0.0464908546875 0.0476198171875
0 0.526512709375 0.1969583515625 0.5362411734375 0.19780948125 0.537177415625 0.187108171875 0.5274489515624999 0.18625704062499998 0.526512709375 0.1969583515625
0 0.48824955000000003 0.202923540625 0.49992370625 0.203944896875 0.5008599484375 0.1932435859375 0.4891857921875 0.1922222296875 0.48824955000000003 0.202923540625
0 0.5345146578125 0.22314604375 0.5500802 0.224507853125 0.55110155625 0.2128336953125 0.5355360140625 0.21147188749999998 0.5345146578125 0.22314604375
0 0.5808827390625 0.2085771625 0.5925568953125 0.20959851875000002 0.5933229125 0.2008429015625 0.58164875625 0.19982154531250002 0.5808827390625 0.2085771625
0 0.38684971875 0.2974730953125 0.397551028125 0.2984093390625 0.39908306250000003 0.2808981046875 0.388381753125 0.2799618609375 0.38684971875 0.2974730953125
0 0.4772150640625 0.3122410890625 0.49278060625000003 0.313602896875 0.49346151093749996 0.3058201265625 0.47789596875000007 0.3044583171875 0.4772150640625 0.3122410890625
0 0.5128877890625 0.2854631171875 0.5372089484375 0.2875909421875 0.539166546875 0.2652154765625 0.5148453875000001 0.26308765 0.5128877890625 0.2854631171875
0 0.5576263734375 0.27271225781249997 0.5887574578125 0.275435875 0.5908001703125 0.2520875625 0.5596690859375 0.2493639453125 0.5576263734375 0.27271225781249997
0 0.6128049765625 0.27508902812499997 0.6400446765625001 0.27747219375 0.6411511453125 0.264825190625 0.613911446875 0.262442025 0.6128049765625 0.27508902812499997
0 0.5832731796874999 0.2876998703125 0.5910559515625 0.2883807734375 0.5915666296875 0.2825436953125 0.5837838578125 0.2818627921875 0.5832731796874999 0.2876998703125
0 0.70335885 0.293304540625 0.7257343171875 0.295262140625 0.7274365781250001 0.2758052125 0.7050611109375 0.2738476125 0.70335885 0.293304540625
0 0.7462492046875 0.29607666718750003 0.7618147468750001 0.2974384765625 0.7626658765625 0.2877100125 0.747100334375 0.286348203125 0.7462492046875 0.29607666718750003
0 0.7515270953125001 0.31418369375 0.7641740984375 0.3152901625 0.7652805671875 0.30264315937499997 0.7526335640624999 0.301536690625 0.7515270953125001 0.31418369375
0 0.7346908109375 0.31614173437500004 0.7463649671875 0.317163090625 0.74755655 0.3035432421875 0.7358823937500001 0.302521884375 0.7346908109375 0.31614173437500004
0 0.718657146875 0.32013058125 0.7293584562500001 0.321066825 0.7306351531249999 0.30647412812499997 0.7199338421875 0.30553788593750003 0.718657146875 0.32013058125
0 0.6983065328125 0.3286432078125 0.7090078421875 0.3295794515625 0.7099440859375 0.318878140625 0.699242775 0.31794189687499996 0.6983065328125 0.3286432078125
0 0.72057263125 0.3374532890625 0.7322467875 0.3384746453125 0.7331830312500001 0.327773334375 0.7215088749999999 0.326751978125 0.72057263125 0.3374532890625
0 0.7202202718749999 0.3638903671875 0.7416228921875 0.365762853125 0.743325153125 0.34630592656250003 0.7219225328125 0.3444334390625 0.7202202718749999 0.3638903671875
0 0.7116897859375 0.3773582921875 0.7194725562500001 0.3780391953125 0.719983234375 0.37220211718749996 0.7122004640624999 0.3715212140625 0.7116897859375 0.3773582921875
0 0.727067240625 0.41448433281249997 0.7358228578125 0.41525035 0.7365037625 0.407467578125 0.7277481453125 0.4067015609375 0.727067240625 0.41448433281249997
0 0.73335458125 0.44346289531250005 0.7401645046875001 0.44405868593750003 0.740845409375 0.436275915625 0.734035484375 0.4356801234375 0.73335458125 0.44346289531250005
0 0.7099271078125 0.43112018125 0.7186827250000001 0.4318862 0.720044534375 0.4163206578125 0.711288915625 0.4155546390625 0.7099271078125 0.43112018125
0 0.6444791546874999 0.450881840625 0.7125784015625001 0.45683975312499997 0.7208343640625 0.362473653125 0.6527351171875 0.3565157421875 0.6444791546874999 0.450881840625
0 0.6302136796875 0.3506242 0.6428606828125 0.35173066875000003 0.6438820390625 0.3400565125 0.6312350359375001 0.33895004375000004 0.6302136796875 0.3506242
0 0.6399544921875 0.3681413890625 0.6545471875 0.369418084375 0.6557387703125 0.355798234375 0.641146075 0.3545215390625 0.6399544921875 0.3681413890625
0 0.6610651703125 0.362145990625 0.6698207875 0.3629120078125 0.6708421437500001 0.3512378515625 0.6620865265625 0.350471834375 0.6610651703125 0.362145990625
0 0.6634670781249999 0.3795112546875 0.6790326203125 0.38087306249999997 0.680309315625 0.3662803671875 0.6647437734375 0.364918559375 0.6634670781249999 0.3795112546875
0 0.6462294828124999 0.3804538921875 0.65693079375 0.3813901359375 0.6579521500000001 0.3697159796875 0.6472508390625 0.3687797359375 0.6462294828124999 0.3804538921875
0 0.6768809796874999 0.450285609375 0.68660944375 0.45113673906249996 0.6878010265625 0.43751688906249997 0.6780725624999999 0.436665759375 0.6768809796874999 0.450285609375
0 0.726843434375 0.51788564375 0.7735400609374999 0.52197106875 0.778391503125 0.46651882499999997 0.7316948765625 0.4624334 0.726843434375 0.51788564375
0 0.7492005984375 0.51445003125 0.7637932953125001 0.5157267265625001 0.7643039734375 0.5098896484375001 0.7497112765625 0.508612953125 0.7492005984375 0.51445003125
0 0.7567948421875 0.5116834171875 0.7636047671874999 0.5122792078125 0.764455896875 0.50255074375 0.7576459734375 0.501954953125 0.7567948421875 0.5116834171875
0 0.7665782109375 0.52871418125 0.7860351390625 0.5304164421875 0.7881629640625001 0.5060952828125 0.7687060375 0.504393021875 0.7665782109375 0.52871418125
0 0.713150378125 0.4951212140625 0.7238516890625 0.4960574578125 0.72461770625 0.487301840625 0.7139163953125001 0.486365596875 0.713150378125 0.4951212140625
0 0.599357559375 0.4680105078125 0.643135646875 0.4718405953125 0.6453485859375 0.44654658906250005 0.6015704984375 0.44271650312500005 0.599357559375 0.4680105078125
0 0.6206023015625 0.48849474531250003 0.63616784375 0.4898565546875 0.638551009375 0.46261685625000004 0.6229854671874999 0.461255046875 0.6206023015625 0.48849474531250003
0 0.45644329531250005 0.7177354578124999 0.5050856140625 0.721991109375 0.510703075 0.657783246875 0.46206075625 0.6535275953124999 0.45644329531250005 0.7177354578124999
0 0.4069685890625 0.7678132328125 0.4186427453125 0.7688345890625 0.42000455312499996 0.7532690468750001 0.408330396875 0.752247690625 0.4069685890625 0.7678132328125
0 0.37949780624999996 0.762468971875 0.3940905015625 0.7637456671875 0.395367196875 0.749152971875 0.38077450156250003 0.7478762765625 0.37949780624999996 0.762468971875
0 0.3726997875 0.7393274875 0.38729248437499997 0.7406041828125 0.388398953125 0.7279571796875 0.3738062578125 0.726680484375 0.3726997875 0.7393274875
0 0.370699190625 0.7229776265625001 0.38821042499999997 0.7245096609375 0.3894020078125 0.7108898124999999 0.3718907734375 0.7093577765625 0.370699190625 0.7229776265625001
0 0.35451404375 0.7735171281250001 0.3642425078125 0.774368259375 0.3659447671875 0.75491133125 0.3562163046875 0.7540602015625 0.35451404375 0.7735171281250001
0 0.323060809375 0.780078109375 0.3357078109375 0.781184578125 0.33689939375 0.767564728125 0.324252390625 0.766458259375 0.323060809375 0.780078109375
0 0.28055390468749997 0.8121399234375 0.296119446875 0.8135017328125 0.2974812546875 0.797936190625 0.28191571249999997 0.7965743828125 0.28055390468749997 0.8121399234375
0 0.26611313281250004 0.803524325 0.2777872890625 0.8045456812499999 0.27863842031249997 0.7948172171875 0.26696426406249996 0.7937958609375 0.26611313281250004 0.803524325
0 0.3094414 0.818098278125 0.3201427109375 0.8190345203125 0.320993840625 0.80930605625 0.31029253125 0.8083698140625 0.3094414 0.818098278125
0 0.3251103578125 0.8238804515625 0.3309474359375 0.8243911296875 0.33188367812499997 0.81368981875 0.3260466 0.8131791406250001 0.3251103578125 0.8238804515625
0 0.30296002031249997 0.8361567937500001 0.3107427921875 0.8368376984375001 0.3118492609375 0.8241906953125 0.304066490625 0.823509790625 0.30296002031249997 0.8361567937500001
0 0.1670177484375 0.8997459328125 0.20398591093750001 0.9029802281249999 0.20815645 0.8553107546875 0.17118828749999998 0.852076459375 0.1670177484375 0.8997459328125
0 0.25581445625 0.9212387375000001 0.280135615625 0.9233665625 0.2815825375 0.9068281734375001 0.257261378125 0.9047003484375 0.25581445625 0.9212387375000001
0 0.307801321875 0.960097246875 0.31850263125 0.961033490625 0.3196942140625 0.947413640625 0.308992903125 0.946477396875 0.307801321875 0.960097246875
0 0.3326995296875 0.9108101843749999 0.346319378125 0.9120017671875 0.3469151703125 0.9051918421874999 0.33329532031250003 0.9040002609375 0.3326995296875 0.9108101843749999
0 0.17875188125000002 0.8272505750000001 0.184588959375 0.827761253125 0.18561031562500002 0.816087096875 0.17977323750000002 0.8155764187500001 0.17875188125000002 0.8272505750000001
0 0.2380533953125 0.8721406437500001 0.2487547046875 0.8730768875000001 0.249435609375 0.865294115625 0.2387342984375 0.8643578734374999 0.2380533953125 0.8721406437500001
0 0.27855881875 0.745305465625 0.28926012968750003 0.746241709375 0.29019637343750004 0.7355403984375 0.2794950625 0.73460415625 0.27855881875 0.745305465625
0 0.6375450890625001 0.765439328125 0.6501920921875 0.766545796875 0.6515539 0.7509802546875 0.638906896875 0.7498737859375 0.6375450890625001 0.765439328125
0 0.622988996875 0.7749490546875 0.6307717671875 0.775629959375 0.6317080109375001 0.76492865 0.6239252390625001 0.7642477453125001 0.622988996875 0.7749490546875
0 0.633726909375 0.786671721875 0.645401065625 0.787693078125 0.6471884390625 0.7672633046875 0.6355142828125 0.7662419484375 0.633726909375 0.786671721875
0 0.6498090828125 0.77092360625 0.6634289328125 0.7721151875000001 0.664620515625 0.7584953390625 0.651000665625 0.75730375625 0.6498090828125 0.77092360625
0 0.6479365968749999 0.7923262265625 0.65863790625 0.79326246875 0.6596592625000001 0.7815883125 0.648957953125 0.78065206875 0.6479365968749999 0.7923262265625
0 0.6180877203125 0.724525315625 0.6297618765624999 0.725546671875 0.6307832328125 0.713872515625 0.6191090765625 0.712851159375 0.6180877203125 0.724525315625
0 0.6248674359375 0.7422735890625 0.6433515171875 0.7438907359375 0.64564956875 0.7176238828125 0.6271654875 0.7160067359375 0.6248674359375 0.7422735890625
0 0.6447499296875 0.7391116171875 0.658369778125 0.7403031999999999 0.6598167 0.7237648109375 0.64619685 0.722573228125 0.6447499296875 0.7391116171875
0 0.555747715625 0.826413334375 0.562557640625 0.8270091265625 0.5634938828125 0.816307815625 0.5566839578125 0.8157120250000001 0.555747715625 0.826413334375
0 0.7866988421875 0.07463835156250001 0.7993458453125 0.075744821875 0.8003672015625 0.064070665625 0.7877201984375 0.0629641953125 0.7866988421875 0.07463835156250001
0 0.768786296875 0.072090915625 0.7775419140625 0.0728569328125 0.7787334968749999 0.059237082812499994 0.7699778796875 0.058471065625 0.768786296875 0.072090915625
0 0.746386575 0.07601295 0.7677891953125 0.0778854359375 0.7693212296875 0.06037420156249999 0.747918609375 0.05850171562499999 0.746386575 0.07601295
0 0.750837590625 0.0979688046875 0.7595932078125001 0.098734821875 0.7606145640624999 0.087060665625 0.751858946875 0.0862946484375 0.750837590625 0.0979688046875
0 0.7775725640625 0.0949162015625 0.7911924140625 0.096107784375 0.7934904656249999 0.06984093125 0.7798706156249999 0.06864935 0.7775725640625 0.0949162015625
0 0.762317265625 0.1068154890625 0.775937115625 0.108007071875 0.7792565234375 0.0700660625 0.7656366734375 0.0688744796875 0.762317265625 0.1068154890625
0 0.692265490625 0.033536695312499996 0.6938826375 0.0150526140625 0.67539855625 0.0134354671875 0.673781409375 0.0319195484375 0.692265490625 0.033536695312499996
0 0.5590838796875001 0.1159929234375 0.5697851890625001 0.11692916718749999 0.57063631875 0.107200703125 0.559935009375 0.106264459375 0.5590838796875001 0.1159929234375
0 0.1926389765625 0.8029779250000001 0.20723167187499997 0.8042546203125 0.20808280156249997 0.79452615625 0.19349010625000002 0.7932494609375 0.1926389765625 0.8029779250000001
0 0.0275443859375 0.5611060890624999 0.0401913890625 0.5622125578125 0.041468084375000006 0.5476198625 0.02882108125 0.5465133921875001 0.0275443859375 0.5611060890624999
0 0.24515812656249997 0.594849215625 0.2558594375 0.5957854593749999 0.25679568124999996 0.5850841484375 0.24609437031249998 0.58414790625 0.24515812656249997 0.594849215625
0 0.254406121875 0.58438494375 0.2680259703125 0.585576525 0.269132440625 0.5729295234375 0.255512590625 0.571737940625 0.254406121875 0.58438494375
0 0.0744725375 0.6073643609375 0.08809238750000001 0.6085559421875 0.08928396875 0.59493609375 0.0756641203125 0.5937445109375 0.0744725375 0.6073643609375
0 0.0229057265625 0.614126215625 0.0336070359375 0.615062459375 0.034458165624999995 0.6053339953125 0.02375685625 0.604397753125 0.0229057265625 0.614126215625
0 0 0.5778119765625 0.0039956375 0.57816155 0.0051021078125 0.565514546875 0 0.5650681703125 0 0.5778119765625
0 0.41340652968749997 0.6718176375 0.42313499375 0.6726687671875 0.4239861234375 0.662940303125 0.41425765937500003 0.6620891734375001 0.41340652968749997 0.6718176375
0 0.43315407656250005 0.5637525296875 0.43996399999999997 0.5643483203125 0.44081513125000005 0.55461985625 0.43400520625 0.554024065625 0.43315407656250005 0.5637525296875
0 0.2737838890625 0.575787203125 0.27962096718749996 0.57629788125 0.280301871875 0.5685151109375 0.27446479375 0.5680044328125 0.2737838890625 0.575787203125
0 0.4433398546875 0.13919658906250001 0.4511226265625 0.13987749375 0.45188864375 0.13112187656250002 0.444105871875 0.13044097187499998 0.4433398546875 0.13919658906250001
0 0.3614990421875 0.12223351874999999 0.37025466093750004 0.12299953593749999 0.3707653390625 0.11716245781250001 0.3620097203125 0.11639644062500001 0.3614990421875 0.12223351874999999
0 0.2918470359375 0.453360484375 0.3044940390625 0.454466953125 0.305770734375 0.4398742578125 0.29312373125 0.43876778749999995 0.2918470359375 0.453360484375
0 0.8860131859375 0.5249491421875 0.8957416500000001 0.5258002734375 0.8965076671875 0.5170446546874999 0.8867792031249999 0.516193525 0.8860131859375 0.5249491421875