0 0.695801 0.538574 0.0224609 0.0205078
0 0.979004 0.380371 0.0205078 0.0244141
0 0.833984 0.546875 0.015625 0.0175781
0 0.558105 0.694336 0.0263672 0.0214844
0 0.27832 0.913086 0.0195312 0.0175781
0 0.229004 0.42041 0.0185547 0.0185547
0 0.70459 0.958984 0.0205078 0.015625
0 0.928711 0.0078125 0.0195312 0.015625
0 0.561035 0.86377 0.0185547 0.0185547
0 0.145508 0.85498 0.0214844 0.0224609
0 0.591797 0.733398 0.0195312 0.0175781
0 0.286621 0.619141 0.0146484 0.0175781
0 0.101074 0.554688 0.0166016 0.0175781
0 0.825195 0.723633 0.0117188 0.0136719
0 0.300293 0.65625 0.0185547 0.0195312
0 0.625977 0.870605 0.0234375 0.0205078
0 0.340332 0.930664 0.0146484 0.015625
0 0.117188 0.493652 0.0253906 0.0185547
0 0.308105 0.469238 0.0166016 0.0166016
0 0.498535 0.629883 0.0244141 0.0273438
0 0.465332 0.316406 0.0146484 0.0195312
0 0.459961 0.378906 0.0273438 0.0292969
0 0.902344 0.948242 0.0175781 0.0175781
0 0.231934 0.630371 0.0205078 0.0185547
0 0.119141 0.958496 0.015625 0.0166016
0 0.406738 0.94043 0.0166016 0.015625
0 0.059082 0.665527 0.0185547 0.0205078
0 0.13916 0.395996 0.0205078 0.0166016
0 0.220703 0.830566 0.0175781 0.0185547
0 0.944824 0.744629 0.0166016 0.0185547
0 0.270508 0.796875 0.0195312 0.015625
0 0.142578 0.17627 0.0175781 0.0146484
0 0.208008 0.660156 0.0175781 0.0136719
0 0.114746 0.866211 0.0224609 0.0234375
0 0.868164 0.86377 0.0175781 0.0205078
0 0.183105 0.984375 0.0166016 0.015625
0 0.0444336 0.121094 0.0283203 0.0273438
0 0.194824 0.670898 0.0185547 0.0175781
0 0.307617 0.819824 0.0195312 0.0185547
0 0.886719 0.0766602 0.0214844 0.0166016
0 0.0795898 0.608887 0.0146484 0.0166016
0 0.104004 0.105957 0.0185547 0.0146484
0 0.242188 0.59668 0.0234375 0.0253906
0 0.313477 0.577637 0.015625 0.0166016
0 0.0629883 0.392578 0.0244141 0.0234375
0 0.339844 0.954102 0.0175781 0.0195312
0 0.188965 0.758301 0.0166016 0.0185547
0 0.190918 0.766113 0.0185547 0.0185547
0 0.326172 0.126953 0.0253906 0.0273438
0 0.128906 0.321777 0.0234375 0.0166016
0 0.411133 0.331055 0.0175781 0.0234375
0 0.272461 0.532227 0.015625 0.0195312
0 0.0913086 0.691895 0.0322266 0.0283203
0 0.177246 0.516113 0.0283203 0.0224609
0 0.678223 0.825684 0.0185547 0.0185547
0 0.118652 0.742188 0.0185547 0.0214844
0 0.231445 0.242676 0.0234375 0.0224609
0 0.58252 0.619141 0.0166016 0.0195312
0 0.280273 0.0268555 0.0234375 0.0205078
0 0.0922852 0.0463867 0.0205078 0.0224609
0 0.506836 0.584961 0.015625 0.015625
0 0.0273438 0.907227 0.0175781 0.0175781
0 0.394043 0.771973 0.0185547 0.0185547
0 0.992676 0.156738 0.0146484 0.0263672
0 0.702148 0.699707 0.0195312 0.0166016
0 0.896484 0.203125 0.0195312 0.0253906
0 0.798828 0.0942383 0.015625 0.0185547
0 0.256836 0.354492 0.0253906 0.0234375
0 0.485352 0.893066 0.0195312 0.0224609
0 0.0688477 0.518066 0.0244141 0.0224609
0 0.624512 0.493164 0.0126953 0.0175781
0 0.0336914 0.749023 0.0224609 0.0175781
0 0.378906 0.367676 0.0253906 0.0244141
0 0.577148 0.760254 0.0234375 0.0224609
0 0.980957 0.795898 0.0185547 0.0214844
0 0.533203 0.940918 0.0195312 0.0205078
0 0.838379 0.0546875 0.0205078 0.0253906
0 0.645996 0.566406 0.0185547 0.015625
0 0.347168 0.394531 0.0166016 0.0214844
0 0.86377 0.0844727 0.0146484 0.0166016
0 0.453613 0.964844 0.0166016 0.015625
0 0.648926 0.540527 0.0166016 0.0185547
0 0.964844 0.405273 0.0136719 0.0136719
0 0.254395 0.894531 0.0302734 0.0253906
0 0.721191 0.887207 0.0205078 0.0205078
0 0.206055 0.520508 0.0175781 0.0175781
0 0.0292969 0.728027 0.0195312 0.0185547
0 0.460449 0.192871 0.0244141 0.0263672
0 0.019043 0.245605 0.0224609 0.0205078
0 0.265137 0.992676 0.0283203 0.0126953
0 0.116211 0.904297 0.0195312 0.0175781
0 0.969238 0.802246 0.0224609 0.0205078
0 0.108398 0.444336 0.015625 0.0175781
0 0.0898438 0.991699 0.0273438 0.0166016
0 0.60791 0.818359 0.0185547 0.0175781
0 0.444824 0.897949 0.0166016 0.0185547
0 0.311035 0.920898 0.0185547 0.0195312
0 0.466797 0.932129 0.0234375 0.0205078
0 0.0175781 0.180664 0.0234375 0.0234375
0 0.414551 0.393066 0.0166016 0.0146484
0 0.0180664 0.27002 0.0185547 0.0185547
0 0.560059 0.341797 0.0263672 0.0273438
0 0.243164 0.603027 0.0175781 0.0166016
0 0.0825195 0.291016 0.0263672 0.0253906
0 0.647461 0.557617 0.0136719 0.0136719
0 0.0112305 0.043457 0.0205078 0.0341797
0 0.198242 0.456543 0.0234375 0.0224609
0 0.874023 0.0395508 0.0175781 0.0224609
0 0.645996 0.534668 0.0205078 0.0205078
0 0.867188 0.571289 0.0175781 0.0195312
0 0.112793 0.980957 0.0205078 0.0166016
0 0.530762 0.481445 0.0224609 0.0195312
0 0.189453 0.838867 0.0195312 0.0175781
0 0.225586 0.88916 0.015625 0.0146484
0 0.0625 0.842773 0.015625 0.0175781
0 0.290039 0.842773 0.0214844 0.0195312
0 0.536621 0.708984 0.0166016 0.0175781
0 0.471191 0.744629 0.0166016 0.0166016
0 0.67334 0.763184 0.0263672 0.0224609
0 0.919434 0.76416 0.0166016 0.0146484
0 0.368164 0.942871 0.0214844 0.0185547
0 0.201172 0.116699 0.0253906 0.0244141
0 0.944336 0.505859 0.0195312 0.0195312
0 0.0947266 0.65625 0.0214844 0.0214844
0 0.250977 0.682129 0.0175781 0.0166016
0 0.532227 0.957031 0.0175781 0.0175781
0 0.77832 0.544922 0.0214844 0.0175781
0 0.992188 0.459473 0.015625 0.0224609
0 0.532227 0.584961 0.0253906 0.0214844
0 0.336914 0.156738 0.0175781 0.0185547
0 0.244629 0.393555 0.0185547 0.0195312
0 0.458008 0.958984 0.0175781 0.015625
0 0.117676 0.298828 0.0263672 0.0253906
0 0.31543 0.494141 0.0273438 0.0273438
0 0.876465 0.268555 0.0166016 0.0214844
0 0.0576172 0.834961 0.0175781 0.0136719
0 0.169434 0.939453 0.0205078 0.0175781
0 0.402832 0.608887 0.0244141 0.0263672
0 0.0766602 0.817383 0.0146484 0.0136719
0 0.810547 0.895996 0.0214844 0.0244141
0 0.516602 0.29834 0.0175781 0.0224609
0 0.319824 0.746582 0.0302734 0.0263672
0 0.558594 0.15625 0.0195312 0.0214844
0 0.385742 0.879883 0.0175781 0.0195312
0 0.303223 0.23291 0.0224609 0.0224609
0 0.605469 0.952637 0.0175781 0.0166016
0 0.645996 0.880371 0.0205078 0.0224609
0 0.132324 0.87793 0.0166016 0.0175781
0 0.00878906 0.245605 0.015625 0.0205078
0 0.0141602 0.370605 0.0185547 0.0185547
0 0.534668 0.8125 0.0205078 0.0175781
0 0.56543 0.74707 0.03125 0.0292969
0 0.17041 0.743164 0.0185547 0.0175781
0 0.125488 0.563477 0.0166016 0.0175781
0 0.0683594 0.958496 0.0214844 0.0166016
0 0.20459 0.419922 0.0166016 0.015625
0 0.596191 0.606445 0.0224609 0.0234375
0 0.185547 0.0849609 0.0175781 0.0214844
0 0.378418 0.627441 0.0185547 0.0185547
0 0.272461 0.428711 0.0175781 0.0214844
0 0.191895 0.57666 0.0205078 0.0205078
0 0.361816 0.990234 0.0224609 0.0175781
0 0.381348 0.45166 0.0166016 0.0166016
0 0.126465 0.138672 0.0166016 0.015625
0 0.454102 0.589355 0.0195312 0.0166016
0 0.101562 0.617188 0.0214844 0.0214844
0 0.520508 0.919922 0.0175781 0.0175781
0 0.027832 0.249512 0.0205078 0.0166016
0 0.643066 0.246094 0.0185547 0.0175781
0 0.945801 0.296875 0.0302734 0.03125
0 0.169434 0.842773 0.0224609 0.0214844
0 0.0908203 0.72168 0.0234375 0.0195312
0 0.0317383 0.5 0.0185547 0.015625
0 0.19043 0.0668945 0.0273438 0.0283203
0 0.367188 0.206543 0.0371094 0.0419922
0 0.989258 0.319336 0.015625 0.0195312
0 0.205078 0.430664 0.0175781 0.0175781
0 0.234375 0.145508 0.0332031 0.0390625
0 0.583984 0.588867 0.0117188 0.015625
0 0.658691 0.669434 0.0166016 0.0166016
0 0.222656 0.96582 0.0234375 0.0253906
0 0.366699 0.842773 0.0146484 0.0175781
0 0.58252 0.285156 0.0185547 0.0195312
0 0.168457 0.767578 0.0263672 0.0214844
0 0.0703125 0.915527 0.0234375 0.0244141
0 0.0664062 0.362793 0.0175781 0.0185547
0 0.248535 0.0283203 0.0166016 0.0195312
0 0.388672 0.955078 0.0195312 0.0175781
0 0.302246 0.708984 0.0166016 0.0175781
0 0.090332 0.445312 0.0185547 0.0195312
0 0.941406 0.443848 0.015625 0.0205078
0 0.441895 0.291992 0.0205078 0.015625
0 0.76709 0.888672 0.0205078 0.0175781
0 0.657227 0.606445 0.0195312 0.0195312
0 0.680664 0.416992 0.0175781 0.0175781
0 0.552734 0.887695 0.0195312 0.0175781
0 0.0961914 0.242188 0.0244141 0.0234375
0 0.170898 0.569336 0.0234375 0.0234375
0 0.034668 0.019043 0.0166016 0.0185547
0 0.492188 0.783203 0.0195312 0.0175781
0 0.0556641 0.0688477 0.0214844 0.0166016
0 0.592773 0.84082 0.0214844 0.0175781
0 0.617676 0.859863 0.0205078 0.0185547
0 0.019043 0.294434 0.0205078 0.0224609
0 0.37207 0.174805 0.015625 0.0195312
0 0.581055 0.043457 0.0214844 0.0205078
0 0.11084 0.693359 0.0146484 0.0195312
0 0.300293 0.272461 0.0185547 0.0175781
0 0.335449 0.478027 0.0322266 0.0283203
0 0.369629 0.791992 0.0185547 0.0195312
0 0.959961 0.465332 0.0214844 0.0224609
0 0.0805664 0.52832 0.0185547 0.0175781
0 0.992188 0.291504 0.015625 0.0185547
0 0.0415039 0.0463867 0.0224609 0.0185547
0 0.992188 0.745605 0.015625 0.0185547
0 0.530273 0.618652 0.0214844 0.0224609
0 0.67041 0.567383 0.0185547 0.0214844
0 0.314941 0.445312 0.0185547 0.0195312
0 0.483887 0.106445 0.0185547 0.0214844
0 0.402344 0.692871 0.0234375 0.0205078
0 0.0678711 0.26709 0.0224609 0.0244141
0 0.521973 0.0366211 0.0185547 0.0205078
0 0.358398 0.0678711 0.0175781 0.0166016
0 0.504395 0.858887 0.0185547 0.0185547
0 0.402344 0.506348 0.0195312 0.0224609
0 0.219727 0.869629 0.015625 0.0146484
0 0.15918 0.019043 0.0175781 0.0205078
0 0.210449 0.742676 0.0185547 0.0244141
0 0.390137 0.125488 0.0166016 0.0185547
0 0.171875 0.618652 0.0195312 0.0224609
0 0.291504 0.4375 0.0185547 0.0195312
0 0.0717773 0.963379 0.0224609 0.0185547
0 0.0834961 0.942383 0.0205078 0.0195312
0 0.613281 0.477539 0.0214844 0.0214844
0 0.393066 0.402832 0.0166016 0.0185547
0 0.374023 0.732422 0.015625 0.0175781
0 0.332031 0.765625 0.0195312 0.015625
0 0.208496 0.231934 0.0146484 0.0166016
0 0.492188 0.322754 0.0175781 0.0205078
0 0.34082 0.201172 0.0175781 0.0195312
0 0.328613 0.854004 0.0185547 0.0166016
0 0.648438 0.441895 0.0175781 0.0244141
0 0.525879 0.131348 0.0185547 0.0185547
0 0.461914 0.105957 0.0175781 0.0224609
0 0.0844727 0.0229492 0.0146484 0.0126953
0 0.92041 0.168457 0.0166016 0.0166016
0 0.344238 0.240234 0.0244141 0.0253906
0 0.690918 0.806641 0.0185547 0.0234375
0 0.14502 0.154785 0.0205078 0.0205078
0 0.463867 0.508301 0.0214844 0.0263672
0 0.401855 0.37207 0.0244141 0.0214844
0 0.297852 0.590332 0.0195312 0.0166016
0 0.628418 0.53125 0.0205078 0.0214844
0 0.43457 0.350586 0.0136719 0.0136719
0 0.00927734 0.849121 0.0166016 0.0185547
0 0.269531 0.334473 0.0195312 0.0185547
0 0.946289 0.577148 0.0273438 0.0253906
0 0.567871 0.796387 0.0146484 0.0185547
0 0.406738 0.932617 0.0166016 0.0136719
0 0.434082 0.438965 0.0205078 0.0205078
0 0.522461 0.431641 0.0175781 0.0195312
0 0.49707 0.29248 0.0195312 0.0205078
0 0.493164 0.933105 0.0234375 0.0205078
0 0.95752 0.72168 0.0185547 0.0195312
0 0.0415039 0.410156 0.0166016 0.015625
0 0.284668 0.741699 0.0244141 0.0224609
0 0.910645 0.391602 0.0166016 0.0195312
0 0.162109 0.541504 0.015625 0.0166016
0 0.937988 0.0268555 0.0126953 0.0126953
0 0.42041 0.208984 0.0185547 0.0175781
0 0.166504 0.302734 0.0224609 0.0214844
0 0.723633 0.927246 0.0136719 0.0126953
0 0.234863 0.845215 0.0205078 0.0185547
0 0.118652 0.718262 0.0224609 0.0224609
0 0.00878906 0.295898 0.015625 0.0214844
0 0.108398 0.277344 0.015625 0.015625
0 0.366699 0.356445 0.0244141 0.0214844
0 0.263672 0.0805664 0.0175781 0.0166016
0 0.483887 0.34082 0.0205078 0.0234375
0 0.967285 0.33252 0.0166016 0.0166016
0 0.65332 0.698242 0.03125 0.0332031
0 0.205566 0.600098 0.0205078 0.0166016
0 0.618652 0.895508 0.0244141 0.0234375
0 0.0698242 0.802734 0.0224609 0.0175781
0 0.166992 0.0668945 0.0175781 0.0224609
0 0.707031 0.0302734 0.0214844 0.0214844
0 0.141602 0.629395 0.0214844 0.0185547
0 0.00732422 0.393555 0.0146484 0.0214844
0 0.0302734 0.54248 0.0214844 0.0224609
0 0.205566 0.342285 0.0322266 0.0283203
0 0.669922 0.526855 0.0175781 0.0166016
0 0.201172 0.883301 0.0175781 0.0166016
0 0.191406 0.707031 0.0175781 0.0175781
0 0.444824 0.867676 0.0224609 0.0205078
0 0.074707 0.86377 0.0126953 0.0166016
0 0.537109 0.500488 0.0175781 0.0126953
0 0.332031 0.529297 0.0175781 0.0136719
0 0.510742 0.385742 0.0214844 0.0253906
0 0.074707 0.894043 0.0126953 0.0166016
0 0.0317383 0.869141 0.0205078 0.0214844
0 0.53125 0.754883 0.0195312 0.0195312
0 0.535156 0.155273 0.015625 0.015625
0 0.969238 0.206543 0.0185547 0.0185547
0 0.380371 0.928711 0.0146484 0.0136719
0 0.789062 0.992188 0.0195312 0.0136719
0 0.603516 0.0439453 0.0195312 0.0214844
0 0.979004 0.354004 0.0146484 0.0166016
0 0.925781 0.478516 0.0175781 0.0195312
0 0.788086 0.0185547 0.0136719 0.015625
0 0.92627 0.50293 0.0166016 0.0175781
0 0.628906 0.820801 0.0195312 0.0166016
0 0.408691 0.463379 0.0185547 0.0205078
0 0.230957 0.349121 0.0185547 0.0166016
0 0.858887 0.104492 0.0205078 0.0253906
0 0.280273 0.662598 0.015625 0.0185547
0 0.761719 0.969238 0.0136719 0.0166016
0 0.696289 0.871582 0.0175781 0.0166016
0 0.307617 0.890625 0.0195312 0.0195312
0 0.274902 0.45752 0.0205078 0.0166016
0 0.67334 0.436523 0.0166016 0.0214844
0 0.350098 0.851562 0.0166016 0.015625
0 0.479004 0.581543 0.0244141 0.0166016
0 0.242676 0.820312 0.0185547 0.015625
0 0.737793 0.970215 0.0146484 0.0166016
0 0.508789 0.830078 0.0175781 0.0175781
0 0.479004 0.868164 0.0185547 0.0175781
0 0.00976562 0.555664 0.0195312 0.0234375
0 0.268066 0.73291 0.0166016 0.0185547
0 0.181641 0.817871 0.015625 0.0166016
0 0.293457 0.119141 0.0224609 0.0234375
0 0.525879 0.567383 0.0244141 0.0253906
0 0.0361328 0.169434 0.015625 0.0224609
0 0.480957 0.670898 0.0224609 0.0214844
0 0.108887 0.495117 0.0205078 0.0195312
0 0.177734 0.682129 0.0195312 0.0205078
0 0.181641 0.235352 0.0175781 0.015625
0 0.92041 0.688965 0.0166016 0.0146484
0 0.59668 0.703125 0.0175781 0.0195312
0 0.733398 0.718262 0.0175781 0.0166016
0 0.380859 0.753418 0.0195312 0.0185547
0 0.439453 0.504883 0.0195312 0.0195312
0 0.142578 0.0351562 0.0195312 0.0175781
0 0.600098 0.651855 0.0166016 0.0126953
0 0.0683594 0.0444336 0.0195312 0.0185547
0 0.890137 0.962891 0.0205078 0.0195312
0 0.563477 0.050293 0.0175781 0.0166016
0 0.407227 0.88623 0.0136719 0.0185547
0 0.489258 0.73291 0.0195312 0.0166016
0 0.198242 0.210938 0.015625 0.0175781
0 0.546387 0.98291 0.0185547 0.0166016
0 0.26709 0.869141 0.0205078 0.0175781
0 0.065918 0.219238 0.0244141 0.0224609
0 0.0478516 0.794922 0.015625 0.0175781
0 0.152344 0.0385742 0.015625 0.0146484
0 0.149414 0.918457 0.015625 0.0205078
0 0.93457 0.70459 0.015625 0.0166016
0 0.23584 0.0712891 0.0185547 0.0195312
0 0.959473 0.120605 0.0166016 0.0185547
0 0.143066 0.0966797 0.0185547 0.0195312
0 0.331055 0.442383 0.0234375 0.0253906
0 0.0429688 0.245605 0.015625 0.0166016
0 0.263672 0.404297 0.015625 0.0175781
0 0.693848 0.28418 0.0185547 0.0214844
0 0.97998 0.458984 0.0166016 0.0175781
0 0.0424805 0.364258 0.0205078 0.0214844
0 0.0610352 0.496094 0.0166016 0.0175781
0 0.566406 0.576172 0.0195312 0.0214844
0 0.990723 0.915527 0.0185547 0.0205078
0 0.165527 0.866699 0.0185547 0.0166016
0 0.0327148 0.391113 0.0205078 0.0244141
0 0.488281 0.474609 0.015625 0.0234375
0 0.0195312 0.152344 0.0175781 0.0214844
0 0.416016 0.306152 0.0214844 0.0224609
0 0.0678711 0.310059 0.0263672 0.0341797
0 0.374512 0.0283203 0.0185547 0.0214844
0 0.251465 0.414062 0.0166016 0.015625
0 0.185547 0.641602 0.015625 0.0195312
0 0.850586 0.130859 0.015625 0.015625
0 0.474609 0.367188 0.0195312 0.0214844
0 0.765625 0.945801 0.015625 0.0146484
0 0.262207 0.172852 0.0224609 0.0234375
0 0.80957 0.280273 0.0214844 0.0253906
0 0.583984 0.233887 0.03125 0.0166016
0 0.131836 0.958984 0.0195312 0.0175781
0 0.414551 0.110352 0.0205078 0.0195312
0 0.350098 0.375977 0.0146484 0.0175781
0 0.467773 0.60791 0.0175781 0.0146484
0 0.531738 0.0175781 0.0185547 0.0195312
0 0.0952148 0.966309 0.0205078 0.0224609
0 0.0878906 0.144531 0.015625 0.0175781
0 0.541504 0.732422 0.0166016 0.015625
0 0.165527 0.626953 0.0146484 0.0195312
0 0.300293 0.967285 0.0185547 0.0185547
0 0.53125 0.0576172 0.0214844 0.0195312
0 0.547363 0.370117 0.0224609 0.0234375
0 0.243652 0.870605 0.0166016 0.0146484
0 0.343262 0.831055 0.0205078 0.0175781
0 0.665039 0.665527 0.0175781 0.0166016
0 0.207031 0.942871 0.0175781 0.0166016
0 0.182129 0.187012 0.0185547 0.0244141
0 0.678711 0.710938 0.0234375 0.0214844
0 0.933105 0.394043 0.0166016 0.0166016
0 0.584473 0.567871 0.0166016 0.0205078
0 0.432617 0.646973 0.0175781 0.0166016
0 0.98584 0.481934 0.0166016 0.0205078
0 0.680664 0.618652 0.0195312 0.0185547
0 0.0952148 0.920898 0.0166016 0.015625
0 0.87207 0.124023 0.0175781 0.0234375
0 0.105469 0.52002 0.0234375 0.0166016
0 0.102539 0.202637 0.0175781 0.0185547
0 0.990234 0.121094 0.0195312 0.0273438
0 0.583984 0.861328 0.0195312 0.0214844
0 0.494141 0.0854492 0.0195312 0.0185547
0 0.852051 0.590332 0.0224609 0.0224609
0 0.981445 0.00976562 0.0253906 0.0175781
0 0.990723 0.215332 0.0185547 0.0244141
0 0.697754 0.239746 0.0185547 0.0244141
0 0.275391 0.379395 0.015625 0.0185547
0 0.356934 0.620605 0.0185547 0.0166016
0 0.308105 0.783691 0.0185547 0.0166016
0 0.443359 0.919434 0.015625 0.0146484
0 0.65332 0.0288086 0.0234375 0.0244141
0 0.570312 0.524414 0.0175781 0.015625
0 0.359375 0.122559 0.0234375 0.0244141
0 0.356445 0.885254 0.0175781 0.0166016
0 0.21582 0.51709 0.0136719 0.0185547
0 0.549805 0.551758 0.0234375 0.0273438
0 0.895508 0.0986328 0.0214844 0.0234375
0 0.955078 0.193848 0.0195312 0.0205078
0 0.123047 0.594238 0.0195312 0.0185547
0 0.0454102 0.529785 0.0224609 0.0244141
0 0.425781 0.374023 0.0234375 0.0195312
0 0.12207 0.0556641 0.0175781 0.0195312
0 0.654297 0.050293 0.0175781 0.0185547
0 0.200684 0.818848 0.0166016 0.0146484
0 0.478516 0.20166 0.0175781 0.0205078
0 0.369141 0.638184 0.0136719 0.0146484
0 0.430664 0.259277 0.0175781 0.0166016
0 0.127441 0.766113 0.0224609 0.0224609
0 0.815918 0.743164 0.0205078 0.0195312
0 0.454102 0.419434 0.0234375 0.0224609
0 0.153809 0.229004 0.0244141 0.0283203
0 0.0561523 0.0273438 0.0185547 0.015625
0 0.147461 0.557617 0.0195312 0.0195312
0 0.29248 0.0834961 0.0205078 0.0205078
0 0.640137 0.661133 0.0205078 0.0214844
0 0.248535 0.476074 0.0185547 0.0205078
0 0.486328 0.416992 0.0214844 0.0214844
0 0.361816 0.150879 0.0166016 0.0224609
0 0.331543 0.222168 0.0205078 0.0166016
0 0.0112305 0.743164 0.0185547 0.0214844
0 0.0664062 0.0947266 0.0214844 0.0195312
0 0.0927734 0.0839844 0.0234375 0.0175781
0 0.558594 0.719238 0.0175781 0.0166016
0 0.204102 0.492188 0.0195312 0.0214844
0 0.601562 0.20752 0.0195312 0.0185547
0 0.674805 0.852051 0.0175781 0.0205078
0 0.335938 0.93457 0.0175781 0.015625
0 0.192383 0.382812 0.0175781 0.0136719
0 0.353027 0.804688 0.0166016 0.0195312
0 0.459473 0.716797 0.0146484 0.015625
0 0.944336 0.21875 0.0234375 0.0234375
0 0.255859 0.126953 0.015625 0.0175781
0 0.508789 0.717285 0.0253906 0.0244141
0 0.282227 0.404297 0.0195312 0.0195312
0 0.222168 0.483887 0.0185547 0.0185547
0 0.664551 0.234863 0.0185547 0.0205078
0 0.410645 0.258301 0.0185547 0.0205078
0 0.140137 0.529297 0.0205078 0.0214844
0 0.388672 0.0146484 0.0234375 0.0214844
0 0.441895 0.10498 0.0224609 0.0244141
0 0.855469 0.0571289 0.0195312 0.0185547
0 0.869629 0.855469 0.0244141 0.0332031
0 0.891602 0.933594 0.0214844 0.0175781
0 0.811523 0.22998 0.0292969 0.0322266
0 0.859375 0.802246 0.015625 0.0126953
0 0.96582 0.440918 0.0234375 0.0224609
0 0.580566 0.719727 0.0185547 0.015625
0 0.954102 0.14209 0.0195312 0.0244141
0 0.0332031 0.447266 0.0214844 0.0214844
0 0.143555 0.50293 0.0175781 0.0175781
0 0.178711 0.0385742 0.0175781 0.0185547
0 0.673828 0.0185547 0.0175781 0.0175781
0 0.408691 0.540039 0.0166016 0.0214844
0 0.26416 0.0444336 0.0146484 0.0166016
0 0.831543 0.56543 0.0185547 0.0195312
0 0.505859 0.271973 0.0253906 0.0185547
0 0.770996 0.326172 0.0166016 0.0175781
0 0.794922 0.198242 0.0175781 0.015625
0 0.154785 0.596191 0.0244141 0.0244141
0 0.335938 0.882812 0.0175781 0.0175781
0 0.680664 0.591797 0.0214844 0.0234375
0 0.0805664 0.781738 0.0224609 0.0185547
0 0.322754 0.0839844 0.0263672 0.0292969
0 0.0385742 0.219238 0.0224609 0.0224609
0 0.648926 0.842285 0.0166016 0.0166016
0 0.280273 0.6875 0.0234375 0.0234375
0 0.991699 0.402344 0.0166016 0.0195312
0 0.992676 0.770508 0.0146484 0.0195312
0 0.620605 0.709473 0.0185547 0.0185547
0 0.118164 0.353516 0.0195312 0.0195312
0 0.0952148 0.876953 0.0185547 0.0195312
0 0.25293 0.715332 0.0175781 0.0166016
0 0.335938 0.0566406 0.0234375 0.0253906
0 0.411133 0.720215 0.0195312 0.0166016
0 0.267578 0.564941 0.0214844 0.0224609
0 0.460938 0.652832 0.0175781 0.0185547
0 0.755859 0.221191 0.0195312 0.0205078
0 0.102539 0.807129 0.0214844 0.0205078
0 0.381348 0.980469 0.0224609 0.0175781
0 0.385254 0.425293 0.0244141 0.0205078
0 0.826172 0.258301 0.0234375 0.0224609
0 0.520508 0.980469 0.0195312 0.015625
0 0.604492 0.53418 0.0253906 0.0253906
0 0.175293 0.894043 0.0166016 0.0166016
0 0.51709 0.925781 0.0146484 0.0195312
0 0.0966797 0.587891 0.0234375 0.0214844
0 0.51123 0.226562 0.0166016 0.0175781
0 0.750977 0.109863 0.0234375 0.0205078
0 0.210938 0.0703125 0.0175781 0.0195312
0 0.507812 0.895996 0.0175781 0.0185547
0 0.55127 0.438477 0.0205078 0.0214844
0 0.382812 0.849609 0.0195312 0.0195312
0 0.774414 0.0922852 0.015625 0.0185547
0 0.303711 0.202637 0.03125 0.0244141
0 0.765137 0.352051 0.0185547 0.0166016
0 0.849121 0.42627 0.0166016 0.0205078
0 0.832031 0.195312 0.0195312 0.0175781
0 0.347168 0.309082 0.0185547 0.0166016
0 0.941895 0.485352 0.0166016 0.015625
0 0.4375 0.716309 0.0136719 0.0146484
0 0.737793 0.295898 0.0185547 0.0195312
0 0.931641 0.130371 0.0214844 0.0224609
0 0.0400391 0.846191 0.015625 0.0146484
0 0.720215 0.0488281 0.0185547 0.0195312
0 0.530762 0.897949 0.0166016 0.0166016
0 0.123047 0.792969 0.0175781 0.0175781
0 0.646973 0.969238 0.0166016 0.0166016
0 0.158203 0.281738 0.0175781 0.0166016
0 0.132324 0.671387 0.0166016 0.0166016
0 0.00830078 0.0722656 0.0126953 0.0175781
0 0.12793 0.270996 0.015625 0.0166016
0 0.233887 0.53125 0.0185547 0.0195312
0 0.415039 0.283691 0.0175781 0.0166016
0 0.55957 0.930176 0.0175781 0.0146484
0 0.180664 0.794434 0.0253906 0.0185547
0 0.568359 0.842285 0.0175781 0.0185547
0 0.929688 0.15918 0.0195312 0.0195312
0 0.446289 0.269043 0.0195312 0.0166016
0 0.962891 0.782715 0.0136719 0.0166016
0 0.530273 0.844727 0.0214844 0.015625
0 0.814941 0.14502 0.0185547 0.0185547
0 0.503906 0.961914 0.0214844 0.0214844
0 0.850586 0.615234 0.0195312 0.0175781
0 0.0136719 0.641113 0.015625 0.0185547
0 0.166992 0.135254 0.0214844 0.0205078
0 0.0336914 0.581055 0.0244141 0.0234375
0 0.474121 0.261719 0.0166016 0.0175781
0 0.548828 0.770508 0.0195312 0.0195312
0 0.521484 0.541992 0.0214844 0.0234375
0 0.0844727 0.757324 0.0185547 0.0146484
0 0.196289 0.306152 0.0253906 0.0263672
0 0.118164 0.649414 0.0195312 0.0195312
0 0.656738 0.417969 0.0166016 0.0195312
0 0.612793 0.603027 0.0146484 0.0146484
0 0.894531 0.631836 0.015625 0.0136719
0 0.141113 0.469727 0.0185547 0.0175781
0 0.974121 0.570312 0.0166016 0.0234375
0 0.666016 0.893066 0.015625 0.0185547
0 0.780762 0.870605 0.0205078 0.0205078
0 0.870605 0.67041 0.0185547 0.0166016
0 0.847656 0.225098 0.015625 0.0185547
0 0.53418 0.35498 0.015625 0.0185547
0 0.852051 0.558105 0.0166016 0.0166016
0 0.33252 0.904785 0.0205078 0.0146484
0 0.629883 0.593262 0.0195312 0.0166016
0 0.702148 0.779785 0.0175781 0.0185547
0 0.385254 0.240234 0.0185547 0.0214844
0 0.273926 0.933594 0.0166016 0.015625
0 0.402832 0.753906 0.0146484 0.0175781
0 0.922363 0.312012 0.0146484 0.0166016
0 0.533691 0.675781 0.0244141 0.0234375
0 0.424805 0.081543 0.0195312 0.0185547
0 0.219727 0.395996 0.0195312 0.0166016
0 0.254395 0.970215 0.0205078 0.0205078
0 0.20752 0.146484 0.0166016 0.0175781
0 0.592285 0.928711 0.0205078 0.0175781
0 0.374023 0.692383 0.0195312 0.0175781
0 0.398926 0.779297 0.0146484 0.015625
0 0.0400391 0.680664 0.0175781 0.0195312
0 0.704102 0.927246 0.0175781 0.0166016
0 0.644531 0.505859 0.0195312 0.0214844
0 0.711914 0.853516 0.0175781 0.0175781
0 0.921387 0.45752 0.0185547 0.0185547
0 0.415527 0.416992 0.0205078 0.0253906
0 0.837891 0.0786133 0.0195312 0.0205078
0 0.720215 0.249023 0.0166016 0.0175781
0 0.480469 0.64502 0.0195312 0.0166016
0 0.531738 0.39209 0.0205078 0.0224609
0 0.20459 0.983398 0.0205078 0.0175781
0 0.432129 0.615723 0.0224609 0.0244141
0 0.82373 0.110352 0.0185547 0.0234375
0 0.804688 0.474609 0.0214844 0.0175781
0 0.80957 0.427246 0.0195312 0.0185547
0 0.915039 0.562012 0.0214844 0.0205078
0 0.20459 0.85498 0.0205078 0.0166016
0 0.601074 0.314941 0.0205078 0.0263672
0 0.0825195 0.325684 0.0244141 0.0244141
0 0.495117 0.750977 0.0175781 0.015625
0 0.0449219 0.707031 0.015625 0.0175781
0 0.191895 0.924805 0.0185547 0.015625
0 0.101562 0.065918 0.015625 0.0166016
0 0.882324 0.72168 0.0146484 0.0195312
0 0.247559 0.253418 0.0146484 0.0185547
0 0.95459 0.393555 0.0185547 0.0175781
0 0.516602 0.371582 0.0234375 0.0185547
0 0.255371 0.754883 0.0185547 0.0195312
0 0.529785 0.781738 0.0185547 0.0166016
0 0.671387 0.635742 0.0185547 0.0195312
0 0.981934 0.0332031 0.0185547 0.0195312
0 0.521973 0.516113 0.0205078 0.0224609
0 0.109375 0.370117 0.015625 0.015625
0 0.290527 0.53418 0.0185547 0.0195312
0 0.665527 0.741699 0.0185547 0.0185547
0 0.267578 0.774414 0.0214844 0.0195312
0 0.626953 0.421875 0.0175781 0.0175781
0 0.0136719 0.218262 0.0214844 0.0244141
0 0.599121 0.504395 0.0166016 0.0166016
0 0.862793 0.382324 0.0146484 0.0166016
0 0.105469 0.944336 0.015625 0.015625
0 0.0463867 0.556641 0.0185547 0.0175781
0 0.103516 0.780273 0.015625 0.015625
0 0.979004 0.521484 0.0185547 0.0234375
0 0.241211 0.796387 0.0214844 0.0185547
0 0.909668 0.219727 0.0224609 0.0214844
0 0.511719 0.106445 0.0195312 0.0175781
0 0.962891 0.492676 0.015625 0.0166016
0 0.124512 0.081543 0.0185547 0.0166016
0 0.194824 0.250977 0.0185547 0.0214844
0 0.214844 0.580566 0.0234375 0.0244141
0 0.0161133 0.0991211 0.0224609 0.0244141
0 0.974121 0.305664 0.0166016 0.015625
0 0.262695 0.846191 0.0214844 0.0185547
0 0.611816 0.561035 0.0205078 0.0263672
0 0.382324 0.155762 0.0205078 0.0244141
0 0.277832 0.0620117 0.0205078 0.0205078
0 0.898926 0.40918 0.0166016 0.0195312
0 0.0605469 0.744141 0.0175781 0.0175781
0 0.467285 0.0820312 0.0224609 0.0195312
0 0.0952148 0.16748 0.0205078 0.0205078
0 0.0854492 0.496094 0.0185547 0.0195312
0 0.783691 0.219238 0.0185547 0.0185547
0 0.446289 0.541992 0.0175781 0.0195312
0 0.0834961 0.379883 0.0205078 0.0234375
0 0.395508 0.83252 0.0175781 0.0166016
0 0.266113 0.225098 0.0224609 0.0244141
0 0.0581055 0.719238 0.0185547 0.0166016
0 0.0932617 0.26709 0.0224609 0.0205078
0 0.519531 0.87207 0.0195312 0.0175781
0 0.566406 0.136719 0.0195312 0.0195312
0 0.80127 0.121094 0.0185547 0.0195312
0 0.611328 0.981445 0.0195312 0.0175781
0 0.349609 0.331543 0.0175781 0.0166016
0 0.333496 0.70166 0.0224609 0.0263672
0 0.0834961 0.10791 0.0185547 0.0146484
0 0.898926 0.704102 0.0166016 0.0175781
0 0.750977 0.782227 0.0136719 0.015625
0 0.289062 0.766113 0.015625 0.0166016
0 0.273438 0.495605 0.0175781 0.0185547
0 0.437988 0.330078 0.0224609 0.0234375
0 0.688965 0.516602 0.0205078 0.0214844
0 0.584473 0.477539 0.0166016 0.0195312
0 0.739746 0.696777 0.0185547 0.0185547
0 0.555176 0.490234 0.0205078 0.0214844
0 0.280762 0.818848 0.0185547 0.0185547
0 0.893555 0.761719 0.015625 0.0175781
0 0.404297 0.638184 0.0175781 0.0166016
0 0.744141 0.507324 0.0214844 0.0166016
0 0.27832 0.958984 0.015625 0.0175781
0 0.498047 0.55957 0.015625 0.0175781
0 0.235352 0.73291 0.0195312 0.0224609
0 0.483398 0.446777 0.0195312 0.0205078
0 0.116211 0.541504 0.0214844 0.0185547
0 0.875 0.691895 0.0136719 0.0146484
0 0.480469 0.28418 0.015625 0.015625
0 0.294922 0.335449 0.0195312 0.0224609
0 0.540527 0.87207 0.0185547 0.015625
0 0.59375 0.743652 0.0136719 0.0166016
0 0.472168 0.690918 0.0166016 0.0185547
0 0.570312 0.633789 0.0195312 0.0195312
0 0.42334 0.908691 0.0146484 0.0146484
0 0.816895 0.0610352 0.0224609 0.0244141
0 0.685547 0.679688 0.0214844 0.0195312
0 0.542969 0.277344 0.0253906 0.0234375
0 0.275391 0.71582 0.015625 0.0175781
0 0.584961 0.96875 0.0136719 0.015625
0 0.782715 0.453125 0.0185547 0.0195312
0 0.742188 0.546387 0.0234375 0.0244141
0 0.567383 0.34668 0.0273438 0.0214844
0 0.316895 0.15918 0.0205078 0.0214844
0 0.384277 0.528809 0.0166016 0.0205078
0 0.0732422 0.131348 0.0195312 0.0185547
0 0.654785 0.821777 0.0205078 0.0166016
0 0.227051 0.0458984 0.0205078 0.0175781
0 0.124512 0.933594 0.0185547 0.0175781
0 0.756836 0.197754 0.0214844 0.0185547
0 0.479004 0.972168 0.0166016 0.0146484
0 0.389648 0.662109 0.0253906 0.0234375
0 0.425781 0.231934 0.0214844 0.0244141
0 0.318848 0.32373 0.0263672 0.0263672
0 0.90918 0.123535 0.0214844 0.0283203
0 0.12207 0.819824 0.0214844 0.0224609
0 0.245117 0.210938 0.0175781 0.0175781
0 0.86084 0.956055 0.0185547 0.0175781
0 0.420898 0.662598 0.015625 0.0205078
0 0.484863 0.394043 0.0205078 0.0224609
0 0.984375 0.0541992 0.0175781 0.0205078
0 0.186523 0.0166016 0.0273438 0.0292969
0 0.932617 0.192383 0.0214844 0.0253906
0 0.231445 0.289062 0.015625 0.015625
0 0.577148 0.889648 0.015625 0.0175781
0 0.0527344 0.34082 0.0214844 0.0195312
0 0.371582 0.820801 0.0166016 0.0166016
0 0.375977 0.0732422 0.0195312 0.0175781
0 0.504395 0.670898 0.0263672 0.0253906
0 0.485352 0.135254 0.015625 0.0224609
0 0.362305 0.00927734 0.0195312 0.0185547
0 0.295898 0.175781 0.0175781 0.0195312
0 0.863281 0.185547 0.0214844 0.0214844
0 0.254395 0.545898 0.0205078 0.0175781
0 0.878906 0.646973 0.0214844 0.0166016
0 0.0322266 0.0727539 0.0175781 0.0205078
0 0.365723 0.533203 0.0244141 0.0234375
0 0.196289 0.624023 0.0175781 0.015625
0 0.848633 0.272949 0.0175781 0.0224609
0 0.396484 0.340332 0.0253906 0.0263672
0 0.679199 0.977051 0.0224609 0.0185547
0 0.296387 0.943848 0.0166016 0.0166016
0 0.868652 0.409668 0.0166016 0.0185547
0 0.362305 0.916992 0.015625 0.015625
0 0.0664062 0.158203 0.0234375 0.0214844
0 0.419922 0.797363 0.0175781 0.0166016
0 0.00976562 0.518066 0.0175781 0.0224609
0 0.717285 0.485352 0.0224609 0.0253906
0 0.779297 0.0615234 0.015625 0.0175781
0 0.875488 0.439453 0.0244141 0.0234375
0 0.231445 0.459473 0.0214844 0.0263672
0 0.693359 0.395508 0.0332031 0.0253906
0 0.544922 0.126953 0.015625 0.0175781
0 0.320801 0.019043 0.0166016 0.0166016
0 0.84668 0.0166016 0.0195312 0.0195312
0 0.970703 0.15625 0.015625 0.0175781
0 0.422363 0.156738 0.0166016 0.0185547
0 0.970215 0.182129 0.0166016 0.0185547
0 0.861816 0.70459 0.0185547 0.0185547
0 0.95459 0.0170898 0.0185547 0.0166016
0 0.872559 0.0078125 0.0185547 0.015625
0 0.501465 0.0566406 0.0224609 0.0253906
0 0.270508 0.00732422 0.0195312 0.0146484
0 0.813477 0.37207 0.015625 0.015625
0 0.155273 0.681641 0.0175781 0.0175781
0 0.45752 0.630371 0.0244141 0.0205078
0 0.398438 0.0791016 0.0175781 0.0195312
0 0.896484 0.168457 0.015625 0.0185547
0 0.214355 0.79248 0.0205078 0.0205078
0 0.690918 0.735352 0.0185547 0.0195312
0 0.119629 0.623047 0.0166016 0.0175781
0 0.215332 0.640137 0.0146484 0.0185547
0 0.724609 0.766602 0.0175781 0.0214844
0 0.249512 0.443359 0.0185547 0.0214844
0 0.370117 0.606934 0.0175781 0.0185547
0 0.553223 0.245605 0.0244141 0.0244141
0 0.57959 0.367188 0.0185547 0.0195312
0 0.650391 0.58252 0.0175781 0.0166016
0 0.609375 0.0976562 0.0195312 0.0214844
0 0.461426 0.457031 0.0146484 0.0175781
0 0.0581055 0.606445 0.0205078 0.0214844
0 0.557617 0.825684 0.0175781 0.0166016
0 0.871582 0.219238 0.0224609 0.0244141
0 0.158691 0.70752 0.0166016 0.0166016
0 0.213867 0.266602 0.015625 0.0195312
0 0.481934 0.843262 0.0166016 0.0146484
0 0.803711 0.867188 0.0175781 0.0175781
0 0.790527 0.168457 0.0166016 0.0166016
0 0.272949 0.195312 0.0185547 0.0195312
0 0.990723 0.432129 0.0185547 0.0185547
0 0.885254 0.607422 0.0185547 0.0175781
0 0.871094 0.29541 0.0195312 0.0205078
0 0.756836 0.390137 0.0136719 0.0166016
0 0.899414 0.328125 0.0175781 0.0195312
0 0.96582 0.234375 0.0214844 0.0234375
0 0.273926 0.266602 0.0185547 0.0175781
0 0.321777 0.253906 0.0185547 0.0234375
0 0.452148 0.244629 0.0195312 0.0205078
0 0.103516 0.419434 0.0175781 0.0166016
0 0.989746 0.242676 0.0185547 0.0205078
0 0.347656 0.03125 0.0253906 0.0234375
0 0.315918 0.557617 0.0205078 0.0234375
0 0.165527 0.163086 0.0146484 0.0175781
0 0.646484 0.218262 0.0214844 0.0224609
0 0.740723 0.0522461 0.0166016 0.0185547
0 0.375 0.582031 0.0175781 0.0175781
0 0.633301 0.618652 0.0185547 0.0185547
0 0.905762 0.0307617 0.0205078 0.0185547
0 0.179199 0.432129 0.0263672 0.0244141
0 0.777344 0.415039 0.0195312 0.0175781
0 0.432129 0.949707 0.0185547 0.0146484
0 0.443359 0.397461 0.0214844 0.0234375
0 0.645996 0.363281 0.0224609 0.0253906
0 0.916992 0.0541992 0.0195312 0.0224609
0 0.204102 0.0439453 0.0234375 0.0234375
0 0.992188 0.725586 0.0136719 0.015625
0 0.560059 0.105469 0.0185547 0.0175781
0 0.129395 0.209961 0.0185547 0.0214844
0 0.170898 0.251953 0.0195312 0.0234375
0 0.828125 0.489258 0.0214844 0.0195312
0 0.941406 0.103027 0.0175781 0.0205078
0 0.287598 0.480469 0.0166016 0.0175781
0 0.265137 0.618652 0.0224609 0.0205078
0 0.692871 0.0488281 0.0185547 0.0175781
0 0.130859 0.239746 0.0214844 0.0205078
0 0.356934 0.449219 0.0185547 0.0195312
0 0.460938 0.480469 0.0195312 0.0214844
0 0.958984 0.043457 0.0195312 0.0224609
0 0.783691 0.670898 0.0205078 0.0214844
0 0.615723 0.933105 0.0166016 0.0166016
0 0.244141 0.503418 0.0195312 0.0244141
0 0.227539 0.559082 0.015625 0.0146484
0 0.608398 0.0185547 0.0214844 0.0214844
0 0.822754 0.302734 0.0244141 0.0253906
0 0.945312 0.074707 0.0273438 0.0322266
0 0.143555 0.0610352 0.0175781 0.0166016
0 0.822266 0.0102539 0.0195312 0.0205078
0 0.357422 0.747559 0.0175781 0.0185547
0 0.384277 0.279297 0.0224609 0.0273438
0 0.847168 0.201172 0.0146484 0.015625
0 0.430176 0.186523 0.0185547 0.0175781
0 0.851562 0.729004 0.0234375 0.0224609
0 0.945312 0.879395 0.0214844 0.0224609
0 0.359375 0.710938 0.015625 0.0175781
0 0.435059 0.780762 0.0126953 0.0166016
0 0.728516 0.0854492 0.0175781 0.0166016
0 0.896973 0.359863 0.0244141 0.0244141
0 0.26709 0.146973 0.0166016 0.0185547
0 0.0439453 0.474121 0.0195312 0.0205078
0 0.134766 0.695312 0.0214844 0.0214844
0 0.835449 0.166992 0.0166016 0.0195312
0 0.168945 0.490234 0.0195312 0.0195312
0 0.60791 0.794922 0.0166016 0.015625
0 0.744629 0.474609 0.0224609 0.0253906
0 0.498535 0.0302734 0.0185547 0.0214844
0 0.335938 0.282715 0.0234375 0.0224609
0 0.217285 0.675293 0.0185547 0.0166016
0 0.727539 0.18457 0.0195312 0.0214844
0 0.764648 0.0107422 0.0234375 0.0214844
0 0.779297 0.135742 0.0195312 0.0253906
0 0.508301 0.771973 0.0185547 0.0185547
0 0.520996 0.246582 0.0185547 0.0205078
0 0.00878906 0.880859 0.0175781 0.0292969
0 0.558594 0.0166016 0.0253906 0.0214844
0 0.0595703 0.189941 0.0253906 0.0263672
0 0.481934 0.529297 0.0166016 0.0175781
0 0.942871 0.660645 0.0146484 0.0185547
0 0.580566 0.441406 0.0244141 0.0234375
0 0.85791 0.486816 0.0224609 0.0244141
0 0.724121 0.358398 0.0205078 0.0214844
0 0.552734 0.968262 0.0175781 0.0205078
0 0.689453 0.13916 0.0214844 0.0224609
0 0.012207 0.319824 0.0166016 0.0185547
0 0.0170898 0.409668 0.0185547 0.0185547
0 0.232422 0.109863 0.0253906 0.0224609
0 0.398438 0.182129 0.0214844 0.0205078
0 0.0605469 0.694336 0.0175781 0.0195312
0 0.629883 0.453125 0.015625 0.0175781
0 0.446777 0.673828 0.0185547 0.0195312
0 0.533691 0.0878906 0.0244141 0.0273438
0 0.630859 0.0751953 0.0234375 0.0253906
0 0.344727 0.506836 0.0214844 0.0175781
0 0.583984 0.803711 0.0234375 0.0214844
0 0.329102 0.366211 0.0195312 0.0234375
0 0.32373 0.395996 0.0205078 0.0244141
0 0.109863 0.0332031 0.0205078 0.0214844
0 0.472168 0.302734 0.0166016 0.0195312
0 0.426758 0.696777 0.0175781 0.0166016
0 0.105469 0.396484 0.0195312 0.0214844
0 0.558594 0.409668 0.0234375 0.0224609
0 0.422363 0.770508 0.0146484 0.015625
0 0.800781 0.533203 0.0195312 0.0195312
0 0.460449 0.793945 0.0205078 0.0195312
0 0.600098 0.348633 0.0263672 0.03125
0 0.445801 0.0400391 0.0185547 0.0214844
0 0.31543 0.616211 0.0253906 0.0253906
0 0.816406 0.97998 0.0214844 0.0185547
0 0.252441 0.279297 0.0185547 0.0195312
0 0.447754 0.166992 0.0224609 0.0214844
0 0.221191 0.219238 0.0205078 0.0205078
0 0.941895 0.419434 0.0263672 0.0244141
0 0.441895 0.12793 0.0185547 0.0214844
0 0.594727 0.390625 0.0195312 0.0214844
0 0.448242 0.567871 0.0175781 0.0205078
0 0.211426 0.719238 0.0146484 0.0185547
0 0.635742 0.299805 0.0292969 0.0351562
0 0.861816 0.359375 0.0205078 0.0214844
0 0.74707 0.158691 0.0214844 0.0244141
0 0.0771484 0.470215 0.0195312 0.0166016
0 0.601562 0.765625 0.015625 0.0175781
0 0.5625 0.294434 0.015625 0.0185547
0 0.907227 0.728027 0.0136719 0.0185547
0 0.0615234 0.366211 0.0175781 0.0214844
0 0.157715 0.191406 0.0224609 0.0253906
0 0.786133 0.385742 0.0175781 0.0175781
0 0.509766 0.807129 0.0234375 0.0224609
0 0.979004 0.703613 0.0146484 0.0166016
0 0.964844 0.68457 0.0195312 0.0195312
0 0.808594 0.177734 0.015625 0.0136719
0 0.766113 0.0400391 0.0205078 0.0234375
0 0.939941 0.373047 0.0166016 0.015625
0 0.34375 0.594238 0.0214844 0.0224609
0 0.880859 0.901367 0.0175781 0.0175781
0 0.834961 0.70166 0.0195312 0.0205078
0 0.702637 0.460449 0.0224609 0.0224609
0 0.367676 0.474121 0.0185547 0.0166016
0 0.371582 0.393066 0.0205078 0.0224609
0 0.362305 0.258301 0.0175781 0.0205078
0 0.218262 0.175293 0.0244141 0.0263672
0 0.578125 0.328125 0.0195312 0.0195312
0 0.782227 0.28125 0.015625 0.0175781
0 0.943359 0.248535 0.0195312 0.0205078
0 0.392578 0.210449 0.0175781 0.0205078
0 0.404785 0.0405273 0.0224609 0.0224609
0 0.712402 0.278809 0.0146484 0.0185547
0 0.665527 0.798828 0.0185547 0.0175781
0 0.638184 0.733887 0.0302734 0.0263672
0 0.759277 0.275879 0.0166016 0.0224609
0 0.783203 0.506836 0.0175781 0.0175781
0 0.0932617 0.351562 0.0205078 0.0214844
0 0.849121 0.334473 0.0244141 0.0283203
0 0.683105 0.262207 0.0185547 0.0205078
0 0.14502 0.258301 0.0185547 0.0185547
0 0.538574 0.318848 0.0185547 0.0185547
0 0.705566 0.0805664 0.0166016 0.0166016
0 0.750488 0.596191 0.0205078 0.0224609
0 0.462891 0.145508 0.0175781 0.0214844
0 0.240723 0.929688 0.0244141 0.0214844
0 0.178223 0.328125 0.0185547 0.0195312
0 0.38916 0.480469 0.0185547 0.0175781
0 0.134766 0.0107422 0.0234375 0.0214844
0 0.572266 0.463379 0.0175781 0.0185547
0 0.941895 0.344238 0.0244141 0.0263672
0 0.441895 0.817871 0.0185547 0.0205078
0 0.706055 0.591309 0.0175781 0.0205078
0 0.754395 0.449219 0.0185547 0.0195312
0 0.234375 0.657715 0.0175781 0.0185547
0 0.720215 0.529297 0.0146484 0.0175781
0 0.915039 0.852051 0.0195312 0.0205078
0 0.728516 0.449219 0.0253906 0.0253906
0 0.939453 0.541992 0.03125 0.03125
0 0.0136719 0.594238 0.0214844 0.0244141
0 0.154297 0.655273 0.0273438 0.0214844
0 0.18457 0.279297 0.0195312 0.0234375
0 0.419434 0.830078 0.0185547 0.0175781
0 0.770508 0.301758 0.0175781 0.0214844
0 0.827148 0.859863 0.0175781 0.0185547
0 0.850098 0.534668 0.0244141 0.0244141
0 0.879395 0.787598 0.0185547 0.0185547
0 0.743652 0.250977 0.0224609 0.0234375
0 0.816895 0.396973 0.0185547 0.0205078
0 0.606934 0.677246 0.0244141 0.0244141
0 0.808105 0.558594 0.0205078 0.0214844
0 0.965332 0.933594 0.0205078 0.0214844
0 0.842773 0.67627 0.0214844 0.0205078
0 0.65332 0.916016 0.0195312 0.0195312
0 0.815918 0.955566 0.0244141 0.0224609
0 0.568848 0.990234 0.0185547 0.0175781
0 0.603516 0.269531 0.0214844 0.0214844
0 0.5 0.508301 0.0195312 0.0185547
0 0.856934 0.780273 0.0166016 0.0175781
0 0.0688477 0.580566 0.0205078 0.0166016
0 0.854492 0.934082 0.0175781 0.0146484
0 0.59668 0.882812 0.0175781 0.0175781
0 0.766113 0.240723 0.0205078 0.0205078
0 0.545898 0.637695 0.0195312 0.0253906
0 0.683105 0.942871 0.0166016 0.0185547
0 0.791504 0.839844 0.0166016 0.0175781
0 0.467285 0.0322266 0.0185547 0.0175781
0 0.654297 0.470215 0.0175781 0.0185547
0 0.407715 0.854492 0.0166016 0.0175781
0 0.511719 0.344238 0.0195312 0.0185547
0 0.55957 0.609375 0.0214844 0.0234375
0 0.349121 0.178711 0.0146484 0.0175781
0 0.516602 0.455566 0.0234375 0.0224609
0 0.895996 0.584473 0.0205078 0.0185547
0 0.342773 0.651855 0.0195312 0.0205078
0 0.430664 0.482422 0.0195312 0.0195312
0 0.45459 0.217773 0.0166016 0.015625
0 0.917969 0.603516 0.0195312 0.0195312
0 0.947754 0.167969 0.0146484 0.0175781
0 0.769531 0.478027 0.015625 0.0185547
0 0.689941 0.199219 0.0322266 0.0332031
0 0.64209 0.942871 0.0185547 0.0166016
